-1.05461895183809
-0.972035484000509
-0.878107048158595
-0.954247597245019
-1.07844235131477
-0.898247066022738
-0.903137235117678
-1.0771610255438
-1.05571820837839
-0.878592957049356
-0.82961748201644
-1.12334248415603
-1.02840573647451
-1.02281605225259
-0.864425711639432
-0.96348304111265
-1.19194361812137
-0.951546985901877
-0.950730501258162
-0.823559227991778
-1.00259332274376
-0.877439128266483
-0.919690576829373
-1.02220565140428
-1.05169675222476
-1.11149673274062
-0.930179121411677
-1.13267513794621
-0.929901276128819
-0.846417023678211
-0.988378858747908
-1.06346889131513
-1.02644754446333
-0.847709600465958
-0.930684517056663
-0.99695362957727
-1.07785114537494
-0.88196446141592
-0.929684095873032
-0.958888346419572
-0.912427194283233
-0.89904191850432
-0.815794192953828
-0.852402174524028
-0.919548014118564
-0.957276625089202
-0.996216103472852
-0.909958561867878
-1.03210384323518
-1.03572820058997
-0.988350493141088
-0.868867219585186
-0.894533661194882
-0.875267926571283
-0.92014273723686
-0.866180811623254
-0.866097052024146
-1.00407476276405
-0.772331020552248
-0.92198827408007
-1.06811633398543
-1.0073420208197
-0.738323567760267
-0.867659200800015
-0.77380835435684
-0.7924214022337
-0.768037983143754
-0.742772908783692
-0.854614988406996
-0.932518481263889
-0.935307503210692
-0.893351126326998
-0.85374974620982
-0.853943614473247
-0.906680597264227
-1.03464045276131
-0.747405189233768
-0.838647098722857
-0.982083753413942
-0.705865176269248
-0.877222004202182
-0.811124700136454
-0.769141802050492
-0.772609352012816
-0.848438040629488
-0.852241467527881
-0.821570994281754
-0.812424096489967
-0.8551107100022
-0.80915360339645
-0.863751109218003
-0.86044807936877
-0.738261563450194
-0.750425188603194
-0.759312384488413
-0.839082930844704
-0.863673314891905
-0.755053186801339
-0.791826248337006
-0.865785237888508
-0.932038622553994
-0.740687178898267
-0.814131214697375
-0.955990317205352
-0.784666275325125
-0.847929155691167
-0.804288061657246
-0.746182062563104
-0.800485351369322
-0.920537982839128
-0.750223389418528
-0.727773050561467
-0.785062557527326
-0.765340675152785
-0.760059030265924
-0.698079587387627
-0.703242477829088
-0.832753474709441
-0.864129245657945
-0.776329989253328
-0.736896797236441
-0.66603971410086
-0.794562363202647
-0.682316074610927
-0.744800729677359
-0.594696917424007
-0.612413379362527
-0.796646702438574
-0.731877320625666
-0.783729135837043
-0.694386544016299
-0.714147992724665
-0.813055624585879
-0.766017091469032
-0.654013183909099
-0.823036543541579
-0.80460500915634
-0.820153060813288
-0.727534457928249
-0.700087912204422
-0.752846806546901
-0.851657189978164
-0.752764724394228
-0.798776073757328
-0.75886221737183
-0.77346625420676
-0.702854009816481
-0.662945803772782
-0.512258872983399
-0.73212127111782
-0.700456820713925
-0.704950608512274
-0.695451495923077
-0.625904892628974
-0.602400812421949
-0.610913144276765
-0.750126506143468
-0.727365758124739
-0.694040746297521
-0.751031307684748
-0.866993014506711
-0.523794158187225
-0.714154564931258
-0.757472567714742
-0.720106127099517
-0.649001091593602
-0.705296399333511
-0.671651284488414
-0.71625059379021
-0.681873066061997
-0.680933065844909
-0.581182159358794
-0.611203818426313
-0.647746582003899
-0.686284062554041
-0.549526229089028
-0.867011373475579
-0.695422134915989
-0.744954605453827
-0.65975553505172
-0.647856030455746
-0.643649583541126
-0.653400250172046
-0.672587601128705
-0.527182819606621
-0.726984445134055
-0.569477721968833
-0.48054450444236
-0.616880106796123
-0.564705833983842
-0.583722108399012
-0.667201187060521
-0.606624303094879
-0.632864524365329
-0.640996370678054
-0.684899486755246
-0.672697493193987
-0.661005471850488
-0.552067411108032
-0.583010813829359
-0.654832844405239
-0.62433668217798
-0.715445198450422
-0.562854516588354
-0.600647627918147
-0.626700925250289
-0.51820997896826
-0.662450527685038
-0.731545107610092
-0.722190253495243
-0.621920958145989
-0.663776581776396
-0.656487646312502
-0.442596209998063
-0.477083851567209
-0.655192260879515
-0.438074592721295
-0.591414721234799
-0.445098607424949
-0.704540865797563
-0.635477676977313
-0.577898310724135
-0.586540750987086
-0.467643562478265
-0.474840051600972
-0.604775377630389
-0.564985737514112
-0.476483805354647
-0.373762943699634
-0.561102538132427
-0.411853543342016
-0.509051545384132
-0.686983552790946
-0.409626153917531
-0.427465196362721
-0.57792078852177
-0.346910179920864
-0.741731980080363
-0.567278834171364
-0.654918963891065
-0.549266637408885
-0.496121605343323
-0.572665039769334
-0.393694829003478
-0.548324736384752
-0.526222062930523
-0.58526881464981
-0.461838028546855
-0.66370945120463
-0.64796407896131
-0.512186899975573
-0.50987936857844
-0.625742829450266
-0.449855908466346
-0.474003354931824
-0.531757883562713
-0.629734166128828
-0.446846056348276
-0.501576395560145
-0.485170062753604
-0.580470519924048
-0.45519816410465
-0.296338259044218
-0.660942135240743
-0.470745865500204
-0.580916608339868
-0.409555314439635
-0.526254592094697
-0.459193676311308
-0.539946119246029
-0.460168355754841
-0.294988991637233
-0.610963624418799
-0.537034958712184
-0.478434203014002
-0.554780295803168
-0.400120857807289
-0.552082994067278
-0.483531450864979
-0.484720821665247
-0.625078792108795
-0.5450552594095
-0.332944354311752
-0.477831530651469
-0.373437423322369
-0.437999921656786
-0.300009046109223
-0.592092205340518
-0.524178796527405
-0.387480206093572
-0.400557167033374
-0.492598701941454
-0.240127084435864
-0.37621954966322
-0.243937697397545
-0.446383509078946
-0.39827665498159
-0.493386559011167
-0.513886315881511
-0.332704758732498
-0.468610911115586
-0.263162360859923
-0.330879608223954
-0.420677823854893
-0.438311367543066
-0.361556687503403
-0.24508168770978
-0.388718794680968
-0.445633418663823
-0.459961781847724
-0.406011206457141
-0.355818218815632
-0.289028101282783
-0.426651952976063
-0.447623266068586
-0.275072229859162
-0.397205002075034
-0.356951952406563
-0.447836562320737
-0.337605628657138
-0.367933757165547
-0.431580137840661
-0.406796969498673
-0.460174814712974
-0.308673544872472
-0.315381710919254
-0.365069150013314
-0.495492474961396
-0.347716844411476
-0.17428335363006
-0.293582510286102
-0.225160869445451
-0.450246798662972
-0.275109698651881
-0.0226339925707972
-0.340802520666857
-0.348586182538702
-0.397760237785114
-0.29807255341127
-0.352930019261699
-0.305819151818464
-0.322731433453052
-0.111687197274655
-0.342686315693136
-0.159808399421227
-0.334919051157565
-0.370660862343661
-0.270311212947137
-0.29046879338863
-0.241835532742889
-0.291560604725069
-0.286165197756378
-0.278571899345871
-0.38088712309402
-0.171084601083991
-0.242621846411234
-0.328388678197375
-0.350616731153061
-0.359404009054701
-0.31739394757834
-0.312930577596843
-0.339968330852466
-0.437543983823826
-0.142657930894845
-0.277197570945642
-0.271890453871038
-0.238834970080682
-0.271524415253026
-0.187892689630478
-0.287150322497775
-0.190378739523243
-0.229029642856875
-0.262691714789336
-0.248298126756206
-0.225042017756881
-0.187258658294764
-0.262530338563825
-0.331312175839077
-0.185556794200251
-0.224684126032353
-0.327796410497269
-0.333971727688415
-0.126786376842129
-0.231926212912724
-0.145062443463671
-0.235081419627572
-0.18886534976001
-0.185889544567576
-0.26864017889035
-0.349445856006559
-0.27199293080976
-0.260565264199363
-0.232793839272189
-0.140489141542227
-0.190240094165187
-0.154728547517955
-0.295268900600017
-0.297201818421301
-0.179849036950221
-0.294339769848825
-0.0831140839124768
-0.190560179199147
-0.274777029513139
-0.199309794022187
-0.132957614426757
-0.196952597565901
-0.219195554572331
-0.242846574457684
-0.275142895848205
-0.164746230443404
-0.404486267448711
-0.053681123299625
-0.201079351159351
-0.251583666358456
-0.145899581248514
-0.0248524189763766
-0.248028463474353
-0.151003547183676
-0.144498906523681
-0.22286669230789
-0.413889767742741
0.00168608395858405
-0.268439576398055
-0.180009836471273
-0.153847000983883
-0.134341925748658
-0.0788941990317885
-0.315860340315091
-0.186775372801406
-0.117030174935433
-0.106872676339546
-0.26131058648929
-0.136485399116808
0.00340644084962232
-0.247445161734679
-0.201725720658194
-0.288240722095872
-0.0973731519485743
-0.154656012614489
-0.163326544033007
-0.0948081274215995
-0.141099041962582
-0.116281308267532
-0.0622608240570912
-0.125562372767924
0.00368604458155446
-0.0626929756022597
-0.0516994329076728
-0.133226932549287
-0.165544836923856
-0.25858031583204
-0.124149119873495
-0.0959816827835799
-0.127593084354718
-0.049017799591278
-0.0718827606827409
-0.0844798546026648
-0.0455922471436552
-0.104644475322204
-0.0704053363092316
-0.0992806080500462
0.146101121321405
-0.161020158087646
-0.121416649573874
-0.0481454446410419
-0.0922601000271995
-0.0489336156428352
0.0333592477491391
-0.136459968384117
-0.0418617812290473
0.0278088576255823
-0.227694095165625
0.0587541418613119
-0.0552049479992067
-0.0427782922353932
-0.08683692877283
-0.122469706525111
0.0101010298141617
-0.202340880039627
0.111488876234124
0.0641790158640515
-0.170469812132672
-0.102468025485912
0.0410240275265053
-0.0944729740352792
0.0461504045314805
0.00184536573876252
-0.141417846978849
-0.0407743234925667
-0.0463651175644564
-0.042454117250083
0.0828781150754589
-0.0970255160174537
0.0639985008204988
0.037016554854416
-0.211787873209657
0.0416916593301556
-0.0447159626739521
0.0238564217262544
0.0511426876123062
0.0611905705807115
0.127662063690283
0.0588868538209859
-0.0306645709245687
0.0294520983786798
-0.0597091984092004
-0.0205194540315277
0.032774924051032
-0.0459473442774097
-0.0497750295801098
-0.0339128348243039
0.0184604462077774
0.0898093735214327
0.0032322309408889
0.0182359649557136
-0.00829654783679448
0.216963103537945
0.0573074777470099
-0.028531108321429
0.0243936849327993
-0.126646277502795
0.0494104758426866
0.014827933996003
0.0198008072312144
0.0130661188742776
0.121239673806431
0.27561269233932
0.0810398008300543
0.0777870357708977
0.0179622100789733
0.242252621828289
0.128408514535345
0.0676864095622124
0.147747281949828
0.101468572550178
0.0850569252953936
0.132648023028291
0.0810330423985717
0.015377545030651
-0.0556954628554657
0.0180535900447392
0.0715427346834716
0.10471879530363
0.145418409904028
0.0930952436342496
0.0442305955367878
0.179544180898643
-0.0413261953715783
0.0670631712430186
-0.0979212730228439
0.234682079607055
0.108795528938719
0.000241840043326545
0.147711054839091
0.185777594107157
-0.0714093254416277
-0.0453220741951376
0.086610753645231
0.0549442161615251
0.184178766625078
0.10615377804758
0.220362023969435
0.0535903178989407
0.0510681708190851
-0.00654889353214317
0.119599603124587
0.112582576294509
0.16489831179426
0.170226109321491
0.175813329893129
0.106785303288615
0.199793380897012
0.214256189878983
0.26888027226484
0.140750294076687
0.0218039175970067
0.267287597558879
0.252908825028724
0.0982143415246094
0.156437490839914
0.297346170067521
-0.0682216488320911
0.0351808180354314
0.18414131008441
0.118240672239344
0.194696094468777
0.0746095865315595
0.0489797280486652
0.147404185563875
0.246638182998659
0.113113695331178
0.261211805343755
0.0582817600309294
0.188480323010678
0.125151587046736
0.336725898950627
0.288508850946403
0.366470752977814
0.0933685009896498
0.135757395886123
0.110599303793733
0.17231657977643
0.113312992696993
0.245613355957545
0.145678568258435
0.34860528388105
0.188704186531989
0.301565104387537
0.256607057246117
0.221636345642714
0.274816746350546
0.412975173877441
0.0339922629321951
0.193229460420405
0.337993612705403
0.360690507449872
0.139027140527074
0.097835884994786
0.325082414171066
0.279385821857136
0.219460099777029
0.176344712242487
0.362490966201862
0.286293435028801
0.154753053311623
0.271591108875707
0.354269037195382
0.214923351173092
0.222397702570865
0.18807083647266
0.425387522657431
0.235416964183691
0.149664262800258
0.360051479533981
0.317320651409077
0.268379685718258
0.275596641707735
0.209711614655555
0.209191966370085
0.314929181892616
0.219879375841691
0.146227135931455
0.171915156207927
0.25052057326104
0.273449557282669
0.455940568968082
0.343357431325903
0.177051831247783
0.332231211135207
0.175317905003906
0.26982545171313
0.329739800963374
0.338567721075254
0.281783546424098
0.161496865037116
0.40234253122867
0.397791278928191
0.299978458363049
0.334715621274462
0.284641305547566
0.265181441603745
0.336578862276055
0.348293258450368
0.354719161405195
0.161564532627093
0.385888110695026
0.278668147868808
0.354182359261065
0.203072151141227
0.278185132316997
0.287490901923463
0.452259308127623
0.37930885182494
0.250408201226033
0.392102035180642
0.271476041664884
0.423807991275083
0.387633341712587
0.509862319048795
0.43844496103114
0.29444111570805
0.264344311819323
0.324203282790588
0.494746215630164
0.456162950338095
0.385068952795912
0.159329035329444
0.464615551481742
0.306144554839717
0.368435646696588
0.30866922846494
0.43748330434796
0.288427213387289
0.413939621026321
0.337577411848019
0.41469589607473
0.400176055350488
0.477327559853426
0.534100053736168
0.32849396127431
0.439066927891039
0.504174365896041
0.424225696809335
0.457450831665795
0.469257518742412
0.556818619414395
0.331433576930669
0.346671510038923
0.341882238495271
0.431627333131946
0.418346000433423
0.421291483027698
0.419697047124393
0.433055374968232
0.321989251966196
0.399203328783182
0.46622550113602
0.418569161560364
0.350071656576252
0.527733972263372
0.429611863057769
0.343510860993904
0.503936332254382
0.548000447394045
0.469521326163533
0.36291370615945
0.479248132211444
0.432720217900919
0.609383810166886
0.58819111838381
0.460856728520183
0.381412961104316
0.452954436036527
0.399104368289968
0.351795567788361
0.444045861236057
0.426876842046677
0.654249155007347
0.234981411226514
0.414511896058832
0.528370679805796
0.415831785230191
0.394446836908401
0.441137897874643
0.424152872477563
0.416569317917262
0.622606096791311
0.536800074425001
0.45044491005398
0.544906706918132
0.495535554712523
0.388908018182382
0.597784657588223
0.47914071729348
0.420986431328902
0.652003187898588
0.616640567383044
0.55928381837817
0.457310608416503
0.539354470475932
0.598580856958275
0.567041633987194
0.471527564804662
0.587048888346895
0.465713752762598
0.387665496600792
0.55758858008349
0.487912629721719
0.442707533757462
0.638572029889509
0.380554003302004
0.564404962406464
0.516569450811957
0.581837082550404
0.517940151191911
0.507362049572312
0.507851367615714
0.370391081717255
0.599550394339304
0.674623562948248
0.618002377464883
0.5740391977776
0.648355511373437
0.501074791610574
0.567392978558153
0.619912302837997
0.502416746284764
0.552304515753105
0.578971544362536
0.732492215144946
0.645481175721762
0.633891621693482
0.604472429313822
0.535978139884628
0.757819594658441
0.543663328694334
0.503189383874329
0.359993192628875
0.602868601976078
0.634030270441607
0.570661961605795
0.567592953525899
0.563671017943688
0.609627827237599
0.688255887887292
0.604359832879391
0.557305441996635
0.681734096198874
0.657787510690388
0.422613496912856
0.737903501828658
0.705683176828526
0.619497684376129
0.474969397584023
0.665462102285477
0.689425860568292
0.466062813298751
0.517717423570936
0.531225915541311
0.78649768821317
0.7936236685851
0.67964847344113
0.652969329142258
0.527212576532998
0.675729566098065
0.579183203486906
0.691935030746739
0.491525381012613
0.679798789168064
0.623914510780579
0.603729131433994
0.832061615413765
0.80387642787102
0.717506594299567
0.719490863431217
0.55049978539136
0.70234419629627
0.732903423626203
0.678713669560337
0.632247971064429
0.49918899153608
0.600741004019549
0.797467774238164
0.68845945261065
0.64056798184204
0.652487522297739
0.650772927975719
0.733243870664007
0.566161765673777
0.76336542245357
0.687533804118375
0.803563223863583
0.653632683385442
0.734028498742569
0.785983781016293
0.82921731206108
0.638044357767253
0.790552993894932
0.659668569618176
0.787253847728532
0.803050789898408
0.707652647890341
0.685410808324581
0.707632696966045
0.766542695277736
0.693886953044078
0.771504132937583
0.641579692366939
0.843510021518435
0.702236966852759
0.664792559181531
0.75408176121917
0.58113860336654
0.798515261388614
0.559642525144856
0.728645396429865
0.885725172709258
0.701804173527692
0.746613383610718
0.649910955777557
0.771906216597202
0.737266659257523
0.732646431322656
0.807115370500912
0.805967959318934
0.788749727949202
0.583939952350577
0.802154021757429
0.801436773152227
0.695964292629772
0.690763645934443
0.794959692887713
0.836442043361517
0.829728185420139
0.735427250971661
0.882710284986202
0.810622536815818
0.884092468706683
0.563558443955026
0.794476862252124
0.867747179328246
0.67296264354339
0.764355786640154
0.72785284206764
0.88690145727498
0.813174410154367
0.768251145530629
0.874363070596224
0.816150980533708
0.775986832742927
0.767973157319472
0.887438546308803
0.808308655548259
0.874052184509301
0.843913150084529
0.836600360228811
0.847696439990727
0.924869220482894
0.760371217232752
0.8012180276259
0.76063720043466
0.724909195072125
0.982567180385298
0.897864075259665
0.830772080264536
0.929076136142295
0.959431818105577
0.766096559930802
0.858909506512364
0.898029209952606
0.907724883834417
0.742752742606595
0.868430564728376
0.99185497803655
0.994716127460295
0.785027410500296
0.874519746175796
0.952895299339323
0.942396703089426
0.911209469585333
0.889635806427461
0.780052402887365
0.963813856492097
0.955279435028601
0.926199927618141
0.839563103206425
0.774089253067564
1.02009831508927
0.839513355716001
0.788907223589411
0.998873344627039
0.791365405660468
0.838507693946376
0.912593232241908
1.09055093284111
0.93871289490049
0.948749361132087
1.01723676334205
0.932279695026759
0.903242898869166
0.927331138155175
0.880491371134744
0.992723174900771
1.03487225777039
0.946395711861153
0.881612992731522
0.97084221664606
0.941302354121442
0.900734912182837
0.920907625733662
0.867669364036824
0.897376990698541
0.859437257560623
1.12454046416205
1.00101470976611
0.858554255905454
0.944783354020113
0.968905823449337
0.916518610420442
0.99884624375467
0.902564967930021
0.921923229562082
1.06853628734865
0.967127055840713
0.949699714666111
0.968710240199003
0.859986390851132
1.03348660595119
1.00546168604578
0.971270113237046
0.897407811275211
1.01104913780981
1.027710449834
0.946805140558329
1.01282840097448
0.914764889997297
1.04046344503467
0.86779871159264
1.06006878189855
0.832584925269486
