-1.042134046629
-0.965177305752858
-0.872462011397589
-0.948829595752318
-1.08441272257284
-0.885388860033787
-0.91858343580051
-1.08414311195552
-1.05445830368363
-0.892028672916654
-0.819253956296178
-1.10447793818406
-0.995723165526804
-1.03563332217693
-0.861099697991909
-0.958567402879159
-1.18410669837966
-0.958093745206134
-0.945608475571132
-0.827455402194345
-1.01466271931172
-0.878839978216986
-0.933176363307969
-1.03894217614128
-1.03506653455542
-1.11074570592187
-0.92657954843776
-1.13323684645177
-0.942959072145991
-0.854032475382975
-0.997837908410876
-1.06516896530862
-1.04041226895395
-0.863740468075268
-0.942217109080382
-0.991373222714853
-1.06576458328034
-0.883926482962559
-0.960732159493355
-0.951017116368991
-0.901101172190373
-0.89681778976332
-0.825301653387279
-0.873501073528078
-0.940056841200786
-0.954341020801843
-0.981322812284295
-0.922042327020006
-1.01680268974538
-1.04537628529826
-0.988171179939428
-0.88417806439627
-0.908270256405468
-0.877502435046781
-0.919835115176336
-0.894164549228119
-0.871141749094237
-1.00659748148061
-0.776782348560163
-0.930546810596616
-1.05915223850661
-1.00492275706295
-0.707113590721567
-0.843177093150288
-0.768335917683764
-0.803175364924413
-0.764938058130229
-0.742778847797321
-0.863311356883496
-0.93260590946221
-0.934172019699711
-0.910502125729468
-0.849740790849816
-0.865020396700499
-0.871620295104039
-1.02742374649749
-0.766890004678562
-0.842644177808678
-0.979461738593154
-0.71484952760487
-0.886494560737943
-0.818220940250531
-0.769493627915618
-0.780721930105499
-0.822514317600583
-0.84766290769001
-0.789333212074625
-0.818509961390889
-0.847759204795933
-0.815474113705964
-0.881605018070399
-0.86860321015574
-0.754651077758037
-0.76123155891333
-0.760865270289795
-0.829097152471789
-0.855336013588023
-0.721528179079593
-0.788305251955899
-0.867206577425561
-0.945886212776798
-0.751267154276602
-0.815799333150641
-0.947693893727138
-0.789651301117622
-0.822302073366606
-0.809450466162858
-0.75671738274752
-0.791914603571134
-0.912877612883627
-0.722190688569698
-0.729570182611864
-0.777165587602054
-0.767079213736669
-0.752269759817021
-0.67843615295505
-0.699927848873548
-0.840226277172058
-0.871551229212508
-0.776024564346019
-0.731998274798838
-0.664055323420992
-0.775954184235386
-0.678850316339999
-0.743678548898559
-0.601499132451679
-0.607363038869358
-0.788726520461247
-0.739988479252853
-0.782539521942053
-0.719555528543252
-0.700548092248849
-0.803930617339301
-0.748368235654015
-0.63982188805622
-0.81691067623347
-0.802662024457416
-0.836041291209501
-0.721883427541391
-0.680414685765765
-0.747282937507731
-0.859530447364752
-0.759523196249916
-0.811748025424482
-0.750610827741626
-0.802707422472742
-0.7012355881269
-0.680894301718542
-0.522019117996792
-0.720889543071655
-0.714439051791894
-0.721103386492214
-0.729038430831694
-0.617110539319813
-0.602147640459564
-0.622940102156227
-0.733568708995088
-0.746549201806051
-0.683244563251778
-0.758888644705141
-0.862978173292269
-0.530624091672738
-0.721601772569861
-0.740284667487492
-0.720724742123966
-0.62562132827256
-0.701681973647867
-0.677576318362586
-0.718089171476644
-0.684611295540437
-0.691192965739062
-0.601779963925596
-0.602738923366821
-0.612497744731679
-0.672639502756802
-0.553578332391964
-0.858075095083957
-0.719962970419508
-0.738067130262897
-0.687150494314793
-0.666848969882774
-0.647917941787958
-0.679543450184199
-0.679109476203044
-0.536093141598279
-0.740067208021971
-0.555571579200866
-0.474959493068738
-0.60420062918483
-0.572597291490533
-0.580365958957469
-0.667881781882867
-0.613530338809735
-0.656405980537675
-0.668840101602877
-0.712568568635858
-0.683742590626713
-0.647536941847295
-0.560044282356765
-0.566148900387314
-0.657834016907764
-0.635146781748095
-0.70144106132568
-0.541684450034991
-0.598810968485922
-0.616452883197329
-0.52749915210032
-0.66743907622741
-0.751290088293857
-0.732892492597505
-0.618583294149114
-0.663823295051048
-0.658093287921164
-0.450147309747953
-0.48124088574717
-0.653689368296563
-0.463126101697392
-0.621302769451174
-0.41982968856263
-0.709709581099343
-0.640347774148469
-0.546630975231345
-0.593108179559265
-0.471821993607341
-0.471124634234365
-0.606614731965961
-0.596479091798737
-0.482952640673926
-0.359969418061228
-0.557537707939494
-0.436129474252373
-0.503660727814046
-0.677608551947907
-0.428489018177186
-0.428272958798667
-0.535636159451577
-0.351955418700944
-0.739364662899001
-0.55280599772577
-0.634154617057849
-0.563300933301237
-0.492728239961086
-0.577334038399975
-0.404097144448432
-0.543675787208362
-0.526090020469534
-0.557813023166224
-0.454178185768994
-0.662333964713879
-0.650625545698542
-0.521471157455395
-0.499230092731524
-0.623902096213127
-0.448542672316677
-0.481005814126597
-0.534816408460327
-0.660468426563696
-0.439867799601111
-0.496313924336651
-0.487507127926973
-0.559936150141957
-0.445500073340097
-0.298181909827133
-0.662542817255794
-0.46076672600206
-0.561772567693768
-0.38702409122281
-0.508912982965081
-0.463923183031455
-0.554535668258254
-0.45924348247448
-0.313836147234258
-0.624434175908288
-0.525922624237015
-0.45586047821897
-0.551585893250679
-0.429102326165563
-0.55222205964895
-0.480881124470235
-0.499373519098932
-0.610666585086102
-0.560534464741179
-0.358062796876081
-0.476172285661566
-0.372940534051906
-0.433751719461883
-0.307633299074403
-0.610198737809579
-0.514355952972197
-0.411513375780792
-0.397079436242277
-0.485709403991541
-0.230345974802453
-0.355471127547184
-0.251996436067611
-0.444480528189042
-0.406151000722548
-0.481446564513598
-0.505625561950467
-0.321405159521365
-0.488501537406437
-0.27088084963649
-0.325912186946525
-0.418889873774762
-0.482812827510429
-0.34629421343706
-0.234782345295767
-0.389058178572221
-0.426865156977326
-0.444908265138379
-0.419950945954467
-0.370505811234589
-0.296659394625366
-0.417208527400123
-0.472055020695121
-0.321310988183945
-0.391976327567053
-0.340574905458564
-0.431394223798069
-0.349411631595615
-0.358691054782978
-0.411673980272613
-0.405948596126916
-0.471493742310893
-0.318691097815079
-0.317614209063505
-0.377981199190183
-0.50732922785628
-0.345145491016022
-0.177250535293178
-0.3174766033395
-0.227394464401093
-0.427334487670499
-0.284892407441942
-0.0273696583333622
-0.340445076261459
-0.345428822275738
-0.410741227885725
-0.317444028817991
-0.33102807423161
-0.306940080824482
-0.294083613315074
-0.110782224151504
-0.330861839682122
-0.17476590989299
-0.337817959989342
-0.366942924852244
-0.273403195298953
-0.288542403103186
-0.265614857858512
-0.275444785429679
-0.277969082622987
-0.2758562688955
-0.35172178316332
-0.188340758313964
-0.259473719916006
-0.325157691691977
-0.374011992368526
-0.369015053443207
-0.323633651648167
-0.319361537772124
-0.356200340872674
-0.426923848320643
-0.156189065195486
-0.25898680451376
-0.265431023204209
-0.224807603139404
-0.281737280443666
-0.213177169472325
-0.299830044173312
-0.161459451523523
-0.210008925434868
-0.277503100521718
-0.240276442516376
-0.236353996762979
-0.193487178200584
-0.292883448673155
-0.320898926132457
-0.184903014377269
-0.220926718682248
-0.34145331145615
-0.32920905854528
-0.11397037496096
-0.241634341230244
-0.140820601611301
-0.233730089539478
-0.210822243301275
-0.188309183129892
-0.252478327919298
-0.344268718815039
-0.271237102754254
-0.251310452244409
-0.233193773698866
-0.154824455760354
-0.18184925194012
-0.137707681274138
-0.30354280163037
-0.314394667239926
-0.176314786291399
-0.298100507159655
-0.0748459381600883
-0.204819016963901
-0.257832240188064
-0.193140093765695
-0.132204863115967
-0.217770771673418
-0.193313992957276
-0.243799081898062
-0.275171777582226
-0.162712937657898
-0.385511193513308
-0.05597595996615
-0.212516548603827
-0.273378320825819
-0.174558767755527
-0.0317040679858849
-0.254817694754861
-0.154008497573718
-0.160395160027914
-0.232721877285464
-0.426679946197209
0.00619292234776068
-0.258481568680807
-0.170467172959483
-0.178516010660204
-0.15272725347284
-0.0822889003967204
-0.312590052429682
-0.167614329959538
-0.1451095616782
-0.109575838253332
-0.270499893931511
-0.11839746011288
0.0500488233281795
-0.234377454195073
-0.196974450641197
-0.283906384595174
-0.134528548637777
-0.16014865559789
-0.145621958610155
-0.07668263308962
-0.145449082155198
-0.135135089891831
-0.0338131723299986
-0.128463855178476
0.00591380733365191
-0.0584696521026063
-0.0466959283237647
-0.141368154659315
-0.154908778012774
-0.263899472750548
-0.132522330654817
-0.123396756342717
-0.10273633613334
-0.0625368299972825
-0.0766964214177479
-0.0683220137915426
-0.0546858971596157
-0.106559279669334
-0.0798873104309337
-0.0966083645895112
0.134739141048589
-0.166716346995322
-0.143694716940242
-0.0583218306329848
-0.0725533935740088
-0.0588326661970422
0.0457790166349578
-0.14776103631495
-0.0609470828323413
0.0120758072359102
-0.22043682790199
0.0570507369955755
-0.0686057890632573
-0.0509618402983867
-0.0980293215928888
-0.139674134772975
0.00664733916867745
-0.21591713709589
0.133693444648705
0.0423168086059942
-0.13868329485069
-0.106519898981842
0.0542339027620688
-0.10768086308109
0.0449947749932298
0.000287407013459697
-0.15774583904924
-0.0349720233965725
-0.0404020073225355
-0.033991393656361
0.0729221725456271
-0.0897959724152564
0.080819308817657
0.0234112370322852
-0.22010697434521
0.0350985551145646
-0.05768093433523
0.039015879078467
0.0462261268911228
0.0531112971892419
0.113663378535208
0.058141815315233
-0.0251671631144341
0.0300562943182077
-0.0238075597624057
-0.0451834708591385
0.0487003810043461
-0.0329204482581518
-0.0528740147086376
-0.0665200326845693
0.0287073717139986
0.0989350724449218
0.00805646230495975
0.0057226238767478
-0.0094057314836144
0.205117854191245
0.0365942558384106
-0.0249919393416088
0.0188380119169932
-0.123687377798361
0.0416442897685695
-0.000857876189230031
0.0361257234289701
0.0031680020120543
0.123910124236722
0.264292690528488
0.0821370721986671
0.0832649980823022
0.0351299468598542
0.237476254751285
0.0987090995160787
0.0684149843979979
0.143190003691052
0.10697278912201
0.0839963300951969
0.128836411904624
0.10480286033581
0.0311796752557276
-0.0424936471115857
0.0124017196862629
0.0635010814091337
0.111108408684535
0.129679569046171
0.120367935725716
0.0548226441422059
0.177047122113778
-0.0354106251482394
0.0543191092305058
-0.100024063406989
0.244086685401583
0.115158327816257
0.0128131621085792
0.158408628945152
0.172817176705737
-0.0747611948415523
-0.0377943462885842
0.0804655003473912
0.0731580244480072
0.181721215143168
0.107310311743629
0.233577775326402
0.068150417093391
0.0465144279414543
0.00427665911056598
0.125910009829927
0.101017446477231
0.142584753794749
0.169895413729948
0.190656765519293
0.0853175078773917
0.191122647878134
0.249917921631838
0.261078609296839
0.143680552830018
0.0322689749921152
0.262933159606491
0.273041707022833
0.101427308380108
0.160872772087723
0.289376619125932
-0.0565501920926467
0.040942171030136
0.182557547961263
0.118357145495404
0.187986115532891
0.0808840234744051
0.0519869159734874
0.150966344214781
0.210553778812363
0.0988724983329518
0.253756965297122
0.0879309276706915
0.183309886718201
0.140831384667152
0.320588368548878
0.270008405861773
0.368037572470341
0.0963506698494203
0.145896132785184
0.12115536130347
0.183498605413002
0.133080195591729
0.23603309827921
0.150792822069875
0.354793575050073
0.167616736325239
0.289023578560496
0.248048716564804
0.231613018303734
0.261334573213082
0.419570522811042
0.0465420473834907
0.202810136102819
0.353565191113747
0.364940284951025
0.126885588407986
0.0962611626557023
0.316605306756054
0.260534835130561
0.21724178094182
0.170311089933235
0.378574726704881
0.304710558440711
0.154433846727241
0.272638161270583
0.359065832893312
0.207149201660569
0.228389825032418
0.177158577892683
0.427495670067497
0.247367350616862
0.136060247258062
0.350709653098273
0.321519893181999
0.259977030808989
0.286204351295843
0.239467422527725
0.191165034330297
0.312609687417212
0.209227248713188
0.153107358261337
0.186229122411639
0.238894809618746
0.28203666436465
0.437486066531003
0.35311186325385
0.199356031500526
0.322102652704073
0.164762721252132
0.28578768093014
0.340363904822625
0.323132757250535
0.268476144667387
0.151205556169031
0.377911343558978
0.419833998539901
0.302655968113561
0.329721617324657
0.295224087787273
0.262209411001197
0.333021398612503
0.328722204294408
0.368509606138523
0.162548695633519
0.405128644049116
0.283966986889837
0.32442529515933
0.200523730573986
0.279490486738373
0.251540633937599
0.453829777821747
0.423220807067194
0.241609346738797
0.377580489406555
0.295359507129749
0.400777742359583
0.363807299224753
0.510105189900689
0.435934133368843
0.280772123973116
0.27053611451385
0.306986525616031
0.481570302078293
0.46748498625183
0.375077315732669
0.150988101542893
0.485928505080762
0.303991158805125
0.369166777365254
0.316688833269268
0.431202578439753
0.301111193234049
0.41702014668604
0.356747402918515
0.397389309317784
0.400202308136376
0.460644965327421
0.508338709165946
0.317991233725756
0.431298268268733
0.496352416774039
0.428455713689791
0.472162051148665
0.462375377779356
0.545742530963594
0.378150607406018
0.320799937857433
0.327301271295221
0.422241788510881
0.424455093224453
0.414675784280936
0.432479725956569
0.448860609554599
0.302126015001756
0.390112393704536
0.459926021452691
0.407530791176718
0.337547322867662
0.522664893567119
0.43986394078729
0.34454704545262
0.504205124741291
0.54796672654335
0.487499156169294
0.383537520567388
0.463485347379702
0.450396235630241
0.594926068376671
0.565136145451131
0.467905397057162
0.402572496133932
0.461925083228862
0.382232749598195
0.352706241414628
0.456805609037274
0.427840235264148
0.655193099708308
0.262886592194719
0.391053497205129
0.526911511112028
0.400842698462845
0.409107065839
0.423650567810241
0.440042894662591
0.42627148983994
0.613744902341802
0.55173227942861
0.421330179946251
0.555458937485558
0.507198916222539
0.401953435735447
0.602915683910102
0.477056953239713
0.429953641765667
0.657604887181242
0.616848519711774
0.557653524538063
0.452439635347693
0.553875022584872
0.558340497211831
0.535779412273401
0.473367184839666
0.586282853916875
0.465695479235951
0.382043551765954
0.552186073563823
0.504308468042277
0.415346740629418
0.61893541189996
0.361709414156807
0.585305157075626
0.529171368186658
0.590445160633399
0.555308135775096
0.532784917278516
0.511081399848972
0.355085140737077
0.599672861389475
0.671888189894712
0.632939195171811
0.551590151014107
0.645118618530211
0.507517835445404
0.583458628815592
0.601485819759897
0.51009344645179
0.566798439524146
0.581590046200876
0.723370317225275
0.633006194834636
0.643230920571348
0.631874268336266
0.538044261182415
0.759072382434314
0.549986420442146
0.501661973339766
0.374391962679123
0.599785536768901
0.635379729960998
0.547469684085943
0.567891715993077
0.599322567304041
0.605421832002315
0.699275617942008
0.588694568101067
0.556300642070295
0.679750504682819
0.670026064215404
0.427054860466033
0.730443045503154
0.703670503871052
0.6161590534914
0.459949121628766
0.659800303773845
0.695969487758621
0.455835126254083
0.524240277073417
0.545424550279575
0.765176052447371
0.781107952051224
0.694402616183927
0.643552081581036
0.527506764583985
0.68227334359139
0.589153438259585
0.68773579809609
0.501914036455984
0.6861139911937
0.619518526451706
0.609786305699892
0.842026022180708
0.832053395138187
0.722050386613805
0.710245420922613
0.563333931953622
0.701610090084792
0.730834297396566
0.689682159672225
0.623119500070397
0.520318658175882
0.585768672629468
0.769181756580278
0.724425759489175
0.623684535797315
0.671844656070044
0.663676837916794
0.714153378824932
0.587121786271475
0.743940910343147
0.698716834841667
0.810610027698237
0.654769946589778
0.730432381154389
0.768615517334492
0.841364806828234
0.640325576987095
0.812516172945354
0.660271650045753
0.794975024027551
0.789148188823314
0.686345051230929
0.663734553076219
0.698270531350481
0.786754163767041
0.709930570963841
0.754784164082641
0.618031056446788
0.843838838959517
0.686939762310472
0.677689545333818
0.751730355167885
0.604195233212918
0.767629552012039
0.576633480468988
0.694498057030922
0.884181703619464
0.708573429485765
0.743477250576039
0.654188553276136
0.781611672553503
0.703061450254889
0.702639034168946
0.782101109111141
0.80638763569746
0.803693375768789
0.598332753350224
0.819530469774303
0.785531704766636
0.688017038100682
0.702749938642237
0.797490614148786
0.821720176403013
0.84259917731159
0.711941097976821
0.881260345821018
0.797294913504515
0.879143716129144
0.565697210606015
0.783972339417953
0.86276737698547
0.681893695053115
0.783904137640922
0.73202945001519
0.87213870346193
0.824299334691635
0.754140758579328
0.876035065170173
0.824519582614714
0.79046776966849
0.784160303904337
0.889926637629168
0.811969055319201
0.889300762452447
0.854505048617651
0.824899419849447
0.840642998088151
0.920316003463974
0.759451321230993
0.775853411051274
0.761244757035898
0.741335549630024
0.987792648716377
0.89195500663158
0.825182468343582
0.937113950628813
0.953502769082282
0.750538358946313
0.830583547128432
0.900115160503852
0.909548781034914
0.742681546316796
0.860027968632639
0.985045671774612
0.997447868253903
0.794892243203505
0.880971722651866
0.926220529597974
0.949152456447096
0.887552544501042
0.919722519453872
0.779188108902064
0.964432260716494
0.955146395063853
0.935517063733297
0.838601007562906
0.780852297083564
1.02243584439836
0.84653654600584
0.818922225731873
1.00731344813094
0.789040746070742
0.842389610127162
0.917664066764528
1.08620401248484
0.92515352370776
0.940382103640109
1.00841102998687
0.936441343081071
0.906960825129375
0.943879456448925
0.868013352250986
0.979571665137439
1.03342334940364
0.95313841729834
0.879002051884783
0.962927515694975
0.926231067549834
0.923059103134641
0.896777004126357
0.875877073801963
0.891305015004338
0.858301548649532
1.12935779356033
0.980899360544689
0.869046326100427
0.929065740150137
0.976612744594664
0.912652681388064
1.00269446644386
0.917946656345881
0.92337537861298
1.06667237233009
0.955331223051268
0.951288665318202
0.943698858206878
0.889972148246993
1.01845173647967
0.981197419224605
0.974471136696606
0.899159974250916
1.01033693194919
1.02096193093826
0.939453547279699
1.02087429860389
0.919968198915685
1.04162099238637
0.884481322288215
1.06031282502903
0.837588438250556
