-0.98697346660495
-0.866117708126225
-0.878194243291578
-0.927987919740151
-0.775537106281661
-0.96724274182656
-0.991198134238719
-0.955584036999227
-0.968200764443332
-0.943036888615245
-0.833391077421555
-0.895500578535745
-0.917256192830972
-1.07093551437886
-0.927797040135515
-0.911642091501378
-1.02400649841622
-0.920780153695424
-0.864757614571505
-1.10245616538873
-0.935053338016644
-0.948135141250502
-0.798746262523209
-0.959794260759393
-0.929056579017245
-0.99840073384922
-0.89730233014744
-0.90823578159875
-0.926563274728877
-0.884348829802064
-0.974788660687101
-1.15678740464787
-0.99660863865292
-0.939898327485004
-0.977030965361922
-1.0018594867713
-0.911577107660454
-0.864067698472025
-1.07588497911625
-0.917732935175444
-0.973024941165772
-0.796158647422534
-0.853210860919236
-0.891650366960808
-0.819347440518659
-0.990550926658182
-0.984863548455842
-1.04933368578955
-0.924477950104081
-0.834699166624441
-0.913107785777485
-0.914383950457246
-1.0474719694116
-0.933807721842161
-0.687216517120037
-0.806749379477556
-1.00032930701283
-0.830322732040871
-0.911134707838101
-0.805452845369485
-0.816015140304553
-0.948421992159995
-0.690373099543091
-1.00976641033687
-0.995829093654301
-0.78500495346723
-0.780326792832791
-0.865666429117466
-0.873849134149885
-0.851694815844535
-0.818414816239589
-1.05874392832587
-0.940569178933945
-0.833081740158085
-0.892115115230003
-0.762301103027721
-1.02526251432285
-0.773085170267948
-0.780168807683
-0.755165318560926
-0.787482721827384
-0.936997865819813
-0.749125715825766
-0.778799585784038
-0.907305283742805
-0.878412643728126
-0.674739071934437
-0.831906658351158
-0.78825108309283
-0.806327140279914
-0.939851936458359
-0.584155230366874
-0.793422546500253
-0.820137164154165
-0.713488466041951
-0.803147317274593
-0.854044420304265
-0.884676278433508
-0.854952143084804
-0.583480597765929
-0.877251256207386
-0.712682955692904
-0.71069880587291
-0.770584517060105
-0.989773725274691
-0.929941462870823
-0.796160759224672
-0.671788199380588
-0.715396215689381
-0.930416105217828
-0.607477874926514
-0.701366183308072
-0.813239298661081
-0.790805629165002
-0.808625575577499
-0.776344442913155
-0.739038054255606
-0.764216166128733
-0.801766761948313
-0.865783819960618
-0.725917143154672
-0.809377566757435
-0.787839456404486
-0.935231187223034
-0.779062525204813
-0.808368461366597
-0.753137156024723
-0.75319462729264
-0.648238488443565
-0.802705078944689
-0.765197568813986
-0.624720875664964
-0.963157512582081
-0.731863102129396
-0.714088222109168
-0.821839280404456
-0.557184458150875
-0.687808477596877
-0.806414212314827
-0.701636250533631
-0.789082108090088
-0.725251228239699
-0.758455453104874
-0.713758377875336
-0.732911937702769
-0.72353190450045
-0.492216815953158
-0.68371463572525
-0.747216962639004
-0.68826727439038
-0.676973260688705
-0.553861619518597
-0.69404137117795
-0.869074569907589
-0.621586743649601
-0.650374417457415
-0.590925468672651
-0.623001674924421
-0.778847170371332
-0.721134682767868
-0.763226467429116
-0.638873219817337
-0.574140395087008
-0.603518217520716
-0.671208170895644
-0.684012168280408
-0.692459422239251
-0.68830733173142
-0.617147239866041
-0.6506753737218
-0.531276618261961
-0.627647515478426
-0.622995874980871
-0.67868019508337
-0.647931084336179
-0.752024329850973
-0.51972476314403
-0.600871235055715
-0.686927921975591
-0.508240039982505
-0.684049008189986
-0.648489208390432
-0.643449459267479
-0.683512696590912
-0.560662042574602
-0.69224306179926
-0.733215578648207
-0.414653746908121
-0.545007975385199
-0.543716322559454
-0.63764856944412
-0.666743203265075
-0.65119114677486
-0.643098996606541
-0.538136866593655
-0.702844567489324
-0.670008322841722
-0.598797057792184
-0.635423580061303
-0.672332811969095
-0.653230405536017
-0.546049087702814
-0.620582020153544
-0.439855907073746
-0.648496626160905
-0.618761170264383
-0.536910174383121
-0.677233029350216
-0.576335990469385
-0.557523475737954
-0.47353846804272
-0.408894401274594
-0.446483410344563
-0.515533791842944
-0.56028122299443
-0.737255302217504
-0.485796270868323
-0.512360278373996
-0.453733212843331
-0.63951990434753
-0.711730011889583
-0.480803790391015
-0.620199509823371
-0.56988911546259
-0.550161478972289
-0.577626658469002
-0.531879899901472
-0.617525397191342
-0.622287472207084
-0.555341527892862
-0.395908038298315
-0.527656463296064
-0.37327132021816
-0.57044381282695
-0.523933974223586
-0.56867967677909
-0.386826090579944
-0.7051310335764
-0.658277588836549
-0.530651245212669
-0.60376771825735
-0.538589074738602
-0.519673926896202
-0.463887729445842
-0.496999881049532
-0.581119293532145
-0.377038784415294
-0.52856490007751
-0.441594358337669
-0.324341143920364
-0.569907548761606
-0.415757552530538
-0.473540350437754
-0.41261853751134
-0.595047894296648
-0.504952536975632
-0.57025271185762
-0.459094755843074
-0.65885166295989
-0.591779718105763
-0.410110497180154
-0.436184650276375
-0.551726737903574
-0.418364032484154
-0.428845041580243
-0.535684381411938
-0.525445081922664
-0.360603968846598
-0.669824933389778
-0.492436969509499
-0.523416584390313
-0.436544882950969
-0.431457590707711
-0.416438854946927
-0.381937442745573
-0.407227943986528
-0.545315298375711
-0.395343132450395
-0.550394959009788
-0.655523194443728
-0.391421183137734
-0.484685671923013
-0.425959609898897
-0.362570546893149
-0.455509628068579
-0.535890425498695
-0.482679447354343
-0.432400711476861
-0.451172041102033
-0.588967404643174
-0.366510032434948
-0.397823277342349
-0.487598013881875
-0.449672545311211
-0.447840666577329
-0.329547112441277
-0.574673183273215
-0.243322125738524
-0.384866121374612
-0.458758123914273
-0.417882823865591
-0.43509355173235
-0.538304428052247
-0.342022511831119
-0.406441524086977
-0.420858054465996
-0.300097139717449
-0.561943591333171
-0.393571154917031
-0.416954242185763
-0.36090503744199
-0.406975494169375
-0.445950809375695
-0.350477355512296
-0.371262662690134
-0.385825958248164
-0.425720625867238
-0.392907014213543
-0.386603932455711
-0.339305208145566
-0.377574068986062
-0.420901789619596
-0.30785360585379
-0.369789522365234
-0.371203675187029
-0.575658116777008
-0.353194597463398
-0.27171193345584
-0.391078225907974
-0.3065848921319
-0.370685387033536
-0.398441653457519
-0.41645615498739
-0.436635988698811
-0.44747141631054
-0.437443929065744
-0.303173121384476
-0.310140417335256
-0.401146433446117
-0.416929184823484
-0.286046441034662
-0.168944248159006
-0.530797791461125
-0.242312917134422
-0.311747644854325
-0.198695837834587
-0.144890816324364
-0.271591237180736
-0.303126878539135
-0.316753058531154
-0.354763475797306
-0.322114875741818
-0.337140117315758
-0.165302306030798
-0.406355862383315
-0.462778523417425
-0.334969027935801
-0.296984458301299
-0.324031259740472
-0.371786084500073
-0.159464804378948
-0.386879191449007
-0.353503871566557
-0.370004442819546
-0.194258843324833
-0.305192034226065
-0.268287949588076
-0.295203893653046
-0.347980491364606
-0.279314063525132
-0.121748690869949
-0.285159307527069
-0.239674202283851
-0.312875908858352
-0.391411685389725
-0.233452818787908
-0.273073174691025
-0.281694559572399
-0.217314909515431
-0.312007008000733
-0.224669221297716
-0.059369618403182
-0.0919664033433888
-0.162641367709495
-0.313616013653116
-0.225486855634085
-0.194027309246547
-0.189897283945909
-0.0649653156356376
-0.23430589498673
-0.219759839923619
-0.281794141043644
-0.212599359760748
-0.217212000464943
-0.226462632267102
-0.237565929816567
-0.22112227654291
-0.227650077912247
-0.238647955092151
-0.0756579502455759
-0.301589904765495
-0.248502579000731
-0.182492909085659
-0.215128349853704
-0.210839208521505
-0.180887908135011
-0.125855467647636
-0.422795874248762
-0.236030078392566
-0.166517666451717
-0.131362587785823
-0.154499276932283
-0.221935272556298
-0.181422028609485
-0.148208113172925
-0.131691041987816
-0.225188801640789
-0.20630668374157
-0.139331810407078
-0.217991108388232
-0.198259678785213
-0.0772394564814751
-0.102861978800876
-0.144652428609728
-0.116450789459909
-0.180169635423161
0.0332063930386336
-0.239942416643541
-0.224832041919653
-0.155001685517356
-0.0941109713079565
-0.215138248165964
-0.147837430283387
0.0784264629718443
-0.0643284188047388
-0.215787339893204
-0.18233168947447
-0.133761452565264
-0.0581988988988746
-0.158160292875373
-0.142710332468927
-0.176159348757583
-0.0539470905799011
-0.0122183716318458
0.00650909240893505
-0.175550363320542
0.0202375354636141
0.0285183454797646
-0.0999427566586323
-0.165808287453988
-0.145197059151994
-0.112414905078295
-0.0450659169593651
-0.0865788776711521
0.0792006501819173
-0.133938672570634
-0.114358089031468
0.0259056375108243
-0.0365646138929086
-0.0782916850162178
-0.0339903752742771
-0.151801204162624
-0.198189432799309
-0.0961276589627465
-0.149443002388554
-0.0521252971021433
-0.0703069754119911
-0.21152724438465
-0.0602987892440918
-0.186912307863875
-0.00824973984956881
-0.0280799266177199
-0.0459562614613869
-0.152696942353554
-0.0339242609642153
0.025540362924117
-0.0834089690441146
-0.0149594900230458
0.0787559132547285
0.00963777571836563
-0.078656044906917
0.0290132121547531
-0.12999340594096
0.00696789380118759
-0.0116148304559682
0.126037350592845
-0.174303992486906
0.0229878499345831
-0.0501915488573817
-0.0797611024549863
0.0367993282450633
0.0395688022372308
-0.0700683291576729
0.00680639469344294
0.0393555269737556
-0.0942419603019654
0.12198500437305
-0.0485742073200574
0.0806156964171627
-0.043147707773722
-0.0448018914191658
-0.0257691496573246
0.147443132913926
0.0561136082055021
0.020888351657385
-0.20504444659277
-0.0420811743903957
0.0882619574183631
0.024382234962706
-0.0615127057642337
0.0808445927196127
0.0683508603508782
0.0935156791154499
0.1523032911693
-0.00788547796040222
0.104438661408653
-0.0352973241195984
-0.0226426672895553
0.12577400978488
0.105423514525498
-0.0322364539012051
0.044888625375996
0.163940038951884
0.10461108692838
0.0447710462954311
0.15506051012158
0.0129229168117459
-0.0356687840660639
-0.00751680776323012
0.0639147537502132
0.0804126829977262
0.143300988513665
0.22608498930089
0.26387492368777
-0.0814078029865054
0.180191423169708
-0.0273827891476107
0.00428536996091779
0.134009804599751
0.1767100501721
0.00719168255474895
0.20015237365936
0.0160669269329377
0.0403385415896753
-0.0896438743086386
0.156933611175598
0.16070429276639
0.123320178848024
0.0583570694435725
0.0856333005101331
-0.0776942219208253
-0.000890100826907376
0.0259059830337343
0.242427442479875
0.115091273425923
-0.0222386145319613
0.251665336536318
0.086557623924307
0.108179871877108
0.231251768358419
0.129715293983602
0.171419873077749
-0.0244146736236361
0.0199296064218894
0.0401470509106943
0.208440888834208
0.0733026273523786
0.19892042138292
0.0149755801332752
0.12397130918497
0.242923837555132
0.0813543921315459
0.100491791796728
0.221812671306071
0.212317944288103
0.126346521290655
0.143545879091691
0.131666472499068
0.10985818385809
0.169950179728928
0.229058817384041
0.213651717496017
0.0964457594354141
0.134694261490075
0.0683273345930789
0.100690685953301
0.186881091702101
0.286210969567694
0.214812454462963
0.19344601640396
0.0274080390920945
0.205006147914632
0.185698484128748
0.169507009469697
0.162782681820104
0.0894909225095544
0.205411581667977
0.215726215714622
0.302386979823763
0.277235144395018
0.260418733453382
0.142623530516753
0.133074771802032
0.171851693659511
0.121140057850382
0.293227073402953
0.192189577266129
0.319694061885596
0.350102237327383
0.372542125173416
0.137496842932559
0.205815828236601
0.254331724224665
0.223559611628344
0.0868063366511842
0.240464814151181
0.193164790082526
0.0600942202374204
0.279062357893698
0.114165739537133
0.140340194577444
0.250953262392497
0.253072609306106
0.303304040075686
0.397200253653148
0.115344906764056
0.318151880451485
0.301110504458816
0.196073977374511
0.127064509758134
0.203152831544962
0.286038685466929
0.226586092492289
0.317826683977049
0.231640127657664
0.279968081992234
0.400837510516545
0.269245946261116
0.151142727565558
0.212073714763633
0.193904785452624
0.313125818845263
0.268757453082462
0.350033928848401
0.223623305805418
0.290691573625745
0.292136276506994
0.128802889618689
0.274059391242233
0.317867248634455
0.340869175357927
0.157143113759933
0.291411740691032
0.259936074656783
0.47027795214075
0.370514957566569
0.377856538764791
0.537650846497081
0.349344421424052
0.336663076905585
0.230726923232925
0.364125424128679
0.469528892714966
0.292343445843569
0.167113867669916
0.387719753187583
0.386685378246431
0.347635961028821
0.319167673608731
0.220143126155131
0.235687348541706
0.352614375755101
0.330890508716532
0.262196752872593
0.319057313474107
0.496791718908727
0.46184980290876
0.254518251321738
0.30362815049411
0.291299436660044
0.269421446386402
0.359252496922196
0.252551169598838
0.447440806036456
0.371356452140812
0.33912919529891
0.455751506755699
0.420476617306993
0.407143619960286
0.48538817850902
0.516412782836231
0.442653429665625
0.29750016169477
0.363189310026938
0.406106502782814
0.429793149966541
0.341564252809794
0.215504506157715
0.314162917206075
0.425182404224084
0.376428288551491
0.436451691320409
0.451483193812125
0.447061638225131
0.34228828050932
0.452420305976737
0.273301645949278
0.431468793936007
0.397075348536165
0.622825789562895
0.559895891351518
0.387021116089201
0.279207109268431
0.342037339746633
0.466712065386325
0.423333177226022
0.3960769966605
0.420235170182292
0.486612583622875
0.578032562873768
0.471132183552092
0.512462110199121
0.463004363095424
0.268189135578528
0.531930645984085
0.545229994135462
0.478804566566791
0.420055652156669
0.304685095156616
0.29387292665156
0.402181994721045
0.501072301216372
0.428118258251699
0.434564426945019
0.340734543761981
0.367356467223073
0.453173783814876
0.557607164777231
0.506870501004588
0.330787332783379
0.492060846583918
0.375795888037614
0.37559286015921
0.387492450138822
0.542167390731684
0.566121505645336
0.306848106909305
0.402127804320636
0.547275654845633
0.536875513438857
0.488052509894345
0.509053754433856
0.422896024398125
0.46391349256171
0.621235637006457
0.382339135337579
0.642991804370234
0.510211425247906
0.363238520940531
0.433544338686733
0.612694591780459
0.577871955705758
0.555072797103438
0.495290690707464
0.497360481586047
0.608944139225744
0.54764392233313
0.64725066400242
0.582668111839843
0.588354563174979
0.477952349884475
0.520882917655015
0.513565975861114
0.505277095303313
0.764665582867675
0.575149009409629
0.490944981659331
0.397682208897545
0.530038719184617
0.65562519586748
0.541147430758948
0.642467176214632
0.462621609700396
0.588791000219906
0.723031492285588
0.594927153229798
0.60465763091517
0.672332790517893
0.612497636779414
0.548539670826896
0.76285754748947
0.490358314370026
0.622694219459789
0.514429986718243
0.561460934615546
0.560180942199143
0.667271764430461
0.630910452641199
0.60743593764443
0.564085084624851
0.606255289387154
0.480937827708171
0.586724965263741
0.70753027137492
0.610199648181246
0.61382906260407
0.567874899382005
0.50807024486151
0.653872075657523
0.561349516543481
0.784844397652136
0.62532253733035
0.476261891496609
0.610460222113702
0.581366517523812
0.704721086283319
0.579570185723268
0.699773128250047
0.652782966146367
0.779195930133238
0.66358367949792
0.72196068798559
0.636842842014513
0.730912588823019
0.624317076560184
0.562123729740667
0.759101902039124
0.609721984061909
0.681676877004793
0.799089829303916
0.751989524711355
0.74215526469525
0.718397567812989
0.620854816446178
0.531556135121737
0.732033595173221
0.605934715858018
0.593645609723449
0.813886192321848
0.693141333748202
0.542298218911144
0.531542715429655
0.78092500527277
0.516796966654179
0.706344692351951
0.607831242742612
0.849322941142565
0.750421688903774
0.693633365172164
0.703492538642656
0.698036326471512
0.766011176944211
0.82980789212704
0.644556846683839
0.735946008347831
0.839564958434191
0.883506241259995
0.708953251511981
0.797369301140052
0.813502279896811
0.674777968224373
0.812299772759044
0.706278169796837
0.669818930513693
0.701777318719372
0.813263608724514
0.803801347098981
0.667759148989434
0.771382557326177
0.719787769525841
0.718689902223091
0.673338300286312
0.68577835112977
0.877287442623694
0.83351373055245
0.713608571497913
0.795843125329959
0.779281268738192
0.725018947500052
0.789093268290792
0.823471917696774
0.764018611671123
0.867751495526064
0.819682629146844
0.878983187007431
0.864234847065635
0.662478193412862
0.812776345539821
0.812870249739568
0.719320144138241
0.881749016928835
0.737576304711653
0.890532782434268
0.847915318186779
0.959282885132978
0.887123813015272
0.850995221467612
0.738822679138305
0.742431945350276
0.757686178923404
0.874162895149567
0.858237283862035
0.734132900423349
0.888051162870952
0.750334682249185
0.948348683311051
0.876454482228803
0.688792624184395
0.905708910369943
0.752574310342319
0.668319326261077
0.730662761477883
0.779369169475648
0.974142704966605
0.968339651791908
0.928639149061665
0.795579466705193
0.79004980592829
0.735098940815507
0.960098430982779
0.819710144494517
0.863540854259229
0.82528893119673
0.855868863913511
0.790344338371317
0.851544425790283
0.858780532568119
0.812134538929087
0.813597392654121
1.00098682687945
0.736613341007854
1.00676904006342
0.877258023649612
0.834484193034673
0.799752597796279
0.722672635715247
0.724296916127987
0.894323857958176
0.880045702942689
0.892977589736816
1.00261098144929
0.879866530867332
0.889160132641109
0.959313595323944
0.877152892353255
0.783755566463833
0.909717875000119
0.881653723782081
0.940750448865929
0.9957013981894
0.973618029360716
1.07661030773146
0.975416581076736
0.975518744147261
0.893247918391689
0.975128117035228
0.99256080978465
0.899399918544534
1.01359989110087
0.866883002611304
1.1597630537812
0.987626681655849
0.774042708363126
0.979599809019272
0.910125012907388
0.778585668436425
0.90839328766887
0.957540824552361
0.919964455150228
0.822206608734014
1.01042190886221
0.966366554492594
1.02247009602162
0.939252177197828
1.09766632465296
0.799772162218201
1.01062236550046
0.911484074567328
0.845235789497749
0.890396716205891
1.07822023390655
0.9074091119438
0.93143297898525
1.00434672696842
0.913122500095704
0.960194663195777
1.0930159069122
0.952250226164327
0.941468417693431
0.926720016973385
1.0023008119394
1.08160004519826
1.0056322228466
1.05227627999742
0.91946254753607
0.97796326387843
1.05325782823962
1.01827211810071
1.04351937822211
1.03006751995294
