-1.04810883421087
-0.969878608423794
-0.856740343352707
-0.958328048065096
-1.0823990198
-0.864909977321127
-0.895395040610083
-1.07161765002474
-1.03331959958386
-0.880263095247019
-0.839890170092765
-1.11892186660592
-1.0165376613476
-1.0182325356451
-0.886210888889373
-0.970495414022061
-1.16779523685176
-0.934702533182821
-0.949103881240427
-0.839954883519403
-1.0103452515174
-0.88175108362877
-0.922020330928909
-1.03214920307738
-1.03867560026133
-1.12528575002845
-0.947502890200278
-1.12717527767714
-0.937006045675141
-0.850192685878803
-0.98614331604287
-1.04260871567759
-1.03014951045654
-0.866736547908882
-0.930927986894269
-1.00533043434172
-1.0741678777452
-0.879792705415953
-0.919476964334732
-0.943872313438169
-0.89652233658765
-0.88322612028533
-0.829750475813531
-0.839007113042277
-0.925768578313876
-0.944829476585355
-1.00266533570437
-0.924744263720631
-1.03276649503261
-1.03918397357376
-1.00922236663845
-0.870816452613247
-0.891065614538054
-0.888372421048722
-0.924688161974807
-0.877310960313421
-0.880425641673802
-0.995142442841441
-0.777715869139564
-0.911754702504627
-1.05704545240264
-0.993621534844977
-0.715854218608598
-0.859665923504556
-0.752463235539902
-0.809307408649184
-0.766726853260047
-0.751735485697498
-0.840045900728057
-0.920114685465601
-0.935626524922261
-0.881867116252696
-0.831218115858683
-0.864327474077707
-0.876755917045
-1.0179900879111
-0.744207455734069
-0.847686923325293
-0.987717679415062
-0.725803680267066
-0.881753460966016
-0.801124175513078
-0.773381343922347
-0.78787402875705
-0.862004162193411
-0.841900952412867
-0.802018983112929
-0.816341322808283
-0.849385827572601
-0.821248498652947
-0.877528269384258
-0.841201236965574
-0.759229370388814
-0.746953024695375
-0.77945130466868
-0.833547834075376
-0.840627185871222
-0.750582884883168
-0.79131099253725
-0.864769786831226
-0.920319233368497
-0.762211611411305
-0.832828838000846
-0.958790247793966
-0.800570241402178
-0.835597902081511
-0.824434536272547
-0.764274648807505
-0.813673733485935
-0.895804542645673
-0.734491347936258
-0.713125695499666
-0.771661543910066
-0.772708473517319
-0.764460228606615
-0.699138313942161
-0.698775308353371
-0.82678071342708
-0.87060632068753
-0.767575450216448
-0.751321513257279
-0.663804702101645
-0.798180110208238
-0.691607777020236
-0.745411008171504
-0.587360532551195
-0.611036344057916
-0.778525650184442
-0.721809092912841
-0.774056270408813
-0.701738097317889
-0.706028274153652
-0.801950417920938
-0.751321933563902
-0.652487509437047
-0.817830052774539
-0.79824056713379
-0.826898577165856
-0.717849167001316
-0.685631181779515
-0.749451643097446
-0.86409114135762
-0.746172218721749
-0.812226551888761
-0.75611435213736
-0.790960346465942
-0.694776396851574
-0.677034803788624
-0.520436978647318
-0.703880386834914
-0.709358693571364
-0.707145740742235
-0.710953675813968
-0.628613024214493
-0.612754722637266
-0.616110057393782
-0.759661608316136
-0.733646114638205
-0.673701180858413
-0.748488152941749
-0.882423886998495
-0.53435885344943
-0.741217395909991
-0.733889338603816
-0.726910010522089
-0.657151929372935
-0.710809532239082
-0.685319536640161
-0.735796599443067
-0.664310792770649
-0.683674222657987
-0.596494842737237
-0.597147049809853
-0.632494128806443
-0.701526405029643
-0.562171223104124
-0.862774881461925
-0.694365395309374
-0.746739768614629
-0.661933825433305
-0.659321638576409
-0.650268676769067
-0.665121168965085
-0.677571847798622
-0.537357548144966
-0.721916511208089
-0.573749598078888
-0.466005891093229
-0.594842447321948
-0.581214899093558
-0.582787349796181
-0.669552249135575
-0.637201397692688
-0.65636811491691
-0.641694579541055
-0.692997372334827
-0.660192584829478
-0.652373488884487
-0.573599984441146
-0.570165808814272
-0.651825859419251
-0.630751901378542
-0.70385289572958
-0.563124878401577
-0.593536909693422
-0.60921886188031
-0.543716788706034
-0.648741097513284
-0.744383295804422
-0.726330639469148
-0.63447961295868
-0.676744256781952
-0.658259839938188
-0.434086893793146
-0.480774011543448
-0.649344960871992
-0.442533232124554
-0.595939598685545
-0.432281389008833
-0.686380014818915
-0.680081806808838
-0.569116327527443
-0.575001832803001
-0.461002603512255
-0.493092608533198
-0.624410462245202
-0.580020215451728
-0.483230192930256
-0.360819625807111
-0.573371134765476
-0.432378998494566
-0.496602106947708
-0.68349953786897
-0.409275524273291
-0.418270511293532
-0.548333234485804
-0.351056132457188
-0.762355316550949
-0.557005869038102
-0.646231340511568
-0.595542490952451
-0.488741043916022
-0.578999278301221
-0.384475493466423
-0.544469255596705
-0.539992521844454
-0.581304127153416
-0.459532773189836
-0.667820297385986
-0.63766161491962
-0.526161821467405
-0.505184071705166
-0.619435862372368
-0.442567558225228
-0.491056961638483
-0.556020968091004
-0.644056189981563
-0.444910878647581
-0.501051008479226
-0.489722231478412
-0.563491409070152
-0.452493871239785
-0.289281456715279
-0.669117451908098
-0.449348240035223
-0.574087888126551
-0.414402785855915
-0.509468175603965
-0.454587290491043
-0.544403922088521
-0.450197754484727
-0.271793878277002
-0.597579348722195
-0.536599964337923
-0.464546634661415
-0.571046050208686
-0.414969262879181
-0.551286185903218
-0.489096320139877
-0.47734409804433
-0.626625952525206
-0.529127922769714
-0.330639982807948
-0.470670367519106
-0.388221677431403
-0.422432314439572
-0.309792950523029
-0.630063420953422
-0.509610184418309
-0.382143157596995
-0.393307385661204
-0.489774695790854
-0.24544324140255
-0.369515935204148
-0.247521213250674
-0.435859798996795
-0.419305739214577
-0.489567327485848
-0.518024918164308
-0.346153062394237
-0.47251133967547
-0.262591509703896
-0.326016798645244
-0.442442357267256
-0.475316616672387
-0.362954342082269
-0.264957177007108
-0.387304577862284
-0.44412517254298
-0.441189102411347
-0.439078537827545
-0.358680852424836
-0.289530728419369
-0.424573722446711
-0.461223081267742
-0.293709372039524
-0.390957121532595
-0.356787354577576
-0.44935200962036
-0.331308111937065
-0.360735248128262
-0.425137513192818
-0.387329715264955
-0.485816601815254
-0.301981428114819
-0.321241796059614
-0.368399412727549
-0.497292121106959
-0.340599491759104
-0.183912776685666
-0.31206073783159
-0.21647433274698
-0.449532555279248
-0.302703446322681
-0.0248219405120481
-0.336441679274087
-0.329523333888484
-0.403585735577225
-0.311200415537671
-0.342856937071345
-0.316265888562475
-0.313180746859866
-0.122054101158255
-0.345713499100687
-0.165672668363338
-0.338687343890551
-0.384931028640041
-0.274547290794634
-0.280422043914909
-0.248845463871009
-0.296047153257483
-0.26794615313087
-0.26915391620493
-0.323939589582001
-0.185665413446834
-0.236190139492586
-0.323010812912812
-0.36092937542314
-0.359408715524732
-0.312712961720389
-0.31358186531311
-0.33858997526432
-0.429536546481597
-0.167475661020758
-0.282043446223779
-0.248270685818574
-0.218781528061641
-0.27637504667478
-0.187817998605811
-0.295262692366931
-0.158616083740749
-0.209721944409886
-0.266177560446191
-0.261632637711238
-0.231768973133809
-0.19620401877397
-0.259110478019389
-0.342744345465158
-0.187227236360406
-0.241026240804878
-0.329104236344661
-0.325675408215462
-0.12305096294496
-0.241989792740723
-0.140218997681962
-0.211833338105394
-0.181154708808782
-0.187963928328833
-0.277367723436112
-0.357946672544375
-0.261792050171399
-0.26965442147026
-0.232140315507283
-0.135311622778156
-0.172040887691363
-0.154692176034711
-0.294128035122592
-0.325450251194417
-0.175455749437698
-0.261848256198815
-0.0792989974434705
-0.203495122609029
-0.29479625097183
-0.20287019237836
-0.12534488673342
-0.191817108898414
-0.212008799505848
-0.252270804523681
-0.274439669544777
-0.185303724664404
-0.396468528768898
-0.0544146665907758
-0.200943635598268
-0.24954655581972
-0.157512924431744
-0.0257822935776509
-0.247523012778136
-0.157244747141115
-0.127107355759298
-0.214522046116239
-0.42389290737496
0.00187628864482616
-0.26830712209534
-0.172513978777874
-0.171795602765984
-0.134830174123161
-0.081297252349255
-0.310714174120215
-0.179078089535719
-0.124347340374443
-0.104617584283735
-0.270299814797642
-0.128031260313948
0.0342317722779571
-0.261172400511185
-0.209797958698162
-0.28992433105927
-0.126604713671041
-0.17783475441936
-0.148103970073453
-0.069320122526429
-0.128286827513136
-0.118266410116188
-0.0563799444786764
-0.127127192645423
0.00213503464901601
-0.0688666101423159
-0.0334897801141587
-0.135357712758083
-0.17130292735269
-0.275867526068769
-0.125340008948773
-0.112066120796368
-0.106255061968604
-0.0363218164328147
-0.0741073687112608
-0.0683543509565437
-0.0784822533413497
-0.109866302138869
-0.0863466136917459
-0.0912284192757203
0.140166842238334
-0.158955737217166
-0.117446436716422
-0.0486382079265564
-0.0659474439663217
-0.0355587349840179
0.0273078042579874
-0.134143542768688
-0.0578119109629853
0.0210371447872016
-0.23338999705633
0.0701713200982149
-0.0629021845554936
-0.03722010555742
-0.0893378952487777
-0.150787486840831
0.0110279895213074
-0.186411832140867
0.137251507185759
0.0597824224938251
-0.157924804900765
-0.0964109901676455
0.0616460237218429
-0.118338574438082
0.0420914233279253
-0.00708054113130183
-0.14817194947173
-0.0253790277752133
-0.0374742555088549
-0.0403054989103022
0.0561847156583976
-0.0899136761995935
0.0702766691263883
0.0352405684725936
-0.220685636460475
0.0270578231484173
-0.0848097073167538
0.0299015272699917
0.0617314430404034
0.044194136266859
0.129642991071023
0.0569752814443273
-0.0359174542550061
0.0349081336312488
-0.0359393289474436
-0.0429206916187986
0.0527078152700416
-0.0552828369436375
-0.0315519864339258
-0.0498951535751184
0.0150762503488093
0.0925008275923352
-0.000288129325357107
-0.00762297970311275
-0.0259091256781162
0.225311834969604
0.0634357503511526
-0.0319277434919505
0.0411589184503587
-0.138038132507865
0.0439973495415649
-0.0157614579541601
0.0309071235467978
0.0196139345344404
0.11733005519077
0.254307430519657
0.0890486443263542
0.0930266875766167
0.00840972820215012
0.216930401175079
0.111508774332911
0.0663522702632912
0.144499592610773
0.077674709288564
0.0625850068703502
0.151212304757463
0.098478695292889
0.0214183745632779
-0.0521428806762948
0.0114252343273809
0.0781744622286214
0.0939635109331459
0.128795712903844
0.106551213263339
0.0556688005387626
0.169149251135645
-0.0258896725530442
0.0681868604607212
-0.0999953971541276
0.248515174267158
0.108961573188538
0.00451091375794225
0.149407896932314
0.189472629007985
-0.074012772442248
-0.0488511033920882
0.107666189395448
0.0795565829841102
0.164608062906665
0.0925713028286081
0.225145521539695
0.0664578066353056
0.0555531902331967
0.00565704214959682
0.122777237758582
0.115859427900293
0.160835003438571
0.144309547683691
0.191779739250871
0.101677529910598
0.212276831845649
0.229836930741018
0.265930362135965
0.160994323100315
0.0283423260489334
0.267039166633468
0.270153904449609
0.114302098638447
0.153359848714934
0.294448018362818
-0.0689861617240567
0.0438688322722108
0.17480808354857
0.0910572722156905
0.199584369803452
0.0891630138913436
0.0417688751026996
0.14096369926484
0.216891654833132
0.123079781386901
0.269129604014323
0.0611977209945359
0.171298656056233
0.139167771630945
0.33164115182219
0.27271037353514
0.352106133745482
0.0933948186515292
0.139792441622284
0.117487426630752
0.168767823405431
0.12334669972167
0.249387894150292
0.130977164898974
0.351495545197304
0.197615840314747
0.297504530736788
0.239270890517679
0.217557633085573
0.247058666851221
0.40908017275295
0.0228240495134142
0.208944214973464
0.334579952526637
0.38211716230519
0.15083112847791
0.111821305641305
0.315236561075511
0.277588425284495
0.218501290724191
0.163708498701858
0.359706091489397
0.289462726422775
0.151397421195344
0.266419351855957
0.356741598013633
0.200266549749978
0.226400326176383
0.171862123885284
0.432084878455881
0.229647483124823
0.147730872155691
0.351584631626939
0.332784883281775
0.279769261113791
0.277938138745516
0.203297168484076
0.192564934356237
0.316518011973947
0.222789515075162
0.158025915547378
0.172629157173673
0.267958298423981
0.291973011693263
0.463729834540844
0.355895092338706
0.198711402412692
0.330013671071343
0.167837360638111
0.274796297453302
0.327740068690862
0.323860858531455
0.266743826261667
0.166180718371077
0.385901568715865
0.396024602277091
0.316419532594197
0.336700394134552
0.295906834030567
0.26553606098322
0.318230659694703
0.348209037355262
0.350790305417661
0.184284817418334
0.394551152070652
0.281150011230368
0.348937600309151
0.208827305837788
0.27044427717199
0.264241792342398
0.454089985435211
0.404064836989778
0.234355647081437
0.401250643458272
0.28439206726587
0.424384866328296
0.384567092585626
0.490039269869304
0.428725706624285
0.288752089947614
0.271990699017697
0.340351977657079
0.471925477568744
0.448907569717539
0.382466117956939
0.135685250780009
0.47422475229661
0.327161967425841
0.362594185689153
0.320291014509279
0.437525184677942
0.290857306151383
0.406279838708794
0.359755944694478
0.380054640925659
0.376944846495066
0.471172516410321
0.518783050707722
0.30827230891308
0.425132099335045
0.496726112370918
0.436932038582325
0.43575743600224
0.45094252839535
0.543724847401176
0.339332623678347
0.33477137062502
0.348101923817866
0.41815828374531
0.438857050389978
0.409631421467941
0.412616670477919
0.433312211040927
0.307494353590736
0.390917450293411
0.452483750313409
0.425717610664439
0.334128939105993
0.555220260821867
0.443147501866569
0.345356561512736
0.502170766739562
0.540119290574595
0.497792285718314
0.39589340766522
0.468549295236987
0.452795244986096
0.592188185086323
0.568835190863121
0.444430386861016
0.406256680785938
0.455421642417915
0.422331576647741
0.355640544578377
0.428973810112181
0.412637322064028
0.645627548310236
0.262509578470785
0.416457837852797
0.528489255075399
0.39522664764765
0.384187711551719
0.421454517350181
0.423640433352595
0.420850699507088
0.642411440481281
0.535396449908508
0.423247118630894
0.545062178784671
0.499119048609153
0.374078805913794
0.607585145905653
0.468850060698723
0.432147653331483
0.650107732274263
0.60916742700774
0.565828209003302
0.462269669262058
0.547398251336619
0.572979976264291
0.539832294317844
0.476887675969678
0.582963050842351
0.460647252152034
0.397456340344842
0.550686733077646
0.495093093187066
0.442397745510259
0.651519957473227
0.371789848366306
0.554338148317421
0.506395119292094
0.600848575207162
0.511735493870899
0.532816233985588
0.504950932668901
0.362384718826507
0.606255552227529
0.675275264370667
0.60661891284381
0.568751629509257
0.662088381016045
0.511108420252859
0.555158599869039
0.597052680588643
0.517395011596878
0.55637362453287
0.573063077985677
0.753036808026363
0.63509188441758
0.630916491961616
0.603235490699333
0.513926956483159
0.759224814762198
0.557144995461351
0.511493698712426
0.350728860565154
0.575094203647653
0.632489471377187
0.566561683431456
0.556292818169462
0.590362092055351
0.601553958977152
0.699626116511424
0.603351420354306
0.548120817112534
0.712026393357949
0.648744261794107
0.418537185295052
0.725831066486318
0.709669882175799
0.652424163875095
0.459608373809044
0.684910329444707
0.700637839245488
0.455010351197048
0.521248871208475
0.547104699094035
0.76647864232767
0.778652669651067
0.694852621721487
0.626925738938476
0.527343427970731
0.682377996523517
0.603295876569916
0.671678520118611
0.491218700991182
0.698131631387191
0.625176237036542
0.627405503100929
0.836988629047619
0.817133453469775
0.724451456368188
0.719861635491792
0.542434082918098
0.697122452433629
0.738228858755205
0.694505570092463
0.614204883308276
0.509787610952019
0.591772278807054
0.797988436470364
0.699219460574526
0.646145298872662
0.675388592921545
0.661063181887489
0.731313624889023
0.581141564902518
0.730076353813924
0.701872894385105
0.806002453841705
0.650117442730011
0.743094718775825
0.786049035604707
0.835323122911469
0.657704908369923
0.795550846345493
0.645988724690284
0.773888755487713
0.797770158710146
0.693703060268376
0.650133625910673
0.6761944852198
0.765147993501323
0.70412988909631
0.769431971923717
0.607545657597186
0.857020550072001
0.698562183746251
0.66971636880599
0.734612397387183
0.590954074644809
0.791874602410818
0.562742020030976
0.705777131285549
0.887259430090163
0.718596416903768
0.783050936572596
0.661873998047544
0.766389002701196
0.713938852627121
0.72214843237499
0.782867809646567
0.780766657531191
0.79715300714113
0.610490630280158
0.813196244661427
0.789764662951772
0.690767379072454
0.696343860992888
0.784623342883324
0.801896115965891
0.846279759639315
0.709645382741598
0.886413262138024
0.81565160748358
0.877747637052033
0.567605354425348
0.782750631872671
0.872347054164322
0.681885945532834
0.766759998106773
0.729166793596873
0.892290092478741
0.816583391741502
0.762244064973532
0.883642159214068
0.819440345149063
0.785924066512436
0.78142087979917
0.887475900494657
0.792030743577705
0.875569353914662
0.864062384129078
0.849163053129065
0.834654550354333
0.911533713959912
0.766843637677326
0.770708744561201
0.760494445028201
0.740328268306777
0.996880596908256
0.881571460131178
0.830793222691077
0.928587384818071
0.949929519470561
0.766773513825619
0.845451391220236
0.910880052405704
0.915026880137962
0.75352432914633
0.869095588813795
0.99617811858739
0.998979254743058
0.793584264434379
0.866922661277791
0.946178539037987
0.927665475585788
0.889034445659645
0.90934849141082
0.797299717414583
0.956780560029597
0.95085352509387
0.917846668267955
0.834701630462182
0.775724934085353
1.01752901737223
0.817904502271105
0.815939935446011
0.975042040039968
0.777846842940118
0.833697523708503
0.894821709484244
1.08759819734232
0.949486850365878
0.93372470285515
1.02068208912929
0.929497902774743
0.910496490364761
0.937697681663423
0.864880031107785
0.973179202421629
1.07277433085275
0.947739661912242
0.855029070811381
0.984675418761408
0.931927337881413
0.901432616438889
0.913644188857981
0.871529519936153
0.901715625278877
0.859457598604792
1.11526526359924
1.01120993470039
0.884070641988155
0.937985648747341
0.966450741332595
0.913847625897871
1.02380842788625
0.890722301048171
0.948180540811382
1.06579228227052
0.957003438439416
0.941900158557185
0.982549055141915
0.885432744398709
1.0361831688281
0.97025808851992
0.968755517035638
0.88551291328207
1.0100442929644
1.01680902521968
0.943163065699413
1.01527353248664
0.939036671402133
1.03853979158099
0.888726879550457
1.05154571748671
0.843274847241595
