-1.07032481582393
-1.03122073240479
-1.09956005660067
-1.06753364489714
-1.10344931418177
-0.872715995378965
-0.810354477610021
-1.08351484445427
-1.02189318018709
-1.09096980479373
-1.00740021471196
-0.949579013937187
-1.0899991634869
-1.06422882502094
-1.05306458809846
-1.01399099926946
-0.828798516563534
-0.973559056135107
-0.882320164296784
-0.879758217807706
-0.93900832579028
-0.966373012974941
-0.880680318485579
-0.877534705459344
-0.893993043665199
-1.0561706025449
-0.942156515002404
-0.923814604154997
-0.709427952831904
-0.873515052505274
-0.93170284046796
-0.812182814094643
-0.887478998941593
-0.971371289922505
-0.99242812761853
-0.882930990775228
-0.873323364807467
-0.85959653038666
-0.964841364159121
-0.823062205751648
-0.855862121951082
-0.98647752364172
-0.930567485209322
-0.94127040466569
-0.920637789685621
-0.843991897368621
-0.893139236940954
-0.944914845400934
-0.872339117846143
-0.996486496051727
-0.707517572890606
-0.947575723697214
-0.901368491343394
-0.832159743091261
-0.840614055886202
-1.0417862761703
-0.878788623174715
-1.04925930567349
-0.981813484062955
-1.12787939654302
-0.925573641594246
-0.855385049637211
-0.813255203339902
-0.85127867655329
-0.998558951526791
-0.883407964036302
-0.786181905033697
-0.936810536773794
-0.873600934872533
-0.883240363290023
-0.839319787063864
-0.771950345216851
-0.717679913810829
-1.08224563708902
-0.818859310258903
-0.737362148755945
-0.742149291560058
-0.874353594105629
-0.944861149559382
-0.589370976942795
-0.727006556305168
-1.01890001832802
-0.684758128459884
-0.822228649800605
-0.888215202663607
-0.860948277645147
-0.791172197586004
-0.727316731597814
-0.853371349683947
-0.719578249020689
-0.834367740674128
-0.79301251810071
-1.02922519743586
-0.732240763773731
-0.916935258881043
-0.753007466615704
-0.740404861992628
-0.663567789516293
-0.722548972147624
-0.934251770072072
-0.7107583150535
-0.85429580528518
-0.753538767464598
-0.695987855311169
-0.758467216217328
-0.732641116243345
-0.803426209068307
-0.845870170091915
-0.697269364702823
-0.739914319127472
-0.726543246072847
-0.857708670572682
-0.803615618929439
-0.665036816018668
-0.667803534155677
-0.712986168716085
-0.868850393873959
-0.827358624504399
-0.751463962164738
-0.852777728571291
-0.747536411051239
-0.799831442188195
-0.768469152585727
-0.717476386495256
-0.773459275216282
-0.645622253700329
-0.836330663668956
-0.851323177418908
-0.749016688759698
-0.58064198883584
-0.730140432772415
-0.66843059641581
-0.808565517102973
-0.612190835358689
-0.647919596930837
-0.735175551495245
-0.648119848095706
-0.721916595941305
-0.798214450357154
-0.736297391363239
-0.873291335544774
-0.627286303362296
-0.678120836899548
-0.503087034987474
-0.670982754274772
-0.749321823879549
-0.694813362078057
-0.730460228242225
-0.751820282705112
-0.711527008098182
-0.746647645851827
-0.534804821963953
-0.690228958549657
-0.634874129069737
-0.679562946499106
-0.75501877140224
-0.693740571409191
-0.530543520304559
-0.699516915674268
-0.807469458293338
-0.705590250102999
-0.816824475497613
-0.833344839160118
-0.782296720701424
-0.619937180099265
-0.507597497516896
-0.835789678752627
-0.672519055410282
-0.719555587070432
-0.731085979192331
-0.56892291970517
-0.691210660355225
-0.570610082548587
-0.659805116239944
-0.645719661805184
-0.608560713550242
-0.578208145921559
-0.672750554562481
-0.685771810456247
-0.692588669427685
-0.575888597361208
-0.505521500579795
-0.721971049065246
-0.56215338791776
-0.653299451921061
-0.698237964927177
-0.706427144038591
-0.619970864131681
-0.690359350975813
-0.668103679842522
-0.620317422768784
-0.580049338140398
-0.687177206194473
-0.619228197150033
-0.739853616322605
-0.721938599036527
-0.588682372154297
-0.666785465728868
-0.621882408390476
-0.602234856338734
-0.65993339738497
-0.665203841084141
-0.585832093601869
-0.630190454262023
-0.522179053866153
-0.437132434366367
-0.461020501880547
-0.637738432937515
-0.618093434675527
-0.671246563832927
-0.578393874243851
-0.672262680204636
-0.55450232649209
-0.639224162975396
-0.57297189167778
-0.686004096084794
-0.492146604291819
-0.558348762040823
-0.601091140485831
-0.462442587449729
-0.576342289569167
-0.583610579020129
-0.586338712208948
-0.50059100926846
-0.658446211696737
-0.513288718226014
-0.487228069690439
-0.475238644564522
-0.3868522113195
-0.577388228086146
-0.606426098057109
-0.501020751309508
-0.734455041382484
-0.487954078472965
-0.574230373049504
-0.535750656434093
-0.386077564750299
-0.528673593488672
-0.510705014909786
-0.489972309861378
-0.527704937530227
-0.543156627059273
-0.654508340018432
-0.595395311533184
-0.554962920566211
-0.488539409176389
-0.695049206620341
-0.480583561561802
-0.616741257323263
-0.56902940381485
-0.443783864155646
-0.544600485566631
-0.405611160731929
-0.383996914174997
-0.465960528858072
-0.639104896883097
-0.52031984386084
-0.433843624390525
-0.506907714850667
-0.517869659182079
-0.515624976282374
-0.453822297621957
-0.477257369572333
-0.473986476641727
-0.6235586519905
-0.6134234599018
-0.4917774687547
-0.466449741632796
-0.461795995560116
-0.509771096744478
-0.692812121385759
-0.443357915046949
-0.475169000165253
-0.371815042330175
-0.367687284090229
-0.408975937086979
-0.551318992061481
-0.401522904197932
-0.295880220538671
-0.521652214505352
-0.299005496705102
-0.496016364739316
-0.400432950936286
-0.560077700492363
-0.497855735747388
-0.4392613448513
-0.461479143888521
-0.492904299621645
-0.556540412001592
-0.296244384529902
-0.528861413054949
-0.448838203587559
-0.302131551416259
-0.467108465724181
-0.401979354915032
-0.515085039534504
-0.364802936928239
-0.346484887210153
-0.345370726081619
-0.433338505222807
-0.452112210001635
-0.3426399031504
-0.271793483330027
-0.334548625116752
-0.418064870338954
-0.353936078971225
-0.393301221379537
-0.423645480692228
-0.484090660879342
-0.429389505306468
-0.474190744693147
-0.39934391796682
-0.307889143574074
-0.590067886417736
-0.262075749433466
-0.379298006803762
-0.446101280222547
-0.378013870150684
-0.402910822319037
-0.41502078333949
-0.386798865990569
-0.444041270225072
-0.309570148224272
-0.346554827817683
-0.337656460001918
-0.194567176778024
-0.321411624203621
-0.503626122080409
-0.393428367219651
-0.382389161833474
-0.357803192486735
-0.304384281594985
-0.426240692495036
-0.308199505471738
-0.391805006405014
-0.328165406051811
-0.213742021057252
-0.0948657716608421
-0.290402781085565
-0.390778446403332
-0.258735841674665
-0.284289123059906
-0.405329084897292
-0.417324679119086
-0.271818418921839
-0.208520694280898
-0.271810569406281
-0.476888093000641
-0.311061906115056
-0.261993984207956
-0.190485203146203
-0.355476355961788
-0.25744301623525
-0.366329116299488
-0.361724347617204
-0.287503099038727
-0.385707409676609
-0.330516070606055
-0.148328080917631
-0.358251682285811
-0.235140055902993
-0.341444810309872
-0.362994794989833
-0.203042282661536
-0.237783100851375
-0.40180326508363
-0.156293171905324
-0.259112058199619
-0.220723323646275
-0.401565373445639
-0.216247293271228
-0.196515958996785
-0.236543383833315
-0.117605811347603
-0.334252975070783
-0.149292227840225
-0.329149317907014
-0.221135620502246
-0.295262292735347
-0.390599159334644
-0.278176137019373
-0.21908455418983
-0.0474141111920271
-0.304409754353671
-0.260877077415362
-0.252878604923247
-0.289119338370227
-0.275613603703006
-0.173075176888645
-0.12220660609762
-0.31633831225529
-0.169816986977183
-0.173739854557067
-0.301697349229635
-0.226839571978341
-0.256933134294655
-0.163574864093292
-0.229459250504803
-0.249369376628965
-0.224531054473713
-0.289352734543509
-0.265244615821399
-0.326820394888009
-0.0188175578309342
-0.0914927732151126
-0.264515365580083
-0.145057492432411
-0.0841516911031576
-0.15740165378387
-0.220349076567968
-0.140047417409573
-0.199574368066976
-0.141656324749226
-0.0568055818249428
0.0215402806550498
-0.175242608599787
-0.144751991215021
-0.245782513876591
-0.190009179718406
-0.10338183593365
-0.21914467818001
0.00426529411714468
-0.332970424186495
-0.183300098028755
-0.336888109475341
-0.139123570807443
-0.214609494840027
-0.172097590374729
-0.100281879794279
-0.111681962371006
-0.216135689057381
-0.0736243870160531
-0.0973377598517363
-0.164126757159695
-0.250788989898155
-0.0920626422611018
-0.291029641022497
-0.186820695124622
-0.109650262314889
-0.16639748911833
-0.0665038513472604
-0.279859665509822
-0.163708598365066
0.00671829465274167
-0.212646529047724
-0.144261061768938
-0.235565712682883
-0.0101658292922063
-0.0966904074669586
0.0682167496902341
-0.021004742400083
-0.113274076488263
-0.173478497130974
0.0255630381049265
-0.204348090865974
-0.0351983531266294
-0.164756474548804
-0.118295444774832
-0.0756972741235381
-0.0686868772699668
-0.122021361299026
0.0315037370275233
-0.130575675477556
-0.160497723859288
-0.0459056770461724
-0.110799055974627
-0.00238039001365628
-0.135458015744114
-0.114935367991473
-0.151232464997641
0.0413962429216215
-0.00781934892875371
-0.026909696791879
-0.1152128518545
-0.105394269531509
-0.0975717259590693
-0.0967581880803907
-0.106860772801261
0.101622382092959
0.000848208037370017
-0.00939313736115345
0.0672821326122451
-0.158871745302724
-0.132003075056881
0.00784893113715513
-0.0862525985835264
0.0131583876673406
-0.021957542149478
0.00736663012910105
-0.119881117854227
-0.0919124459463345
0.0277364542801456
0.028402625080964
0.0316570930676116
-0.0581823935383697
-0.124403305548162
-0.0228762406161892
-0.0168805935728341
-0.0437668272369518
0.0925754472904941
-0.0127602503012643
0.0609880695175243
-0.177332307250778
-0.0150949368366368
-0.0773046275337024
-0.0682784798074498
-0.127574100776734
0.0676839676923246
0.0516597679852628
-0.026447173976462
-0.0418222217923444
0.145803068504799
0.0681030453136769
0.125156730920667
0.0658847886838537
0.00384622752105302
0.0765623028183448
-0.0722707456355096
-0.114661939447698
0.0672355357359259
0.0814439338832491
0.0130702129233791
-0.0273383853855945
-0.00318381916098872
0.0518628039417041
0.0405378721962968
0.0733138597024823
0.00742854971501408
0.00520715097192344
-0.0144744494123065
0.00977329340950695
0.120890374444905
0.126908933355272
0.148579175389665
0.0560753673967896
-0.0145863348215519
0.0233788321556542
0.0856402447522108
0.218140362533469
0.106624362852795
0.108967445425082
0.0259730828876273
0.0658579219586765
0.111044604993962
0.0940276907881755
0.0978103536361837
0.152621304639789
-0.0619297862974019
0.111839517057988
0.141480540316357
0.0724206925007611
0.173533575681806
0.184126502792725
0.0992788937813737
-0.00586685864246436
0.190225068276942
0.193517788857776
0.10514929978648
0.125101860895915
0.292647281301061
0.249282072031345
0.0547965672476532
0.0179872296047564
-0.0292618668593272
0.0949481138699933
0.0843341099444938
0.125954013729013
0.157509951237343
0.0538486291201295
0.0698968659830622
0.18207552334589
0.273117699628436
0.136904392391286
0.298177329693913
0.164277743854071
0.119812456790459
0.26298494388169
0.134334756364091
0.0315678369660183
0.295195333949815
0.229083828071603
0.0854550571790157
0.187945064533928
0.256959778294747
0.247908608337887
0.119279832286499
0.173501603192598
0.225832287410888
0.122056524900859
0.113417449590731
0.0793333776043998
0.356717650892395
0.273354357135097
0.0601457054071842
0.184569614208931
0.18391000019672
0.273800952661114
0.197793284449096
0.125632283472348
0.182099549680541
0.204920309943458
0.297309158821962
0.27203066579592
0.289337942084792
0.179001579786306
0.273896531983616
0.160665822304116
0.19061784822063
0.261645730417541
0.194540088985725
0.291178771345711
0.240952130041926
0.231263948621437
0.189106167111095
0.23767810659125
0.178693060081481
0.22004756063083
0.043042307681355
0.317300389527143
0.357296575194606
0.267380887984775
0.143614082466537
0.244183952421515
0.296186752686169
0.33668185683984
0.324813097941982
0.111735488193512
0.191997168147579
0.192128334815198
0.209093363621037
0.219928503955883
0.221945455162742
0.277777862457004
0.196258838143051
0.155893465405735
0.214495405709152
0.326179216205974
0.161702574917225
0.216503028460171
0.341949669797822
0.28374673301736
0.206305613934506
0.209240049947326
0.24388062340152
0.396264067236897
0.285893976873718
0.353351679487233
0.263044744347494
0.409152327099387
0.275375839255244
0.413682637156763
0.370653487323802
0.427696880635189
0.198561693580197
0.363784069353433
0.160764496680448
0.363241101787329
0.362782089387198
0.253685956841991
0.34255492800396
0.296596724188943
0.277021680265877
0.309773323371247
0.317323117554324
0.398654460010925
0.322133306922565
0.266511418540945
0.406020266001657
0.297325537955219
0.342369071475967
0.345926465533885
0.100946588918969
0.456112343593688
0.372542100308429
0.416090222828998
0.321212373612061
0.433725366647406
0.230209659059695
0.359884719002514
0.416217270199622
0.300366555233217
0.216471713941559
0.302319296867079
0.269398777676911
0.363028454391101
0.287507607509241
0.400509504096301
0.469499577138078
0.436999257501638
0.45496498010629
0.413960934853565
0.320590089472681
0.295071559856978
0.396735648830176
0.296137601904784
0.55617455087033
0.305135331543744
0.4827361426182
0.573122791872828
0.496096685512706
0.351523749934853
0.51857785675711
0.321962521548527
0.267338353532794
0.341941064405114
0.50007333502118
0.38508717648661
0.311133137749429
0.564867286123577
0.356750028723427
0.412153253622165
0.376217911480812
0.381677767549963
0.25666661174778
0.401638235812524
0.390973118106173
0.342688053016785
0.565982462175396
0.504680130164581
0.371220777288342
0.451962200341981
0.36052268236783
0.460358896961958
0.453345748874663
0.542489542687197
0.490948307652975
0.475235912896175
0.494564010854973
0.5850133588562
0.564186126563735
0.48510534480143
0.619715129419652
0.514032937345647
0.36341803663804
0.38181070681438
0.380362054063221
0.328160490077074
0.495524340741813
0.500504615045495
0.522635644434364
0.490399656483639
0.542490996623853
0.381940257335063
0.409839486734088
0.414803814907989
0.454494104007911
0.573761445281234
0.638895921884795
0.42004350390213
0.585468037364763
0.420355424619435
0.497616406818669
0.496015357921399
0.551297540531265
0.518018688804104
0.468352753633752
0.592856015897881
0.461146368123651
0.604357976972283
0.418226779157155
0.466071251450676
0.531490215200127
0.575645499198175
0.483526759845782
0.532070953509021
0.530478631161486
0.496673429923047
0.296798349872446
0.438201315985669
0.574000014487398
0.388807309711685
0.45360638926211
0.412017248625643
0.590980361090823
0.592121788870139
0.566693062186232
0.50663124312672
0.508192262982261
0.660989091775069
0.465713359399747
0.598747027215748
0.516629485612666
0.547315398457738
0.480964425118571
0.499780739128869
0.492158130338318
0.550878756419478
0.513155569679497
0.575834405744456
0.662210590149955
0.714749573414752
0.552763639333064
0.609925965349658
0.597524848790362
0.676182053657391
0.567551312897674
0.546169928033052
0.633787071124759
0.510774095960218
0.601385610604123
0.724267835320729
0.64098418799516
0.563311154991183
0.639413129629613
0.664656778109745
0.636918183810473
0.465082560195205
0.629279811846876
0.5083563831006
0.649734302268144
0.597223063571931
0.628936589917562
0.728966224714554
0.470644167001569
0.635691178057638
0.569768391828378
0.614372736162565
0.564783572875149
0.794646726413016
0.619270451566766
0.554318285273993
0.605083046635361
0.818859933043249
0.637854733391684
0.578764302677148
0.642501668514769
0.751945893209747
0.617205571223767
0.561863384420642
0.632075069342733
0.656334499567621
0.774110399587059
0.758641957155192
0.692513532374698
0.880053744964146
0.716603623684409
0.548537714963119
0.627375650997436
0.755735504174188
0.769594277450948
0.689929913703098
0.646225917158269
0.631896277141816
0.749306158781636
0.792049716996965
0.974854434470517
0.842721022284755
0.680664732499147
0.73143481904466
0.679562898333147
0.689014439813785
0.703832699757881
0.669299957705181
0.635158749127303
0.698718637230684
0.52001878869934
0.729499918056441
0.654902709317627
0.800989143469745
0.760059995811016
0.674983963092952
0.628209351582355
0.75567279560065
0.896885968059121
0.836676368291592
0.57644036624212
0.625714745963471
0.713974330432068
0.648812346962097
0.668428445609175
0.618080523706276
0.721229532063035
0.62136683623754
0.815663519678584
0.654204882157095
0.790367073387589
0.780074250523064
0.697838040044629
0.807287934205862
0.7980767392594
0.54815330307289
0.574574509971869
0.647556686656899
0.674186327574433
0.879225705820862
0.777688327079381
0.886755725328788
0.854383957480408
0.760523331645486
0.805209441507519
0.874792832040757
0.85794486231615
0.737199114587389
0.771364890198943
0.73485110814451
0.929373828009264
0.769976564078799
0.865477971420813
0.871833007878031
0.786095303759441
0.882096253577833
0.851736321602934
0.865258312502832
0.823132562844549
0.889977017122652
0.805565893510242
0.950613666092381
0.694915799894195
0.793830543644836
0.791301552185932
0.860207087493621
0.939207929430217
0.878723094423343
0.852593753061251
0.909056899656239
0.66167293743962
0.776012927056917
0.885795772454919
0.73785182243772
0.702136225340526
0.984727632117453
0.901737522663265
0.735489655423894
0.970823388026396
0.761311075952031
0.944753313261936
1.0583915091181
0.847550209591536
0.959658761476773
0.633310810166335
0.887751178369937
1.061864463549
0.807087361437785
0.844000397037439
0.87787090928772
0.913045681415454
0.818950469868867
0.872265519993694
0.971778088598403
0.926320905682843
0.901296757103844
0.936347512925345
0.769226558640986
0.869698018833683
0.970609155307057
0.944461683300296
0.834405755071921
0.810556776920056
0.89199179002285
0.836891050875037
1.02729232154175
0.938187274695352
0.931830684204706
0.948496268278211
0.876038358809624
0.836085123036242
0.920351390835508
0.965606627264294
0.855686450942181
0.910851752189874
0.905147249538987
1.05391900297665
0.852013081531423
0.835633255560912
0.899288118256042
0.950100611538135
0.724039946777813
0.957945948519136
0.84569452272947
0.884570054065762
0.903147534555212
1.00539516129882
1.01601590586569
1.0081217018444
0.867505302143702
0.919416715709229
1.00161454033452
0.789987413883885
1.0221815742866
0.916946296036491
1.01444081603864
0.910484073672469
0.839641300214028
0.861268541872322
0.981234070094561
0.967257335915562
0.865807712485056
1.14163680960052
1.10693004118769
0.942571956841662
1.0765324635786
1.05869159973836
0.878365380645095
0.920382772489399
1.1288802653543
1.15652162200615
0.983890053304107
1.01974861936946
1.10716258482821
1.00627702377285
