-1.07683708667335
-1.01305880494037
-1.09017673577096
-1.05932829011993
-1.11708987740079
-0.845008215544322
-0.794733654307721
-1.08979583693819
-1.0172687492508
-1.07800934610402
-0.987440038778391
-0.957828811402471
-1.08732026823967
-1.0770380699714
-1.04941636710976
-1.03045298077214
-0.848583943694963
-0.962065463435176
-0.867843452481563
-0.849401843193747
-0.932923124307685
-0.940171073301089
-0.860895386001982
-0.874362197541529
-0.911948696302865
-1.06018051895911
-0.929830761734358
-0.92397849230355
-0.71748197457261
-0.876380211997211
-0.938309287485252
-0.795666552702349
-0.894518702130665
-0.981138449515309
-0.997111965113516
-0.875814288479153
-0.878549316993028
-0.857258220411863
-0.966179267471144
-0.839148714835064
-0.860175759421092
-0.999905064966826
-0.949925050820659
-0.906329606901909
-0.911720909294136
-0.829770785821924
-0.883456055292655
-0.941133399584584
-0.862073403697158
-0.972946560377086
-0.712008341496396
-0.95763015455699
-0.885167858816395
-0.823220023437747
-0.83924102795545
-1.02131148334689
-0.892443490585187
-1.07170552393191
-1.01307924718682
-1.13336190908745
-0.927806030390138
-0.874020020421388
-0.793104074251445
-0.872269352370561
-0.992574971931002
-0.914123067039186
-0.812267344857919
-0.928277695293161
-0.873500540895855
-0.904516033607319
-0.860317932960862
-0.790598011086268
-0.733964389491281
-1.0766497114529
-0.81394703690595
-0.730740329174485
-0.732964325164767
-0.907835396127432
-0.95969706745455
-0.594093658969859
-0.711096393028299
-1.01792775201116
-0.693664590734405
-0.799244511087094
-0.888685754495428
-0.852376436564136
-0.791378806632486
-0.723335133583453
-0.841995293732371
-0.710569995582809
-0.831343012178869
-0.820922206138576
-1.04601185530051
-0.74780437444191
-0.941948790533983
-0.747445027132766
-0.750206746871442
-0.659341025535336
-0.714496602629532
-0.942179277906323
-0.708999735823589
-0.858874333233493
-0.747855971810562
-0.681550648603071
-0.753024312410638
-0.70949059765817
-0.799493713871418
-0.873653032964064
-0.716852530618788
-0.737683897703336
-0.733951671786478
-0.855857794023134
-0.803030229579319
-0.661843234175407
-0.676503002754825
-0.708881302760783
-0.891623992811968
-0.823266834242033
-0.739864509725348
-0.859939207392398
-0.747600748257368
-0.806988204090236
-0.759612175136455
-0.738739697055819
-0.783899169317207
-0.630562109965873
-0.808200228775637
-0.854018586565326
-0.747967461543619
-0.582994354596318
-0.716978455961226
-0.67594735093509
-0.792795978538163
-0.608360917970346
-0.646840099352274
-0.735382957556327
-0.636213192438293
-0.72526781893802
-0.80851209177419
-0.741211227468112
-0.893523649101968
-0.631842427352449
-0.684248217475856
-0.506346979080303
-0.655948331427165
-0.732922773364485
-0.697518312373888
-0.712236898107461
-0.772656562991768
-0.695262464370168
-0.746814746433521
-0.533481504655992
-0.691770657375425
-0.645390480504965
-0.675960752712839
-0.776468185145373
-0.705575484367732
-0.53316090443826
-0.715400329886621
-0.793020186813813
-0.698819809859005
-0.837884500926818
-0.845060818908002
-0.818858061054522
-0.629066345694377
-0.515359626049213
-0.837759780699379
-0.676859065425696
-0.708214276192242
-0.737605855527967
-0.573932560774214
-0.704792629807204
-0.560455111184765
-0.652821268109822
-0.653115287102252
-0.621292262696751
-0.564287328550113
-0.681449324594865
-0.692692269813159
-0.689752600569089
-0.567524813598567
-0.488712223631131
-0.719865979747227
-0.567237071276603
-0.663172704741677
-0.710411265396905
-0.721682138228739
-0.614276858447721
-0.653840166283454
-0.652479930678308
-0.596530835661633
-0.599016975315264
-0.667727698347982
-0.634214094162256
-0.728307693797763
-0.703239087616876
-0.585775144907878
-0.645008707286291
-0.614447390393811
-0.596293003026305
-0.651757458209566
-0.649838648264093
-0.607120628976847
-0.636581756266246
-0.505185477652278
-0.451517230091873
-0.468131147317528
-0.636360034658045
-0.606089196151008
-0.687481368615851
-0.581574190340537
-0.675578638017359
-0.548758185754024
-0.663888585328311
-0.583822159611519
-0.671613914279367
-0.510736902461919
-0.542232199912937
-0.60615602897221
-0.455379862551773
-0.571135397321715
-0.597249029899172
-0.563112047819768
-0.497219665176231
-0.644592227147777
-0.516174834537871
-0.517390450035139
-0.480948214084105
-0.392179945470931
-0.565100537937581
-0.591932573840067
-0.492125535537938
-0.718573104750343
-0.509506976887828
-0.586195952107904
-0.513583290200808
-0.396104010297675
-0.511469908517077
-0.499061929921135
-0.482928777309539
-0.522825805985602
-0.537131003795222
-0.663539989281007
-0.616366065020632
-0.541165341410313
-0.497605497775935
-0.700635042664688
-0.505959560310695
-0.618176313017515
-0.576910085775157
-0.456323435091469
-0.532651205474898
-0.404183867502303
-0.376186448435499
-0.446966680205626
-0.624367183932243
-0.527780422376678
-0.403583590678017
-0.51765040923581
-0.51223944253729
-0.52449098193079
-0.477028805684318
-0.505256564404898
-0.459922351510292
-0.608515188918103
-0.586352842126721
-0.496347041497434
-0.481614525401421
-0.448366306918288
-0.513253452647604
-0.693388771676397
-0.455134102955118
-0.463801625864015
-0.38668714630084
-0.384826796609254
-0.393876256513972
-0.534793323889976
-0.412590095267724
-0.295147724577116
-0.530001858640873
-0.304150479661732
-0.489470829879312
-0.399323841837262
-0.559441043857692
-0.478212903708889
-0.431599188636356
-0.456423894984598
-0.482330655831072
-0.561965364428893
-0.297305951296001
-0.519433910700099
-0.452452065561804
-0.290602945330824
-0.487301398479378
-0.410200386577345
-0.514029145317436
-0.361246944858614
-0.364760976256445
-0.338138900253076
-0.428881100456896
-0.462776914807701
-0.34076447812762
-0.252650401881873
-0.319204538603618
-0.429409233218713
-0.366467309163349
-0.4050812502803
-0.447773332196308
-0.480462607325632
-0.445748579096823
-0.457100376910254
-0.410881424329923
-0.282142174226791
-0.587627242322522
-0.29057629536762
-0.3913638563647
-0.456507369519989
-0.380237366282493
-0.412984498645354
-0.418741438197097
-0.35946561718497
-0.41814160324995
-0.309812042027633
-0.341210820203214
-0.345664788269212
-0.216666010957009
-0.317723535221134
-0.507631048933528
-0.4239741020686
-0.371896914836123
-0.333840567753673
-0.299754399544272
-0.416398686700173
-0.339584402313022
-0.396449638802721
-0.339439015934891
-0.229774870446401
-0.111608646468093
-0.275418300681664
-0.390923688107232
-0.261972600808799
-0.283715680723064
-0.405836002106879
-0.400304512645038
-0.283359108414261
-0.214990041109404
-0.281682236957654
-0.475089800678666
-0.302070991854899
-0.271931316148211
-0.203341736563265
-0.357996021734798
-0.254407052238984
-0.367164930842469
-0.349277914656615
-0.268454385896006
-0.382479335011902
-0.321951123997305
-0.139113363070605
-0.350995979568611
-0.235030277106832
-0.329831337843253
-0.375049509988995
-0.21609342469841
-0.236512904987348
-0.384385231826734
-0.138042892027601
-0.266316653759409
-0.238474466260867
-0.393520279483953
-0.214939029638933
-0.215665928243165
-0.222650877329752
-0.13611860910786
-0.316482462802729
-0.153552035319992
-0.325822625077022
-0.238061533014371
-0.277016308900019
-0.373556895509155
-0.254225285652209
-0.197470966895646
-0.0663939105894476
-0.30333511140552
-0.259352331412688
-0.25486869300202
-0.312341082729847
-0.26636860510583
-0.154548785936564
-0.126646921161375
-0.310479358223039
-0.166091417238156
-0.15150701224619
-0.300112230600061
-0.223585460295525
-0.25340795919886
-0.158143822887451
-0.226563949637249
-0.239422598500206
-0.240147807845788
-0.277432960523861
-0.235116812375703
-0.329900827025719
-0.0182343948684112
-0.0999173242747028
-0.263552030013678
-0.143294434646431
-0.0851846882910384
-0.164198896377582
-0.219225198155172
-0.126196480231794
-0.18577476936988
-0.146168183907793
-0.0830398774326401
0.00344515304624084
-0.18480319800725
-0.146662021141117
-0.231110596724788
-0.172602437032517
-0.0887133414205191
-0.223959829478158
-0.00013564062846147
-0.339892776281499
-0.202211560886563
-0.345981996369951
-0.131361407575873
-0.211600679800295
-0.179048202399408
-0.104870338812613
-0.113944452948573
-0.218401498517352
-0.0582651478616127
-0.0920768473158293
-0.164036664355909
-0.279792269697026
-0.106852606856465
-0.28175186064194
-0.193697878070674
-0.105979104684235
-0.149459220116297
-0.0646791334275824
-0.273804441524882
-0.17192717176615
0.00207141775493023
-0.232717681422804
-0.135511794242388
-0.227857860989663
-0.00180141368136191
-0.0935900677097352
0.0790527253566219
-0.0377791325407746
-0.118420430995996
-0.159332044465606
0.0270421106284418
-0.202003444982572
-0.0416709583257838
-0.17532030724501
-0.108384099030097
-0.0665895834989977
-0.0662882311414998
-0.118299941070329
0.00276657818985768
-0.134436471721565
-0.164194955848836
-0.048120044359198
-0.121693835611686
0.00100827491269273
-0.12472246293095
-0.122112874653999
-0.129164928731416
0.0483092477257641
-0.025556516185709
-0.0349321642748026
-0.1229384062263
-0.111021826807041
-0.0972577442498573
-0.1146058861038
-0.0951141763004202
0.103345699658444
-0.00373282608938527
-0.0263507469702434
0.0833988357718958
-0.164762975984278
-0.118062033632271
0.0141072572547022
-0.096263146431109
0.0160954552793544
-0.0105058296809213
-0.0140239474436187
-0.0856527316570971
-0.0747170171092853
0.0284064618309326
0.0362284292397349
0.0474531646503793
-0.0567371451202876
-0.115182779119915
-0.0166593324267432
-0.026459340316333
-0.0535133540388969
0.0891480851042973
-0.00425412682380088
0.0426571027656647
-0.171224342794807
-0.00150588489667559
-0.081627736135932
-0.0779038281507452
-0.142645861614036
0.099064594194371
0.0373008501457063
-0.037171443625696
-0.0248889454687654
0.145879364472627
0.0837885039523359
0.109036298205386
0.0582079809095136
0.00699520045246174
0.0676969945023354
-0.0693196742609885
-0.126469564708425
0.0782217612838501
0.0759761551201043
0.0354861825733297
-0.0248734757324029
0.00744716565299383
0.0517598420661935
0.0421940786534755
0.0553276344525775
0.00262476260854356
-0.0139877004041085
0.0146213951803263
0.00447972905738685
0.110846288598565
0.108136601068683
0.150394951281116
0.0316646032690365
-0.00723282000907695
0.0323547638679981
0.103119855235965
0.215773431563319
0.0716770023654002
0.0906427160311776
0.0192033039337363
0.0642787649119966
0.105021416311559
0.0726093172468886
0.0834707610492828
0.15952563857214
-0.0494867488430649
0.0959882164128498
0.155752024021453
0.0784397295036953
0.199992737519272
0.188401039283043
0.0675795187691263
0.0221275995764539
0.179756732097823
0.189549685573613
0.112326500094351
0.145211041201567
0.29085662107573
0.259110755423292
0.0450859639026573
-0.00962673791294681
-0.042888202459255
0.0901867850769233
0.0828806579750475
0.116668658292156
0.119081595159265
0.0340177370430682
0.0509436371397613
0.172289116300842
0.26346066798653
0.123084049422386
0.308354074169258
0.164747457792893
0.0987032739932055
0.242977014488744
0.147003521664677
0.0374600996961339
0.310650154958163
0.233694311272606
0.0689757266031847
0.1907032513453
0.279214370611615
0.2452183619095
0.141023182431937
0.163902595030151
0.214605094298195
0.130825969883177
0.11885271780276
0.102416882473641
0.333009787714657
0.272500737774854
0.0581556198440198
0.182623243104443
0.210150987211331
0.269754971037358
0.202901610619557
0.121891178623184
0.194116907685747
0.183931987583084
0.306430981530426
0.261852299060934
0.285696894862951
0.186298217322366
0.258420679866595
0.145619921997109
0.177946627945354
0.256237194987551
0.223616375143552
0.280975291696545
0.255951690665698
0.232307209038759
0.152878351524353
0.250868869297338
0.210763790744455
0.212354247903668
0.0491841450362152
0.295591862570256
0.362952010611391
0.276048291097365
0.146266829727443
0.227524971152674
0.294601425742512
0.350399668885432
0.317331177815035
0.140549875702015
0.197868087514324
0.197809864226169
0.22832928444824
0.220484200935715
0.219467208411442
0.278863532756437
0.197209985723573
0.147823002764959
0.216971917563026
0.310191723194925
0.156292464226095
0.227180676666217
0.343918546864018
0.297191411199932
0.193646709898061
0.207772910805943
0.253609909600124
0.379704505378776
0.297267531521827
0.37038990951359
0.263118688835084
0.392330390350624
0.288551414691072
0.40675879684771
0.358649970121484
0.425864220947916
0.190844596175834
0.370285937604047
0.146668263036229
0.356802779931246
0.358325254404856
0.246049575026994
0.327123043310763
0.310147663551384
0.284354707949844
0.310177473237525
0.317728772958446
0.369497576668634
0.305414227853601
0.255645193804069
0.414043485741797
0.295425905909095
0.337117360512581
0.334310722347084
0.123036331529468
0.434907311858178
0.370143475423025
0.42875006871006
0.309893876509782
0.448957928168197
0.222895575336014
0.339330359652951
0.410960041567299
0.30413793530049
0.22305116037902
0.306505415669186
0.280775027196267
0.345714448021981
0.306229837732616
0.412125837820614
0.472195291762644
0.436702431164556
0.469194204337366
0.422849334419622
0.315745785604734
0.329778411956506
0.381555682261485
0.308712232514305
0.534866442709233
0.329717286528205
0.459282547891764
0.55180892105415
0.509567028695061
0.343492237934635
0.500948632962521
0.326617043368681
0.255047924068413
0.326221016738451
0.478633865834226
0.379129676662653
0.318382221210538
0.546891792064942
0.375067933710661
0.39213469265629
0.363137589779705
0.377179979026064
0.262721294158742
0.403848321805086
0.382637185230371
0.343154817913014
0.563679355152609
0.50891791013518
0.375080535782588
0.443995280570891
0.374277906931928
0.438715583725378
0.478622645055836
0.535308482344469
0.502716176713035
0.487562567283762
0.514340639442519
0.571151106594192
0.558339442278518
0.470267472508681
0.618179793760898
0.524295400619202
0.345725551517177
0.383502591375615
0.377869575239438
0.333004646645243
0.478668345410864
0.503639305191184
0.528141693085187
0.470606749659822
0.55738726659341
0.399763896047629
0.400511503630357
0.425960633975878
0.454434980154077
0.56041954788516
0.644089125221427
0.428306590752963
0.594206496889491
0.403058256792258
0.526881330433307
0.492244137079417
0.552275870155263
0.511502956791347
0.427407528294653
0.583676767130633
0.473623705103868
0.60216186990039
0.416422530977918
0.467042832186207
0.525932543953156
0.567647225176769
0.508860740687411
0.535421205385105
0.508295409118459
0.485263803198622
0.294282668105516
0.440057175225005
0.581898402482923
0.398328943995749
0.473701589318689
0.413241316264868
0.611008052339699
0.578561059917742
0.592947872232098
0.51874237091744
0.517935297002391
0.65295623324728
0.472112615980937
0.605483329297455
0.511595308373062
0.560385643642245
0.485786971281464
0.490940646858706
0.491932457118288
0.540346394665811
0.51766841959803
0.583087336392685
0.644028710687251
0.70616603043449
0.549782420414165
0.611761621581632
0.597701864367376
0.686611167015179
0.553763845409586
0.542364375440576
0.634555248407517
0.535737522062475
0.59602479777008
0.728339538388087
0.632959653574903
0.563914949502174
0.645680919395734
0.691059844478861
0.634473091266736
0.455807715788209
0.626961945471491
0.507201914062173
0.670893215747918
0.597075228711151
0.631639349313726
0.733413537900629
0.489862759129556
0.614556703464406
0.558932307927853
0.620517789127933
0.566814875011736
0.792399595273658
0.591911049824166
0.557266583482293
0.608095978267313
0.803552722049477
0.590239626454415
0.578533946594531
0.631309689163637
0.73275912115781
0.59651132811628
0.577065270974421
0.653703277425273
0.6580780468624
0.772906010282766
0.787292818416938
0.675085802770634
0.883171175810806
0.732097159027252
0.566900811450176
0.613716751396953
0.764780032633303
0.762362599778199
0.688975147909724
0.65459992992092
0.651275348773189
0.733964282555909
0.77854781166872
0.967178980113184
0.833382136241826
0.658101342391895
0.704968441549302
0.705471279889511
0.711873813905838
0.71628582314578
0.693890220988763
0.655788603021822
0.698673006145441
0.546117256471117
0.725556953510199
0.651457558677299
0.790090671726101
0.748971749127786
0.691372420892669
0.610682551515147
0.761389184825106
0.901111284021097
0.825429189031248
0.58370194733393
0.600692311285928
0.741236435714787
0.655654957446965
0.670825706943518
0.60940247372288
0.737162094707626
0.621673723998473
0.821112877127118
0.651103150816314
0.789151922769303
0.774608885517649
0.71264566285471
0.785688741667122
0.778738871847639
0.533076293111895
0.543145163479254
0.650334354347715
0.660786800376176
0.872862043691024
0.788758056322592
0.88577260533594
0.835500838552643
0.764974907722448
0.805863917582086
0.874433863959005
0.845416996660554
0.741523063920918
0.764165617446802
0.718163180014363
0.90956896368484
0.778627428040221
0.891402555136834
0.878222102397685
0.784045626685368
0.891633312061168
0.855882023311519
0.847521864968096
0.844050197496917
0.863366001078186
0.801105152880259
0.988194091822191
0.672097474376287
0.792904161311121
0.796338495046534
0.893386473824741
0.9533990579007
0.880463766494632
0.854743149813274
0.889776627523225
0.671872344305696
0.786380712497647
0.884221674399727
0.728098529018379
0.68601113496394
0.988881203948355
0.911556352046661
0.731785502397584
0.974193337337821
0.775822173969331
0.943538516759891
1.05156056521828
0.847833123951423
0.952840730265069
0.635019113489149
0.882996967418162
1.06518139248598
0.822048592663946
0.852975703703564
0.880950948440711
0.909124888620651
0.811341810913833
0.890267454255626
0.973957942274555
0.938670007130607
0.91774233926789
0.948946775167663
0.769954983517064
0.88781599903287
0.991805707959696
0.927899462903671
0.841172593631388
0.80835833770864
0.886953137084817
0.84567448403783
1.0596588109613
0.913313127100532
0.947975775964344
0.966760106031601
0.881921227954757
0.804374952664389
0.902264713650725
0.963261810539306
0.835197520238016
0.908730737396161
0.915232987942554
1.0685012722218
0.835344505703815
0.836332800376538
0.90817033641392
0.954486128465876
0.742527147591581
0.97807227774556
0.825137559216318
0.896719381932597
0.901786848507253
1.00479790799659
0.997659222775662
0.989319071583908
0.865877762246421
0.922649823249545
0.989729095068237
0.804875799186574
0.997534944733283
0.933059731349961
1.02185117449589
0.885465194522829
0.798627407014705
0.860200364819132
0.956074510114238
0.988654426689443
0.859507497726078
1.13410209640873
1.11085669119306
0.944084456341112
1.05897299500434
1.03760366119749
0.864609351709947
0.932525086728398
1.13253188488679
1.14709447724824
0.984281758934143
0.987857811331067
1.09587126458469
0.992189610793512
