-1.01027952727139
-0.868095691883575
-0.896240506168239
-0.916725335176391
-0.791364956490709
-0.976361409034021
-0.976184123971492
-0.96476166822773
-0.972260988317449
-0.935930951392545
-0.849027395235024
-0.905789290594508
-0.878511090090699
-1.0556805443257
-0.910072675706661
-0.910407199059135
-1.03112945469466
-0.933735387321981
-0.874584439033797
-1.1073713481515
-0.946406597749952
-0.946857541981186
-0.784864953899473
-0.948362545653365
-0.900031216094809
-1.00854941149852
-0.89708068529453
-0.917906150044548
-0.939666331187386
-0.900648559495696
-0.981852981940373
-1.14478578442479
-1.00403878901058
-0.930715008527028
-0.984512814356118
-0.986599982153791
-0.924926807419322
-0.870968271515146
-1.1111180251173
-0.945802623074681
-0.980520530179573
-0.808808480294896
-0.886584936360005
-0.874813299825854
-0.844348883314234
-0.988639067746573
-0.974543936359714
-1.02838072290799
-0.913059815990266
-0.843065805444518
-0.918879474867605
-0.932842008966642
-1.03116692338727
-0.925921555640514
-0.694675005055035
-0.78753254266562
-1.01957924681661
-0.841164539644865
-0.909843636887522
-0.791665394892346
-0.814655342402697
-0.945553738664569
-0.687109177361824
-1.00541613857939
-0.992092429711687
-0.782430085855014
-0.756482556603716
-0.861016610946437
-0.875050198136556
-0.840371052718515
-0.805300855838385
-1.05411346622229
-0.933128530932721
-0.833632307257654
-0.900706101819819
-0.757880007294695
-1.02613413704138
-0.777385247757322
-0.804403146843457
-0.719573699168007
-0.813207677889815
-0.940131183391627
-0.751112910517797
-0.779485870768998
-0.899000523179539
-0.866223709432852
-0.672964068515701
-0.824646396401277
-0.788396271246986
-0.809045976913201
-0.939582227604074
-0.586201522026443
-0.794030009287301
-0.848493261547216
-0.714852500888144
-0.832900166543826
-0.860726140899249
-0.885371353802956
-0.852792663851986
-0.608715485271925
-0.857606308226553
-0.737864377406496
-0.714783638303
-0.744881615477788
-0.98482373187618
-0.91016291866151
-0.789127758701326
-0.672797895868909
-0.724892787534108
-0.933438749627827
-0.603401979467521
-0.70549812035884
-0.766359472129784
-0.789495388012552
-0.829793006788596
-0.774898246233818
-0.730125296575461
-0.750125793060241
-0.826718110682693
-0.873254743751463
-0.719607854997783
-0.801387362752765
-0.788048194398799
-0.938489066523505
-0.768681954809646
-0.803228353646864
-0.767691195598597
-0.778156539752152
-0.629537333976041
-0.820075849840787
-0.769011716696784
-0.622377680967684
-0.960735580213652
-0.736847444908866
-0.732503656098778
-0.812233623030275
-0.541550071490879
-0.663286182746656
-0.820612186166928
-0.68339596749587
-0.78247968476745
-0.709203590056983
-0.738080208496038
-0.711600987126449
-0.729473232889038
-0.74649985291115
-0.501318280787627
-0.702028908588793
-0.757478785629606
-0.685061388652772
-0.67962948525471
-0.56869337356319
-0.705168766240209
-0.869135750648145
-0.62302736026212
-0.642100279651162
-0.593706057455544
-0.619396293897555
-0.792545118908833
-0.731254436687886
-0.791026593933991
-0.645998172747111
-0.563119304438125
-0.58462314694067
-0.676702351762679
-0.678557391562259
-0.715179741245979
-0.690041035896135
-0.617398220209254
-0.643425538627078
-0.525477806472851
-0.641523821759443
-0.607748528695598
-0.65771791364014
-0.645149118244187
-0.747164999445444
-0.516952440625358
-0.610241657264647
-0.674342974943585
-0.527093298175035
-0.68111635920789
-0.636791824070723
-0.62068328746139
-0.680000360390428
-0.562009902494441
-0.698341186400021
-0.756992749708175
-0.422437094761903
-0.531165554528145
-0.549077381367792
-0.620457658274305
-0.646121648797893
-0.653877253550199
-0.629732300468189
-0.551424881383261
-0.684411619884098
-0.690406621876224
-0.620092502530481
-0.63351319465197
-0.692010800460138
-0.656516272393981
-0.547705872463168
-0.588937272864159
-0.427277749989707
-0.657944182753313
-0.622970589486695
-0.569109536643741
-0.671666717937592
-0.58863320957645
-0.525563703245018
-0.477821800220209
-0.430408210147906
-0.442190628618726
-0.509430024046741
-0.55552307531851
-0.738917887616185
-0.469322674283221
-0.498892285419973
-0.479007390190293
-0.655758611488847
-0.698187715690574
-0.496247430374577
-0.600221215094579
-0.571844937315749
-0.560495068582656
-0.574309854406123
-0.545974547821385
-0.608594167778783
-0.645014901621771
-0.528940155368614
-0.424577672662515
-0.502736773323561
-0.386349579075668
-0.554347880459746
-0.510661067062529
-0.574504021716859
-0.380465432299161
-0.697142081462642
-0.653963329647215
-0.513412163498691
-0.616520535588003
-0.549241446474909
-0.486255017962675
-0.490609602411664
-0.470856937394571
-0.56516721890869
-0.383013180062631
-0.519548021459367
-0.458522708846784
-0.338519604637869
-0.580189686096944
-0.433339946691564
-0.446107764733007
-0.424446290186938
-0.576016485088364
-0.505246274591215
-0.562981506353375
-0.455465951360917
-0.659689026369063
-0.574838012189903
-0.410909642952492
-0.438258901537157
-0.544814247564655
-0.414366873757823
-0.422937174004916
-0.5403677021357
-0.528692513643567
-0.365522212472054
-0.672140847230386
-0.519276190641621
-0.518936514882606
-0.443629914147084
-0.438095174867655
-0.402306327398263
-0.401225366465935
-0.410279657365563
-0.530980702401614
-0.396751701070655
-0.523779998338265
-0.634332373813683
-0.405775896320761
-0.4923402357126
-0.430668936890202
-0.376032232863498
-0.466533613163043
-0.523282608336214
-0.489198445251017
-0.452355597879991
-0.466108587809901
-0.595662294522253
-0.385120829839808
-0.417772053192208
-0.482361866560494
-0.464380149188153
-0.484235684452051
-0.312200734932322
-0.557758737777248
-0.246383477147395
-0.391344813294846
-0.448695994178837
-0.415270758876341
-0.451743779723694
-0.549899715013585
-0.349090026427964
-0.409084963777359
-0.427955413054022
-0.322237310722289
-0.552015710743974
-0.401386359552241
-0.426775370943743
-0.373465220718474
-0.41865390425274
-0.456833899869359
-0.337245696059763
-0.359460908389447
-0.373804550129217
-0.435345474795564
-0.413951587506349
-0.372546125191462
-0.339993743579696
-0.360020060826865
-0.387454124776107
-0.314148173473544
-0.377733359582183
-0.385320703152077
-0.581374173163959
-0.348829918224926
-0.279003579591464
-0.375266025147501
-0.307973597228792
-0.376045686951191
-0.384634350813614
-0.410103511410517
-0.438383077992336
-0.453495701118834
-0.455345469111045
-0.299877601822841
-0.318694359897913
-0.41842859297006
-0.41463865142563
-0.304374104810393
-0.180130087462727
-0.533593872938879
-0.234578473703568
-0.309815278368074
-0.226144595001419
-0.158764982164051
-0.272079873525459
-0.304720884127018
-0.331908914386784
-0.377249829303042
-0.333738403916069
-0.342956694571526
-0.146889749858827
-0.39806162517252
-0.470203813745257
-0.341439203207204
-0.311530421015439
-0.328002330183591
-0.389688644198719
-0.1512676367362
-0.38859157393689
-0.344050616786759
-0.388208331966158
-0.199486270399697
-0.292669267499741
-0.284313954195185
-0.298007293091151
-0.352183942458442
-0.30414347563285
-0.114998515085873
-0.278277262883563
-0.223818022063079
-0.328293866950826
-0.369456749060212
-0.255917159906624
-0.279379201239278
-0.296950465284137
-0.221185916735023
-0.302225418991707
-0.231676987103409
-0.064319275615971
-0.102445054790029
-0.15964246412806
-0.335158921091743
-0.248263888029117
-0.19482358980378
-0.179955792873991
-0.0565798583540686
-0.241566817073353
-0.218672251234213
-0.275572614511762
-0.216422047514389
-0.213237939448175
-0.246325214218877
-0.255803073657757
-0.222392822208906
-0.228783817941987
-0.228752570791785
-0.0834686357260624
-0.286587420252815
-0.255264548299028
-0.196816551378757
-0.218083371999135
-0.208898982702946
-0.182607033603129
-0.123080992280652
-0.414399906927444
-0.224542821113061
-0.175653950123566
-0.142408398118149
-0.152555265188881
-0.242031113511128
-0.199213351642098
-0.142207347909757
-0.125202010121381
-0.213934304745546
-0.227431521817599
-0.136822168659681
-0.215122476260831
-0.19780981872863
-0.077487651637586
-0.12915291943232
-0.145379768985209
-0.128813806828111
-0.205424379050117
0.0383051902850702
-0.27058958694137
-0.218341248767295
-0.133155978522881
-0.124117565955236
-0.201285876102473
-0.148351984426086
0.0751521055380576
-0.064878891482014
-0.215886160460989
-0.199446175016214
-0.149010404119015
-0.0662200710278096
-0.164609739246259
-0.159586338726147
-0.181302312205005
-0.0404786409685018
0.00150713904162431
0.0167589396316101
-0.169016255763489
0.0065436594079484
0.0258637036991008
-0.0765079942211849
-0.158061961289112
-0.164505183327877
-0.133731177243764
-0.0296875785568783
-0.101491099775168
0.0805512702649736
-0.134660549816349
-0.133708910619319
0.016069194742549
-0.0510740139947952
-0.0674724809539588
-0.0422185053318978
-0.129031270134319
-0.20977859114058
-0.0888452640599434
-0.158711270593931
-0.05528440636011
-0.0768881819908408
-0.21971455180007
-0.0684896849176335
-0.178303856109009
-0.00645640407767079
-0.0343575603815466
-0.0233921242519697
-0.143087200191255
-0.0698826348235415
0.0187235107009916
-0.0897587652537202
-0.0194308363759714
0.0778279433729923
0.0175569569502817
-0.0641829593147973
0.00332325560519071
-0.127116006283372
-0.00160923660504494
-0.0332254237395166
0.1211590134563
-0.174162365319387
0.012395259645467
-0.0677765170884809
-0.065423181418963
0.0321486088463976
0.0251820127404298
-0.0709247200751141
0.0259069298759456
0.0556216836285419
-0.0971354120481284
0.111140553534449
-0.0575667895375168
0.084851848045895
-0.0268147877783964
-0.0170992721041249
-0.0518180533742142
0.164933479823263
0.0518594407553633
0.0286049110326652
-0.189341549415497
-0.0340773345120895
0.0702386644208948
0.0105431395954769
-0.0545241056987192
0.0656003191599657
0.0614983803534326
0.0804813151869931
0.118152336574902
-0.00209964395578182
0.12736243807338
-0.0209581527504368
-0.0185276932737671
0.121073134516767
0.0923900716570717
-0.0391358561203207
0.0490101257129543
0.148965197562099
0.0900886706404568
0.0443635519890429
0.143472378237542
0.00927889769202849
-0.0214839199845938
0.00638590146998279
0.0663843188779236
0.0467172132270999
0.135845887191196
0.219036371675431
0.230424742285778
-0.0863810016152867
0.191763409774484
-0.0339538036903919
-0.00623456473727031
0.0997494409343882
0.191656960319601
0.0252677315492272
0.217370440955683
0.023576251528441
0.0292181881672273
-0.0828252208189677
0.156392441007522
0.16506659078519
0.134465250755453
0.0445386317366179
0.0904048236672265
-0.0601362587881861
-0.0157798391611397
0.0585841866619537
0.246183829503778
0.10080688607704
-0.0152226831371692
0.256607099814491
0.093720352926825
0.0852515404030481
0.23425760190834
0.140150658322339
0.163592726744303
-0.01538294653878
0.0429855016242123
0.0165693333945226
0.218235968092859
0.0894055991822602
0.208983095980948
0.00556578350212256
0.13523226873982
0.238779231043067
0.0772181284499611
0.106169518111778
0.221179659355752
0.233741122021759
0.144292056879165
0.162536563520301
0.127731385442647
0.0945864529462062
0.182443765845559
0.220660428904775
0.215054446974424
0.0710231224767509
0.121849952738626
0.0903267196687864
0.0832155810781922
0.172635175030515
0.277577431130998
0.190318709128106
0.183432795130065
0.0491630149673947
0.232108365287475
0.173255819722266
0.161461842182442
0.175873705164241
0.0845823341802719
0.200142145322374
0.226120039120741
0.304899616391006
0.264605992445138
0.257641847283912
0.142637678136065
0.131429989938816
0.163655142192041
0.129623654637317
0.288386019436006
0.182351943156536
0.329005691841258
0.343102474276087
0.372220554572882
0.159280060654059
0.216308507310662
0.248543043702091
0.23689847337365
0.0872782747739456
0.243782536039114
0.180216444059723
0.0789178605464878
0.280698898947749
0.119789920196936
0.14678728313429
0.244329458535808
0.258401102461263
0.305903940799673
0.419874849318598
0.105286971442613
0.31724173290406
0.304812554954789
0.187905615413386
0.105966064956915
0.206081064296608
0.244532433967017
0.260072881715317
0.322822645623747
0.236736534320317
0.278064804820365
0.412815326376563
0.263888990102564
0.139185893045366
0.211114581899882
0.181368640636608
0.310831159354728
0.264782384596705
0.360062407665735
0.236801696037937
0.291450198317473
0.269793143673207
0.127414307337746
0.255670980664973
0.304762132116628
0.341599256296914
0.144979416274517
0.294210671934655
0.23635247968215
0.44585722016678
0.363291631504143
0.377137823386813
0.537826405324572
0.362007975828777
0.320157050615521
0.241981019911071
0.351522639620872
0.461033986671293
0.279027560579823
0.170632619341928
0.386448999588691
0.410967027249488
0.367486948443399
0.324184608617708
0.232122832746336
0.242219746543309
0.36964823624224
0.328269811360424
0.262921851735052
0.309421963610304
0.499672778844791
0.466258387847465
0.267232131815347
0.268695000321334
0.305025962285831
0.261942078072198
0.362300674269643
0.247972189157826
0.45548278086037
0.364209086198393
0.340226478046932
0.430024498091131
0.429406445150066
0.411969420625652
0.497435311225953
0.514284103548253
0.43074029216916
0.277250909975014
0.379444984163586
0.387011849962565
0.436435883398263
0.358732325818794
0.236625558531334
0.303274349517746
0.43299600900128
0.383166911095801
0.444949911367509
0.452799916583058
0.445064660938782
0.368319734943949
0.430605495154249
0.247409157692225
0.434152772097214
0.374532242216782
0.614128743203284
0.562824202520217
0.38150739457224
0.266881683534282
0.358556337718422
0.477861989139752
0.408599437063898
0.40112162283118
0.397022452923187
0.471992380944321
0.593297781645977
0.482450681039865
0.525412659375742
0.442073111934316
0.278783045066312
0.538268526316206
0.571315007574638
0.484346502015956
0.436660328983216
0.284772771282994
0.285446127926367
0.389196521472738
0.484992212524165
0.447331814398786
0.449524504680362
0.327131861299129
0.3835255172856
0.454027216346668
0.548586943742152
0.498578226357645
0.333582932562676
0.504660185195244
0.373272773560384
0.385628516567438
0.377438470922972
0.535558397751275
0.551457714492781
0.274532551250699
0.391062380479998
0.521592180594792
0.531055737754733
0.468793031771422
0.527670241809428
0.416223147106591
0.482485564581994
0.603136163064784
0.385709717988528
0.643274824082772
0.523897460805871
0.368365405451123
0.452108656383413
0.605786694751699
0.560865752812887
0.546651596521067
0.505991693759821
0.49773927300212
0.605638037618817
0.549826549152361
0.643456618191411
0.605413373192613
0.586683557784335
0.472512604468266
0.514808242367984
0.501426225766359
0.502451323183849
0.771090538261841
0.597581014361689
0.498939342218153
0.381328529945526
0.530319884965737
0.657627766127607
0.533979709193063
0.645322030415571
0.471681880516644
0.586791710426716
0.726233651997583
0.602290762138676
0.581922193608618
0.672812860764173
0.629802784541074
0.563258953355639
0.762594945190464
0.491711847678321
0.649993438437784
0.53733229483117
0.567521544169056
0.572980047293738
0.678820921951328
0.655820889713898
0.58055899868357
0.535708181819995
0.592892129661538
0.477646637718626
0.599347485966204
0.709472988707222
0.598801379494954
0.615651123487227
0.57943482775254
0.493069845827163
0.664109437769655
0.5715331978627
0.812092951101705
0.621369983053828
0.495924026629539
0.599924185222344
0.591390631074132
0.729033708116056
0.574712830417876
0.71870171543462
0.649129242146921
0.777377570747516
0.658659676813436
0.721706503351778
0.638507420534759
0.730358813306102
0.638493396279042
0.569998207748027
0.748435570542008
0.5853097511616
0.680313406334765
0.772796873942605
0.740868216767437
0.721289454875066
0.70912021392832
0.600581691660835
0.539455115789022
0.740364598388563
0.609272130148281
0.588888984136409
0.813806506183041
0.660791311358176
0.54791333777639
0.538020870075188
0.800235080167417
0.527024210394394
0.725516809447083
0.613765903334316
0.85808414912997
0.74290425868655
0.694283021417319
0.730699844072056
0.709293642039164
0.758481287523902
0.835041582553503
0.630211087109631
0.731960073672223
0.8196383304687
0.899352684132152
0.731493210062515
0.789036502984073
0.821606694922969
0.666925946867939
0.844238514875668
0.711095201820977
0.672470356237117
0.688760852327107
0.798438195384463
0.804436509158004
0.679618757230248
0.748727686674041
0.727974813235745
0.71192316057465
0.680778733581725
0.687962196109576
0.869695810140077
0.824266309328433
0.703218307081159
0.795373360343239
0.813348820644107
0.712938290093148
0.790907577957451
0.805723839413035
0.754850525100298
0.863965662649922
0.81776146509419
0.871250627128639
0.862806044520383
0.667584947204787
0.795930295133614
0.806566833443545
0.71737143019828
0.891745989563896
0.735478996681962
0.907766411170825
0.871152504868901
0.929941412479682
0.860935129473201
0.843591862433105
0.735062283408695
0.727993764471686
0.752898078015621
0.862247485350706
0.868875921346319
0.73371682162248
0.887254956867615
0.766740206256217
0.921599396837939
0.912244900308888
0.707691824712312
0.911063973888247
0.774802927883827
0.677998001435481
0.724954764538063
0.750383825999881
0.972239675001492
0.96893482771648
0.917314930408185
0.794850367009351
0.815960804301843
0.753712488406039
0.964880605533942
0.82183663371548
0.871054800899142
0.82007385567019
0.869914357455445
0.782816924132845
0.873805194247595
0.858643858094515
0.800291031400921
0.80695753769029
0.97079203939241
0.739060866755908
0.995918292385623
0.882165969771662
0.825724414827729
0.808830265569787
0.730229268986346
0.745641373724716
0.894945035825664
0.858475461048385
0.893407145552053
0.998023737504421
0.86998105356298
0.907695438144362
0.954679702406571
0.872791373789416
0.780662007484888
0.89474601588627
0.888182551809375
0.941173954305425
0.973984688885834
0.977383272754266
1.07187207073247
1.0003176116374
0.961350246967459
0.884919584391383
0.969047805739573
0.993510149036202
0.900602841106901
1.00646488585319
0.819262530596339
1.15256858566981
0.999730850601811
0.773478911857755
0.991085972758199
0.892620064825361
0.766218270664894
0.895052427663633
0.959913185169116
0.873186843321933
0.817145957865195
1.00728869514721
0.973246315954553
1.01633195335385
0.944747488706929
1.11461281967647
0.802888892355023
1.00363568630019
0.91743943762146
0.850344866769213
0.884878927762189
1.08051609078152
0.911015918789941
0.958838718463295
1.00724725773176
0.93225418475003
0.937236099630117
1.06151752010323
0.943709008746366
0.941973988300244
0.908898454407071
0.987601833384149
1.06749853154303
1.00136327671657
1.05066014782047
0.938784727717115
0.958978077690413
1.07112952013684
1.01100609251479
1.0339361297055
1.00404939419018
