-1.11218460021884
-1.09477100982377
-1.03020527017612
-1.06814205672874
-0.962102762050659
-1.18145819609588
-1.05242983417887
-0.909915714476208
-1.04260823135796
-0.845621714165624
-0.89990091345027
-1.0831049955146
-0.998261774583478
-1.14554679319615
-0.957089654241998
-1.06056815369279
-1.02027141015224
-0.865680001423909
-0.929456389393844
-0.893318819787232
-0.909054419321257
-0.899152381869961
-1.02341913075051
-1.02046402869703
-0.97689992348661
-1.05297348936578
-0.885210375321917
-0.890397061184043
-0.828170732286295
-0.897158499281497
-0.861619130297932
-0.989078915178238
-1.00504546908464
-0.834965978156056
-0.916651609192336
-0.920900392764293
-0.924724572983292
-0.986184219337192
-0.830676948557767
-0.947569960346789
-0.946821980312235
-0.934247809466663
-0.952834145494263
-1.10314742740649
-0.715685030516771
-0.994033821119707
-0.914901117916365
-0.905892537348959
-0.915210228603789
-1.01764564897425
-0.739177928754879
-0.91725721064475
-0.875726717514845
-0.923224094060596
-0.89691314125824
-0.822466103062722
-0.928303916749068
-0.742944423922737
-1.02039334101052
-0.826609200774814
-0.920359210755047
-0.805113016991991
-0.816825409727806
-0.873863932511938
-0.74303773292752
-0.851757888959718
-0.935862157655974
-0.795138198095737
-0.81434830252867
-0.79186248157052
-0.831209544785628
-0.809670236937323
-0.92965974503183
-0.819949009577505
-0.863672157968151
-0.849327406935296
-0.881915391483712
-0.728404800509829
-0.892915390498937
-0.852019732853639
-0.938176752709272
-0.920183890864512
-0.863212258079882
-0.898597760915594
-0.685242655429867
-0.959794672579363
-0.803876427899375
-0.857363810278753
-0.934072077619612
-0.789290859809181
-0.852435035209124
-0.911530948023418
-0.935606540716753
-0.658391140073161
-0.83407095804514
-0.869909202502972
-0.74178033471867
-0.832838419701976
-0.897011139154685
-0.795199592252266
-0.913145977689647
-0.797873585989242
-0.726827224687573
-0.909972144480029
-0.725463447805876
-0.853136696473587
-0.883587790625682
-0.815473553346805
-0.759721240776393
-0.76273876772517
-0.727398333889308
-0.738300357369025
-0.638462909143996
-0.823131091060649
-0.714517569946297
-0.771923566553849
-0.819971798885855
-0.728622808412462
-0.664513094069631
-0.781188979613692
-0.696903389179061
-0.908567787141447
-0.68451704912795
-0.723759710353939
-0.68093585622876
-0.847938395276631
-0.773725048351435
-0.696872922619502
-0.833401914004839
-0.772893658299838
-0.666156762717887
-0.82235735376183
-0.703412527193566
-0.631403938632137
-0.725865221857629
-0.730390062900367
-0.76698195448845
-0.863595646259459
-0.729426203769158
-0.821707896259051
-0.82769019795551
-0.636271096826923
-0.631518421383655
-0.746911892316688
-0.624048115949093
-0.688097664066948
-0.534526862252238
-0.42228955885992
-0.651154892142813
-0.663442496086758
-0.633854426895024
-0.677781587187507
-0.721604643804116
-0.509192033294877
-0.594412473752419
-0.525574402168587
-0.655125060604199
-0.447061850710575
-0.786612450211031
-0.75035256547009
-0.571585392776446
-0.592323904876242
-0.59541335089488
-0.616052951316502
-0.674951777005014
-0.687839880167049
-0.760926818588723
-0.699194300997611
-0.622178526789019
-0.631701808800777
-0.541008989880408
-0.652136540355262
-0.620837373353287
-0.617899814024543
-0.613152862285528
-0.680699887952642
-0.678475183580335
-0.653580958782378
-0.521535602056369
-0.683722445975225
-0.669307044023909
-0.507482053061774
-0.68324876147317
-0.654065234237319
-0.517345298233803
-0.498322894671267
-0.705395081136799
-0.707225733069361
-0.586303003743853
-0.680440807380981
-0.648825489360814
-0.540885581255258
-0.624435274444653
-0.711652690857933
-0.643281630209847
-0.660859689439992
-0.631106944495026
-0.820806483787892
-0.529970847437645
-0.566734917500071
-0.487726522818205
-0.639475768381476
-0.482867855315993
-0.576350590395996
-0.687779564302168
-0.555642480902569
-0.606786766058349
-0.54408920613129
-0.619158660584572
-0.502412888233116
-0.537429875416824
-0.564010645019003
-0.623528096615076
-0.406543973105228
-0.422475531074521
-0.635358422289305
-0.646740430657947
-0.70725557535118
-0.553309103249106
-0.512050801128007
-0.581114579956384
-0.415108274716651
-0.463544174882855
-0.683559166658224
-0.430323915209858
-0.732754712978041
-0.435596207547026
-0.589546497868848
-0.616532987672304
-0.519058441461208
-0.445922581273237
-0.559804519930016
-0.547543988103383
-0.658064121865601
-0.66227109191403
-0.60007735418362
-0.471094941273662
-0.462502511259464
-0.567698198011471
-0.35561425482552
-0.468553198262316
-0.615597178558153
-0.432580011662724
-0.45977649835076
-0.534056455339571
-0.529160625037333
-0.4920611983688
-0.490307013150539
-0.388476924906132
-0.501367631481266
-0.425337491172948
-0.449170714925175
-0.46302801223573
-0.606552667975215
-0.638294252246709
-0.511513648377425
-0.535877633885662
-0.451705282545226
-0.428053143493847
-0.518767682908263
-0.474569826090772
-0.549428661764883
-0.470607940232463
-0.515521233563959
-0.447751742356008
-0.318686112995599
-0.565952144364031
-0.431665120856412
-0.607422922702843
-0.626387295239902
-0.32250124940797
-0.472740045017491
-0.474854512627762
-0.421000070891066
-0.381605569603832
-0.467789347831327
-0.502256659165287
-0.380103839071884
-0.493714434766595
-0.425299709204484
-0.516904894111437
-0.400323839713039
-0.327188917412458
-0.492167087135076
-0.362825986544483
-0.484393728822649
-0.401364478905108
-0.38641073395047
-0.491492245680767
-0.336590527488379
-0.400694482273556
-0.357738760744367
-0.454425047639272
-0.415514724021694
-0.555644621726833
-0.59220103132694
-0.514911674430099
-0.400304643556166
-0.326126683832026
-0.43549542721205
-0.418423049665121
-0.472568563447738
-0.358848885480284
-0.382141821612056
-0.397162739841207
-0.356340449943637
-0.449709104369794
-0.419867553878352
-0.309630478706752
-0.313880582572179
-0.344524559612837
-0.423993188842485
-0.449824597605519
-0.38322581674761
-0.319963737714737
-0.373624816052408
-0.236639235882272
-0.320391659640454
-0.262524745504084
-0.34614547596532
-0.340350323005741
-0.265114267915048
-0.378150311226261
-0.153079625808982
-0.285685170441365
-0.377324882860314
-0.299533382175223
-0.251419940173193
-0.23855544867286
-0.321452327910274
-0.242320072565069
-0.338702256772043
-0.249029944513446
-0.307792962004173
-0.342455831265448
-0.461199330120463
-0.323532120292833
-0.215812891286995
-0.414752390362565
-0.471832916717837
-0.210141194033134
-0.409403887731937
-0.280029963807698
-0.293223017336693
-0.331509080511736
-0.361370487429798
-0.196909205647667
-0.271601356016246
-0.284129097434587
-0.417120297214624
-0.246197517350739
-0.28342224710324
-0.354712546312799
-0.421294540855518
-0.458888430807068
-0.162338312793056
-0.26783849138666
-0.305314783426514
-0.196763412840694
-0.288640976426893
-0.146857519974776
-0.272184022859557
-0.141125517366808
-0.311574698867637
-0.361700468210097
-0.296386571522183
-0.313298189974774
-0.0814779402878795
-0.2442179628021
-0.228924001468798
-0.296495385087589
-0.276830937945871
-0.280826880528627
-0.0978220534000252
-0.311328913660996
-0.13916953548974
-0.509306043671783
-0.230724596216014
-0.0987726187479037
-0.0880423766779026
-0.415286971825194
-0.272537689782638
-0.0220037767884648
-0.346515857365298
-0.197125877548758
-0.257447147689699
-0.0566110491680739
-0.231546088670063
-0.241901166880873
-0.198267889736076
-0.197736338152342
-0.15709621317595
-0.075077982001109
-0.269801790948331
-0.255570502969656
-0.241771186231626
-0.175862494784589
-0.201224756611718
-0.155338876185234
-0.205449983791611
-0.165512302939648
-0.180093939551821
-0.155107822059417
-0.23549838382798
-0.125505753054631
-0.0886315191658294
-0.199501024891359
-0.312003977600901
-0.162786409519688
-0.0151878289891095
-0.232252211767242
-0.325601780118084
-0.21381634845136
-0.0827156318332259
-0.150651611568401
-0.22562397439891
-0.128835634551428
-0.158000024468156
-0.206034019719568
-0.0541245299060631
-0.207765499025836
-0.0526690735826362
-0.238029255869653
-0.113393667425311
-0.306685855465224
-0.17809248013603
-0.113685254000374
-0.234235952458756
0.000136608640327669
-0.130187826372943
-0.136956272064541
-0.379055766146252
-0.113340096462266
-0.0542293807824924
-0.214569192728896
-0.00756676115541215
-0.261958422720231
-0.0395591399200554
-0.120273347389001
-0.259863616204011
0.0611163069616541
0.0345962140991422
-0.160405008609306
-0.093272101323995
-0.261023325363753
-0.030599369097038
-0.114716833311949
-0.148020228300193
-0.261854689448425
-0.0923831950633378
-0.132719147670341
-0.127663588434373
0.0383003683653763
-0.0418785160071413
-0.0875526564848889
-0.0951878949691013
-0.0283041990512194
-0.0535368998929111
-0.0591233194149704
-0.0848750567746325
-0.14482313485265
-0.0511785326363905
-0.123975631749743
-0.0756888397871639
-0.085324544672602
0.0311240030167396
0.018108727147595
0.0630610766353328
-0.112617362439378
0.11801374911651
-0.0481519788825526
-0.156152433681075
-0.0259133732796405
-0.0153328885082252
-0.147670373154396
0.00141262722458262
-0.0458140712559802
-0.00495874669659778
0.0196003920716391
-0.0121906654416812
0.000807432372780055
-0.167303812399722
-0.118590257172493
-0.058308594126876
-0.0315629260290029
0.000520751276881981
-0.0877745384384489
-0.0638881813952386
-0.112566297693132
-0.0320603965631223
-0.0625577628166706
-0.1311256154291
-0.0165498678922601
-0.0268779231326662
-0.0463860800990713
-0.0058585776323273
-0.0536432053195026
0.0335997604171371
-0.0969133045276487
0.0457506039912471
0.0215850050800309
0.00540548926652508
0.0160738604526181
-0.0277047153170158
0.038568148040728
-0.0439690990822188
-0.0972328986338911
0.193617876427436
0.0183170202029053
0.0644649393775284
0.0826678770914602
0.0482915641200229
0.185297614451424
0.0102118590186496
-0.0506789961624873
-0.111960658517358
0.0473628527547268
-0.142161022981988
-0.00249545147372677
0.0915107160164933
-0.00777663744053023
-0.0411878858349812
-0.0167835322963282
0.0863780170067503
0.0410159032442868
0.121682621477472
-0.0232869219206061
-0.0321787267062809
0.141963636924127
0.117976514630387
-0.0334982559411223
0.0147398408133998
0.00383863728333432
0.0938822508451694
0.0654468297290588
0.102902896035352
0.129672727623939
-0.118679755417695
0.0282372302683191
0.120137180339645
0.118492437069793
0.0400263328868109
0.100702862702662
0.147769747701201
0.0778311198578381
0.13611914202677
0.142723674029922
0.099260407400488
0.109924759693338
0.0601525055645792
0.165179635947013
-0.00714527668469418
0.036193638715117
-0.0366910460858821
0.0779544510447115
0.0504876273170725
0.108575432863729
0.134692684545495
0.0950451287616768
0.125689225611372
0.0624924660170408
0.152570074684953
-0.0448151494715264
0.163045483941544
0.0955417493830222
0.159191119295861
0.0655477203917885
0.115396575756588
0.115520759622796
0.206708884749195
0.220081403796812
0.168913838974335
0.2079680017135
0.131334429377514
0.145892893369716
0.289014611966277
0.00414744288743555
0.114704122521429
0.206829242176301
0.244441871594347
0.264214103427702
0.00828377906665207
0.10544642606794
0.229168982096565
0.206881567865889
0.199058592609304
0.0563965699636913
0.0555260887785823
0.187633856915559
0.287684496199556
0.0901849182978082
0.222397798988604
0.105876385848532
0.18712851587303
0.0372289308128483
0.143247435532665
0.141326815926699
0.3211999195683
0.359583797734609
0.0214388530515155
0.129444467645123
0.279113257554482
0.143907303589739
0.176052387407924
0.18960233427648
0.182536566987796
0.209828249078517
0.103794060208397
0.329779322343493
0.140690386968107
0.20030292579072
0.350034914801975
0.172479069190414
0.350516918171654
0.389546705005485
0.191470476116008
0.201837928046916
0.334820005615583
0.421325586993159
0.214364118612165
0.372007531064158
0.268741187722462
0.091825577881212
0.20124871528087
0.300107314456255
0.12537127689557
0.247911792203997
0.347276098406859
0.395750744171116
0.256573944236166
0.256927046791771
0.166252519541022
0.289873150959964
0.227514353737066
0.186788013845599
0.20753685777099
0.344023921281256
0.243937804505872
0.431531366706229
0.257074045742007
0.345645023166929
0.199440075193034
0.313587264687086
0.307674437888947
0.286025637171116
0.236390360844463
0.195203682037371
0.188718712903818
0.284200911365022
0.30480698258283
0.363038694553092
0.241634658655538
0.244381911877745
0.267321777658147
0.316001443479747
0.414273151091295
0.309705659991563
0.359461128884456
0.402782136035404
0.299597783073112
0.309845379703853
0.282221421932797
0.279416623018064
0.391858644594651
0.32044467723719
0.219704206034979
0.375818889811055
0.465903047371434
0.446437033944724
0.251690148757534
0.322495222595802
0.230288060015047
0.353507162911773
0.320619030276296
0.460907514516973
0.220746123571888
0.367040225074825
0.23757088021927
0.317002259557637
0.221205241426346
0.339281284030955
0.351558717605227
0.387967735891568
0.44015420408202
0.400547812922225
0.383626360576601
0.432428221424275
0.294973190203668
0.47625535417671
0.364255536998403
0.340167451849532
0.474359030873586
0.44642373573381
0.301413404222634
0.406139728444025
0.33470121226964
0.36880751686622
0.417958923425207
0.479910527343671
0.378409856234959
0.361992369071346
0.513082621608993
0.368751698670499
0.409000717471863
0.448419805884698
0.314857681205538
0.331162732306033
0.378219143534889
0.464224243004957
0.450500665958569
0.460305740118894
0.467829398218377
0.453802231828507
0.529248628903648
0.429624597390615
0.385539079080252
0.504289572927475
0.364063056395473
0.549231270130595
0.508573726973781
0.458794651750122
0.559161817960128
0.369649844241423
0.363934860582814
0.220281409016028
0.461828836273366
0.350235378755931
0.385930640925259
0.497987897740562
0.574717841344844
0.468109774815898
0.38369959123449
0.434326521931799
0.529489097011559
0.461173590016989
0.530358671995247
0.492432025993714
0.468431568567549
0.554378598284749
0.637976668632709
0.417620793250684
0.614181702042634
0.497869365999348
0.517877699706577
0.510112763174028
0.470098237030982
0.527041406544511
0.548534647950149
0.509609833848072
0.583843100285126
0.42463612830362
0.519931994012341
0.515317718957456
0.397702744356704
0.533621871886621
0.448650180315348
0.591419967091497
0.559254639883546
0.654264330217863
0.52412163948627
0.57628898373713
0.416856455461267
0.471973345000944
0.356260264392914
0.517074716609651
0.618172354423919
0.526687693023512
0.684647838211818
0.411477822537642
0.451214049168366
0.548824203897759
0.640253931286429
0.403494794326799
0.543905164561582
0.517994525405215
0.478268640233208
0.541772200065626
0.577165223146857
0.584570085796808
0.602418417004752
0.579601240704363
0.596719286074555
0.619617021443395
0.594687539377069
0.544031072784091
0.581760683060244
0.606058716567359
0.456238082250985
0.745033888915643
0.5692857672919
0.499405396464675
0.545033301097503
0.548944494082086
0.541720947373418
0.632789001049995
0.764810827628473
0.514441855635127
0.566077613933866
0.534559644643515
0.52540010335089
0.558552882770449
0.510810287277
0.654982199444837
0.578343257171451
0.718994296223737
0.562708954069099
0.556496014707315
0.730267783656605
0.523225585113549
0.609862917262926
0.510514039025374
0.485155293715491
0.561768300109973
0.505500410432268
0.636974738025976
0.735226015182721
0.71506904489187
0.69875288389317
0.675579024685401
0.611377841561485
0.597501289445767
0.709491448729902
0.538298183748387
0.591220611611279
0.708255573452509
0.595035609611241
0.571892434366763
0.603930873865926
0.714855659051074
0.84822720543623
0.660125959011553
0.677038475996646
0.673550327837711
0.72938331025112
0.586495450468489
0.713212822851506
0.566410809679256
0.704463907095929
0.61416872454859
0.668102157500482
0.649506900774861
0.663705549334364
0.869808539096337
0.538218868475327
0.67984083095428
0.723566151394994
0.775582242301659
0.821873530288512
0.605919713478547
0.713689060439596
0.687933000600564
0.835951490886456
0.691459128182422
0.832459253326569
0.765937950613818
0.696662832602168
0.648402725044071
0.821958344417262
0.729672998792553
0.832679645026604
0.684763255156286
0.73604373563124
0.583409723328387
0.644168753238885
0.753828276371352
0.788229199576593
0.709089868358933
0.815804369238625
0.688230303364265
0.717830606328936
0.810080496721816
0.684223909974783
0.746805427141855
0.653536090876927
0.788154972588724
0.758200207561271
0.655674675242479
0.692714992876541
0.700524436533629
0.658614025189495
0.698693263700587
0.651750405097024
0.662207491445961
0.792193286946299
0.765665438210406
0.751581543495096
0.751865978221109
0.657163142825086
0.640645105484099
0.720875185010747
0.895381339013313
0.854734620252175
0.750418460598728
0.735611056137069
1.00802132027217
0.785731043879017
0.729011411380406
0.680564124343489
0.731062939804022
0.857312481007424
0.827148676400814
0.757157305501759
0.890612659357405
0.796849836131064
0.727153909930378
0.730763079703241
0.792414098725099
0.648873914863224
0.870119447299363
0.598643304328015
0.866462518673864
0.777370881243985
0.949084804219357
0.928008039969045
0.933237664456873
0.897119201918113
0.78084460221084
0.887385942072395
0.719370339112616
0.851045860126707
0.771500278998797
0.833431898273772
0.883118851374706
0.821308422936469
0.693010723676536
0.964650895836687
0.833849862134548
0.867732642363725
0.846786378976805
0.898826667632915
0.877916631561179
0.928157213289717
0.922128058639952
0.807025660266589
0.905785180580992
0.907158145078607
0.869606352888914
0.845871457718131
0.942656206535387
0.947538425426733
0.799038562942506
0.894675595680051
0.852406686356968
0.904281039381833
1.04267382326204
0.836056422641855
0.827759631446405
1.02225075119964
0.939941698733852
0.923356087617462
0.957264205600322
0.976483247148269
0.967215700100599
0.858071235799541
1.02631052452593
0.878512358946239
0.869904813511466
1.02216227832578
0.905289221524897
0.958083951716697
0.877645010849263
0.801539648660582
1.00260447104938
0.912626047601344
1.28715570626443
0.881942582205623
1.05644797602976
1.06139410702318
1.00312965497477
0.880277275740498
0.951911322641149
0.874262088131329
0.884212382457376
0.823427057748389
1.04407965478832
1.1852742273168
0.98854761787461
0.988748224312612
1.04690096056715
0.941430125005644
0.908379196629032
0.983438860001001
1.06239513364542
1.01254060894465
0.989871585397411
0.9673738103948
0.924497513772152
1.07202711433226
0.854653724833827
0.990009393074558
0.924102913280959
0.899151998337469
1.01940388264797
0.776531876602207
0.876040991352729
1.04583889281986
0.975683512001239
1.11210394454403
0.932973025188596
0.922940429637004
