-0.98220846496331
-0.875267629019764
-0.893041011567475
-0.919129915902222
-0.783729565195007
-0.989466952624904
-0.991208229346336
-0.956864688047357
-0.97607179261013
-0.93657260530057
-0.838477948532903
-0.889016719824363
-0.887949222463121
-1.06901399602445
-0.925733855988356
-0.905818439203474
-1.01809890351615
-0.923762900548875
-0.859620958976747
-1.10444084963338
-0.952720025100058
-0.923365452632905
-0.795776830692148
-0.961412782685054
-0.910326772048404
-0.998077050006161
-0.924800716659781
-0.914360581347745
-0.909288297105408
-0.875067279227349
-0.990013339523731
-1.14872751926276
-0.996823847649818
-0.963732996219437
-0.978969083217027
-0.984023115768475
-0.899507513597529
-0.882378610181305
-1.08322615346092
-0.921172267483382
-0.979099514451247
-0.814619995871404
-0.849568126402562
-0.889822611480752
-0.834354949725215
-0.989188386544039
-0.971701319592026
-1.047294513965
-0.917619759869705
-0.843220403555272
-0.906338384431654
-0.932200865361978
-1.0331910682476
-0.943296651699014
-0.693984371296355
-0.799345940148269
-1.02776080149326
-0.839164277251617
-0.900724250778492
-0.795768034438566
-0.799429734247344
-0.960386111655317
-0.691807503549432
-0.993981669787492
-0.984883489192452
-0.797077765055597
-0.78515864646482
-0.871282216122815
-0.857028161841864
-0.845436746712792
-0.813926252737113
-1.04967735377692
-0.943498052898294
-0.822207052549455
-0.879799596347962
-0.762591843058686
-1.03049281548351
-0.777296830346877
-0.777819137062938
-0.763782107218254
-0.785607249349813
-0.939067210310292
-0.753070379496943
-0.761166879572861
-0.910063928123536
-0.867715592647424
-0.66892734664176
-0.817975443159875
-0.764252721357482
-0.791315045005138
-0.945695973323554
-0.601666026462948
-0.781095464051613
-0.847319729551906
-0.710127394593521
-0.789579014069689
-0.857771978063799
-0.892067505271083
-0.887131416466046
-0.60236365782425
-0.865214983441312
-0.714380167300238
-0.739379272637865
-0.758713818608179
-0.978165137962092
-0.913988152452421
-0.791532511943508
-0.673271173188557
-0.706384130592858
-0.911987884178988
-0.608511789155997
-0.702284720259885
-0.772089193366752
-0.776657648917716
-0.825562601705305
-0.77386012225936
-0.736604880071733
-0.757637037466857
-0.819411306836575
-0.882842769631588
-0.736044583379047
-0.788162620819599
-0.776211441563016
-0.951544613121939
-0.775984684342435
-0.820097887743179
-0.751420933419224
-0.749272898631886
-0.640203946062357
-0.803808729437095
-0.761786356830896
-0.625312798366966
-0.938391995712962
-0.73190615992805
-0.73155927220037
-0.83529178279353
-0.550948675989217
-0.656300885103056
-0.812304604510921
-0.700510365722301
-0.780274233219009
-0.720157430243305
-0.743293752410946
-0.7300595906299
-0.721548460238927
-0.737115755309805
-0.488593401629946
-0.700099067076692
-0.763847899850883
-0.695562625881454
-0.663146882207689
-0.564429750966377
-0.713022547144154
-0.88436124637008
-0.618824261999771
-0.643309847971112
-0.598468754851639
-0.631119355267621
-0.788376655466839
-0.721745535688359
-0.769803166972536
-0.639565736171167
-0.575591922816378
-0.583564930900512
-0.664182350269961
-0.671709967110035
-0.699216761857595
-0.699357430314436
-0.607918218377709
-0.658914636349204
-0.528912906215132
-0.630040884858778
-0.60813941221162
-0.663144801697155
-0.6379522887401
-0.761273809817939
-0.483616305053305
-0.60894099092423
-0.687137312390469
-0.530516873049551
-0.677968631864652
-0.664103501741462
-0.617367663438358
-0.67430999805595
-0.551252096850324
-0.69273361866192
-0.747971730061424
-0.442030347250834
-0.51956938733169
-0.527129915403298
-0.620190235087659
-0.66193344587959
-0.656409751065352
-0.628962841596831
-0.533209462607095
-0.69787436695861
-0.691398427419519
-0.626580759752959
-0.624058237600225
-0.678321832515165
-0.664919695676546
-0.538696104172262
-0.629510047852722
-0.449421171656431
-0.671593197897105
-0.630200635401142
-0.559820370796324
-0.682786992529521
-0.565969543017754
-0.536813762148028
-0.479587918119088
-0.436097048825135
-0.44020415542315
-0.522751061042542
-0.558451911677501
-0.726598913194744
-0.475215369278625
-0.505335249453062
-0.469078062891222
-0.646612118300702
-0.688344023321792
-0.494116739775576
-0.622439768829092
-0.572623668558968
-0.545257062868032
-0.551356316602926
-0.533871080198745
-0.627604040314199
-0.643619444016293
-0.559164042158866
-0.392191510854234
-0.525371082296563
-0.371246210433032
-0.576536220766496
-0.526461762349269
-0.559891909111486
-0.390474175266928
-0.721428820880167
-0.650926992958631
-0.519883035685223
-0.63068057523454
-0.530294169048707
-0.499584932053818
-0.478527875688565
-0.493787298682521
-0.558705692495091
-0.371705945450636
-0.516017995883663
-0.455824139261912
-0.331617363648235
-0.562920821264476
-0.441191263244947
-0.459604106762908
-0.383949862103781
-0.605432793116391
-0.495643852256535
-0.56543282875054
-0.447915715291461
-0.656509234937488
-0.590013078338303
-0.413886371360673
-0.450058719677337
-0.54858159592784
-0.407882285470276
-0.426276032885038
-0.543101986141881
-0.524526635723349
-0.37679090150709
-0.685949634081348
-0.498104824991234
-0.509483409893956
-0.423277878705461
-0.441342723225385
-0.435132041146837
-0.376763002298483
-0.406047395796047
-0.529156636078544
-0.405945732815952
-0.537797053287368
-0.641414496384799
-0.405491795651528
-0.490699541643766
-0.422900876621667
-0.38081014144671
-0.480746222138527
-0.506832520174182
-0.476706633636753
-0.43205857022861
-0.469355131579896
-0.581887170270203
-0.377008041931208
-0.414000609188593
-0.488121438993939
-0.470063975198379
-0.473824445431059
-0.319347058795602
-0.567050577167193
-0.253641756981785
-0.395104211041735
-0.4678749668738
-0.398138645834205
-0.449425078668092
-0.549527323145469
-0.334646179906839
-0.41397941776014
-0.416295997111264
-0.302825580419511
-0.564568772649775
-0.388773211463174
-0.39446687732188
-0.367648350141733
-0.412032510561532
-0.460623489756834
-0.356498870519956
-0.357426321445704
-0.389436085330387
-0.429790704843985
-0.408255536824286
-0.382861231039563
-0.337898797481954
-0.377478069892891
-0.416212929384127
-0.321187561112891
-0.391430289817605
-0.387350656037918
-0.578328603867824
-0.349448235214458
-0.268650355311601
-0.375801282789311
-0.33315114236116
-0.390822391360982
-0.403060383228157
-0.403507604323755
-0.436166053449189
-0.448604437071469
-0.445534224325529
-0.302191319592616
-0.298401261492231
-0.414253144769416
-0.414334490017252
-0.284534188190118
-0.16862718608066
-0.530119215923672
-0.250080422407067
-0.300074445918895
-0.227765312831372
-0.149803011152016
-0.25421302570016
-0.3141492530883
-0.33172375731115
-0.368505650725939
-0.339659853331981
-0.338075440157826
-0.141595895838187
-0.390889735469508
-0.468524588387588
-0.333827372043689
-0.316855264462975
-0.337266211462229
-0.370222397400094
-0.132021987164669
-0.405586494005284
-0.351504489823428
-0.368922729272408
-0.192568703791976
-0.3176396114201
-0.287990886420954
-0.277480488495226
-0.327101514899429
-0.297901393981312
-0.135118526566664
-0.290435947078395
-0.227803077902317
-0.307564207090979
-0.373600403999584
-0.238875905221848
-0.279162713764557
-0.290643776419647
-0.215909578651521
-0.303662697669118
-0.20543563729784
-0.0673617660857474
-0.0939174279278052
-0.154216844273618
-0.332016258372906
-0.220044603299729
-0.190043499340341
-0.196688379910061
-0.0759226672670736
-0.252116121710157
-0.211034750685998
-0.264237484866139
-0.224460403725639
-0.223535599323019
-0.214663115677815
-0.232689794849627
-0.224943512462301
-0.227782913959449
-0.23684232202399
-0.0727612952767042
-0.314273462697663
-0.250601321073449
-0.199870827744917
-0.21739423079687
-0.209426663219647
-0.193943285121536
-0.133512333514999
-0.421642274905533
-0.22382705963905
-0.19081458356925
-0.149851562955554
-0.153922759712836
-0.217610409700416
-0.203178326561065
-0.139335402973823
-0.117210666635164
-0.21452394375696
-0.229674222348189
-0.138685497070724
-0.215042498972097
-0.194128407622791
-0.0856564688449233
-0.124098659468751
-0.145288284111148
-0.11407885145908
-0.15868953160621
0.0426554458422857
-0.273271317242953
-0.234156335190714
-0.131925144603702
-0.0833217214716072
-0.203896534575125
-0.167958261411602
0.0867654623871507
-0.0641389898341157
-0.223745249595323
-0.189945154686579
-0.141814121815259
-0.0654486331043111
-0.161081517337959
-0.167660570916198
-0.192796388421502
-0.0428670496949573
-0.0162020191614354
-0.00705307583576461
-0.178860182583113
0.013576354448209
0.0115977313327615
-0.0960987463695984
-0.169992028961325
-0.180375047780127
-0.128255227519533
-0.0234609053227303
-0.0917736283785522
0.0812625888602722
-0.115042489407942
-0.146593066493283
0.0216480621609812
-0.0593454512737309
-0.0672201824924731
-0.0211952965355019
-0.134368235131626
-0.207003731754492
-0.0660029185492618
-0.161710556276199
-0.0579492139447297
-0.0769020496114799
-0.212990458637598
-0.0627105451519927
-0.197411622396986
-0.0123230802518106
-0.03024295618708
-0.036830043076188
-0.143862743060019
-0.0669706123540241
0.0134870871754044
-0.0936839810346305
-0.0105240620424792
0.0705616449374401
0.0196529157448525
-0.0715258612959501
0.0397331238897404
-0.121795660198318
0.00993460504423579
-0.0105516490730502
0.120693781383741
-0.159988795327176
0.00991592603995824
-0.0660663360145106
-0.0736226289772747
0.0296637026536887
0.0374792963003838
-0.0610976201972859
0.00798326655487662
0.0366295265122889
-0.095231092560499
0.118227987931089
-0.057487950174633
0.0811411485653972
-0.0184018958509444
-0.0158594853932277
-0.0269778636039529
0.154324891714756
0.0412369358874466
0.0237701893504072
-0.192361759324758
-0.0554114042248974
0.0711217955388487
0.0237501417797936
-0.0477641855072605
0.0646939056158638
0.0475430562249001
0.068422581245904
0.124206331925089
0.00499665767873127
0.136557478206423
-0.0331909562814839
-0.026773344039017
0.131248241250456
0.0889716983535628
-0.0268443573001809
0.0478124028415168
0.159740455604126
0.107457976250871
0.0422314960738948
0.164948661502451
0.0152353476198699
-0.0232121114491633
0.0029260458447189
0.0773754209972441
0.0679528063617315
0.128407188781753
0.238608307451785
0.240243205631322
-0.0888691196691839
0.179054826145716
-0.0287494540105766
0.00843476929014277
0.11522412084112
0.173603627378623
0.0182850054224712
0.240478570395244
-0.000173936365573923
0.0336994891444966
-0.0984622362049555
0.147562434181396
0.176851346453888
0.141632467711564
0.050122924669935
0.0889754645088761
-0.0753188284107224
-0.0144732459668236
0.0712126439703192
0.250171822950429
0.10426246652435
-0.00839647884978098
0.240269935541439
0.0725261916482822
0.0824638230417872
0.240975556732454
0.123721339868788
0.17076607450276
-0.0208526570567803
0.0559829381191403
0.0500243224277875
0.223912047055425
0.0880097399711817
0.17626805081246
0.0279806048715177
0.140141101500296
0.267982029122662
0.081293303675631
0.0790184591277303
0.217915784284613
0.229752358756779
0.119733232920845
0.158240471245471
0.12094389011697
0.115303655829959
0.1821973662929
0.220069363707038
0.205020242420347
0.0893707762862117
0.126375548276935
0.0890033285251371
0.0677913892163049
0.180613765815446
0.265135252301581
0.21246075526346
0.193438901708802
0.0456831817813024
0.218982470467563
0.180289050408907
0.166684587425676
0.160139371129249
0.0814548044474082
0.228370164226376
0.226157497834958
0.320585897268787
0.278026966875441
0.262867118737754
0.154331975329258
0.144223959623181
0.152110858819821
0.126811434108322
0.309163097699272
0.194966133651151
0.324598490720967
0.327027442180805
0.370103439480557
0.131883800766395
0.228731412483693
0.260726025803013
0.250310008656533
0.0977720216129904
0.243422909482967
0.185381897818047
0.0657988423525742
0.27845553626306
0.117132148522924
0.164124552526568
0.255919863901736
0.27120620417394
0.303282444664256
0.41490999952774
0.102243530489792
0.329056287274483
0.29531492355616
0.18484901079301
0.128395167403673
0.193673425237677
0.235455904774404
0.240266751518667
0.337886840720982
0.237568532058631
0.280535899313614
0.407406848177272
0.263844921567469
0.146911574353505
0.201420591335845
0.184362800458726
0.315229070184265
0.256221312993928
0.352715949548846
0.225047525429501
0.302802429086718
0.291031044658847
0.127041429000671
0.27448458511165
0.303148331146483
0.35320721737893
0.164306138823626
0.296727336604989
0.263870505165911
0.460230363509525
0.368719284015731
0.374502897695817
0.53121783653927
0.344051983933242
0.30212533830175
0.244215260912648
0.347084098856235
0.458961570311172
0.289502755258889
0.17057432232122
0.388554773893312
0.393510122654478
0.367106046768912
0.304946482589099
0.214385088301446
0.252013170355623
0.361164665083398
0.334470085603993
0.257410422695875
0.331602793569101
0.489775162997355
0.465200258521836
0.264249672473094
0.295671949266793
0.313975115165504
0.238453066787289
0.370413773355832
0.238896192019501
0.443974350926053
0.359266590320188
0.334646991252498
0.416789413776378
0.411826420740006
0.39013624047471
0.450894959052871
0.540738773363044
0.438457498077348
0.29127105055798
0.358170165718667
0.365593706662202
0.432942283522508
0.325310126205779
0.23191428854421
0.293231024547058
0.441950883191221
0.389212640315572
0.434250765678101
0.451213890323953
0.4450063207719
0.349613553166417
0.464063318880339
0.267190938655546
0.427679775430019
0.390977600726381
0.600543305026203
0.555712229263609
0.398854753098254
0.272206233273616
0.356872263913138
0.460894108938771
0.423217556825711
0.398977418530129
0.386202648975766
0.464205481112609
0.578554466892361
0.466867730979988
0.527380365060742
0.453029848818543
0.271958231775937
0.539347816868053
0.54415119093359
0.496036729478622
0.426840186398718
0.29526380844915
0.294596694281066
0.39441948050769
0.495757767024088
0.453749052097833
0.443767681926443
0.349399435855993
0.369739926446251
0.441502363229592
0.539543520183713
0.502686162736964
0.328546915364243
0.497818705190073
0.375760488270329
0.375903385033014
0.380377391495938
0.540825479382383
0.559288227471397
0.293062549340821
0.386848107929208
0.537498498263664
0.539838776149207
0.456266459575454
0.506544044550674
0.457582142237869
0.45511850235314
0.626324885180493
0.373822730835508
0.653577909216046
0.503607576485212
0.371242762173184
0.44137807503339
0.609356493382424
0.582473879183782
0.52610361906646
0.486320452347832
0.50117692787165
0.612980168614588
0.564387807477784
0.618008588562072
0.582280849902913
0.585474421058584
0.497953895377786
0.506747406901868
0.501755157866321
0.495183213725717
0.748731440051119
0.617548066810572
0.481777773941494
0.400440911422364
0.521565672952893
0.653068769012472
0.519937128428102
0.651898916656562
0.474516883297073
0.55829052060768
0.736473558751914
0.590708976140482
0.585859282005815
0.681233628825417
0.614443403987517
0.53725688081238
0.762646083839365
0.484951876707881
0.638749526341333
0.525227475678074
0.578540506539962
0.570564721521125
0.655610777949197
0.63663914230839
0.607708564708134
0.544052324028168
0.610319397875404
0.478787591272501
0.580651926222937
0.719253513596671
0.607680352690909
0.592255198945754
0.554822181072352
0.504911194885022
0.663433013741387
0.594706322059266
0.804994590774167
0.634513416890449
0.487399219758439
0.624101632679089
0.584294642935148
0.714110731927561
0.572707213699891
0.708083247071944
0.640371087399202
0.782689891843588
0.669203712353823
0.738206744732961
0.669634740800157
0.725330644338878
0.647204900837749
0.563278951251943
0.754061246782939
0.60364788350943
0.675679728308606
0.793204496515391
0.749650026529076
0.728193278170834
0.709189659094095
0.63910250875224
0.49866810416479
0.745141212938508
0.595273663792816
0.58751742552424
0.804691831703647
0.691715886000627
0.525639793642362
0.538434688397142
0.800069652577542
0.503674781264865
0.692732347382636
0.618390894948376
0.862772401339268
0.734370976429497
0.68293050954447
0.714339836199944
0.711019405910226
0.749531176557224
0.862026770247163
0.64137312222295
0.743412471137779
0.848884161608749
0.879487522259031
0.735599828339748
0.77933337064106
0.808340824565191
0.683407116926858
0.819683130776127
0.697364030635515
0.668453311543121
0.701391757936445
0.812152573013354
0.798480727199292
0.672639753456698
0.766006349020288
0.733189117332018
0.7183986385988
0.697366024216906
0.677668251145264
0.886381698273806
0.84146259386709
0.727456997250716
0.800389913921651
0.783534377989404
0.716705538595841
0.777199134246137
0.799700241676814
0.762226080099896
0.873493007645471
0.8125879595163
0.894443467080415
0.841060735509096
0.67466154289327
0.802482236211823
0.823879203672219
0.734645098518726
0.877985899734531
0.712840821579965
0.903434918198967
0.860073810705052
0.947341571309049
0.893562603779429
0.837182597774578
0.722116377952789
0.736420925902063
0.748639144721046
0.854595017612056
0.858767126876849
0.749415703468822
0.886096470829916
0.749105812889672
0.935567557345134
0.883603507110231
0.70805633479231
0.908361885975248
0.744445377627736
0.682106004034113
0.73545714666764
0.758844453636547
0.972241475152702
0.987442976264775
0.914365535076225
0.801522381059056
0.779818615217562
0.728087023611512
0.967427307554324
0.826267256673694
0.870073908429677
0.825250083409233
0.846951733977977
0.770811577009421
0.861903524694863
0.86678434113812
0.805481580526765
0.803308151813141
0.988702407579716
0.73647886923773
1.00607946335713
0.880603020972102
0.8103303434832
0.797056423394809
0.696311042775855
0.726623166061717
0.891883954590072
0.881895224470966
0.891956604867557
1.00410732014631
0.859326763005628
0.895997982128659
0.963354347619591
0.834053031483563
0.776068915160957
0.900711286102946
0.890613878348064
0.947109161309468
0.971392823153454
0.978319819497184
1.06580179234476
0.984444162449042
0.964997718333969
0.884948653934838
0.974191040731024
0.978741718027305
0.892446418213963
1.01719579625364
0.831601042665953
1.1460425070716
0.99236634083331
0.780003125570783
0.982848667136259
0.892496443226846
0.748136233811938
0.887206426052204
0.948780301370325
0.914203817832346
0.818977428666197
1.03933831647755
0.980342463705805
1.01252557490563
0.938550570021389
1.09552061239178
0.800892253298069
0.983317830131806
0.883633667083486
0.860128036438783
0.863254406017053
1.08804700748953
0.901629998475724
0.971810000490692
1.0047490509758
0.899706791844018
0.95499660107436
1.07575092312824
0.949574294174076
0.93140750272249
0.936293595181231
1.00050640752621
1.07577760231441
0.995655955697452
1.04236264935332
0.914990579922452
0.984334584043899
1.04385643353885
1.0072985680417
1.04772684606133
1.01001403693747
