-1.00928360928756
-0.865546279913503
-0.895943924675889
-0.90405942413015
-0.776520550582493
-0.981725294351297
-0.984790686138647
-0.960191400531101
-0.971489827838656
-0.931874206753658
-0.824240379631539
-0.896030279680123
-0.895650810626715
-1.07278819744205
-0.922537500098813
-0.932614886514864
-1.03368154011621
-0.919848676334309
-0.850752786316861
-1.08618913677578
-0.935686434629144
-0.953236686595545
-0.809582669224266
-0.945611166712081
-0.910793248330389
-1.00276989715558
-0.898015559252303
-0.926409462699645
-0.920154140810764
-0.881879181218457
-0.990940192058399
-1.16230399347782
-1.01817007555665
-0.940399144898864
-0.978567512831131
-1.00487083933978
-0.931408754891426
-0.887250714615981
-1.08923355228488
-0.918291992931957
-0.996211759392877
-0.821521462622683
-0.867352469887121
-0.877875496134394
-0.838466464844059
-0.990831284163494
-0.97931899131376
-1.03476186442295
-0.934220442450779
-0.832628096642818
-0.915655061672537
-0.933622181732177
-1.04747369329247
-0.939794756954166
-0.684792498885665
-0.787648837747126
-0.996831801736249
-0.848759143866044
-0.905801870246954
-0.792987169041905
-0.800497633840804
-0.94932576946611
-0.669809426329041
-0.999183291578788
-1.0016099723449
-0.799372793929813
-0.790693138265451
-0.875650694821189
-0.878307097371238
-0.873626458700094
-0.804313992161064
-1.05024632797728
-0.947859398949697
-0.831768290598992
-0.881959469133037
-0.754077344097125
-1.02786061340675
-0.756861217104245
-0.775219929775821
-0.774300717743538
-0.769766335806533
-0.947207216923021
-0.730285716512415
-0.785983080925876
-0.895434455339926
-0.856388969669805
-0.660863152083673
-0.840567576313824
-0.795577496564742
-0.78265638109909
-0.962799128932141
-0.594102729341165
-0.780824043568828
-0.831158106054371
-0.712942615338627
-0.808062437245275
-0.876986496751261
-0.894852011629301
-0.86761079838893
-0.598556401900247
-0.876439181608737
-0.717724886268217
-0.715202273645452
-0.757980214077588
-0.990020165788464
-0.92026062422797
-0.788320462922326
-0.688936490115281
-0.703763428110376
-0.916419024673859
-0.613612157354096
-0.700803884103024
-0.759885119384482
-0.788943503299359
-0.828308234082988
-0.765226865782699
-0.764256512431176
-0.75022778904927
-0.819395721720826
-0.865832483119615
-0.712005470152374
-0.80629133006996
-0.773689814285742
-0.954665310877359
-0.775224980212849
-0.790654489749574
-0.736735302417028
-0.768813367321044
-0.67667848140215
-0.823859191603251
-0.764817737059573
-0.624785084783669
-0.965443017696984
-0.718395031388525
-0.702405621286541
-0.815670544498863
-0.550465178582516
-0.663223264078958
-0.833987256398105
-0.695866391968971
-0.789898198072531
-0.707389628612883
-0.738136608834788
-0.723555284935983
-0.737212751317356
-0.722356178438107
-0.482236624472175
-0.715427942066157
-0.762880349348265
-0.695124591958569
-0.66055385343504
-0.570138174072142
-0.71606625765639
-0.875996638335744
-0.620470942318799
-0.652659831918852
-0.574591125244717
-0.629428929040202
-0.793031360907705
-0.728339561235594
-0.769853014348098
-0.641493137636968
-0.573585358785435
-0.607283889900452
-0.681531764109936
-0.665866806217166
-0.708828123857379
-0.708745320456951
-0.613811269962228
-0.655507687890692
-0.531278739807428
-0.608543731627421
-0.597523204231786
-0.67586411852226
-0.644167078256682
-0.755328892016281
-0.50457726287126
-0.606450185865072
-0.687082522848996
-0.533936554086527
-0.657635199439246
-0.679211645855655
-0.616603768843405
-0.678031094601173
-0.541222582840866
-0.685065462923459
-0.772694955870209
-0.435270121974767
-0.520338673953123
-0.555813061075958
-0.627572073461754
-0.678135099187685
-0.646037147939651
-0.623250229549137
-0.556275502397004
-0.694914439879695
-0.694807828511224
-0.609700446826063
-0.643492942811251
-0.692539448182234
-0.665278672033155
-0.539985263177884
-0.626958484452494
-0.430535836342846
-0.662932563807187
-0.608697300147665
-0.548672309196169
-0.697524261026063
-0.569326723732744
-0.523048420243503
-0.487569367943527
-0.425388687299234
-0.455777996010309
-0.538273839825494
-0.561968416558591
-0.733145895622576
-0.474646071343979
-0.515513332958557
-0.466573347067154
-0.671405060483621
-0.696092587670951
-0.478652054361739
-0.619838331072692
-0.566678922099935
-0.554524817451922
-0.571522869005822
-0.524141089636979
-0.635688393830642
-0.615549985443458
-0.553099247143169
-0.417130293745398
-0.502466739017612
-0.376373198629526
-0.556723611252355
-0.523131913112336
-0.576638691403235
-0.383914163992448
-0.719237570853866
-0.661076431140078
-0.528794358271048
-0.595854640281091
-0.544513893797254
-0.497617285347406
-0.479414324002365
-0.500047594366632
-0.575148609226174
-0.380241425387077
-0.509823299804848
-0.442714103239197
-0.34457605897223
-0.587630040255302
-0.42711389560648
-0.439753854128671
-0.421648819903498
-0.593015237883336
-0.511766406489
-0.562677272652101
-0.455694218176858
-0.656145800978266
-0.577752987583082
-0.429840711226405
-0.441581381308198
-0.572684127309961
-0.424481853214743
-0.42224583151282
-0.523725266754738
-0.528000594257501
-0.374246025394382
-0.648803256793256
-0.519634213360824
-0.499389412459267
-0.424177681331578
-0.439809024125249
-0.405906386892639
-0.378935611273376
-0.40270339423009
-0.53300985635603
-0.406519195533243
-0.531960788352061
-0.657970525984547
-0.39219656985469
-0.501323206393693
-0.440423012573179
-0.390228097521366
-0.471546100924428
-0.520219768340832
-0.48898590572579
-0.457847775375883
-0.465434409787828
-0.592806122744797
-0.384733766081268
-0.40647587037418
-0.487016663046188
-0.455707447666833
-0.469843842858321
-0.327019584726813
-0.561703905660504
-0.23013385879977
-0.401017047761222
-0.458503621937063
-0.409727292289583
-0.431758954612716
-0.555197450331217
-0.346662926738283
-0.426004842970219
-0.438880895609181
-0.289937744167963
-0.542633071794881
-0.390312867210844
-0.425454466844931
-0.380819294707131
-0.400402085008117
-0.452590168059424
-0.358847058401639
-0.369643479683372
-0.399226408672582
-0.413574440583626
-0.394659608539614
-0.389281167877259
-0.353165873497161
-0.384448368406164
-0.411987873883541
-0.311111962473982
-0.372044162194477
-0.378852631631654
-0.596966513335295
-0.348302432844398
-0.275364604692501
-0.39453105985756
-0.322405121370183
-0.398292315613344
-0.372636939424801
-0.409964083590712
-0.451598086709473
-0.443591131124815
-0.451218579956586
-0.315139582860237
-0.309701671558919
-0.410524794893015
-0.412538271414495
-0.300573561933871
-0.190717822465517
-0.52752143094615
-0.25599512151204
-0.334816731187633
-0.214732202973655
-0.14772671345462
-0.253768139882064
-0.286530475270063
-0.307949607279624
-0.354409908294191
-0.336449346822891
-0.326952578842889
-0.15776645598806
-0.400285830669345
-0.477013833575399
-0.339157581242104
-0.287148940475048
-0.328805189680103
-0.395432688946981
-0.143831817277508
-0.36869037503823
-0.37062440141476
-0.385034162097189
-0.185693035961589
-0.275361924819127
-0.274800776205568
-0.286477069562389
-0.345041707253816
-0.29984442082482
-0.141942545661812
-0.299302035372811
-0.236306751123211
-0.310550939109147
-0.375304856964705
-0.248977722554041
-0.280382132595059
-0.280007989194608
-0.215782103461723
-0.313198835464607
-0.215554467273958
-0.093713600050093
-0.0991682029161469
-0.170321834035494
-0.33105354918586
-0.228364945843783
-0.182832574247062
-0.183956956758469
-0.0765686193839609
-0.237100725723752
-0.222234846437731
-0.286989431646593
-0.209077159895418
-0.240700311544506
-0.237857128445564
-0.237461627907332
-0.208300899378299
-0.228567179202291
-0.230275716085315
-0.0716212638241033
-0.29312343830579
-0.234023504459893
-0.186134759749286
-0.213186138710639
-0.220570584291463
-0.185344772438708
-0.136089524531251
-0.417124255224046
-0.207250907141774
-0.178179439356333
-0.149140464630439
-0.155639871222313
-0.234878536598099
-0.192486177335644
-0.125967699303997
-0.138456410393831
-0.218214705263267
-0.220979761349376
-0.1352636422704
-0.227554593676603
-0.203876316806737
-0.087005751765182
-0.112427085995075
-0.164127624477913
-0.114071951573027
-0.186948466023628
0.0419546579004893
-0.274716720816827
-0.226623054833856
-0.128653258128742
-0.10508907920005
-0.19819889134926
-0.151631769616444
0.0688842198138391
-0.0750558486843824
-0.212276508046729
-0.198006518779821
-0.146177330433938
-0.0446448455301015
-0.171575000524959
-0.150854798163472
-0.190677614217521
-0.0401609264272154
-0.0116523222931649
0.00451951154749189
-0.163276837875866
0.0255497628573431
0.0274180388265497
-0.120247795847345
-0.165602106168626
-0.165562424721446
-0.128810973644524
-0.0474587877566756
-0.0886827857700637
0.0841720107502127
-0.11606513775481
-0.126711511555944
0.0120781876990225
-0.0562193386564945
-0.0890202412504247
-0.0583166521793588
-0.123370626413039
-0.213497463155378
-0.0729121581333459
-0.167644470735316
-0.07306151009753
-0.0386383277945423
-0.223593070210295
-0.0471328370551824
-0.187017308499858
-0.0173928282492783
-0.0369110780232837
-0.0424244299127022
-0.146326156776556
-0.0538175568391528
0.0235425040094116
-0.0866424492250469
-0.0377326213009641
0.0769704231037232
0.000697323085214798
-0.0737130936398779
0.0268830491272934
-0.114402185811436
0.0230549098866703
-0.0284549413645357
0.10009555765381
-0.146805951511751
0.0118879212767085
-0.0776944262565688
-0.0642095626245662
0.0487922285177933
0.0513243555204149
-0.0684759031930675
0.0161801132978535
0.0435758641874698
-0.104632334578809
0.143345973238722
-0.0476724591930259
0.115822429432468
-0.0209816607571816
-0.0242360573119809
-0.0359867653427135
0.14429998712138
0.033369002041934
0.0197617471545913
-0.199249173537111
-0.0635726400611719
0.0785998524218709
-0.0143341903612191
-0.033782878378284
0.0745466901439128
0.0676114536588541
0.089593940240913
0.151977983138829
0.0210801587764153
0.117760779640011
-0.0354188883584954
-0.0079048851783521
0.121040298708786
0.10274146096636
-0.0478252751892868
0.0380658308785734
0.148001996971793
0.114544473727776
0.0510843729097942
0.154909589387374
0.00871529803028063
-0.0330308706305155
0.0100410990296851
0.0752473865184295
0.0467466494919315
0.118363782864454
0.215675312300554
0.254427870586621
-0.090927308236249
0.184634949286034
-0.0219538132043232
-0.0261600067406299
0.102015438009766
0.182431396462517
0.0351604385792031
0.229411847835273
0.00991440622664533
0.0388942568913664
-0.0873527525196539
0.152831509213317
0.172531084536737
0.113863079854445
0.0371745182628162
0.0913996690256784
-0.0617545311990292
-0.00169212516404987
0.0586401330916842
0.228137500247792
0.127365626909747
-0.0362892109393023
0.237994926707444
0.0580676716252425
0.0677346865712538
0.2270957870148
0.135492104009493
0.172412136638075
-0.02190972810723
0.0373314724382072
0.0438407903495472
0.213599491397213
0.073001966165074
0.194670767055856
-0.0174106690958659
0.139899518345362
0.23069972212026
0.0935779170608212
0.097414159043448
0.213824316241824
0.231485227004831
0.117928282991828
0.150747104979279
0.130322393571819
0.118975085847651
0.174936003117303
0.219376731891159
0.214565815917408
0.0797502469976154
0.156841634481449
0.117708230695358
0.0827145388624398
0.175631599277619
0.262420905189908
0.220362085787044
0.191090539143675
0.0406062939397968
0.226098795429781
0.18808151478557
0.181327659766243
0.167663674061118
0.0886442679700127
0.20093491650737
0.201349174321687
0.287978912775992
0.271589901751441
0.257732396988435
0.163992226263879
0.158841825769929
0.1452215335102
0.117537705925694
0.308599171065996
0.196326484812484
0.306393798207728
0.330475689768328
0.375113289097002
0.141095675584689
0.198179513550161
0.261980870804602
0.238675410878555
0.116961215818874
0.252236959534682
0.170960998378937
0.0634580598883386
0.29477413537734
0.114555800171844
0.142104589016531
0.249057332971174
0.276075434258493
0.28563324107082
0.409926612424619
0.101395471210094
0.306157182191201
0.294625771177397
0.203311826469007
0.129988697568628
0.210051480802788
0.25613636663749
0.247890873228974
0.319330064002886
0.210829658563193
0.286811776255507
0.416975882010882
0.26220661171003
0.131313115657549
0.185166938027765
0.185615280920646
0.314935451949864
0.255921820635978
0.337032433466335
0.231108232778304
0.321753273926054
0.294700052028724
0.121679003863055
0.26483757103882
0.317307797733411
0.333197937471127
0.145093177401346
0.285736785529172
0.252087457861554
0.457168109101578
0.349034666764064
0.381219012097463
0.534559813853781
0.368710590883819
0.305496652746224
0.23618003578313
0.355181938473629
0.465265154227112
0.281248544849644
0.17789685100874
0.389591038428026
0.38631279901962
0.354279809387956
0.320122457823586
0.208495459919488
0.247924305355347
0.369294078433452
0.351585805450693
0.279821479634374
0.318161470652007
0.489929416097565
0.486966540517429
0.274792487252112
0.289498078660335
0.308218519744559
0.25029300893762
0.366162835098086
0.244065334112498
0.438507128760304
0.343440159993354
0.354840081664694
0.433810589532862
0.422342312171293
0.408345444938824
0.474073244410762
0.517536945501628
0.422549039941669
0.284069656223469
0.354211772881837
0.396597020133784
0.426211560918123
0.335894460349284
0.23028484882809
0.303996976515722
0.42098640822827
0.373485014482892
0.430256879381649
0.439944173909768
0.452491811948658
0.355024367271364
0.453860377737737
0.266564255825861
0.431754806907014
0.377241246832401
0.600220588829661
0.535908910432386
0.394153024623397
0.280192223071125
0.353135033275215
0.461679382076854
0.412143068887033
0.396490537280076
0.408389346996668
0.465058453944993
0.581850571966529
0.471689200436143
0.537532364449574
0.459918970406901
0.281980631290661
0.538763242897264
0.55404498214476
0.490808500186718
0.431214938116465
0.277253609878108
0.300519189935463
0.393916172055665
0.499661167812514
0.458330461479022
0.445456135669129
0.344850515693679
0.365264792585962
0.458682235928019
0.546224378692458
0.49298255784064
0.336069717823198
0.480715950416364
0.389473805993577
0.383585050268062
0.387250549415499
0.535457567340503
0.577006576431059
0.303306673682342
0.405099570416742
0.526863813837773
0.538399016950371
0.482538323347786
0.523773531230509
0.441825411137782
0.440858811604877
0.620508964846893
0.382573281312099
0.638839592797918
0.516917680499191
0.369057043871327
0.459238980825676
0.599888772314828
0.582517004510685
0.527762034884831
0.494461246847082
0.502477052513407
0.603322250414683
0.566400242322269
0.632944504250673
0.580059905996689
0.585601499483691
0.483142167489425
0.501892294379753
0.507879771584795
0.505354111744465
0.784171224228455
0.610280298809205
0.50067400718677
0.405983526734301
0.519787987683581
0.666105428161205
0.534165828194461
0.639242730421001
0.462143420508801
0.578464953875352
0.73656637223467
0.598041049012471
0.590999561966844
0.676651209916795
0.623611581380385
0.566240588537097
0.766010357981476
0.504451687192701
0.62220662369726
0.529504541358173
0.570189318712723
0.560106944294548
0.665549485217314
0.629244734796668
0.608683878782389
0.555981237675741
0.590310092063541
0.480710307774176
0.596453651806457
0.70681562028418
0.609950259969278
0.583519088127676
0.540787821114784
0.515021120020954
0.660071958773134
0.5680316463159
0.80514642555904
0.625498617604747
0.500455360899927
0.608883777058929
0.595748156989464
0.713259827418237
0.585299930366778
0.695906688759122
0.641994204825109
0.779331604248804
0.665871782852405
0.715976985669154
0.66118213524916
0.73428279185292
0.631919961878978
0.556115615392529
0.755898008933399
0.604186074503432
0.690065245693259
0.794434348051017
0.755879796209411
0.713269310693321
0.732074207551366
0.618299214173054
0.506414773678017
0.740478518497465
0.599746428543971
0.58026007739536
0.802336919298113
0.693070208055502
0.553263350590902
0.541596880162144
0.79382264585526
0.541764285361897
0.710657769904777
0.609076545694452
0.877306747616602
0.76809665572267
0.689260575030356
0.718267684360447
0.681307741704516
0.748176741894709
0.837497204215151
0.645767345182678
0.731605132819912
0.841105861775207
0.877981873624064
0.704260087835286
0.791276695573173
0.817132026203661
0.691865566337991
0.832237601929235
0.713629035570594
0.681306840372456
0.713105593026691
0.813224408797257
0.808104854419374
0.667933602360437
0.762813972050637
0.717665905372637
0.712228849926783
0.689118777538517
0.705962154653063
0.87618461648053
0.838181540821005
0.725485033764896
0.76836905171852
0.818325713448835
0.740890416440393
0.776695241187513
0.823117675078249
0.763705902791836
0.85386234517809
0.829507772579834
0.878137301721844
0.861625033931539
0.665085951731953
0.801535962492223
0.829042808800386
0.723046858162169
0.888139373027834
0.728412776879067
0.896300940707655
0.845387803217842
0.957515091693134
0.871413259257234
0.849678217518994
0.750894770781166
0.729642825184425
0.744703981058672
0.861977802981498
0.8702568426808
0.734085267105027
0.881065485222601
0.751919481912331
0.927365462093323
0.902709836227161
0.692984199520549
0.889919334258676
0.747414745023277
0.684088277884611
0.729926231825884
0.780065658803358
0.946390427107625
0.977097553250507
0.927011296410757
0.786235722463616
0.788604096324129
0.754217229874515
0.975800854055924
0.822460610709426
0.881196823277793
0.797074369912374
0.862316949354035
0.782307499250852
0.864481077483537
0.853730998782527
0.814778451417603
0.792817984200953
0.980071008899233
0.756096725032638
0.977447568641197
0.882818079244436
0.825484798913947
0.817765012025201
0.730700427026048
0.742459931203213
0.892499145572547
0.87279024737995
0.876157312244469
1.00074965639581
0.876663118964449
0.90864531331723
0.970677593694419
0.86194280395408
0.772355886220076
0.910794950479174
0.897419725971484
0.944032873318413
0.984189080144431
0.976145165412566
1.05742010418753
0.998737088981873
0.97262611661725
0.888802323019469
0.988310948788401
0.996057705985377
0.904446479109013
1.0204197425568
0.851233428662349
1.14936682423242
0.987433508130681
0.770756599110809
0.991235769197718
0.90501264902691
0.751908690173871
0.898387999398116
0.959911883419661
0.88782235124353
0.807090941779312
1.02518923517275
0.988509455886001
1.00796085291604
0.940518712276322
1.10124723606485
0.833164153609771
0.999827702127484
0.907346640077086
0.854308786348339
0.892309531089971
1.08731607262264
0.904288707258445
0.967271548073198
1.003826853896
0.910999908868156
0.951750049504644
1.06556856361515
0.935397283946633
0.927998113493691
0.940411260359408
0.985507453058372
1.06593526589124
1.00425918690589
1.03202102033237
0.922722994711554
0.95962850685516
1.06438613273049
0.999468851020801
1.04767797464694
1.01920166117733
