-1.03078066318693
-0.980586622007471
-0.872095782493006
-0.966616537496364
-1.1064987846844
-0.883888684809764
-0.897649702040215
-1.07105891974692
-1.04691888778002
-0.899419438632397
-0.817104741245757
-1.10245036376752
-0.994855117127323
-1.03026455118432
-0.880182140396395
-0.94904599261419
-1.19106379451189
-0.972966604255486
-0.949296141622308
-0.824399737293558
-1.01111780032481
-0.87650016574187
-0.919859489598853
-1.01644235413858
-1.05287190218733
-1.12953256367003
-0.953538196955304
-1.12581467244217
-0.953531542930158
-0.844591735678034
-0.989513966470564
-1.03549624354548
-1.02949831938597
-0.8561522244756
-0.932026416852736
-0.999110771924146
-1.08178100987055
-0.88543433487277
-0.936874684249893
-0.956315668562982
-0.893307514646791
-0.88210256468831
-0.828087849368389
-0.848787112288617
-0.944900619867269
-0.967271944540929
-0.988300904249587
-0.904285510196892
-1.00752677798378
-1.0460868805012
-0.991536539544356
-0.864753997083061
-0.891837529372086
-0.872764185383219
-0.927904795390493
-0.885888838305136
-0.833650997975933
-1.01778649545353
-0.775134903102189
-0.904821783855896
-1.07046747429686
-1.00473480159065
-0.706735691587679
-0.837528748886263
-0.766388466196109
-0.798529975365736
-0.780248732499173
-0.762743978813955
-0.84546375814607
-0.938871808423525
-0.93002507388853
-0.87488421100947
-0.852818553145181
-0.851227905264648
-0.882434237435594
-1.01572703221358
-0.751785101615584
-0.837202508687733
-0.959635213215361
-0.715044041384922
-0.866959232913527
-0.820649673766955
-0.776683941231614
-0.774708803321136
-0.826972749146438
-0.847809360090711
-0.834067051095674
-0.816582075115385
-0.861446160428498
-0.800803958976142
-0.865014577695459
-0.864565770457046
-0.751515781517873
-0.734164219935305
-0.765320314676191
-0.85064861253619
-0.851300747123822
-0.728020456788212
-0.798343371082114
-0.877604553040546
-0.943532886801449
-0.752425178508435
-0.845024263667184
-0.95904354091094
-0.785466804638681
-0.838298529705485
-0.812140964976755
-0.759123581191309
-0.789625596537484
-0.904766208980045
-0.724401927066402
-0.699094714550992
-0.778129416024536
-0.779394098324228
-0.734093791765265
-0.697725700700424
-0.711316038648101
-0.849965110109506
-0.864218815781491
-0.787215864634254
-0.743224635292977
-0.666462720914376
-0.782162628215872
-0.68924899696337
-0.73579212328582
-0.599133454391954
-0.620027401712075
-0.800396790884709
-0.721788244802948
-0.788726990544787
-0.695612264006696
-0.700067861854946
-0.816682463714077
-0.759247100536872
-0.651282333961214
-0.805209665291551
-0.800231834413561
-0.811499601328813
-0.740844466654835
-0.670769695856177
-0.767499463129563
-0.847826140523978
-0.75011076924287
-0.814818861265492
-0.7602548869172
-0.768217104637661
-0.693822288124297
-0.66671259691787
-0.534041490773754
-0.729136488404911
-0.692210770816053
-0.705401104412379
-0.701625003627518
-0.641440546824371
-0.601992681090004
-0.640175741715377
-0.748112079189553
-0.763503433820638
-0.681970814463902
-0.749363700873623
-0.855396725318037
-0.534157967549654
-0.721476603842239
-0.720913839617505
-0.711987805327074
-0.644535373537209
-0.709775074959091
-0.663898292467699
-0.717160290824187
-0.654674164700486
-0.676527019809532
-0.594045216954357
-0.602401224060423
-0.62256150146918
-0.693233115256126
-0.5503087083179
-0.845939285195431
-0.704471014489081
-0.734629489674807
-0.668674459283899
-0.665612099775541
-0.633786245167875
-0.654097067172404
-0.682304085876909
-0.52452052479648
-0.737697819894665
-0.573076345255101
-0.473178383959844
-0.600805703865541
-0.561213389645741
-0.560490947921506
-0.660187909184501
-0.61563622739803
-0.655351295927985
-0.64460233128529
-0.692554490629644
-0.669688071792004
-0.649111812478733
-0.567058481285403
-0.572624223475348
-0.658423905117002
-0.634126073598756
-0.729572328290509
-0.549256520477273
-0.601430859809845
-0.612765785260884
-0.53496473172538
-0.654815572357457
-0.720885320178836
-0.731025521877293
-0.642791655777241
-0.667947325199831
-0.655580094252533
-0.472907516980049
-0.476929797978777
-0.654988261932222
-0.463583076714942
-0.607514616158381
-0.434876359977246
-0.700478385269457
-0.65585915508773
-0.552042706233347
-0.602909148883651
-0.466149475431748
-0.491519014618254
-0.612014840885463
-0.590914962514406
-0.476341342149694
-0.349408337151695
-0.55891922572049
-0.407351768636083
-0.491340306193143
-0.686052982075464
-0.415444726624327
-0.422394644742844
-0.529361177836652
-0.355233214758914
-0.776196664446399
-0.527715258397929
-0.623876701235181
-0.565896818619457
-0.513462098115714
-0.565868116605776
-0.414263793478438
-0.54838528917592
-0.518661727872087
-0.581695934447054
-0.480596669863494
-0.636052438570528
-0.656725502540653
-0.521834607249915
-0.486563538423123
-0.61967298230688
-0.445996605479158
-0.471758108973874
-0.53139950284096
-0.659176242162089
-0.437231213265368
-0.482723123363264
-0.488053316670075
-0.566921134374803
-0.459561523256084
-0.285914174239925
-0.67729376716207
-0.464904970240773
-0.576125794196451
-0.396644255964764
-0.517130496362688
-0.472886834154417
-0.534891615827575
-0.445276330356628
-0.297542061868318
-0.600689251644346
-0.5467151784815
-0.469074390622082
-0.561179022862779
-0.420518879318203
-0.567078447960521
-0.493833431796884
-0.476784281560516
-0.617790760679236
-0.530989917283856
-0.342135857774201
-0.472837062349598
-0.378951706761996
-0.434428070878462
-0.279542024609537
-0.606210782563074
-0.530046895832548
-0.384527932493397
-0.403336812094574
-0.503641044701624
-0.232137924048122
-0.38027303082234
-0.257474111110512
-0.432971130355442
-0.415570848089714
-0.471744471026445
-0.524245239517537
-0.341256257947829
-0.490264565117091
-0.253297116838475
-0.323649257148478
-0.439360079673813
-0.477734214055767
-0.355630693741489
-0.24204535911262
-0.393472731654045
-0.464914920308671
-0.469313053796636
-0.415310942722892
-0.351727055630352
-0.292725078518947
-0.42422450999259
-0.46922025088901
-0.30598577755017
-0.404240830519625
-0.326649499923683
-0.452433740324854
-0.337030634231307
-0.358648799263233
-0.423378856173091
-0.39690210296691
-0.469624793437481
-0.310960298125783
-0.334507467238195
-0.384582234188609
-0.479484591135304
-0.34436406886415
-0.170145579437146
-0.313592860741765
-0.237073757022823
-0.44364520163106
-0.276069406873483
-0.0298657706295074
-0.324409186197122
-0.333732591513339
-0.400421202308588
-0.308701711736496
-0.346743511876751
-0.329901960218047
-0.298727238097529
-0.118011337825542
-0.329089386203852
-0.155345492937781
-0.342319269840336
-0.363324617904527
-0.255556261032702
-0.291419265135602
-0.243905341016639
-0.304511181015644
-0.2789033271841
-0.277384712704291
-0.369213911028654
-0.208853912027781
-0.234111397678373
-0.324153635575905
-0.363912306934217
-0.352534460838032
-0.327149445245009
-0.319401762167526
-0.350587950200125
-0.435073039798341
-0.160872314744129
-0.255015873303374
-0.261262600607108
-0.2270794533191
-0.257619544182863
-0.207891580715641
-0.293149407275896
-0.169208770704046
-0.205871767117159
-0.274105308456998
-0.236189369444991
-0.216139425357445
-0.18177611447816
-0.26960619651939
-0.338078410508584
-0.203504853988382
-0.219373292915802
-0.340723126998058
-0.321232150536114
-0.108797031440681
-0.224256520656845
-0.146866123822221
-0.22003417373504
-0.16804498917888
-0.161102885968049
-0.26686173089142
-0.353562256284383
-0.25863273510009
-0.25059468797541
-0.220461974649292
-0.152913249955359
-0.180527205865672
-0.152994375975426
-0.28634007003659
-0.312207270270578
-0.160354250049854
-0.285792338471666
-0.0794857907481938
-0.205834883509142
-0.27340745271288
-0.202711757146707
-0.139210493842382
-0.18987035046601
-0.217445486852287
-0.268350579007001
-0.287628370107571
-0.185612378287829
-0.388914533471698
-0.0559076206772885
-0.18920513053618
-0.270615869774667
-0.155746209360137
-0.0130966476853988
-0.251871791679799
-0.151764207399203
-0.135605265203526
-0.226830787944108
-0.417001369809729
-0.000648051159721512
-0.264106062320473
-0.191134520643002
-0.173848813405028
-0.136426408090579
-0.095146407113248
-0.313902777248031
-0.190321138064696
-0.140393260313645
-0.0857037951501635
-0.266297224533342
-0.121828437860145
0.0434338166211154
-0.248844911064624
-0.195766695473253
-0.285143115379161
-0.119836499841974
-0.169160849511114
-0.1443602333082
-0.0657760171688436
-0.136721914702801
-0.15165573931248
-0.0453554511525993
-0.131879938590188
0.0135028908034306
-0.0534864314424791
-0.0330191756824259
-0.159398834468366
-0.17105954727141
-0.286671838512157
-0.144554843743685
-0.0943020505920592
-0.111243184250665
-0.0476629158972204
-0.063137616219995
-0.0603405106326827
-0.0597938622163284
-0.0965041178329873
-0.0744241695176359
-0.093150291515225
0.15006981451892
-0.171761192877604
-0.116581612511376
-0.0436871605535422
-0.0893579844618765
-0.0459030504661144
0.0247665430616052
-0.124312019269724
-0.0468709311938976
0.0251831857551137
-0.25175789198465
0.0449601121231691
-0.0724752220785636
-0.0419139294952805
-0.089224295917954
-0.136990836740601
-0.00628431817011465
-0.180936320103345
0.114177408028943
0.0446104411375926
-0.145370020400669
-0.101888696746134
0.0381423220478162
-0.108083804517242
0.0517218819766446
0.00478054210750838
-0.16616638702046
-0.0461326221278252
-0.0375382497019942
-0.0454940575387213
0.0776502871400266
-0.0955109951729137
0.0659393362234953
0.0375416266966272
-0.227206369265356
0.0117905876301656
-0.0862109260647258
0.0251037435457093
0.0399158512117089
0.0601452064554563
0.114358473902095
0.0564190717309131
-0.0323478549178729
0.0339437542254483
-0.0343875386596359
-0.038986167492602
0.0510092558536345
-0.0474946911853754
-0.03002792515927
-0.0438866576666745
0.0169723262164159
0.10433213493412
0.000840673771933639
0.0140346252909054
-0.00904246252462141
0.214782147083745
0.0511737604900962
-0.0126020800318102
0.0545399807404118
-0.125287372379485
0.0516364724176884
-0.00547100453605299
0.0310896842807201
0.00248541011985263
0.125202168848917
0.25523988163852
0.0779449056740327
0.0828271235673383
0.016005249421741
0.211332178170002
0.0987755952190599
0.0644969938920769
0.131115049774648
0.0882393535900445
0.0642615846979211
0.128566737526806
0.100494451765203
0.0312129778201702
-0.0527423006814538
0.0110499546396543
0.0735101315585854
0.112803053068035
0.158909360488871
0.103403497309027
0.0562994541775501
0.135212703783937
-0.0229346109770938
0.066519622614202
-0.095341329455038
0.243951338395285
0.111434584778254
0.0150131588275212
0.147507422380126
0.185974261149174
-0.0580777008264685
-0.0482396972591023
0.0889683709690273
0.0705903984941924
0.184358949131064
0.105884487217237
0.206355935780496
0.0523006413731326
0.0527889847816464
-0.00295323813707177
0.108781924930322
0.0892304231557128
0.177225233580735
0.172582742534949
0.202713307312945
0.0879360573851523
0.188353437926487
0.234603321314508
0.263731870615436
0.137664759749701
0.021700964616007
0.265493061329065
0.243742009969525
0.108705143179241
0.148144443948299
0.282218240339049
-0.0826280665711372
0.0373881740180371
0.185033193422582
0.095477356854298
0.199376743575978
0.073945595804997
0.0529225713873838
0.154457550644951
0.219869950837998
0.104461728673303
0.247309306529375
0.0668373638308118
0.177710761483205
0.139559868995693
0.332633305506505
0.257866116414368
0.37188308914241
0.087418965343613
0.144237348471657
0.109072449775508
0.175215366295194
0.120029305937153
0.253710253673991
0.142013637385033
0.361200650308919
0.189421624054378
0.283683283418549
0.243041747990125
0.225405147675034
0.26379211229283
0.417760397495201
0.0277526580746347
0.204237421734856
0.333414733977526
0.33436277046084
0.142340652309515
0.102404536846072
0.316402567517587
0.303173779013337
0.20611273398035
0.175139941863883
0.388529612304698
0.295607935880821
0.153602517585979
0.262582623540647
0.341348685475711
0.200555713034037
0.208473372115446
0.162085427038503
0.419614974599255
0.219588367380094
0.135861362662772
0.351973365538461
0.319826185244028
0.265334381687629
0.280513610581992
0.221061332695585
0.205775535191795
0.314207614553686
0.21720866915562
0.160506557714039
0.15339122483355
0.248624485037588
0.301491859486365
0.456731335608276
0.34434128710599
0.180108220091516
0.338097648890455
0.168069720859617
0.255013877038018
0.321552516563323
0.328944456886179
0.272022930317899
0.144638513926902
0.40084441454729
0.396367074512481
0.308230725596891
0.338017909346684
0.276353439363737
0.25013562594735
0.316256846040625
0.349035247492199
0.362849349983935
0.179338647571116
0.395408084107078
0.2788840552733
0.329218822972594
0.213441240330121
0.27241169418388
0.266042023028714
0.429821124905491
0.379125523758272
0.256154026406359
0.378452331963637
0.292769799604041
0.406516062504392
0.35150733047577
0.502901079920043
0.423740614589053
0.301871800906625
0.263941471371847
0.33289336260607
0.474093109645953
0.488327815887351
0.376044896345667
0.157804876940977
0.468736455860647
0.315816421889127
0.381850422172305
0.328216317667713
0.416258090105774
0.29217015456567
0.413297772799395
0.363157689636302
0.417850322509759
0.37456814037944
0.467429621687457
0.511728750929273
0.328833245257237
0.425337873497026
0.485307039674119
0.43008178276226
0.460446304376312
0.457170214567308
0.546609621678442
0.35775398820647
0.319725988527029
0.344564220334678
0.414673961093464
0.43643214809074
0.402191189055854
0.392974154064214
0.43962191235777
0.307975730363694
0.40350037391937
0.465296546788932
0.418189145025526
0.346342318256292
0.553555397636485
0.454660197998367
0.35979038022146
0.511297985672323
0.56222940638966
0.482106235370968
0.372096207479719
0.461322589744729
0.452246889892918
0.625628363515027
0.563967873107509
0.462044689148019
0.392066033405291
0.47141682772703
0.400213341067299
0.352337154093181
0.449447699485756
0.448096450057117
0.637883594511891
0.244931694187562
0.404675863912826
0.551638835384942
0.428521172375072
0.399018284829209
0.422142246311144
0.429108378391457
0.431351912342493
0.62771599975259
0.5515919530834
0.425554932862472
0.536318118859161
0.505781977349932
0.395119644377736
0.617986701925165
0.46660273720895
0.417160152001783
0.660755770952957
0.583426344774321
0.550764704384967
0.463225002732915
0.528329375396055
0.568530562460122
0.52128847937757
0.469601203254369
0.586942342957813
0.453793010335566
0.390472985962707
0.548873108832742
0.489056116024693
0.425100941148685
0.667054555065026
0.393174803656385
0.564552910404314
0.510913248046643
0.569598404631546
0.538417680923732
0.516476416021639
0.493368548825186
0.359476531856021
0.614729367555812
0.690101527792996
0.623630775872356
0.564889995679549
0.639440776975303
0.516112794551738
0.580303442725273
0.603587127496479
0.502191799378853
0.5617079180703
0.57477374437756
0.73492003308976
0.630388160639107
0.625337006808201
0.627583879710307
0.531910302285835
0.788558531076502
0.571692325922124
0.509176123087198
0.385991835696158
0.57524581686051
0.626087535984293
0.566860763565474
0.548405444253509
0.601494503082449
0.592763464057934
0.677952367829229
0.601295050643495
0.547275127339719
0.698196379877806
0.660735179017398
0.405777543406565
0.73061555712842
0.697336900202012
0.630208196403535
0.484282298187006
0.671273246618237
0.686653628088173
0.440979483250054
0.508253297192323
0.556247112999411
0.776856570996688
0.808507714298909
0.680476331293931
0.66362152375611
0.543038636865767
0.648808992537659
0.588339593767276
0.669943368826786
0.493428184348739
0.699526047902348
0.638037087366503
0.610044279575015
0.851611451406377
0.827855127929136
0.730931393225304
0.715238602251131
0.532739749331509
0.700679432891789
0.729221117813038
0.702396142420222
0.605338329017402
0.516282489470112
0.569320067835354
0.776772801806553
0.693819080276254
0.634443266654023
0.668176045073546
0.653867780399958
0.750180339391679
0.582859784718233
0.725044131205175
0.689872204352612
0.801061549796739
0.666083767061752
0.752035679332615
0.779970607244457
0.825500715606425
0.646220937349431
0.811377340861418
0.649558979034378
0.7672215816374
0.798812645721122
0.694517401640119
0.659175329977187
0.685464740147716
0.761001519105368
0.705082854862067
0.774205076478549
0.639145087581295
0.847919374106771
0.705331844832807
0.672145802977779
0.752842228175981
0.592964920095548
0.790319776168041
0.563046702994936
0.694168543738886
0.871454212079014
0.696667164116808
0.748900979133833
0.661172645431264
0.770444341422619
0.733811099966586
0.709066363702589
0.785654152180465
0.787757174698322
0.807703234536466
0.619514693926197
0.807226890478448
0.79096405465407
0.687747425578709
0.690844423027465
0.804107889239088
0.832166278633574
0.868116458172374
0.720715298251301
0.882027859605349
0.809180330699335
0.878455186834165
0.555847167662561
0.778260284223942
0.88770191077977
0.70424430347611
0.765493704750834
0.749530079876729
0.88008938805219
0.818811022178397
0.765602383870323
0.887427349413425
0.835456678691573
0.792684187563977
0.784991839875423
0.891935982298953
0.817494701334953
0.887630720056448
0.863377073515657
0.824362651973644
0.836935437465022
0.915860392875126
0.770122481960305
0.794116298289451
0.769258765018855
0.717939547466954
0.977302418450303
0.894341747568678
0.827275662683325
0.925350372469753
0.954430744634151
0.758784223258863
0.840592949377279
0.908888813779224
0.896130966939922
0.751173550703153
0.855795086717113
0.971736275979838
0.99559226013032
0.786049149801949
0.871110580621083
0.918098997137955
0.926033972978573
0.886266960533705
0.892573699301311
0.800822828887373
0.959556586887653
0.95921511474524
0.932685566069413
0.835808306192231
0.781110406401795
1.03834205309159
0.840355538675978
0.804885462654868
0.992500768316099
0.77952274874698
0.843292747259141
0.914081232154503
1.07806122357084
0.941005910876365
0.913639257242205
1.02512888157433
0.944884650523365
0.900630607840822
0.930298451758876
0.861321406204979
0.984074716142346
1.03531707227124
0.942652940975533
0.883867658497994
0.983269199180931
0.915780957107722
0.91452134621546
0.92235158802865
0.876137203063414
0.896850747872958
0.870292900749062
1.13543578691918
1.00848425567625
0.86649236952635
0.943156751502664
0.946151139173688
0.911476138726825
0.983050363792494
0.901393185615841
0.925899757348103
1.07086987715726
0.977129822709411
0.957053508783791
0.957437407291761
0.880874337257515
1.00736242190719
0.989453300603556
0.981647541012311
0.876623565701322
1.02530503252839
1.01157775698122
0.938232994074323
1.00842117482356
0.949795724096494
1.04194983332062
0.894634199611342
1.04111389390283
0.833016151519049
