-1.03931453012914
-0.985722135913211
-0.880667322753866
-0.952427906103341
-1.08172034300336
-0.86809962123642
-0.908739840236281
-1.07403065284511
-1.04782125238756
-0.876011804652523
-0.828945824666207
-1.1233194070948
-1.02192905738023
-1.02922636176822
-0.883129165225563
-0.973625625541759
-1.17721611154982
-0.962517199741533
-0.949075432233188
-0.839565256764401
-1.02501337987844
-0.854968400700406
-0.917343203210985
-1.02342440298025
-1.06378907000784
-1.11001123751001
-0.939965343229228
-1.11713797997683
-0.941871785313363
-0.867629340430109
-0.980544198892872
-1.0422775710255
-1.02759158725421
-0.844331327513929
-0.92722073176387
-0.985818664314675
-1.06942617423481
-0.878262571802275
-0.922995309274171
-0.96068547733292
-0.885518109889981
-0.902513769431307
-0.825453519102322
-0.852746240090529
-0.941972723307332
-0.950898396728986
-0.975412587941263
-0.919832169915922
-1.02867182724268
-1.04055780594634
-0.980288652478515
-0.870562374061604
-0.917750765192274
-0.883677128359454
-0.941959204737224
-0.880609967352144
-0.865695410647847
-1.01315247118327
-0.769533977287189
-0.933612461301702
-1.06876010883802
-1.0170857115331
-0.729855488856484
-0.857601759297942
-0.76278454124688
-0.805883120538578
-0.773898677947518
-0.753075623044839
-0.863135874865427
-0.922709836877827
-0.938948901581951
-0.895160898703621
-0.847515295195763
-0.845466862442281
-0.899973105507729
-1.02003960563065
-0.762672116191128
-0.845542505890963
-0.958454671747767
-0.727991463013495
-0.883454385204091
-0.801741748442892
-0.782681155704999
-0.769553248488018
-0.828312511840382
-0.850770651401106
-0.812533194638069
-0.826409636861965
-0.873437037706761
-0.805003846705379
-0.873524821809042
-0.876821499087284
-0.729695414005203
-0.7496247662762
-0.765358275656782
-0.863851326399087
-0.862623101198377
-0.735041994541676
-0.797964764999447
-0.862779649529758
-0.923829703109351
-0.739220867130211
-0.809239082626999
-0.932822334872646
-0.784589517374798
-0.837970414520352
-0.808974098696457
-0.739289706944273
-0.808886537462145
-0.903962642585774
-0.734062575525282
-0.710604606007489
-0.777879696317325
-0.772340971512151
-0.755516425103
-0.709200435618519
-0.689741503368565
-0.841365137016649
-0.871396291152136
-0.787622756160508
-0.752156301915202
-0.660945377734131
-0.775731417485909
-0.697586692431173
-0.737134671063261
-0.575580621613857
-0.611661874513792
-0.788446439328301
-0.722591209759741
-0.764686835436503
-0.690445187898361
-0.702651393324414
-0.806959026396405
-0.756248911579882
-0.63965329875733
-0.817101339181027
-0.785574360888901
-0.833349563984104
-0.724804926242851
-0.674570519640699
-0.737478288006586
-0.854188769858027
-0.74576939989213
-0.789804997394491
-0.736024012375589
-0.785603703680714
-0.686902628084292
-0.676715202422703
-0.498120932257494
-0.705208501429662
-0.699550243037357
-0.697263000263461
-0.703915969282861
-0.637647812186562
-0.598971494097599
-0.621673363537842
-0.744952529672407
-0.738419502507981
-0.683605858894928
-0.740294686592214
-0.857461701703605
-0.536206495297858
-0.724107890122116
-0.746299573188032
-0.721195500133171
-0.655440460346466
-0.687436518578063
-0.678681321619393
-0.706974963142377
-0.661669040206122
-0.683190590109698
-0.592846182657742
-0.608415752309459
-0.648266718124124
-0.687082865374064
-0.546520692750925
-0.876401507567709
-0.725131631108796
-0.713646572085202
-0.669354504300203
-0.666818864553391
-0.622301567212338
-0.644610869216764
-0.691327520952041
-0.527210927494045
-0.733837835827661
-0.564881903846931
-0.489824742325751
-0.604142457068586
-0.564200672795323
-0.543362150851984
-0.66793667790284
-0.615987067760513
-0.642645268206163
-0.644634150183627
-0.704145214642907
-0.682884048941357
-0.621992647361936
-0.564165779449343
-0.567467363202349
-0.668191487383724
-0.636235499313599
-0.701607397527737
-0.57039425956886
-0.57678044618066
-0.61181788912844
-0.537188736722915
-0.665314223080449
-0.731384015579824
-0.71024679558188
-0.633497932521035
-0.643917120253796
-0.635815602098095
-0.448178562609908
-0.472837126127021
-0.660768378614279
-0.465150598404086
-0.61156898130667
-0.429437650498619
-0.71718233493733
-0.654971131926144
-0.547986864675199
-0.587986696826306
-0.472797955691048
-0.485230531759327
-0.616783050651089
-0.592455096533095
-0.480924037183635
-0.353585239941643
-0.552511384419366
-0.422077529879785
-0.504418564110631
-0.669549554592244
-0.407693238749356
-0.438108237738546
-0.548433536372886
-0.340030577844942
-0.742410472095143
-0.565124551848514
-0.632125858409314
-0.557038683260922
-0.517247275387097
-0.567185367726331
-0.400061739702616
-0.548327131204238
-0.510556327447064
-0.578191768241141
-0.466898100739874
-0.67534756524566
-0.64809357667485
-0.530046297946795
-0.499090737971224
-0.622995172139551
-0.45569651541452
-0.446932718837986
-0.543476922149734
-0.617876715241712
-0.446177025627534
-0.488942207254696
-0.490961543648015
-0.580600141248808
-0.445626620257847
-0.286403658164763
-0.654810248726768
-0.464620469233982
-0.59560187677918
-0.400992714164295
-0.499828536578357
-0.460475143045003
-0.539434278204864
-0.470693047591164
-0.31149576519137
-0.59808180574022
-0.542520801308598
-0.464378048666999
-0.562090300329731
-0.426554145223874
-0.548052327949259
-0.492337298012345
-0.479780765515333
-0.613436842440714
-0.527950439719551
-0.35489517092051
-0.469036964794163
-0.359619113653148
-0.428036248085773
-0.30874204194125
-0.599842157263534
-0.520049208648189
-0.40059584764346
-0.397463723205693
-0.487211577262096
-0.253694591183132
-0.368930335445894
-0.239131254211694
-0.439191970311329
-0.412708037522295
-0.496040117432205
-0.500368245451555
-0.331336367265781
-0.478499288852141
-0.262922678533259
-0.331944046634783
-0.408692863143378
-0.465989159328634
-0.348547456352025
-0.236342793726192
-0.382773785540665
-0.447732999687791
-0.464027342220361
-0.413174110772673
-0.34101105702406
-0.29951399587288
-0.423011779819104
-0.457415609781606
-0.299860995918902
-0.39187130706279
-0.356215317661315
-0.450379326041114
-0.296193635343978
-0.351672010270474
-0.438512163452295
-0.410262079298128
-0.449877084115826
-0.312834499698313
-0.324141213714898
-0.365700093939896
-0.496346569640161
-0.357055773132019
-0.177840627884365
-0.311161860631386
-0.214894701223286
-0.444593565777092
-0.270280018941654
-0.0230723674412066
-0.331264572785703
-0.318925825800486
-0.409570273708636
-0.278300471487326
-0.344241684615875
-0.288060837626499
-0.298576691179909
-0.125829914975671
-0.338377594030024
-0.164750634490621
-0.349127206248757
-0.367679337002245
-0.291833567676227
-0.28947803507554
-0.26004771719129
-0.289957906493508
-0.278640995484439
-0.289466915015041
-0.372343723550112
-0.18370919869538
-0.254978990249389
-0.331944303865631
-0.384717834564974
-0.354750634444506
-0.331446802747969
-0.30647256176817
-0.337738496543275
-0.430910313991688
-0.170401999202048
-0.266123742559302
-0.253849051529252
-0.224160483339363
-0.283308636994687
-0.220977095591105
-0.289653790326827
-0.169059215831247
-0.227634670030029
-0.273070379276092
-0.247948879002028
-0.225194794727872
-0.193662408808518
-0.276927173191022
-0.330040097830569
-0.186432615179737
-0.220196313782158
-0.338322693552731
-0.319289440033412
-0.111182590285562
-0.213942588628772
-0.135490219750921
-0.231329663277105
-0.201801276161396
-0.17042631584686
-0.266392651160608
-0.333051352666618
-0.28417690193233
-0.263000548567619
-0.237614035828771
-0.138962440766803
-0.198642556257682
-0.161681701844073
-0.288469221551863
-0.314644235307666
-0.165796573649499
-0.284644479851045
-0.083959449857323
-0.205658086762024
-0.274205560509396
-0.183730144655136
-0.123163787050323
-0.214782591332027
-0.212812577488155
-0.256332969769197
-0.270437742388724
-0.165128794512248
-0.408891168719455
-0.0633187639970937
-0.194544616835681
-0.266074953487087
-0.171640294400067
-0.0210263941186917
-0.251033446422911
-0.158244883355777
-0.162803945723792
-0.229883379503161
-0.426005927719229
0.00676477696039285
-0.265645028095347
-0.173454930872586
-0.164809318933114
-0.135027653906945
-0.0871899171040444
-0.318967441002647
-0.169215327779094
-0.144567865686748
-0.117106983590359
-0.258316598376432
-0.15184716202412
0.0298017263253261
-0.239356590617164
-0.201395225759591
-0.29147058130264
-0.12437360596901
-0.175717445442624
-0.164297307312174
-0.0875973801121057
-0.130175305872291
-0.130089836754303
-0.028813601197538
-0.110029410724451
0.0153879238254891
-0.0525295583579914
-0.0425487857604509
-0.134687341961492
-0.175446375120351
-0.24645653453984
-0.132121474848241
-0.11097155748199
-0.110625660187496
-0.061686830331958
-0.0713816759480804
-0.0858542657323133
-0.0553687963263049
-0.100114160848816
-0.0771006278292664
-0.0899031877882927
0.127626948760366
-0.144723791514643
-0.129846176356761
-0.0663590339199795
-0.0810210194999974
-0.0432074628906956
0.0358002358373235
-0.122877529419521
-0.0423868216747261
0.0144579419818534
-0.22749036951327
0.0705791554801714
-0.0758072730331644
-0.0358602228334544
-0.0845758840387648
-0.136723940351122
-0.000186267287477409
-0.203496193921501
0.118080119302064
0.0579500779609493
-0.156492356491195
-0.0990769404154144
0.0598094745769485
-0.0987240101579966
0.00968949527291425
-0.00409395647311293
-0.130514303481181
-0.0418432389107516
-0.0433658432151222
-0.0563770210712725
0.0759546260315769
-0.111264680386402
0.0877174636027998
0.0434261695564815
-0.210314808785974
0.0335990564109209
-0.0932929146015812
0.025642459647561
0.0423022065281606
0.0610676332128761
0.120815525669745
0.0627824701436148
-0.0166154634560175
0.0413228671339163
-0.0506804731692873
-0.0364506816689516
0.0500402646924533
-0.0501288357443638
-0.0325981007236929
-0.0513581178133098
0.0112322984591494
0.0953262601275329
0.0129731426339003
0.00105700433260804
-0.0170189137042999
0.197887646329024
0.0517018253745461
-0.0133159050224509
0.0174870956475549
-0.149840062855565
0.0581313928383924
0.0117673220543209
0.00128429320548409
0.000399437241997497
0.109508403613104
0.274371391882418
0.0839913616742282
0.101498790467738
0.0152915138206871
0.251920535902648
0.115368126520898
0.0661159781251314
0.136987732265841
0.100923633816211
0.0833668123792439
0.136628635805794
0.11055186814968
0.0267578947343437
-0.0495008996065436
0.0117677115358462
0.0624045871890576
0.0987754067398907
0.12372147598168
0.117893228621987
0.0648494982974113
0.196287739753849
-0.03434304240009
0.0389006003339709
-0.099381636407398
0.23136306438552
0.119299217980915
0.0165205964534058
0.150547523372226
0.171173527880679
-0.0715872398340449
-0.0425425511002003
0.0848132511876158
0.0663572227989837
0.191768272086935
0.0992573121002655
0.224561473490436
0.0530850826848523
0.0673275142688628
-0.0123411601711129
0.11405029047893
0.100401051291007
0.162055857887844
0.16416310561944
0.1740568904468
0.100177525683232
0.203615657809407
0.222360647384386
0.263538113912483
0.127330341088811
0.0341989400671241
0.275169540521593
0.246132119441332
0.100685239013814
0.160120899534552
0.289961843340482
-0.0443866810364781
0.0563353435831286
0.185712459525991
0.121090035480387
0.212328619760939
0.0822229662000253
0.0567842680537194
0.14695940527383
0.219076864720704
0.10297796992547
0.238147765668261
0.0781818039447377
0.173038422726058
0.11967902396555
0.324095120421682
0.276144863717115
0.3460271864751
0.102053515522147
0.140362031701009
0.111652109720956
0.161936594589035
0.123781499590213
0.249706118333047
0.129152568939516
0.363149807484651
0.185000290076756
0.293943368290597
0.274627131043858
0.225974599473326
0.255006963271254
0.403662778040533
0.0332094274101963
0.210549099474498
0.347978897114708
0.358764806179669
0.148894959047542
0.113878688054083
0.317578771241531
0.276819032894769
0.219181176851403
0.175893599877179
0.37826892416696
0.29805220110589
0.167484382098072
0.26818932661944
0.328290738523609
0.199397096825859
0.208917518217266
0.166709856715343
0.426440023750591
0.24197631089768
0.140713687948941
0.359228441563419
0.320079149480838
0.287704436959535
0.288025147207355
0.192734919419329
0.178279015068546
0.292398645774925
0.229660686613599
0.163242170457241
0.158026743459599
0.247868499122216
0.295546183988402
0.450040468340793
0.344452728976556
0.191674981273845
0.320343245530062
0.161181696591184
0.265723278521716
0.310197251351276
0.338352614290684
0.2731504733212
0.16921953080598
0.396903862990221
0.383348384239795
0.282498332019701
0.351482031283428
0.308691358511393
0.269524994274859
0.31464244976604
0.33538477498754
0.370507431331935
0.177926785938062
0.40188787314642
0.283388808823077
0.335442836572513
0.192893663623734
0.274745338076437
0.270230327637453
0.442314145513352
0.410608683560904
0.233443601414211
0.371297548982018
0.28953749309635
0.420305607211054
0.382117540716482
0.483171450902588
0.414197530305157
0.287791182867853
0.261076263685455
0.314844140730509
0.463279852814004
0.49214085994327
0.372292207067552
0.138836116206432
0.459277438825332
0.321558860379071
0.356335761344784
0.292882137709228
0.420977757680707
0.29524673971501
0.428543320274641
0.37866880579089
0.404130890743245
0.39401684791796
0.48093838687805
0.523280973627185
0.322370130116528
0.417703013981404
0.498797564739345
0.441103722933922
0.470833499510472
0.468759502512247
0.541896764250371
0.354825915851065
0.325284015983851
0.352597569475652
0.441976491256182
0.426438869900265
0.420716215756846
0.414170231838216
0.437319767179892
0.318452935311721
0.394409453947195
0.454028363386386
0.412897875380644
0.350899306038556
0.549904196512926
0.436526383084095
0.345121686877856
0.499383764606821
0.565645731674248
0.503429383434211
0.398386657878583
0.479883697205814
0.456917928293303
0.599941009819993
0.571031933930156
0.455058331026691
0.385203841060881
0.457606457424994
0.409053581823217
0.348612559881896
0.452132111197497
0.419711611392242
0.663746590490901
0.235854672820148
0.400711987902661
0.519430615072514
0.399949978693211
0.392021760775056
0.431893103790657
0.42684478338543
0.433210383789216
0.639605015385805
0.524122311461852
0.439602702369311
0.543119656231875
0.476210104630527
0.391175701478407
0.589474060966749
0.491502633355325
0.419377424027902
0.659966308076731
0.613157474078766
0.564976387325585
0.44772070314289
0.543734320246421
0.582900539402765
0.524762564754377
0.473124170325913
0.576085736298586
0.462991852087779
0.367773808832342
0.580266652042764
0.509631396571531
0.4360672027843
0.636757886974447
0.382460839175909
0.560255568552846
0.519508363224564
0.584430929408414
0.530701193650035
0.534863356001805
0.502127393569765
0.355348456822476
0.6096234832631
0.674700635823247
0.623941034872046
0.571483713762118
0.655880796514374
0.500265079787504
0.574733070462868
0.616834165047228
0.500451823874227
0.568462629337114
0.587981543816767
0.737581752588717
0.638865306537885
0.626278765072669
0.60968610906576
0.535683182769541
0.770138821053097
0.546461822984885
0.517283441177711
0.370017905320068
0.600311169464514
0.628562030420408
0.565394889678133
0.571744830586879
0.593829694602533
0.607942603394757
0.684626505124125
0.612577036316412
0.559706434817239
0.684578824240188
0.656182687666268
0.411756395702657
0.727900480508034
0.70640856901169
0.638347561666466
0.480248473891033
0.669350655775064
0.714752811047248
0.471982142537707
0.517809991171021
0.531127511051433
0.769908391491435
0.790518254183162
0.683356622056631
0.655908590601516
0.528662436256628
0.659034848402821
0.58023991428332
0.679857620854408
0.504477833720128
0.695273814177116
0.61762612124825
0.608936963428014
0.825819467008021
0.830525163652806
0.731441318263106
0.696553361498477
0.553923269405733
0.709377033371206
0.735035527198408
0.682860509393233
0.626033366230963
0.517328774869421
0.581242290909739
0.782750949820886
0.69990376967023
0.619866466617928
0.666501274244571
0.674743589734548
0.730676403097935
0.573037673461109
0.728611821844896
0.697078404034728
0.813818294743432
0.655075538134858
0.726294061932473
0.784535337824546
0.856351579857605
0.624506477064703
0.79651005451745
0.658146237031333
0.779380662908179
0.806745226695214
0.719070108105161
0.666713816886787
0.702363862744569
0.746416621595399
0.691943586813276
0.761381972339365
0.640315051941444
0.862086452171199
0.688308155568366
0.687322799327132
0.728998411994973
0.603264569144329
0.773463962734289
0.557469663284374
0.692475606795647
0.882582312278397
0.698413389935192
0.755177204672616
0.660482622899583
0.770731810943116
0.711531869634169
0.732385571027863
0.805746250328405
0.815367426946434
0.792809212435551
0.609604019636154
0.82764819056881
0.802103214279882
0.698796806498155
0.712779654126325
0.782223249656968
0.804366301667167
0.833190914151995
0.704554643354056
0.894906597340021
0.806390031211512
0.890169713763827
0.567981181907792
0.786040817327742
0.88850275651848
0.685267973024989
0.765345055644095
0.716805875563514
0.896641282005218
0.812424510777087
0.798924718324813
0.889797834785122
0.83271477002134
0.78058322165827
0.780022429858035
0.907628499019204
0.806129104364386
0.883494206056725
0.858218250395972
0.830003367546189
0.81028925119763
0.902758631016644
0.76901573889914
0.786284490254326
0.752323693604936
0.720565869463475
0.976732041494559
0.906139184336244
0.843284318291823
0.935795541299472
0.946259860598064
0.757014537815368
0.839544850057945
0.920415245127317
0.901618034320946
0.743148226421247
0.852066108016638
0.985457909680031
1.00593955264589
0.792292756629564
0.880551201695764
0.943600236881371
0.940662791077956
0.908826483479227
0.882374304491303
0.78189405156996
0.953894769276663
0.964306925900963
0.931967227691761
0.819278620559917
0.792682018350952
1.01937227290357
0.860194036638074
0.800471728050946
0.993455483183856
0.787912103857201
0.818287358506996
0.929002631139431
1.08414739459714
0.929574271449507
0.961810065549362
1.00796091435563
0.94132384122921
0.909361493139466
0.938850389493572
0.865867191533518
0.994751671051052
1.05353849052724
0.944631928163845
0.889184397079189
0.987967667983922
0.920299281201086
0.913007250595615
0.903042370894816
0.890725437380156
0.894865047857633
0.86028850291862
1.1348874467284
0.998911551634587
0.878042651387481
0.930903323119202
0.971410654187191
0.897640480683626
1.00007659624202
0.902081664588971
0.946015993707351
1.0621486418819
0.965472484240622
0.953289259775254
0.945286493374577
0.875876093151266
1.02083483528785
0.987964869669924
0.988261840306125
0.892420334309346
1.01980897693005
1.0143325149766
0.92430203111177
1.02774000890727
0.950765770834459
1.02702881635108
0.870943148893268
1.0615604869719
0.838772389279078
