-0.995994704369345
-0.868407775007173
-0.886640015479976
-0.901582077348347
-0.777073133071805
-0.98514582839451
-0.991653831964224
-0.956301798276043
-0.966843559509537
-0.9335636472062
-0.839324741544718
-0.913763483277827
-0.897529167576111
-1.08857162715721
-0.915308954850959
-0.916595452995468
-1.0375721727025
-0.911951271726334
-0.856491932355491
-1.10342696529815
-0.935722520898601
-0.943188519498875
-0.797867347153724
-0.951107897750608
-0.906081269770561
-1.0107585142318
-0.922482503748615
-0.91720611336699
-0.926138296046735
-0.873385725602694
-0.971323912542544
-1.14976453966884
-0.998905074282581
-0.954836333212594
-0.951060910810959
-1.01116287986112
-0.901292217765874
-0.878807964400807
-1.08847911866487
-0.900638647562578
-0.986470339654605
-0.80458148004743
-0.86626871476271
-0.886895255268938
-0.843679590943857
-0.982051301771769
-0.974253444787582
-1.03581211309373
-0.90654359130696
-0.848392493798416
-0.910517202787935
-0.907562420038486
-1.01861863222269
-0.945491825320492
-0.688635875672662
-0.81193316633549
-1.00794090710686
-0.856678171963719
-0.908365334612973
-0.777844391204344
-0.794675315736782
-0.956344539041305
-0.685904641911643
-1.00517136356556
-1.00768665612598
-0.778345938337562
-0.783038130278585
-0.865952255362481
-0.852533369179774
-0.829073016944618
-0.808083626026943
-1.06607114070969
-0.960400443772806
-0.828460179588919
-0.890196982254307
-0.749397309652882
-1.04954640327631
-0.768547339336795
-0.795103762464626
-0.754215845794504
-0.795632158888075
-0.943634259083062
-0.745737955100249
-0.784721550052675
-0.903610945630806
-0.862562514168669
-0.667247560823568
-0.860410543464305
-0.793573372399205
-0.79170030446672
-0.970650793836772
-0.579219349678535
-0.80924580964302
-0.840574872853914
-0.695604728152307
-0.818279830042319
-0.865798900604556
-0.866229342943205
-0.876828697538746
-0.609069713450498
-0.858395921547319
-0.716557460054824
-0.69669286031539
-0.76023936155818
-0.964081480236267
-0.929443625791439
-0.792559128154092
-0.686556255256509
-0.735731871290067
-0.912225218127577
-0.608934460426562
-0.702364164224744
-0.781921245295462
-0.792906858493955
-0.824413569766504
-0.761047077231577
-0.744410756144195
-0.753486417667232
-0.8146743563208
-0.860144258189975
-0.702078698160203
-0.798705979447277
-0.771416023525609
-0.949862345358875
-0.760855897062275
-0.801079055301636
-0.742142497052751
-0.747895541257669
-0.655264573900461
-0.811094433443408
-0.772681388669714
-0.632482618916543
-0.961658880053759
-0.727232224788542
-0.726803314483122
-0.835419030686409
-0.546168824842136
-0.637991232323798
-0.816737300377259
-0.712610267465349
-0.771918924489371
-0.73916601621964
-0.721339394872275
-0.712914984079013
-0.731023260761719
-0.730742700327743
-0.480207691059053
-0.690678819835822
-0.76188539678405
-0.70985234978887
-0.685359150721098
-0.57127466122812
-0.725920766275466
-0.870704619380251
-0.624474849129516
-0.656236696100014
-0.588181952155302
-0.61655287449199
-0.789641090653803
-0.721098187613366
-0.781819937604597
-0.632020984570433
-0.578422006570154
-0.593916600071105
-0.680951818731842
-0.664258181140001
-0.71993344899495
-0.698043259001465
-0.612632146814269
-0.64529340472433
-0.526531701828642
-0.618506271150394
-0.614044850393622
-0.67092501214709
-0.619568898484372
-0.754772182804999
-0.499043954117941
-0.600174866796027
-0.708247978468327
-0.527273098870406
-0.68091878856256
-0.6561954783024
-0.620531570223489
-0.673850272293171
-0.573400092806103
-0.698922318580153
-0.742566246092271
-0.4288387147938
-0.544557436778775
-0.558512187513732
-0.631735556865815
-0.652331672222406
-0.633615802854223
-0.642717436186901
-0.575353769374607
-0.702623730121556
-0.689780936591189
-0.619419961700458
-0.635458852503657
-0.694581196439198
-0.655919304368438
-0.531142040631904
-0.60927841253262
-0.432068894847196
-0.664697969825735
-0.634658992317105
-0.56524222022266
-0.675338021141877
-0.552002275426859
-0.546822882505652
-0.463195007734022
-0.432207145054701
-0.431120955346901
-0.551947121962326
-0.556684665806807
-0.720817292930134
-0.482768064828074
-0.494586004695495
-0.488500946427305
-0.651249117710054
-0.705999406280065
-0.492039314299843
-0.605201635345955
-0.56394323766799
-0.526129244500595
-0.570990731137025
-0.535547902458998
-0.633168299711906
-0.633632267757567
-0.550696541000308
-0.392233646927998
-0.504963225316685
-0.365424279432057
-0.556952735953031
-0.497406927552438
-0.555086901675708
-0.389331072499175
-0.721671397775213
-0.668528317410266
-0.535514720682595
-0.595832847271073
-0.531798863919936
-0.495623755136869
-0.470222510119736
-0.48097846326749
-0.562364000991658
-0.364078800042689
-0.515117134441158
-0.465541407109505
-0.336586827083999
-0.58426178668104
-0.432647221364372
-0.465213878061907
-0.40399378469198
-0.593316798875451
-0.515253763455863
-0.559462318694898
-0.457092570613786
-0.658321860294289
-0.583385748057496
-0.422352507253659
-0.446484940786635
-0.557164378334135
-0.440173348614392
-0.43335710500182
-0.535309414441367
-0.531979805037874
-0.363910509134917
-0.67224864202124
-0.52314548846804
-0.506835175169235
-0.45013829951888
-0.444918326492484
-0.424408940268794
-0.394382381613153
-0.417534534450291
-0.52437245832562
-0.406078832706402
-0.534531072708321
-0.644461368018795
-0.40923423649709
-0.49977785892815
-0.428780829438495
-0.364641926722929
-0.470590734755308
-0.532258868764637
-0.461701815331065
-0.436198330462456
-0.438177677607387
-0.577183686030928
-0.379983071719048
-0.394298377235159
-0.49474059505876
-0.447291090809266
-0.485479093678235
-0.331625972161809
-0.556953468661099
-0.243942124663473
-0.361824287779622
-0.467063371251838
-0.407784223895177
-0.455793265900545
-0.544166510596914
-0.35043561855903
-0.42146478405182
-0.427235067208812
-0.312321183203787
-0.555467184011922
-0.383840470018875
-0.416791681369017
-0.369388287300755
-0.404106859421079
-0.436989408692641
-0.353450008050339
-0.36795868766359
-0.380141274837361
-0.411276957349953
-0.405162147546131
-0.382398225461446
-0.344245909604325
-0.380520021674273
-0.411259169667339
-0.316595412464773
-0.383231157512189
-0.374167713897858
-0.574882521791761
-0.362271190151981
-0.261967557364394
-0.381790445679893
-0.319216598575241
-0.401778882784091
-0.38498686717783
-0.413099550257749
-0.43768596081282
-0.435381133316533
-0.433801884446487
-0.285237844859488
-0.3199284116426
-0.410931327997797
-0.427109061794813
-0.303799156866069
-0.15622594544587
-0.539115084736213
-0.246635789257048
-0.296757274104304
-0.222253230124072
-0.146085268367068
-0.261864867633245
-0.32113814054513
-0.322892928363519
-0.350247531822724
-0.351910300718076
-0.334648587574811
-0.166404491741139
-0.4030954240441
-0.461111666685041
-0.330179556741555
-0.306503771737437
-0.342999405039054
-0.384466518116982
-0.152220299587021
-0.391895860837033
-0.351369681757598
-0.376373258490686
-0.172238937482504
-0.304503293083189
-0.282867788665095
-0.281933505266504
-0.335108387776505
-0.304815958197624
-0.113335136640315
-0.288299453665323
-0.219476864447326
-0.327093234400774
-0.388073129088718
-0.236423518322278
-0.287095676847053
-0.29151046714176
-0.215941084226772
-0.319147520872406
-0.21756321351925
-0.0734998807828804
-0.0975863110832736
-0.17758106759821
-0.337800967596785
-0.223978956708245
-0.195692018004572
-0.183026128275284
-0.0531696101644521
-0.256035157916032
-0.242943796180503
-0.275828239130975
-0.231706954996068
-0.221388233547459
-0.24685953234701
-0.238042920893929
-0.245775918941503
-0.240450202751281
-0.239247574210026
-0.0681624526328989
-0.291863150525854
-0.256511770906033
-0.186902919487378
-0.226386217258172
-0.209437468688874
-0.186256159753994
-0.145932478835067
-0.408926702709284
-0.21789211730738
-0.159015555547982
-0.138374393165977
-0.157893226710987
-0.234444803077208
-0.195067549340523
-0.140870652314106
-0.125127073938514
-0.238593198290975
-0.206460743447383
-0.12288647069666
-0.206935524010715
-0.197697874316365
-0.072018016801702
-0.119304929414036
-0.143311527607301
-0.145068683004096
-0.192600875159696
0.045728807640515
-0.261048144580948
-0.240472652018886
-0.11891078672528
-0.104118971585167
-0.215190649419431
-0.154782079030592
0.0794677970653442
-0.0745258200723475
-0.203145689000082
-0.183828867763061
-0.145359114451553
-0.0553849039865514
-0.16824929510386
-0.174022381188412
-0.18549897079881
-0.0475365874983927
-0.0127027288902877
0.026533510985282
-0.176757499897611
0.0248727253273538
0.00908362518265655
-0.0651617979981311
-0.160478024168701
-0.157493387679739
-0.119401290013926
-0.0140928056274804
-0.0869463134179845
0.069648056345488
-0.146554066901802
-0.12570693550132
-0.00710562284445226
-0.0454217585072629
-0.0661488689195838
-0.0225571590052947
-0.135606670950657
-0.215907763208933
-0.0771426973315654
-0.168913785560474
-0.052925161269421
-0.0638957682860823
-0.211323833788996
-0.0594426190133776
-0.186759422118009
-0.0212179295481238
-0.0394401197768576
-0.0213753123411719
-0.142053392171839
-0.0615865714804921
0.0269077331714911
-0.0784165955432647
-0.0230047650335674
0.0950968563632465
-0.00584324718584582
-0.0575970117080747
0.0401327111890158
-0.11833765283884
0.0203567213256255
-0.0306700147962059
0.131044405544826
-0.164903724432038
0.00551942446067402
-0.0504594078243987
-0.0626775063315306
0.029930379593025
0.0356232432371326
-0.0713956580062683
0.0214289644658424
0.0357146879102132
-0.102267889882398
0.128244855844132
-0.0347007197550805
0.0859067045227248
-0.018264491737968
-0.0199286019721959
-0.0461077374354894
0.156294606152197
0.0498039779009504
0.0197777348665733
-0.200745776334218
-0.0528921366393303
0.0807704254816738
-0.00170080051459997
-0.0504253098320486
0.0779818976245176
0.0661638352925098
0.075191667523515
0.143032252833748
0.011236722774377
0.129879564240084
-0.0282539002360816
-0.033893780697318
0.119993420197525
0.0984056390360894
-0.0343918906188046
0.0369326006704839
0.163046701591528
0.0943866404591087
0.0378985623956104
0.135324530547431
0.00431578465208989
-0.0180185552924385
0.0285428828210615
0.0897687994865533
0.0563251517311169
0.132821488656999
0.218961140778344
0.244334363217919
-0.0581672862474008
0.181320323646301
-0.0278582739010141
-0.0106591053020392
0.113490707438459
0.177930810522739
0.0258138195332806
0.223118097844975
-0.00183782770688514
0.0273181312637843
-0.0880963740335272
0.159794320468728
0.168632321434502
0.126484644898458
0.0369179061189712
0.0826999478770185
-0.0805354725204658
-0.00508903150076812
0.0680492199350543
0.253935820160509
0.133916590058326
-0.0182843140441995
0.263038386940288
0.0870200871996615
0.0710580140860796
0.23957732522377
0.138645336101729
0.172812956769904
-0.024611070359978
0.0417812726675498
0.03786413900951
0.206852642276753
0.071944009416749
0.209680760697025
0.0266884054344602
0.130033479249879
0.237965677639542
0.0694050462129121
0.102484599084394
0.20403412377037
0.239032258113765
0.113845633455988
0.14239244254271
0.129203193046683
0.106041592427986
0.18218855120619
0.213307928793638
0.21621419180143
0.0821601949118659
0.11128138833499
0.0967693193688816
0.0909044028629081
0.165034575256707
0.290513833481053
0.209780340855013
0.182000597918378
0.0360372853125334
0.229204435569027
0.163046566029799
0.167144787484031
0.147036083063631
0.0706011279372035
0.196900959968511
0.223132465058826
0.291601662544764
0.272891036178045
0.271795983152384
0.163871499939077
0.152239461198573
0.140750331468417
0.129492360944141
0.298959975900395
0.198663077296613
0.306779598751124
0.336142975365563
0.387407003862552
0.145406804720317
0.200229352324524
0.263399641209974
0.216958811944749
0.117759965317768
0.25598147387928
0.201369769176232
0.0583089332196916
0.283466141783001
0.0970678368672203
0.166314262807652
0.244390888766148
0.274040656026458
0.295626747157036
0.421377179923033
0.114422610461464
0.324262837026154
0.280771791360141
0.197747659460909
0.114669294595138
0.192730746879984
0.251993933787195
0.228253933441472
0.342105556265042
0.230148296031401
0.284430287392454
0.389791292486453
0.266269282304681
0.138354039259483
0.209224039645265
0.195671079509127
0.315011315508942
0.255793875312408
0.342710637220559
0.218964594520801
0.292325162702364
0.292167176864676
0.135392191987342
0.274752872598721
0.316131070323004
0.356616677782054
0.149447587221414
0.276552556258332
0.25520383339127
0.428937016786202
0.375182772518666
0.393366387619652
0.535985698896826
0.360463399037477
0.310008036652739
0.24097258074135
0.35729469462798
0.474480197625939
0.295229888368575
0.153974096905344
0.386638977665373
0.392502241300593
0.357463369461288
0.328932116524433
0.222492863237572
0.260519663016433
0.361236836741063
0.327490506398294
0.261916622317645
0.321947107242338
0.50407094902482
0.482160320715382
0.276813643344973
0.293648700654301
0.308563781266248
0.252687302314828
0.367203502621136
0.230829531831786
0.439022369029094
0.366692333811884
0.342148122251276
0.430546469233276
0.428732444987429
0.402621681415349
0.491795356283521
0.517946129458772
0.445172686449622
0.310554536071974
0.375803836341877
0.384714749843363
0.420885881764373
0.338073824635624
0.232457874604757
0.297541574391744
0.435769168858016
0.36362824892401
0.440543356450108
0.43152734563587
0.45335942668864
0.36282240102658
0.450987638195232
0.247395101667531
0.433456008505641
0.375391176429126
0.58811825111826
0.563337014860394
0.388505107555926
0.2790458381408
0.346628479004596
0.468850676456027
0.427844972839486
0.41489411792944
0.408528979950598
0.480217349910312
0.58143636020406
0.465076336110047
0.526057442519807
0.433578752042611
0.27161256786998
0.552243927309984
0.546746880922423
0.470690100115
0.429538203467246
0.309284008463773
0.299120299084733
0.403931832300859
0.492924890444099
0.457110562577462
0.436709569335321
0.351717350541188
0.369371237512518
0.454237598861378
0.52183297216687
0.496055255214287
0.334738100417877
0.484552288513017
0.379461972143986
0.378488711800724
0.394224204264066
0.551960685474743
0.573633510095445
0.283225060395513
0.392383405178614
0.532228090213833
0.527756489554258
0.484983095707059
0.524031142765779
0.419047735220556
0.478135008597796
0.627482405843804
0.378498332529152
0.639798913240042
0.494018821101072
0.369997116127251
0.447190247778305
0.614596870614021
0.585923099218399
0.520698967822074
0.489007773948265
0.498564851664539
0.59279969956964
0.568343938441811
0.633265376991861
0.60303461012976
0.611970430043339
0.48999850981581
0.507429550862154
0.492103429222537
0.499781945943005
0.782963036204963
0.609534420743875
0.497738943195298
0.391464343677281
0.525343135788304
0.679688869927398
0.511906628481441
0.641583431420712
0.471478324438501
0.582501415527283
0.720832045872106
0.59555236005115
0.595021928769943
0.694895377384629
0.618537849800931
0.561971510765979
0.76643352016954
0.498075649547892
0.63415236834154
0.534420939335117
0.578355997918019
0.558222882273526
0.661863575542829
0.645842720347885
0.595286086812767
0.542709704137637
0.610692089941991
0.491416168575696
0.574806508881286
0.716318652686788
0.596640712638763
0.618291489114353
0.562559675425661
0.500452131807906
0.643555234621589
0.56064676992354
0.796944517933086
0.645996013486035
0.488735514855443
0.608115631356509
0.596749042384669
0.722039223911305
0.576092190494536
0.719119499711866
0.641848062266112
0.771392548263556
0.68319860709505
0.718431539728758
0.642624866881667
0.727984631151009
0.637380605617844
0.549466604976684
0.730900111798328
0.588378536140996
0.666220206405293
0.788311061174518
0.734558600233707
0.717606212418087
0.712932564289581
0.625978757048253
0.498162556317613
0.727407282908952
0.593373859620903
0.595805521460861
0.809874337966112
0.668550141984711
0.515590993114401
0.538088960253468
0.788508423246039
0.536699356803632
0.703488434909954
0.611799909005804
0.858414154673079
0.73686322144392
0.70639205918667
0.728710741324275
0.689301710763235
0.756632486683807
0.843228028425629
0.635839799329454
0.738259793654419
0.842166693849218
0.868374992221639
0.712781007750118
0.778110429903486
0.822297163706925
0.67548899189076
0.834792605718667
0.701045082134641
0.676349266652716
0.716969177573143
0.8287030113131
0.8154070524673
0.678519076254661
0.765684744010331
0.723830185112575
0.712247414993742
0.678591841689135
0.680729110399064
0.88040070238511
0.842302739606195
0.713114880641107
0.802396895807683
0.795110831943202
0.72315238889189
0.779052877364995
0.813167215671971
0.766842386378142
0.851848980635175
0.809754639833093
0.862537702530833
0.866429452960411
0.674873364576915
0.799592015878506
0.812516731937265
0.707183466019676
0.898644511109365
0.718110332404982
0.887829144443848
0.867339301787636
0.951400456961804
0.871498160296955
0.829771229698578
0.744263459098478
0.731330211254063
0.728109996634841
0.865282262704325
0.857486921802242
0.741352657641183
0.886940286997651
0.756976164617818
0.93296399915846
0.885145339212659
0.702162201237292
0.895257465649742
0.747059482868732
0.690837794158727
0.718636919326144
0.750123730218346
0.966015905972054
0.962108686922494
0.920256521306343
0.785463115982618
0.789364348037147
0.732820449356509
0.974572134284558
0.816790045928528
0.869779393700852
0.820223048873821
0.858282551286966
0.782124672234265
0.85218505673535
0.855355086583243
0.821214046545708
0.804099437237572
0.98500239820059
0.731156001562773
1.00744511825458
0.879576457615482
0.815743347233939
0.819277849119012
0.736444385530121
0.751212757512958
0.916807366900709
0.886139112944256
0.897155047694628
1.01607115437881
0.857868834957802
0.901861149143185
0.960548884003353
0.868656045357012
0.781559907763879
0.885266914849286
0.899829910380308
0.954418749278079
0.968465065680362
0.978278242375696
1.06635401549402
0.987752708702545
0.943246422529947
0.876430716585647
0.976530263196052
1.0047962828089
0.906678792638779
1.00777779246282
0.851904649523277
1.14884144974133
0.981922170178724
0.77105041425225
0.974698364855048
0.88081867542389
0.73812801653547
0.874852547322479
0.969460357997879
0.893395818995198
0.816383676616594
1.03574813263371
0.978247545481713
1.03127653819146
0.935720176249697
1.09779392159498
0.793198671110852
1.01572573296145
0.914535215965544
0.843693694173093
0.867482024882786
1.08732875624206
0.902490335784023
0.969995101778963
1.015500566863
0.906978603861494
0.962014686604107
1.07363002885595
0.945502218519592
0.935887368049579
0.920845504286778
0.983781754101275
1.09529617810982
1.0069170711264
1.04567400892186
0.917419788396716
0.953900830309217
1.06872506863581
1.01239114314039
1.06413820152053
1.02157914265273
