-1.03160582399328
-0.768358812764245
-0.998238876246189
-0.861746848317879
-0.971910452430839
-0.906434259891063
-0.862112452908055
-0.908318213501218
-0.994851310252621
-0.92605264915918
-0.831394140682826
-0.882548726113057
-1.07700319895578
-0.949816354573329
-0.936951203618465
-0.989692012855993
-0.885105219219565
-1.06028097514204
-0.88219162176081
-0.933378827908246
-0.903672261086642
-1.04603290211784
-0.891331284481021
-0.803717354278255
-0.919950290804923
-0.960669742736742
-0.903147682794809
-1.01105675735882
-0.745541718622111
-0.934352241809602
-0.867464583080969
-1.06133490332286
-0.968254193551245
-0.841648904071247
-1.07766513539813
-0.880944113486196
-1.00293138934046
-0.839153937734255
-0.921668810869055
-0.969742612635066
-0.831863934330547
-0.898354986063975
-0.966684386270734
-1.05441165886013
-0.940997471118759
-0.996653068256854
-0.863543940526139
-0.936992065343106
-0.88576058552346
-0.891955337683006
-0.948068095956499
-0.823970638665154
-0.916253537287449
-0.703006446877779
-0.945687685234227
-0.753461095082725
-1.10250851625564
-0.907825658808614
-1.02816256405776
-0.894347442277424
-0.922318316660681
-0.820802979716757
-0.846652892059459
-0.869212853789205
-0.815829123033924
-1.00476346851615
-0.809828491397011
-0.891970020290202
-0.779917155759794
-0.731138491412598
-0.891092943325852
-0.79712325563618
-0.769787991156186
-0.888966750215018
-0.909684307547564
-0.871998857834673
-0.891065287766488
-0.814655797968769
-0.849404530555631
-0.959731323315095
-0.691107582048584
-0.820903296105962
-0.913406072470387
-0.931659395753126
-0.956756656697995
-0.790947156373368
-0.818131555119006
-0.994031414856641
-0.960913731029151
-0.749343015481182
-0.874203701281746
-0.820308791751262
-0.935887707472923
-0.759069256543217
-0.854950177471542
-1.0023693907776
-0.8106211018917
-0.76845199070105
-0.843192949576109
-0.747331555508725
-0.830775122475129
-0.819966512890098
-0.685822112257928
-0.785904767409436
-0.876972509767234
-0.867930258535948
-0.857169280012957
-0.814256415153126
-0.716356119800425
-0.806536949524299
-0.730330447069928
-0.790592352223102
-0.835175861259937
-0.751938691514389
-0.832492641813031
-0.698156506613079
-0.660072385521759
-0.746885309742351
-0.834086998994531
-0.767808710852051
-0.88813234679757
-0.699246821732244
-0.746137191928711
-0.753501463519247
-0.829813942377801
-0.702377969160372
-0.687356139933629
-0.710965530057904
-0.687963055206456
-0.596167499781903
-0.816661548765027
-0.930391920352798
-0.670651303143568
-0.788929125997864
-0.585207555067126
-0.706719232288929
-0.718657173686912
-0.516213740994166
-0.658034607624341
-0.617791276013168
-0.734320266433047
-0.667169106075022
-0.540567496275756
-0.671589336460946
-0.746116963361695
-0.684137030829427
-0.732465994918183
-0.569497937205785
-0.749838151114805
-0.672798692801206
-0.705019840619439
-0.898419607542636
-0.76825563912239
-0.637819959939711
-0.625453073708897
-0.675895062562264
-0.658233966740399
-0.641464213171948
-0.769716992842627
-0.653195246305041
-0.623066011704372
-0.575392105014878
-0.73919606923948
-0.653065422196905
-0.611040025325693
-0.598337994541168
-0.647548879037934
-0.46124484805429
-0.602293350928231
-0.584140868936456
-0.552288982731974
-0.54584155460804
-0.679798282078266
-0.525460809777684
-0.744983673388465
-0.616162981811081
-0.738793752795428
-0.517599801833454
-0.557592412649576
-0.702098989333232
-0.568734796353384
-0.546601821283221
-0.674087034512097
-0.501541605215847
-0.530246788928598
-0.844263677255703
-0.680176738302492
-0.534856759631499
-0.631252810831123
-0.498449137672076
-0.634262940904767
-0.617424175408086
-0.623691566979862
-0.750957711473258
-0.688319490582363
-0.713874212142936
-0.533554901188298
-0.760903816440609
-0.657349847408099
-0.647210689969179
-0.736145427755435
-0.690583561195746
-0.557686234232581
-0.507582018213906
-0.70410972977037
-0.609349114559496
-0.593058328550281
-0.606280998946458
-0.542152839793271
-0.653343291346893
-0.620579598916443
-0.490180841537879
-0.480349265148261
-0.504641367879483
-0.519769261580215
-0.543634620961367
-0.608755964424133
-0.449418239467255
-0.552708985258684
-0.515372015281082
-0.627404749193358
-0.513054323309108
-0.58468640570615
-0.507857334751943
-0.685473970300122
-0.515385390745611
-0.539134260450412
-0.530095796786661
-0.528780403329515
-0.639327962375361
-0.60108987997011
-0.590297433523225
-0.522731433891003
-0.725014310961415
-0.506679351859024
-0.492995533051597
-0.579123992075754
-0.41343024206006
-0.554864209237027
-0.657155927078533
-0.486629772765856
-0.544630916546045
-0.469009644062771
-0.580921697224765
-0.479085479342291
-0.437120495714011
-0.420864341075241
-0.633985689425354
-0.404918847675384
-0.579943886451423
-0.478133264014182
-0.564790555844645
-0.365085313118927
-0.531976677265096
-0.334947323705129
-0.382444921342183
-0.427088254118265
-0.502984619242979
-0.524086457416654
-0.390454954373525
-0.445160237113234
-0.441007778889162
-0.49623655272089
-0.417355261407925
-0.472210987713869
-0.597788600193756
-0.348022614054402
-0.490354985546532
-0.376303398882002
-0.511721987097504
-0.464881626113098
-0.345457424430446
-0.461897165708136
-0.485743987906546
-0.569750890054554
-0.448661159857751
-0.412244905979906
-0.489635549458461
-0.322316440704089
-0.3901635984494
-0.525024348038894
-0.439550465453254
-0.384632404396431
-0.327413331304071
-0.283293592191857
-0.282721390064383
-0.394721164771618
-0.376811371713773
-0.356645895785424
-0.314920970332468
-0.29212018751192
-0.433511400929764
-0.394137905274874
-0.429869762606441
-0.350272976820058
-0.462985018437766
-0.49011987508643
-0.341819597480338
-0.199237244764035
-0.435780539022871
-0.343357724555844
-0.351259803542907
-0.37492527129369
-0.485683616095769
-0.358836861904043
-0.456165704335672
-0.445426199959464
-0.53101810006225
-0.363894182143925
-0.416162430889259
-0.337829898295043
-0.424223820412468
-0.435184332754899
-0.408654030220017
-0.402589049018894
-0.36313221983554
-0.516453577470684
-0.332438704676721
-0.368548604173735
-0.379208734170109
-0.361176545940857
-0.496785646647216
-0.417190992212059
-0.213195967995651
-0.330689703801976
-0.399249390397604
-0.297027482644077
-0.361054015347891
-0.482241476256332
-0.332447822059595
-0.298215172270045
-0.27984664183289
-0.248993103464512
-0.421592531249959
-0.370159391475263
-0.323847242736345
-0.367649860624891
-0.3135431274895
-0.253494967028182
-0.319673635171732
-0.316243697991209
-0.452148824224691
-0.203064851548537
-0.168144958750646
-0.233590464719494
-0.26372238667547
-0.351695449190225
-0.209350746140666
-0.250014980886174
-0.463025716739151
-0.209609303220348
-0.254523797182474
-0.432168322324457
-0.309635159958765
-0.30047145101238
-0.220248621712659
-0.270128235178757
-0.28346102210578
-0.259006500047594
-0.398799275003603
-0.266589327711926
-0.187151123739951
-0.33167264508369
-0.278956261105087
-0.35554240882902
-0.257583405199427
-0.340851488540351
-0.388178300494702
-0.304810015482822
-0.0879261369441374
-0.296270912072327
-0.219418398321533
-0.269895669765335
-0.195668828275054
-0.295512423947516
-0.25714442481642
-0.235857868182432
-0.189436240164059
-0.174012197144956
-0.288571947690522
-0.408340024988463
-0.147056675793768
-0.209534882862458
-0.254674919688674
-0.1848768385587
-0.341336376862888
-0.167229109749095
-0.0917276385618036
-0.377708819196536
-0.252600533044197
-0.236895799787688
-0.114857479537845
-0.228343379597894
-0.291474626838495
-0.251958165910725
-0.41590235201489
-0.157855341798791
-0.259426117030892
-0.157268712417852
-0.204910257907368
-0.302422722024674
-0.159325085938423
-0.251350269576331
-0.245703849701616
-0.176337798744459
-0.108278796958951
-0.256661902764572
-0.119331120319838
-0.194896781706167
-0.0830573646205859
-0.151210348486859
-0.124197507666844
-0.276096876729482
-0.184720005140618
-0.274847947988314
-0.235630832174334
-0.0844684876311316
-0.166340377836805
-0.124894239689141
-0.121663916023386
-0.210726317371521
-0.0440720205285143
-0.198333396494286
-0.221468156459759
-0.0799874005807131
-0.172752281092074
-0.0368205064550423
0.0467857029234656
-0.0661566439478598
-0.145761190483617
-0.129005626215738
-0.183087605087451
-0.0636253670876428
-0.138243194310088
-0.134484704886282
-0.136098529256691
-0.116733676900133
-0.07591021515223
-0.148791220645492
-0.280817466051202
-0.183004489191159
-0.0953355543540868
-0.0763977612663051
-0.0553383613773042
-0.261092958940825
-0.0609138331811527
-0.107714724075843
0.0171883770784211
-0.210613774810309
-0.219195991513194
-0.0428523911676231
-0.0896656074832037
-0.101379845459899
-0.144758780762772
-0.0908017461771315
-0.157450116521537
-0.0355715724014091
-0.21606063123305
-0.117141020275435
-0.0968658262971088
0.0500905082042567
-0.00261665169526545
-0.163698806322073
-0.102708730031904
-0.156761348929645
-0.118432790579811
-0.249934130787552
-0.0617299675213862
-0.00842781862255497
0.0454152366684767
-0.0606413892982013
0.0609418485495402
-0.160302563047591
0.0149748529222748
-0.0102558230027472
-0.165472317788716
-0.176081492166404
-0.200577038375346
-0.0328372119351387
-0.145898105304518
-0.0453358792226495
0.0448537685919965
0.0161537112882346
-0.0687394002520156
-0.173196081849837
-0.0348870380763152
0.0412306402506676
-0.132195781331673
-0.0852370314810044
-0.0797803641760191
-0.103479618165172
-0.000760904726044673
-0.0438232808563116
-0.0860353849793418
-0.0387247724279351
-5.49833393482207e-05
-0.049687777807478
-0.00897005752591702
0.130746166468687
0.045568523948805
0.106811936816291
0.0596837898647285
0.277385901668832
-0.0636556130512244
-0.000371472931898837
0.0503308980047857
0.0137779445106638
0.0451838088778214
-0.0093184247712366
-0.0232538570114826
0.116471334666429
-0.0800448075381075
0.0535648247180254
-0.0150921492746468
0.0529335552012005
0.0150658067788324
-0.0124545045694734
-0.0727342623240454
0.118125859431089
0.0273627704965536
0.00413296908155677
-0.0437408930639263
0.108811498104151
-0.0137996941134684
0.0392901678390341
0.0605576969149588
0.0202035480343748
-0.0965679026777617
0.0421248282300099
-0.0368313209665784
-0.0771214904991706
0.0665041988643371
0.0311888486715606
0.309661794370754
-0.0146333060560103
-0.0181957008922204
0.0841219693475149
0.0034732841256002
0.00339804304154755
0.181578039564857
0.100037795904733
-0.0318890372250947
0.175123898183641
0.00382207269031029
0.0315761991148473
-0.00310492280817972
-0.0215256861231191
-0.112354857705065
0.0403659531231516
0.0332562733053315
0.163461233246043
0.00206235251897513
0.00595069314220567
0.00476772607540532
0.0988284058260624
-0.0483268442137585
0.0905005408076367
0.114401441350286
0.127487208847623
0.15151883746153
0.0955694405442002
0.0468479522933037
0.129237883048538
0.133018076017648
0.0333799288507043
0.264383859304038
0.149687200392032
0.114394188522902
0.212643070884463
0.194365754721788
0.244491068007599
0.137438380097719
0.23611580510248
0.257665225334718
0.1439483303532
0.225534634699855
0.120366984153439
0.0959208169601363
0.0930133078858573
0.23564179835174
0.161550796562368
0.0194353026928327
0.186938131293528
0.0557543315449964
0.079741242183756
0.16793031892349
0.164730603442458
0.156640271770684
0.0867680666712539
0.0355526483935471
0.131095953296956
0.165868188801345
0.171055580703972
0.0666556756697842
0.0911280440831692
0.220713397776859
0.338635944107275
0.208937875707626
0.171585787173514
0.18621565436671
-0.0138857149933522
0.246029457579645
0.200477236304745
0.356103460030847
0.245550660067798
0.345073635576759
0.185959568187135
0.321486260955512
0.227874081731289
0.066031141222181
0.24350022083186
0.287235098109275
0.128716158076121
0.21233678286262
0.130215301496636
0.25254903473254
0.188990443165963
0.397720224219875
0.382710070631924
0.0843866886107646
0.389529808447289
0.26794270566674
0.164928590601753
0.291190355391628
0.350630779992015
0.109283141715276
0.214559078174016
0.163088670036366
0.169162065096506
0.114440823942169
0.238908644944034
0.355694632969607
0.289292858368699
0.320613542576805
0.276089453066953
0.181421803603073
0.271582394223256
0.177107358024303
0.221558066714267
0.159035577262012
0.427221653807475
0.309842467324293
0.194029132274698
0.29658645888063
0.320394083627263
0.239097586822047
0.257182535479129
0.375341037965672
0.131735666524606
0.196186193770775
0.43147459423035
0.326828838223265
0.505841073242853
0.340916765439348
0.375938406556668
0.372955598771891
0.286542622585469
0.290979435089489
0.310558949093209
0.356105782580126
0.461492733068917
0.277385357061793
0.356472817887133
0.326082440154234
0.371398305445672
0.409600926234802
0.31909540502183
0.174552505282676
0.447157458250886
0.368901894349815
0.150296459895161
0.539092779931569
0.372329675816285
0.387920527032566
0.330091701356317
0.364289891864904
0.479384440531164
0.421576348670099
0.496643113953407
0.363709953066153
0.392736998345184
0.444599802904623
0.415448595559112
0.435486515281807
0.387878135373462
0.477102835681441
0.45749761391102
0.430818326662764
0.356619433083964
0.27434684783967
0.38883401686108
0.322749956934118
0.405823776741444
0.298678243517353
0.440129986618173
0.261817452182495
0.412042146937428
0.437841469553459
0.443818932205007
0.415112697577498
0.411379973597851
0.27451257284972
0.369168481998953
0.331057115806606
0.489638237866429
0.490755963293585
0.472817691039316
0.447539462185983
0.557614411689832
0.453318947047037
0.434330975201382
0.511479970131464
0.529939514981836
0.511170162648776
0.400168354724327
0.471241046640687
0.324719223344298
0.3700113875096
0.428533386039318
0.440026537305205
0.561768398469029
0.412353491025248
0.452566076959203
0.436283016339176
0.408855486223471
0.449606161715575
0.393827567588087
0.427401696374627
0.559402705917992
0.584380132206357
0.489995631411006
0.424263658057922
0.435103056113542
0.522558911188833
0.383635438835004
0.497213649919641
0.332438237419392
0.5373626813854
0.525447775088947
0.463064470366599
0.388459682413787
0.578592242091366
0.401521944563365
0.640434294697632
0.688797102988801
0.715579867499362
0.395542085708392
0.384870515633097
0.573861335139532
0.44295625224667
0.439013511187035
0.537269408422896
0.367394040703159
0.415736343210416
0.499269510481036
0.423724834625353
0.488272932346988
0.354007268132634
0.491619664352821
0.572218722841518
0.500445407584567
0.396505558553224
0.541884307888563
0.571201905871016
0.433947849962005
0.423499354871043
0.398140390937124
0.569468049343636
0.477401788187647
0.559609978622435
0.572350838948626
0.563996163340328
0.407072041543423
0.412184504419859
0.664401061816979
0.574879800288
0.613034466732615
0.55339014928651
0.469243146624907
0.706787799099927
0.565030949616179
0.602226946707861
0.374072437952452
0.712332679707705
0.516994343039127
0.622164423409171
0.618669072339794
0.586575623251647
0.519136930300323
0.522347028096762
0.458901462239271
0.639171243182621
0.66478527524633
0.667576649322043
0.542225837869141
0.538429532469707
0.389276928816831
0.59389270508527
0.533671285505533
0.65949795449505
0.577426428238735
0.668559971903612
0.66410557809906
0.621118770813122
0.483094589671818
0.74658440550733
0.731935608619297
0.636159402443385
0.435890975948968
0.745620422766484
0.702149987202771
0.541494991180377
0.731808186106435
0.59509680855215
0.423475902982645
0.55198964116539
0.525739257728076
0.594844407738574
0.647464702927747
0.69220914846127
0.53248545820167
0.667656551058052
0.447177557092555
0.676458062470324
0.682035393692587
0.57804761145174
0.669140020201636
0.585301315157291
0.817124024183581
0.760592921334889
0.741945188631087
0.680802726453919
0.700878960453538
0.546054313262357
0.686990517124352
0.650798134693272
0.406519565953708
0.724042808339736
0.630519324068009
0.632200216222267
0.553481167510542
0.610422104796781
0.721390839895953
0.768021283204275
0.541400195959114
0.690826590134971
0.691542890162886
0.725262721843949
0.608331177606156
0.663541558077616
0.538064485311139
0.793765628548743
0.800958052524623
0.869558164844923
0.700972701911758
0.821244977720809
0.642471453094643
0.838092827413972
0.665606002142119
0.705991689848815
0.784153441502432
0.737528156736086
0.671956200715407
0.765081854046043
0.73269195993794
0.70170770376368
0.658572378671042
0.67187508928455
0.761625946797364
0.890961357428082
0.807154849508844
0.980533005372325
0.877616579967772
0.77678830871418
0.797727491432234
0.839677378281611
0.750585966896602
0.910918400081894
0.860955574469392
0.722872686925727
0.648153752328647
0.859694741070368
0.893333528845464
0.69492837458553
0.759082241215471
0.766302391504173
0.806023821583936
0.828553693243125
0.559747493736954
0.586066742157467
0.786899616924045
0.738785033206992
0.794377976291024
0.749601087047626
0.705626847714131
0.802174810520091
0.71797601171814
0.66382686631177
0.857083547860022
0.772718332138167
0.70163474760026
0.81626738306751
0.751824164188184
0.775133271688027
0.819892897177643
0.908808605642196
0.854390603246794
0.811419434566084
0.813314076834675
0.744586793962982
0.947921606774828
0.83349006390526
0.816598897301025
0.86620687416971
0.685471747938623
0.813230615070424
0.888969118545232
0.843872151704705
0.831248126106336
0.759338873983236
0.830686355043052
0.772507920599281
0.792397505176812
0.855961245483285
0.685635230463986
0.817956587663655
0.806080784823403
0.769055461581425
0.91120378765418
0.752746287768604
0.832654690673897
0.960678351448873
0.959590968634692
0.94770900659729
0.816840116238815
0.919246466000971
0.883898303998813
0.86324618533855
0.819787007153649
0.811732257018946
1.02066702135653
0.937474501184775
0.82088759177898
0.854953969423142
0.908473577033127
0.969377434988365
0.916706135487483
0.936330998595692
0.794500249482401
0.917835984939461
0.973474386581398
0.88070712916139
0.887092000654921
0.943058891033963
0.936205659416328
0.842258277649144
0.964318410945396
0.893501371054066
0.806495617196831
1.02344935854934
0.915736007244609
0.875998177143027
0.974445335144758
0.857685567537702
0.932579093190214
0.84800650323026
0.944826931438704
0.976861668956295
0.992520434184999
0.956923542382385
1.04498342788774
0.932130835553805
0.930889534101084
0.773440409792533
0.968808728118863
1.01856722568748
0.962109629313499
1.00435467881504
0.970859182862785
0.91455307829161
0.987343040993635
0.944371338747436
0.953772407166362
0.95083062276284
0.99812073665295
0.963025246084468
0.926331216645216
0.966248122861411
0.996767321065866
1.10792369373678
1.09447632002243
0.870076317503817
1.06528823054026
1.06126893007939
0.994826895201861
1.12584882239584
0.97247216991976
0.961143410600309
0.999469743928458
0.762164746599883
