-1.10052794896536
-1.09465882470663
-1.0505122119293
-1.07171920904036
-0.960262543757068
-1.18103635888938
-1.06667502081467
-0.928698523651164
-1.02530269734334
-0.842356434318889
-0.899139288970945
-1.07230606042234
-1.01733862336212
-1.11660970977333
-0.94845503081869
-1.07851935558599
-1.01676826293578
-0.865823859687045
-0.912451460344121
-0.882832604751553
-0.928501809400705
-0.872110918723217
-1.02049237445272
-1.01167199363838
-0.968934681961454
-1.06374435984238
-0.880556652793591
-0.873443045220225
-0.821238086649118
-0.892142560570329
-0.857422302728594
-1.00063288459199
-1.00005492491572
-0.834147253871178
-0.926272812417449
-0.927519988917227
-0.925445041144516
-0.977570783925586
-0.841248427045233
-0.981239264776332
-0.95096726122984
-0.885443625056771
-0.932027321577014
-1.09908215293286
-0.734841065849196
-0.997587884404062
-0.909046871344569
-0.914538483076387
-0.911159907018793
-1.01553735439493
-0.739007082295331
-0.907750044847829
-0.883518360174972
-0.900480681406666
-0.858417506889391
-0.831575507150612
-0.921155440578277
-0.732598700432426
-1.04026875736376
-0.830495696593898
-0.922574886943425
-0.811652873435957
-0.830401427342045
-0.870184475281522
-0.742554515481788
-0.863601358155371
-0.900790877332581
-0.803630767075657
-0.81680500661218
-0.802653309841703
-0.85263448226572
-0.832339212712838
-0.898120414439263
-0.810249920775367
-0.874696384816479
-0.847247514845756
-0.885688121042582
-0.751189621249403
-0.877227106497
-0.85603791425472
-0.939061341061839
-0.915930014361726
-0.853376731875573
-0.89266410569283
-0.690765495692168
-0.951579274905684
-0.810060380491749
-0.848278847145237
-0.9307141104988
-0.7936828278547
-0.857612284228759
-0.93841842864454
-0.939980408533592
-0.649767315296515
-0.801296067488764
-0.870330005708844
-0.763883070856639
-0.838206286404059
-0.870660413501066
-0.803372368215665
-0.93597214225598
-0.801000894338737
-0.741330591874366
-0.927384645580104
-0.729472629261558
-0.842495714774152
-0.862267747089103
-0.812770254402392
-0.741918452875688
-0.775266277683508
-0.738455664797763
-0.736527179989366
-0.622968702990453
-0.814270976672566
-0.717696782540397
-0.795242732811005
-0.800772433468647
-0.698539779929187
-0.668486518224233
-0.766767382007102
-0.706561446555314
-0.929732802298171
-0.672485564565917
-0.724803404084775
-0.70830684155865
-0.839709149190963
-0.775794912326673
-0.70653696521142
-0.815868009816245
-0.772274692050663
-0.666092148032462
-0.828627686081698
-0.704563947221557
-0.627114489804726
-0.716075087081224
-0.736514394973847
-0.747471167966066
-0.855991005918424
-0.747071312101844
-0.848277324332995
-0.836716734670375
-0.636220941265352
-0.612673912922558
-0.741353437326597
-0.604632045965106
-0.689869161164143
-0.537618308528329
-0.435856541101283
-0.664221075212335
-0.676336614001645
-0.631268273895144
-0.654864705172774
-0.721621831060323
-0.507170296244127
-0.592005989038921
-0.53836118502591
-0.664521913351273
-0.453137687970339
-0.749280280629777
-0.766272347099905
-0.569363928643293
-0.618596065397401
-0.589294370075438
-0.6363696796265
-0.687028305303397
-0.675911692094718
-0.757860024127348
-0.701973108405829
-0.633901446083272
-0.618901811471595
-0.576131177446268
-0.639687058424628
-0.607153573635361
-0.598124119642136
-0.598709401385849
-0.70232937092299
-0.67600542700927
-0.658265557319067
-0.520579306410453
-0.689806331577419
-0.651311750695307
-0.520278447594964
-0.670795345428162
-0.656936735045109
-0.499354138302748
-0.500572936494885
-0.699652901789655
-0.689804332571509
-0.608523344507376
-0.660304315834614
-0.651600958851154
-0.539026787784422
-0.631948172133523
-0.725284837337607
-0.640737135184176
-0.682502742459098
-0.617706696811329
-0.822872977709245
-0.534159657153708
-0.562515846158788
-0.471114172794467
-0.663990946918157
-0.468348253884027
-0.580284784784977
-0.673826266162599
-0.559852040552761
-0.595286064947193
-0.517588882537995
-0.613669243871425
-0.496852842020639
-0.538799547016523
-0.568271520502947
-0.632484103937367
-0.400556730556906
-0.427182119116758
-0.629496526182
-0.642308081887378
-0.706330332698549
-0.55495681250692
-0.513231983313672
-0.596353204625
-0.427732442647668
-0.450370796540155
-0.666338635400576
-0.438942763141838
-0.747851728599258
-0.41239252181152
-0.590880917375081
-0.602182589566371
-0.509082578691711
-0.432128900104572
-0.54595180115527
-0.549694153197845
-0.670138445900828
-0.652058014432635
-0.604508667812906
-0.467917017920802
-0.462346231927959
-0.560527867054836
-0.314585158427716
-0.451036830887425
-0.611838759853552
-0.421953690549337
-0.433255933575781
-0.539941205582939
-0.541150974274672
-0.496435453183977
-0.502952313736509
-0.383000261164426
-0.520777973386691
-0.428992074875519
-0.466276734460714
-0.455369333706821
-0.594461992042036
-0.632197786993229
-0.515885118576215
-0.513331928187456
-0.437522483555066
-0.425365299297028
-0.534641798074479
-0.468602542063488
-0.542051216415472
-0.465785243069338
-0.499772243616964
-0.452293003366378
-0.359646373914401
-0.590131286620373
-0.440150472746449
-0.580376616394426
-0.614644452243567
-0.322625266661433
-0.482331359747427
-0.47847739252569
-0.422148871801818
-0.378311353712447
-0.469999422531342
-0.498229803852657
-0.383618167012017
-0.494886613590531
-0.403241499202238
-0.506085128011907
-0.387817872526238
-0.328740057269485
-0.498846556864486
-0.375267448530765
-0.485573502503747
-0.41786706305719
-0.410501463046456
-0.48957360706098
-0.352869912464272
-0.445867299392482
-0.349765378250958
-0.427529673507852
-0.398321150503217
-0.553886864230756
-0.593833001673765
-0.536130951584868
-0.380831637152824
-0.319822029151416
-0.438537685671168
-0.395456560317342
-0.448761223334034
-0.341519548525867
-0.369031061298389
-0.395545174560682
-0.351570562465624
-0.458950867045726
-0.433443996660209
-0.332249751363346
-0.331980379875305
-0.352804768242359
-0.434812937510368
-0.453648344650019
-0.387867997468795
-0.343072070380484
-0.382623949350547
-0.223328539477108
-0.333961607903933
-0.23540701805389
-0.32578698173091
-0.348861941767468
-0.255086008350536
-0.399169648628695
-0.170030611764354
-0.301912836224535
-0.376772599923946
-0.310648092728901
-0.242003888934406
-0.234402138163109
-0.353056597229799
-0.256147914135134
-0.316377934550174
-0.274418808591148
-0.32209245111019
-0.344941435556423
-0.481250645191619
-0.34221741632267
-0.204605113836462
-0.399646479831331
-0.459986222023826
-0.219023204497499
-0.426849938507271
-0.274050095020048
-0.301484888857416
-0.302462640734043
-0.34194355247394
-0.20121997758223
-0.256932793238638
-0.270776074031718
-0.404750967921354
-0.265240003192336
-0.282065427519101
-0.364838554806427
-0.390761397572014
-0.474668633189713
-0.165473304230078
-0.271768115052163
-0.269402764151716
-0.185355603150165
-0.281871941794501
-0.163715799440506
-0.265984274897342
-0.134717796687494
-0.300648726228031
-0.354481759212878
-0.287099169341705
-0.306568011890932
-0.0980212932155525
-0.246010268331426
-0.236784798810873
-0.27107692775867
-0.286753204431455
-0.287708844276832
-0.0884428334400718
-0.30202697244358
-0.142806992218899
-0.494590997487453
-0.257402343198236
-0.0994325006302445
-0.0840604089733664
-0.39125978899879
-0.288516899032236
-0.0280892480445354
-0.335114025189158
-0.218941503892754
-0.252807956666697
-0.0891216927936086
-0.227626726894907
-0.22661476371412
-0.199034301167291
-0.169361439313525
-0.161986984916857
-0.0611836983252973
-0.291521952725767
-0.248049021051746
-0.253040275930064
-0.169940060582356
-0.22434800616329
-0.160290430125718
-0.211960558525376
-0.149674063238517
-0.166845612011925
-0.1653841638271
-0.210294445664421
-0.127821561641293
-0.0920709763646526
-0.214098389057832
-0.302928207089613
-0.165413511632309
-0.0257983312032838
-0.23153627496516
-0.303873675461968
-0.19840030438455
-0.0730451908839741
-0.148876937371759
-0.204853745451383
-0.124717716853953
-0.157346778005187
-0.186857635287233
-0.0811133193465585
-0.198963871431398
-0.0607377489587274
-0.237820536082538
-0.125125355406096
-0.303075816736717
-0.183675169302155
-0.11032641829109
-0.207383610721415
-0.0168134773163404
-0.13462969210903
-0.157087853321979
-0.366645156008312
-0.137581266583257
-0.0361530524197497
-0.213958427841392
-0.0051092890229924
-0.243132765495671
-0.0874760889384096
-0.126473092721649
-0.259259878639175
0.0483454724343466
0.00991972462000548
-0.155468671932962
-0.0963311207220155
-0.263788624286504
-0.0607150572869676
-0.0984108331128365
-0.151360552107735
-0.250224531654175
-0.105376336373158
-0.120408600339706
-0.113977499649954
0.0532798174562242
-0.0398120172453639
-0.0914556259446381
-0.0978435992683564
-0.0466019443016626
-0.0407936462974111
-0.0790016036099874
-0.0576933367882357
-0.141653830641528
-0.0485179937774545
-0.135106087186127
-0.0411641665160804
-0.102032057685304
0.0175833731586858
0.0238292912276959
0.0522800176472031
-0.0937255002770745
0.107675510088273
-0.0675781280113628
-0.14842932114463
-0.00507837863164345
-0.015367756097706
-0.134193738647378
-0.000147510783395921
-0.0618183342098379
-0.0105419110556199
0.00631182234220616
0.00481496278774159
-0.0202500840922456
-0.145561388291721
-0.130020055745571
-0.0471851798858962
-0.0160418104833773
0.0037058338436313
-0.0894537704983304
-0.0783602518001204
-0.122863442757252
-0.0262434834832314
-0.067018229089391
-0.1456377516627
-0.00626466999939248
0.009285391753675
-0.0107730322393529
-0.0154908697881147
-0.0554340403017605
0.0213902191711332
-0.10790020171956
0.0479694387849355
0.011714066365324
0.0149258805969918
-0.012089759186976
-0.0320661183293906
0.0446112728161511
-0.0460697752406272
-0.098618644113909
0.196748090413759
-0.00396647936293866
0.0713181916260409
0.097416903909704
0.0498518343233027
0.181637690912373
0.0321429465876858
-0.0502040689635851
-0.129880313043105
0.0578423156785595
-0.155382631509925
-0.00670130921777388
0.102841515908503
0.00084920482171293
-0.034655497688832
-0.00773083835162295
0.0621379535740066
0.0439624694975905
0.126314556216872
-0.0378088362162181
-0.0514956098708732
0.107670587274148
0.103742546106776
-0.0360281794725995
0.0145195863516651
0.0232466337691307
0.113079412669264
0.0830805999930952
0.122485443764207
0.123579356935562
-0.0947659886335423
0.0176371869150222
0.110038156626631
0.110996901565989
0.0221111519699693
0.106247426516605
0.15868014713365
0.0918830162987587
0.129008330533136
0.111735636394627
0.105325230478766
0.12881851210773
0.0693105384260916
0.15980075181937
-0.0285261389067596
0.0229664426306605
-0.0432595151260911
0.10030008416499
0.0430614474191785
0.113453461510408
0.119269125869889
0.0707797470296143
0.141402947898417
0.0401529363344651
0.174773125798385
-0.0316194977857473
0.160202207943276
0.0982070508740902
0.15236089923812
0.0571925100898216
0.124580970499619
0.109683919453615
0.210140803144654
0.237025647930727
0.162584545144376
0.228485759948819
0.125142019516741
0.171362046617357
0.289520723639031
0.0231355455852319
0.118783115350144
0.188017787941462
0.24345408412934
0.262444581688586
0.00708441945876655
0.111361442188385
0.259791725672519
0.207367288075876
0.200670905178345
0.0660466731617939
0.0535462561710301
0.208500516496684
0.287684630138517
0.075483527787343
0.206346232191931
0.139001792551104
0.194304654020319
0.0476130903890193
0.149767438536342
0.1593422147257
0.320892361940271
0.360654553203834
0.0341465629924544
0.129249210593524
0.293961052889505
0.135504231776937
0.17131916574499
0.190687409549909
0.175846141022725
0.206667325297341
0.126305661222419
0.308411695557352
0.124133202476632
0.218562407126045
0.32749544251258
0.168331066430566
0.349748246316279
0.378116105607415
0.217933969672507
0.184609156556222
0.344221835365886
0.410349377436633
0.203303345442465
0.366014230017485
0.25871852569356
0.0844410770683096
0.199760504582574
0.283328892268899
0.0929959702503777
0.249531803359525
0.365162810319806
0.390953455145057
0.245811103844368
0.23643766855751
0.174525234940354
0.277830704272256
0.228122027132213
0.184143527645068
0.192817398629581
0.33882425030399
0.287635986972057
0.427166859252464
0.271422061084511
0.333343058128217
0.179077351759746
0.311824795798519
0.29866999466716
0.276956019060591
0.266003321078675
0.202915294008398
0.217109450995499
0.293263124293066
0.304190259548906
0.35183609193288
0.247874893010623
0.232562510678162
0.262932531297074
0.3090166777606
0.423652611612109
0.317270070658176
0.333838450990409
0.41821890742426
0.312443037901066
0.312245476458078
0.287870273745457
0.293261348002659
0.379815718077212
0.329210146192973
0.238378306790374
0.376016121750153
0.46680012955762
0.431445495410849
0.25775243055546
0.308114227301138
0.240215453199173
0.344783710653495
0.303238407258564
0.454583368807391
0.20927517790884
0.383710383535675
0.23544831115663
0.329228045663281
0.253308927917857
0.351367370740641
0.353241262938435
0.38664981484929
0.403228511975056
0.393339116662306
0.400209099037631
0.441831852129499
0.288765659833277
0.471623168769007
0.353272666314517
0.331367570175905
0.50094732074357
0.446317396715671
0.292951026677009
0.398299599295761
0.342889418323323
0.360034171737833
0.409332730863008
0.470539289588188
0.394577321531245
0.351013532488629
0.503407282425135
0.381585175616367
0.394453459219793
0.449843258377004
0.306147521299469
0.332859060871312
0.379360765909821
0.475595318284056
0.452315282084469
0.461730325050381
0.473032874111006
0.476770316046606
0.535597215774218
0.41448215062738
0.373891176325235
0.509720151737383
0.360239155314303
0.530925722967775
0.526316927379463
0.455775023452531
0.601334782413223
0.356053549074955
0.374752177074963
0.210088845201049
0.473687901597899
0.365293314094643
0.414119512938063
0.46235523405453
0.556929676863512
0.467767062442408
0.398370430179566
0.448717785542662
0.537744011326451
0.459782568992827
0.54675842020422
0.473407499019669
0.48248365724977
0.560779619253174
0.618883106454578
0.411292112266196
0.589237423930041
0.499824121872129
0.526959782844599
0.546330021464831
0.460155636914414
0.4983947046336
0.543165410668942
0.549849454294377
0.582451007725671
0.437127585755272
0.497166711090799
0.501361597231053
0.400179410098981
0.51771911276019
0.442732261267406
0.584518883463768
0.555624215031494
0.639682905045433
0.548990676233038
0.569310330514634
0.437367326865244
0.496102401274331
0.361900160261809
0.506173019193074
0.603026986503574
0.53594607681492
0.686666473174034
0.412331808174999
0.437461841373954
0.53638700528658
0.641385285870243
0.429079894374289
0.538053772254247
0.532202325536242
0.483224618961209
0.553027630957981
0.574695766921124
0.588553236008683
0.619759755916872
0.576985847117917
0.595140369996511
0.600671425570213
0.605998921869143
0.531416555291175
0.618298505472006
0.621490100830707
0.504318309056245
0.731326037921147
0.570539351629905
0.486666657619799
0.572142302488895
0.550335755470774
0.559819809899634
0.636757685572775
0.758125230932757
0.515039578010494
0.571746335063128
0.517289877194398
0.523782096878822
0.548127197935825
0.518289940033084
0.667075561217068
0.568906048937411
0.727073425162627
0.570281222038118
0.573573548091524
0.717778440041379
0.509994175573795
0.61833592601066
0.496447279395393
0.477485101482681
0.541378754755712
0.500199702505449
0.619588450626039
0.746292136281591
0.72289217098867
0.690139846670568
0.662319322787693
0.618697146675644
0.590959956579218
0.747374676866596
0.539745124541001
0.578242345524232
0.703370471934585
0.563410845551459
0.572375475156514
0.615359129345801
0.706420599144042
0.863865266290583
0.639789355180949
0.685713722278938
0.669405354440178
0.741627467339184
0.566317956111116
0.714610395842163
0.55313821119244
0.689605774498409
0.583969014169365
0.655162947929462
0.644361891343324
0.669996559029316
0.869505980952267
0.531273900933646
0.689760516283282
0.719879208453439
0.77852568338294
0.833679150252374
0.624321165343459
0.70897223033126
0.681901668702972
0.833626149513323
0.722152218679112
0.826340432811734
0.774140765581876
0.719658356499438
0.659131051608357
0.818691988127189
0.712718594418594
0.814564964668527
0.692712934811573
0.732513506389833
0.559945166843393
0.64598297337669
0.746047944879556
0.780005633675616
0.717467459782131
0.818590551926725
0.687174626307736
0.736042053966985
0.797581985569077
0.677636996731599
0.756619629246573
0.646648889120726
0.794221980798283
0.772142887740686
0.651832715009982
0.682451020235103
0.691703259983016
0.648282607210847
0.713093648899742
0.666232838680844
0.661648475941956
0.790788309326948
0.725197459726113
0.746655352140762
0.752587297122235
0.655769917860751
0.63230185944647
0.70442507007882
0.884756603485451
0.860434469307962
0.739859856989722
0.767323689840428
1.01447147274897
0.790997312539038
0.738915691513479
0.678283392135264
0.736277916845421
0.838277239390263
0.830161486255046
0.770288859875594
0.879188839712388
0.785965008454397
0.729338108369018
0.727757381450602
0.80678188275904
0.657208686424228
0.87661086911358
0.608119704955611
0.854465780424007
0.785042433712923
0.94221451142937
0.963194958006014
0.908640796948165
0.891225799559869
0.763007645933591
0.86298041000721
0.754346795106823
0.854895195802525
0.764341876438583
0.806198922780755
0.870292710951981
0.817777736119339
0.688496446342887
0.963609870883655
0.851348814392242
0.875366180254458
0.830761464185766
0.889950124549554
0.893802311401537
0.943413324661551
0.919392899014297
0.788796352518258
0.906316017741941
0.929228562848312
0.868423224234014
0.853180201047506
0.967392654553549
0.965268462019516
0.792734561115904
0.903456668172059
0.845596444836916
0.892926924928594
1.0442885409432
0.847063208689295
0.804518621996848
1.02126716181604
0.945772688436883
0.921537914455727
0.932817332828279
0.971680966732331
0.98428641294562
0.85251442342141
1.02912408738849
0.883467839463793
0.867040567096008
1.0320144989694
0.895081000239422
0.97276927447939
0.880940069019571
0.795500528713678
1.00355778237476
0.929187499749056
1.2845960608418
0.900252795877341
1.02745941158292
1.06576819208317
1.02882683099133
0.867936907288749
0.970983170673965
0.86015197582719
0.871786462579579
0.830634826909183
1.0531386849201
1.1954629074972
0.988237465717382
0.972936384998725
1.03021362337374
0.933112132366771
0.910387488146687
0.977028665914065
1.06440211495063
0.992240754693762
1.00013961419578
0.959252317848874
0.930618306196858
1.06472617912881
0.851652305107156
0.98161402588589
0.93218039256721
0.887026948957968
1.02038731821877
0.775063608299037
0.888134829395488
1.048808655805
0.963574637474529
1.11640086876302
0.951392561847784
0.939640463909768
