-1.12705423285311
-1.10710445499506
-1.04813716426628
-1.07551080134949
-0.973378332270263
-1.17692883897746
-1.05769354367182
-0.921684252947398
-1.02786176326668
-0.849956234078674
-0.910859149236145
-1.08668222857468
-1.01292978582731
-1.1036269925686
-0.957216464391633
-1.05778656607632
-1.01159129991695
-0.85679232580232
-0.932059355065447
-0.879447234559114
-0.905093155828071
-0.881712348973179
-1.00798817689632
-1.01673915561995
-0.978791637731864
-1.01737515901393
-0.872561412951785
-0.87908676702784
-0.842630918433433
-0.886051975160296
-0.842934285302445
-0.976406003058697
-0.998796131529468
-0.848924241053065
-0.931981773897084
-0.918296969297638
-0.934390552262629
-1.00111738131898
-0.841051504469312
-0.941297843579302
-0.962108861390763
-0.926341290402716
-0.921069907217322
-1.08250160646141
-0.722871975356633
-0.993207917796252
-0.896355836889279
-0.903211137158678
-0.922143810698591
-1.0254737288652
-0.722122104576656
-0.923299841108061
-0.873434063413161
-0.914750156886383
-0.868644422233486
-0.825501771727466
-0.940261734287056
-0.73523491444235
-1.01826366856879
-0.858968944254653
-0.928500206390287
-0.81159658628265
-0.840024196276547
-0.874350916666362
-0.755587299824258
-0.860844975678734
-0.91786468624305
-0.809455020581235
-0.816155804648124
-0.789989034755531
-0.836463837040936
-0.821345277344105
-0.909697904089838
-0.811793345763705
-0.850337994312618
-0.850963989955321
-0.870179011474284
-0.72505098248419
-0.869395660210713
-0.851808708560104
-0.922084038756901
-0.925560615871916
-0.857346780744799
-0.887876159810603
-0.681183596705801
-0.956340464110443
-0.81383284571291
-0.858942107035413
-0.923400534404577
-0.786729251555114
-0.840694482103872
-0.912496592721945
-0.935973024499793
-0.647397310487364
-0.808530759304191
-0.870338336105932
-0.75245535141637
-0.836131330350159
-0.881679570676613
-0.808148814403393
-0.940521682400747
-0.783014461568245
-0.730620974047706
-0.906702578008378
-0.729724728119641
-0.862129948521932
-0.880478222029831
-0.818818828554135
-0.764990173159637
-0.79136069970973
-0.730717143857666
-0.740778437344017
-0.6525300479644
-0.813877654349668
-0.717714029272488
-0.803405837151737
-0.816400883150747
-0.7371478181407
-0.675605370907979
-0.76874765896173
-0.700518103605561
-0.917518464121106
-0.679615696421764
-0.720181482637833
-0.686369542245549
-0.833455164752681
-0.766333075268177
-0.72530252349857
-0.83099279880601
-0.790765159341702
-0.678369526308215
-0.821925192893726
-0.71365637444987
-0.615071668528978
-0.718287662241118
-0.710658733374881
-0.759017825320619
-0.847477449671321
-0.725451504135962
-0.854433063221708
-0.847798519914155
-0.632251982011445
-0.636073807033698
-0.732647041192334
-0.61241339639469
-0.678404814047007
-0.548758916181836
-0.426997914938393
-0.672548474426723
-0.672276189047863
-0.628956337607963
-0.639771596532378
-0.743808157672109
-0.49257701927801
-0.59957076419676
-0.528006480620021
-0.65011720529169
-0.436532866037763
-0.778874674836355
-0.755273750003243
-0.573996227557291
-0.61951390524222
-0.595539184057462
-0.621795809372236
-0.669932036774385
-0.684849028041289
-0.758525952538773
-0.705932721358536
-0.64408134610028
-0.634161529535904
-0.596187165640327
-0.649934826407924
-0.631444453781289
-0.624845908556856
-0.598567344332084
-0.692648755842053
-0.699628974978809
-0.648343290652299
-0.511896280311617
-0.688461319955809
-0.645579312781034
-0.508643595149312
-0.671510329212557
-0.668307473542712
-0.507476957667055
-0.510307614993432
-0.687783675443399
-0.705988958575168
-0.607735278110868
-0.653434484851274
-0.646965342154429
-0.545172992457109
-0.641809050308159
-0.703431285014893
-0.638780941613916
-0.656948951760527
-0.607203243506526
-0.813006168112176
-0.553521027772822
-0.575627960763336
-0.480061245638024
-0.665869723403465
-0.48833951867178
-0.5969340979578
-0.685586304364355
-0.550149142014082
-0.615407533660018
-0.530543542486328
-0.601141645303895
-0.489837913499052
-0.526315647197977
-0.576053227509832
-0.633339401341018
-0.386720932021572
-0.435532702540641
-0.652282703176178
-0.631602462571676
-0.702104180130624
-0.536626674501405
-0.525658827546032
-0.572785829261786
-0.422693617050893
-0.471990029168399
-0.681274416085195
-0.447018461967465
-0.722245672371638
-0.42829137756338
-0.594581777732994
-0.62641633953394
-0.502402020650876
-0.4538104287569
-0.56396726191274
-0.548182346950477
-0.679036146450322
-0.666501017529836
-0.621988052173298
-0.468744579632856
-0.464889030863532
-0.581955976702339
-0.342793380541975
-0.443527486610627
-0.584907414777833
-0.429020529399121
-0.469039634898937
-0.533880578363497
-0.544576552144228
-0.493833192987714
-0.502287473603852
-0.394423650002659
-0.516560219818027
-0.436274018374505
-0.46306087078565
-0.489841636717523
-0.583844566736185
-0.624849240050027
-0.505147003999361
-0.527045364265424
-0.450389690498656
-0.432995726376266
-0.537013830822445
-0.47076699428699
-0.544889610331383
-0.489693304242971
-0.513511431388099
-0.46084794629681
-0.328073097786258
-0.555559370486639
-0.435288170628889
-0.594230134348337
-0.630725800490348
-0.314894727074302
-0.46135953245623
-0.478205779238548
-0.421681499770423
-0.416876501806646
-0.443968830517118
-0.536700466052934
-0.41168843967494
-0.506725080216821
-0.401533119958828
-0.515511211586792
-0.378269328514189
-0.334729074773094
-0.472622322714494
-0.352864351693476
-0.499502614168866
-0.426300909226631
-0.398541051248551
-0.493107142348786
-0.363701739066829
-0.428773291115272
-0.337549663245569
-0.439830538219966
-0.408910164227676
-0.54460372508432
-0.603973485506652
-0.538386106535649
-0.401218851958736
-0.316987209331605
-0.435164112566546
-0.427922802931454
-0.448793872127772
-0.336782839838619
-0.369227980139707
-0.422151220085318
-0.34721066619097
-0.44208243367665
-0.409516555849477
-0.3333566738535
-0.320444693742802
-0.367405269852374
-0.420645881573252
-0.449584686893277
-0.388132608265997
-0.32980686640573
-0.40080000509862
-0.24356646579225
-0.341517156338916
-0.253585965497554
-0.312300472267573
-0.324442941624463
-0.278338518689047
-0.39255830720364
-0.17238007463438
-0.309932411884725
-0.363734915232534
-0.319026109362417
-0.260624605951195
-0.243190450145544
-0.349169509247024
-0.246997333118412
-0.316599057130558
-0.261643819752466
-0.333166925735562
-0.329920614859408
-0.468505951717271
-0.33165188206697
-0.205385893546439
-0.387205327032356
-0.468990243198338
-0.209846452449831
-0.421116622932208
-0.268710614009275
-0.314511115110319
-0.332680946291677
-0.348147772832636
-0.20929998005737
-0.283852989519414
-0.279198371343518
-0.40035474715262
-0.248827942728133
-0.298846872503283
-0.351119866951483
-0.392210425240192
-0.463032980641525
-0.139495659569333
-0.264977369218213
-0.282601345602446
-0.192082979358686
-0.301268931596846
-0.164139313796834
-0.271326359695743
-0.134414152299079
-0.307743153844369
-0.366316199308224
-0.310718191058057
-0.30569976071611
-0.0789580307722779
-0.235683261427123
-0.221870937014679
-0.300600111714842
-0.302371118378754
-0.285948606164189
-0.10161592275655
-0.318162349951692
-0.121775996111181
-0.490333240606583
-0.244771745061171
-0.104701646926666
-0.108020260544189
-0.404010128632237
-0.264353159101096
-0.0311239855372066
-0.325256559554289
-0.214096698768206
-0.254518750104343
-0.0559043876655739
-0.247716733886602
-0.237935925218408
-0.200186768435576
-0.164755175162202
-0.162277968099773
-0.0769947026908752
-0.281547224517384
-0.238733363631746
-0.235133475123099
-0.178169424563738
-0.212762268073537
-0.155060018874209
-0.214118904904465
-0.142367209268927
-0.158215000109946
-0.154386226211265
-0.215794851729806
-0.126595943997955
-0.0983311437451054
-0.228253932136575
-0.313124492217033
-0.141096328363728
-0.0248458030036586
-0.253097644698701
-0.317774339917319
-0.216407096416995
-0.0693965362513975
-0.158567016897342
-0.20469625075897
-0.129095589483831
-0.160111339129429
-0.212207251489952
-0.0707085743489902
-0.199607405126032
-0.0558197699392581
-0.257116186258583
-0.117907426266334
-0.306742037264499
-0.169054522899378
-0.100228145612436
-0.19209717912147
-0.0287207384876911
-0.142240796015235
-0.144625610602341
-0.369158751387644
-0.0979486010574999
-0.0504808190496093
-0.20993462227502
0.00573741032918375
-0.240889547615247
-0.0710392553234509
-0.136513690682572
-0.271479619408939
0.0425355032928835
0.0297059394646572
-0.157673307419639
-0.0819273591196763
-0.285074629534882
-0.0625926993928128
-0.121368040733008
-0.141061084476666
-0.226073003264058
-0.106364407755859
-0.105929725084809
-0.131867197003756
0.0564858563800189
-0.0575221938492982
-0.0895633328733256
-0.107017269840699
-0.0453605916343989
-0.033103465881078
-0.0875844321553993
-0.0909492620182747
-0.138362924055218
-0.0514716388267142
-0.125650396310162
-0.0599775760327848
-0.101676855532096
0.0445048834617163
0.0028750723866963
0.0619958625710868
-0.129869764575761
0.126110992215378
-0.0633017869033347
-0.158129964648096
-0.00133234775968771
-0.00695056125343399
-0.143122119427301
0.0116645521629736
-0.0396705034564016
-0.0237442745549075
0.0176154271135982
-0.000405100654667182
-0.0215538424799499
-0.171818491839085
-0.125966722193611
-0.0686818837349621
-0.0148046227282309
0.0127880024867215
-0.0890618396314374
-0.0780037844353332
-0.098783618873063
-0.0348815647846868
-0.0537428723862212
-0.132815847463818
-0.0012956243914617
-0.0106916373961596
-0.0254347109157055
5.21577437667099e-05
-0.0571194352895523
0.00860233592674186
-0.0821200408037752
0.0538867028636467
0.0119560508972763
0.00910356697971718
0.0013423188695694
-0.0417745159134948
0.0307646795392222
-0.0365152462505095
-0.119613520505504
0.196325077144475
0.0141926906558285
0.0527137090361213
0.0896968182409459
0.0600494583238277
0.184220434831155
0.00151377299132689
-0.0580790763920071
-0.118293429153493
0.039019726648304
-0.169648413703234
0.00110631214841331
0.104600753281835
0.0043456766657443
-0.0441255934040151
-0.00568194855559717
0.0832371870683136
0.0410214760991992
0.127522352033956
-0.0347786283586339
-0.0548087173173667
0.127797641436449
0.112429285405668
-0.0232377419082119
0.0188598290178077
0.021952494342264
0.104511569424405
0.0737157018403504
0.117787835711445
0.15876161067578
-0.0804158282847759
0.0131546419871785
0.120363291865483
0.124787968597725
0.0441622724879575
0.0894116338119021
0.14829577322659
0.0870458480072595
0.152092838882548
0.117392339933022
0.120120427317401
0.129543046600367
0.0542281366637873
0.18362829171145
-0.0402704887182901
0.0242254670304801
-0.0647555532763292
0.0892553082700704
0.0385739091723355
0.144925761583109
0.137822526692774
0.0860855638540837
0.144180569004844
0.0364717985596549
0.176028382720934
-0.0384641791914215
0.166004981419753
0.0919517408083316
0.134689522431156
0.0447695762375711
0.122931807368469
0.0861410509291292
0.193892242589984
0.238772964834229
0.181084546767774
0.225719229612382
0.126041709694494
0.142043777147452
0.284947589412625
0.0346161897061328
0.1270281355256
0.174195568017551
0.241713706557828
0.256220294221095
-0.00600669771881264
0.115989759872543
0.246362036688747
0.20037554557074
0.194645128249917
0.0428494674749214
0.0472751234289734
0.178155802016525
0.29027583952307
0.0911026399287614
0.206124136890552
0.123161629705882
0.189457032329097
0.0519693882954835
0.140020544400092
0.152642390274727
0.326488203596291
0.350431672920657
0.0389404968925397
0.116117635806334
0.289592068611809
0.139967525871162
0.190235617337683
0.192111789346346
0.191021182598809
0.21464875895004
0.103653223243694
0.320755199161187
0.125506746074039
0.211269353728185
0.331898978766321
0.170310190346644
0.346996572495017
0.378468636081603
0.223534279697549
0.172404722981946
0.330198092943403
0.421312132880416
0.206029092403558
0.367974171395817
0.276816915294907
0.0979562777986607
0.201404074808253
0.293844480127833
0.121647624256115
0.264168017921072
0.341030284302671
0.370209587529861
0.241438270688767
0.254163385786261
0.154914052411079
0.29608703541016
0.219865767140809
0.178770409694525
0.18604054080827
0.330107076003867
0.248028288399474
0.434310968468918
0.26543247656803
0.33499919182762
0.170448062950511
0.311575649523673
0.303441219140151
0.278746622879336
0.240833683298737
0.202139506921356
0.225465562155666
0.296686819612727
0.317098889155583
0.356386228369563
0.24431435746628
0.256799266744389
0.260140460836056
0.312344842188946
0.414894374369254
0.318881681946237
0.350395152410531
0.398721141744656
0.321468601599408
0.298043567309151
0.28558371981914
0.285131669434678
0.401100737046019
0.32646830803886
0.228706681061282
0.365558299234891
0.467899478399313
0.439825312183507
0.25318001223801
0.32474379139926
0.212977806514936
0.335331658432633
0.321039634265111
0.446931139044639
0.225722292011191
0.373615065025982
0.22620284819452
0.330542386660837
0.239416103871576
0.360424728424082
0.350741335424133
0.383774964445305
0.39366984053609
0.375077055725845
0.411545297669219
0.438268110108757
0.303240399933546
0.451733203527284
0.336638341405151
0.344869376450635
0.493009100499216
0.431378948301457
0.285110933553337
0.408047523217022
0.346084664548871
0.36936784962149
0.398501286193099
0.480474235663481
0.376763061197786
0.356066349081188
0.539281108503532
0.389313652640466
0.409023633799087
0.447570377916279
0.307449117485255
0.328552908650639
0.379448760642311
0.46449205428684
0.457361440988683
0.460786281227618
0.452788977597918
0.463725968675392
0.540810106258775
0.40645695310237
0.378488600793443
0.512791699981958
0.356072572110333
0.528518437775549
0.508407909041797
0.449249955239117
0.574900435311527
0.36634317191482
0.368178636664525
0.236854230743284
0.446986969878072
0.350030624584621
0.407895501874872
0.479922112272973
0.554291242110877
0.474422497242486
0.373392903609104
0.461851023464227
0.548683727478803
0.484796294474654
0.533601918295987
0.470173082951726
0.470938478082101
0.548106741987336
0.623234355613212
0.407407745988665
0.593875573167178
0.492560581237735
0.515154384245927
0.520918497028664
0.475245126780156
0.506608741147739
0.566230602704147
0.526049696554641
0.576068057013389
0.429095325676679
0.503835170003848
0.503600663390916
0.403356438857613
0.534927018663894
0.424885145201632
0.582076195256021
0.560005921299512
0.656789443780089
0.512776359371353
0.558692017264783
0.413159722300172
0.489035841173014
0.355937225462507
0.492974662419085
0.622084270005704
0.511884598753678
0.684538581691498
0.409880577814906
0.427318541528951
0.533486662238925
0.642839791604065
0.412516399109673
0.547098984365613
0.525760934645284
0.465825468941839
0.570538463628087
0.577583485265091
0.578779963557627
0.605059772549042
0.57477404808347
0.581642364626737
0.600082667459175
0.5760137517643
0.520204089394688
0.612159883028072
0.608696507037979
0.483836739278063
0.735134406114127
0.584056887894838
0.501155659148976
0.570872581577099
0.531591282565268
0.546943472327689
0.628374441485003
0.764738646279436
0.52137675845038
0.581753512058473
0.520257334129169
0.499846636845613
0.543211882327709
0.508124566015295
0.658399102037405
0.593092350720406
0.696862037022616
0.583772622823059
0.561154627699504
0.71849656134471
0.511994525269788
0.608171958397871
0.511847455848296
0.49716157145079
0.560696104589055
0.505555521807995
0.640729884998723
0.728457137458323
0.696709777815665
0.683122867693576
0.670831215505313
0.603980324970644
0.590352615415834
0.712041312633759
0.527342738297413
0.580872454004954
0.685275477512554
0.587630619603601
0.582586086829187
0.616747000294414
0.717054092718446
0.845762282711494
0.666514180265019
0.692503490635496
0.696967777115432
0.74200661472233
0.58816801425372
0.688446216284939
0.578240225193972
0.684647361715156
0.581975739395987
0.665294653784262
0.653259285116299
0.682692092023581
0.880110099562841
0.530286267925902
0.662468691904899
0.70595204016892
0.779061023862746
0.841758974785938
0.602453217324405
0.70554389451074
0.688677074838962
0.837651012767218
0.71679811272763
0.822441815434194
0.760826679262985
0.716024035177891
0.656025233220323
0.819006581332743
0.707013800829651
0.826323713084939
0.707501961773756
0.713862771725356
0.599160067344631
0.648231434152043
0.752946553704802
0.769719564179885
0.721309198113365
0.822875107149625
0.680218633394083
0.7418312987009
0.782045986457594
0.666243702932919
0.755919158623671
0.643459395464453
0.792854473820847
0.759717734340938
0.688613133445156
0.688189336351225
0.699329554239833
0.671838530616221
0.712066012520964
0.647004292936125
0.66836625151295
0.786781785968287
0.727823376588901
0.734382226629659
0.763033776328609
0.638169310740273
0.645428346751939
0.694994128034064
0.878551488521383
0.865113049141116
0.740593874282439
0.759856828761684
1.01788467123236
0.806046340521933
0.736207708530838
0.671867142070933
0.749927458698456
0.849811630349145
0.833770605446004
0.758674503220227
0.873220663331319
0.781154869610319
0.755128493928875
0.741350294934163
0.798508272915731
0.660965493562974
0.878516695470998
0.598210204048462
0.867911365914636
0.782686420581119
0.938898444396246
0.973718787028272
0.935180606834402
0.887697515755513
0.77393073587397
0.882211702346394
0.740974086912942
0.849507379391889
0.769586702644886
0.797040468685704
0.869175300416374
0.811599913508796
0.687263850793492
0.945688958210843
0.865847525358162
0.880123283554576
0.844887180604151
0.889230088523978
0.868509707398832
0.914355327633774
0.929557777452717
0.801596959076079
0.905023488400795
0.913630464291873
0.874464327149265
0.851871762180679
0.962231434694353
0.967166312111034
0.788980167538408
0.901649031906975
0.853631893599254
0.913603466605272
1.06431121995795
0.834471288167655
0.821620419875025
1.03127610376712
0.928038290024538
0.912736979636665
0.972900285187247
0.977108183574345
0.980569823173666
0.83999915237133
1.02780604740348
0.882153804673027
0.859384239704682
1.03821177721016
0.874533013620248
0.962959096257991
0.911469085662237
0.81154207795844
0.997281058745288
0.913441317374018
1.2906988473862
0.873570520158617
1.01680060268198
1.06789379629842
0.990633163462733
0.875832174528348
0.948138796712861
0.845959944174321
0.894811597792199
0.842864151912389
1.04064084642779
1.19145429800682
0.990309549974872
0.982214134526864
1.02051531788454
0.958144012984725
0.900867032450724
0.98940869494137
1.06900468104718
1.01032958537711
1.00833510590534
0.97463228056304
0.937620883983288
1.05702320570251
0.860647814153933
0.986024121912076
0.912266237695295
0.910193562548027
1.00917416414933
0.764556341188711
0.874843333889605
1.04249533517222
0.959633283300687
1.12826681405753
0.958340228816661
0.933556018346197
