-0.990204932252161
-0.871862380871259
-0.900972310224979
-0.905121668572557
-0.788189619872604
-0.970308611283525
-0.995992061205822
-0.972590855969791
-0.979965082256013
-0.941661005855361
-0.846048971444252
-0.910956851747064
-0.888687124354201
-1.07683913238494
-0.91383221046643
-0.926379214286233
-1.03995985843003
-0.907963492561345
-0.85913506852697
-1.10170203875303
-0.950701822437267
-0.943208427291005
-0.802239378861435
-0.94653363804871
-0.908346804644837
-0.979041568497327
-0.920042308448563
-0.925848924213874
-0.934438948017741
-0.883298189751823
-0.97231744624356
-1.16007630205247
-1.00913539697122
-0.95794378336805
-0.989651258260849
-0.98681998789407
-0.905332806873997
-0.890557065516781
-1.07581244247019
-0.919354552937866
-0.97818288057887
-0.805206256437135
-0.871270779319162
-0.887422929668999
-0.826305236068507
-0.99065350396372
-0.980879144365393
-1.0476664854107
-0.914125816320706
-0.856149982833126
-0.91469260849217
-0.912118583403841
-1.03773402802558
-0.934618592128458
-0.684662337659578
-0.77688984140676
-1.00091809150893
-0.858065615877691
-0.914447927017614
-0.781780120579259
-0.807364542078297
-0.9519226474143
-0.695799943368771
-0.989016385205693
-1.00694112815362
-0.776469993283849
-0.786933848571011
-0.865620358738701
-0.876031340883441
-0.83971654669031
-0.815389311394674
-1.06153903595382
-0.95792702082601
-0.841054198754421
-0.887380636861028
-0.766994958487559
-1.02336046696804
-0.763427200763308
-0.78014755704272
-0.749678018163816
-0.786343566644869
-0.940453666948541
-0.754625838220059
-0.779838414679835
-0.903764130182685
-0.885505523413362
-0.672606029497253
-0.831113443971024
-0.80605708083844
-0.789473011470678
-0.970306801177846
-0.590199333796616
-0.770744239143402
-0.834422728273634
-0.702693857609451
-0.814577029217141
-0.863371203590671
-0.875075466849171
-0.881915314972137
-0.598736554411121
-0.866999016072249
-0.721626815628683
-0.703633666013214
-0.749854166185419
-0.974675815286873
-0.917861796509393
-0.797411809677455
-0.669434985198211
-0.724726953821825
-0.914295348776379
-0.613107496337313
-0.697874900392591
-0.75456624510682
-0.777927108300249
-0.813690235433514
-0.772712657627338
-0.751940158045645
-0.747369238393349
-0.816814601999948
-0.875098809618032
-0.725823931935775
-0.794861356605746
-0.781312549359143
-0.953149520687604
-0.781116163102753
-0.806085772180001
-0.747276141756439
-0.749767927993426
-0.656249487240726
-0.818753659811906
-0.762773780997718
-0.634344293877209
-0.971398293534145
-0.729111033974676
-0.732235796661743
-0.826782033899985
-0.541880507334307
-0.651667718481701
-0.816725339608901
-0.690977673766161
-0.784361578944763
-0.732725417773777
-0.708879580469067
-0.699053161893334
-0.728959061656328
-0.729544503375584
-0.507534691569181
-0.715325192752814
-0.7632737664722
-0.69147119818418
-0.676756963241173
-0.565174436514885
-0.70502535503102
-0.861350000084695
-0.616481527387667
-0.653983037890028
-0.594033610276959
-0.617654423331284
-0.801888031063689
-0.728801559443644
-0.79662363866883
-0.639273392147151
-0.578861217921305
-0.589063552007869
-0.696621429854811
-0.676507052435278
-0.70241769045605
-0.692409547046104
-0.617698859997232
-0.648433968031569
-0.524413120684554
-0.624853730061964
-0.625182362219768
-0.677190254363654
-0.636453644426539
-0.777235948378478
-0.499871190550768
-0.605707945389744
-0.685748627491065
-0.555538892845782
-0.670149917687954
-0.669019230892493
-0.6274382880429
-0.675647296979355
-0.564879932545155
-0.679922139214894
-0.743887313572512
-0.401732366865579
-0.546186678051837
-0.550480798248133
-0.635433248461438
-0.645618192501353
-0.639246071263351
-0.631706619488663
-0.582454827073292
-0.689758179812236
-0.693731178745336
-0.618947236373825
-0.628678128169068
-0.679667868541667
-0.637168531971004
-0.540536865200062
-0.597086169252442
-0.431477992979271
-0.661262030740153
-0.631398489169291
-0.571482982435633
-0.691100467108914
-0.572612222096126
-0.531052328376523
-0.47492762172541
-0.408458639025792
-0.439255483398222
-0.536066226052585
-0.554627802900237
-0.733922324355565
-0.482229125756771
-0.491678045645827
-0.470404421383657
-0.642946530607779
-0.678431170108585
-0.487162838470846
-0.613996476553003
-0.570593434600645
-0.542667728645159
-0.568563604315438
-0.548676246397341
-0.628681727551405
-0.63199715687488
-0.56398796011024
-0.409236779265453
-0.514404510358212
-0.389369889065128
-0.547882952843596
-0.521237183848902
-0.576777623979817
-0.37987181994739
-0.72743992112011
-0.659993985431218
-0.53345641936263
-0.596447971796854
-0.537341283190035
-0.502868227783588
-0.473133391102822
-0.46770932177094
-0.549912213637182
-0.381346386717613
-0.510581631197629
-0.447127834934225
-0.356224553341864
-0.574746507458183
-0.423713584534068
-0.470191242891917
-0.418290363897689
-0.599636402932893
-0.507369043992786
-0.585843647310995
-0.453691165010533
-0.643956065789241
-0.604478990153368
-0.417902562848555
-0.460754965276359
-0.561316455848783
-0.42164637989197
-0.409342222936367
-0.543888878157856
-0.531494676598115
-0.378261527333805
-0.667457850829566
-0.528166288947523
-0.518141516844523
-0.423250605746979
-0.434287893831219
-0.440944671316405
-0.385765219315425
-0.402096348103704
-0.527472356224779
-0.401741440545832
-0.531331988793245
-0.646077435059596
-0.387195022079624
-0.496368255953908
-0.428935063948442
-0.385677613988286
-0.474622033249505
-0.516860778196005
-0.469771346954648
-0.43892253453625
-0.457325753094316
-0.607727283670448
-0.374161708657932
-0.396663440160097
-0.498475485696339
-0.447798918279426
-0.453756345382017
-0.322359354644523
-0.572201841110458
-0.244219609977655
-0.367481371964361
-0.46472091708549
-0.40009292622522
-0.439442065753459
-0.529030855915189
-0.339618883970037
-0.401030851918397
-0.440823001008964
-0.299328735372471
-0.560220415754074
-0.373794153037728
-0.409263975200566
-0.356555689023148
-0.409955769213346
-0.433890984139687
-0.369868540731823
-0.352328290816056
-0.371010662440618
-0.422817058931794
-0.408352669006231
-0.392037404534085
-0.361829347852406
-0.360984707642035
-0.395542774161938
-0.307454267125771
-0.369733103691976
-0.380164289312506
-0.577520187348106
-0.352493326193088
-0.247790437184882
-0.372637203541552
-0.314018364423203
-0.396372365762144
-0.387573314094849
-0.402437397790374
-0.45076161421194
-0.442020379357027
-0.445201336206731
-0.30597104393262
-0.305620009900737
-0.409945937941488
-0.414692144958018
-0.307077033762352
-0.193158671813021
-0.528179833011824
-0.256617308180833
-0.301349639890933
-0.245363826670876
-0.165146231863705
-0.268617612019469
-0.298187485210752
-0.342147327829387
-0.371728260382423
-0.343574008968328
-0.339600596815602
-0.153013393778659
-0.384896164860914
-0.45461357516318
-0.340253223433536
-0.312824838506242
-0.344610882827322
-0.39248401963445
-0.141264828189612
-0.394866770067964
-0.345233363138618
-0.384814254934598
-0.17229376637786
-0.305263347867657
-0.270099802308038
-0.27882432948031
-0.364026310319819
-0.282144163254857
-0.119590000714381
-0.291965965032944
-0.229572253424042
-0.321321672266014
-0.378305601294842
-0.251513655167551
-0.286596198502185
-0.274246849810994
-0.236749777868063
-0.297583273504158
-0.221905378593509
-0.0651609141768197
-0.095318162582585
-0.150950670002664
-0.322327177335358
-0.249429333646363
-0.217202625874942
-0.177922413494261
-0.0443733197935236
-0.239113427876737
-0.226517506134896
-0.281978504476023
-0.2221372777104
-0.224059505457006
-0.230757814395793
-0.241422742338538
-0.202771075288393
-0.262912682845561
-0.242255825514737
-0.0603098153361042
-0.318585575569838
-0.258110242455268
-0.188812729507646
-0.21008020055597
-0.198537087753514
-0.196197345772457
-0.134987096484843
-0.434176093434704
-0.230094011717997
-0.154010167448716
-0.139250615674833
-0.146478251794663
-0.218109758012025
-0.169401225436121
-0.138850310080245
-0.130731072444075
-0.214373095743635
-0.2080468336043
-0.146772764842241
-0.203942615831306
-0.192979867383593
-0.0680263874856827
-0.105172010311177
-0.141026149333467
-0.115899000515241
-0.214981447439917
0.0436414370855976
-0.268106144350705
-0.242795526075272
-0.144221734320806
-0.0984450238456648
-0.191248424706791
-0.15576947144734
0.0810415478108137
-0.066256966328849
-0.208104698271554
-0.18900574757306
-0.154502480060907
-0.0675168243480594
-0.159062874552076
-0.158830291317417
-0.194089768797234
-0.0359204932744447
-0.0184337010272581
0.0187559401269724
-0.175259482015555
0.0100863688545763
0.0295727441931934
-0.0924908119805539
-0.162739956303335
-0.189982218365015
-0.113674087864483
-0.0345940925533996
-0.0921259555007428
0.0869867814086915
-0.122888751351029
-0.110316129483287
0.0149273291741799
-0.0376736259910372
-0.090606577164841
-0.0481561478074154
-0.116697683146234
-0.214385966811822
-0.0760051737806184
-0.173576380167622
-0.0575136518515768
-0.0732050457934794
-0.206834994954436
-0.0668594513848233
-0.189787984742628
-0.0125051128952971
-0.0173617685732924
-0.0108613270990461
-0.145872340164689
-0.0752136758224485
0.0140857858093763
-0.0999765647674103
-0.00791841537921112
0.0794160814071769
0.00773629392252512
-0.0506302976462584
0.0292759454676582
-0.110820295182137
0.0118308172397539
-0.043130384058914
0.138068403520558
-0.170293147290791
0.00432433675261624
-0.0614758766367865
-0.0632222553131217
0.0545243148289035
0.0337649009937484
-0.0695720155069951
0.026061704669065
0.0720545575002455
-0.104957546497885
0.114870066622833
-0.0420076591641471
0.087509717743635
-0.040563403960534
-0.0250519198517594
-0.0265972177110576
0.156076149839395
0.055007824558163
0.01467473535364
-0.215277811943515
-0.0530924319759743
0.0926695835899051
-0.00488381270517377
-0.0408267206881725
0.0818282915680555
0.0720029472142499
0.0835203443205369
0.11841036456469
0.00475091796499148
0.116865442845501
-0.0455647731065816
-0.0194437205574987
0.133050014305375
0.0899416989297281
-0.0412422381314822
0.0408418038858846
0.151042210360909
0.106617077792358
0.0442342825535764
0.138520494791604
0.00909270450149983
-0.0100139400190629
0.013613925661795
0.0688240175947783
0.0443265621660558
0.137067623045388
0.220515583436424
0.248009995408034
-0.0714325218845492
0.189617934367481
-0.0415083336720032
-0.00555492811757439
0.118818168855702
0.184377849764953
0.0219338623129727
0.216382933619424
0.030110079661905
0.0322456160842071
-0.096959292692112
0.132035792405097
0.165631003078362
0.142136522309983
0.0549887737703927
0.0959199203646848
-0.0589539757848752
-0.0227387287441628
0.0628922407848232
0.243842581590724
0.138902064404181
-0.033678062723978
0.245904435111809
0.0554795702924304
0.0663147484157657
0.241585847351905
0.135895715934743
0.183702399919929
-0.0290199873734872
0.0379844012061377
0.0212046523139421
0.21746589074031
0.0795545656969637
0.22217312566069
0.004601754684154
0.140453830778263
0.234546389815417
0.0742160644237132
0.0951735409021334
0.199925043298671
0.21242192264681
0.11969641767673
0.152992028193772
0.108926604480142
0.0925810067297398
0.181769799428761
0.22272710706481
0.197681739630142
0.082503957626893
0.136235699652038
0.088116683369602
0.0860017307765893
0.166167988255417
0.266285269642892
0.215016028692662
0.195277264573321
0.0246109911804517
0.220402193178577
0.193037701025217
0.163535992902083
0.164954060210189
0.0709981186658955
0.20801875296016
0.200740621423211
0.285020970942961
0.266187122557875
0.25699948578423
0.160221372719006
0.157245276152056
0.148973886122543
0.131620318922612
0.307130581146338
0.183263607198561
0.320593263988186
0.337027754548015
0.371150284576627
0.129323961931573
0.210713049375193
0.251607423997473
0.231561045235053
0.100429619136017
0.262059691700856
0.194556107522838
0.0803819884435552
0.273456659065968
0.123339748606937
0.152631312274941
0.263638627285703
0.249405416441307
0.300777429388376
0.414002437270069
0.113805783928453
0.309729456943376
0.29143120545084
0.207098553936024
0.124056301052741
0.188883746910557
0.244800548345398
0.24005155003893
0.320448359237352
0.200756480272502
0.285222770245587
0.411339871509342
0.272267076749842
0.129659272622968
0.192940473111532
0.190692145746238
0.307759595600867
0.259867961180929
0.340454520520661
0.21792613415425
0.291211600956163
0.280121971557801
0.127517338257757
0.259448873057284
0.324322461421092
0.362989248911413
0.147720223844406
0.281326884463086
0.256357405265349
0.457655615695028
0.355372564005485
0.367167316476482
0.535340437469565
0.357929695625966
0.294959202817801
0.223896192117388
0.338753256856645
0.44446697301204
0.29847097916376
0.15006014129826
0.40344683856424
0.388483963885866
0.367043022647752
0.316658092276875
0.224137080031964
0.25208266184513
0.363795534138685
0.330137678910803
0.25520425649472
0.315755132974574
0.508280803111591
0.479391555835076
0.266863571985657
0.281988818117486
0.311201955474585
0.2631154645877
0.359979066472131
0.249562787794756
0.441876110279053
0.359554134533589
0.349155886248333
0.435104543062645
0.425659357551301
0.399597935468964
0.472996561928405
0.518871607884322
0.430946166314967
0.309424133875301
0.374690880127375
0.375520790297799
0.406563186059159
0.346904941341097
0.216459500531634
0.294762872116764
0.431126825239601
0.38652231820219
0.433563178881089
0.455040165349433
0.431626678042556
0.344160801067904
0.454124459572001
0.260007187964713
0.419878109338732
0.376623515856106
0.598056874406185
0.544517459936955
0.38965752887764
0.291316355747747
0.34188082204869
0.479988045338031
0.425571965375386
0.421776418153143
0.403444799964013
0.477387512912154
0.582897581456243
0.467370145326039
0.54856647972205
0.449197657612582
0.267193851397284
0.542962751104248
0.534340000819143
0.483225335410323
0.41345623017562
0.289070157834171
0.299598272609181
0.404901699748217
0.499768886549384
0.448869556571805
0.446400082902777
0.339577501152524
0.357890165356242
0.45890385522952
0.547754835315022
0.5022484900247
0.325220605506736
0.489463798392718
0.38699763613348
0.375180831805735
0.401489611589735
0.540842805050302
0.561995168451154
0.289507074990738
0.394146251938577
0.52732272532268
0.522843766525165
0.496212029298712
0.534617691997282
0.427524517945808
0.470904352836974
0.601932944376916
0.371224968693369
0.63805512760992
0.50376127846383
0.356353484319987
0.441702303079687
0.591541685092058
0.566770115631867
0.547848526883352
0.494498012424661
0.47707725849734
0.590218879499427
0.562257388749096
0.63420024133278
0.594071723439249
0.605587985443414
0.487274847704471
0.514976545462534
0.504025812326241
0.519053311140775
0.76452411402809
0.598439028844262
0.480930948907852
0.384980870258334
0.512012724214695
0.64742381885509
0.509304902264491
0.64544517300841
0.465954630045557
0.595088815723928
0.742454951943758
0.610217069143409
0.596393409221709
0.69079670579925
0.6116862462138
0.560285198807893
0.76150337148638
0.489836343709467
0.63302089199287
0.537305032123593
0.56223168561331
0.543145797143783
0.665297739063456
0.633327826526245
0.600199328368445
0.541093006900356
0.610632331816464
0.495398679252962
0.592208863616132
0.72646446627202
0.602292122521576
0.617754938760242
0.565373004353589
0.503604158002319
0.669091282185445
0.571034202756746
0.806567154621697
0.629829712532487
0.47637811416814
0.60917636546683
0.578779923570974
0.707313941291497
0.571670249572459
0.690347273524972
0.637315442732691
0.781101434905846
0.660444635927875
0.731255991767305
0.632745132780371
0.714856937372151
0.634005906336611
0.566288336141397
0.741858423546585
0.595746294851792
0.670036422690531
0.780918604450692
0.731674117392052
0.730302973169913
0.711313658215395
0.628505111198854
0.50978060007392
0.725659578129235
0.589721511702714
0.597670167500533
0.798163141097268
0.686986524843014
0.529307065242659
0.533167481499608
0.790826264196814
0.540773816485088
0.698125989363106
0.599826682571975
0.858586934828162
0.751790902493333
0.693611613533637
0.706312176458298
0.693732857681268
0.769856102900212
0.855888639432866
0.638487076125604
0.736052982423567
0.85385152408521
0.891081275506887
0.715365291234227
0.789941013638285
0.819302744743696
0.676857725900136
0.816831224988262
0.693258295330428
0.685311995126502
0.721688385351343
0.810086701620552
0.787125697880701
0.658366296592338
0.772752108656314
0.721186183884889
0.703581613789421
0.694027053029193
0.691711953095362
0.871943635272376
0.825148437638314
0.728093394750103
0.796493259152628
0.787442229406178
0.732951142185543
0.786940712695396
0.810069622356269
0.747537370294373
0.85299439356027
0.812494869682528
0.863215189181518
0.869274829309174
0.677990921874549
0.797977217343371
0.811852445317714
0.721434835210216
0.897943915103423
0.731111630463311
0.897970250747921
0.858410640571871
0.952383738067935
0.885897712352589
0.850088286889622
0.729217139305356
0.738822056622261
0.746479285630517
0.862929994268434
0.864047424440966
0.746912890037849
0.893439008235522
0.754711025377641
0.928458689835864
0.891816777637248
0.692327733296912
0.922564248288366
0.751605076694546
0.689201193945924
0.702181304651177
0.758696495359705
0.95292205422994
0.976628810934412
0.903660806884192
0.797719965577903
0.78905629796555
0.752737023348723
0.97294237909124
0.829914515688364
0.876750398523378
0.823910738572628
0.843570383174675
0.773355538325068
0.85617838208554
0.847973323728816
0.80691404983199
0.817360385711304
0.976416747953512
0.726598541176102
0.980440871684266
0.893324222576044
0.821005512093966
0.789508302837358
0.726494514415972
0.734401862304546
0.910241132671423
0.882819060068117
0.897905462355746
0.992687395304724
0.844519459506233
0.887083401045482
0.949199882125454
0.865230237908796
0.778266561025028
0.894821268611467
0.881582288765008
0.93828921934401
0.969613184247328
0.987105255497638
1.07537476162707
0.98648456542789
0.9450378096827
0.887186073538372
0.989012026829696
0.98466925376748
0.895188109352439
1.01077692639429
0.85402938336582
1.15290714618599
0.975422694676765
0.778984960799498
0.980042865517387
0.928012137949064
0.764041003029741
0.879183357318532
0.959748923039085
0.882856856523588
0.830216252015294
1.02179444575121
0.977576738813571
1.02162748904402
0.952714198155984
1.10206943158265
0.791209103324066
0.998902406671632
0.915261831066867
0.853145827138257
0.862860303949753
1.08382937574193
0.897327019438039
0.960328545215805
0.996920678722514
0.895885190105664
0.932846758647138
1.08250339156021
0.936219939680773
0.93205418068165
0.907688837271607
0.996796313109535
1.06620822951494
0.986988654418027
1.05829334420159
0.916666088984672
0.967763608471644
1.05406931425757
1.00386185225895
1.03954215931337
1.02443095440223
