-1.11768396119686
-1.09726004088777
-1.03406358179694
-1.06066388583389
-0.97912015667517
-1.19426283762629
-1.04933438818622
-0.9065848441577
-1.01853933238539
-0.847394174298687
-0.909161537921411
-1.07480659399059
-0.994586358368091
-1.1094731917609
-0.944747290563158
-1.0768840367411
-1.02190037302607
-0.857581807403691
-0.924609866231086
-0.875494345596236
-0.925020355598662
-0.860053131348784
-1.0237645083675
-1.00814148216811
-0.973968304069872
-1.04151381503736
-0.888886124636849
-0.878609463560952
-0.843994219980105
-0.880351587127817
-0.858539809392881
-0.982248245576323
-1.00777204180024
-0.825401837368954
-0.929430787555759
-0.931147881071422
-0.927493979220985
-0.979851339994872
-0.832478674796568
-0.970478192659125
-0.96101879382435
-0.932723568572677
-0.934088069424598
-1.09141594449703
-0.715846647539223
-0.997591452156002
-0.889238547171139
-0.900127512232661
-0.908028908431106
-1.04400586306675
-0.753733283354452
-0.90674829047341
-0.909301120308578
-0.900052895313457
-0.876496745090292
-0.831598238711333
-0.927984036638841
-0.726631563643796
-0.988811026879093
-0.841358695940861
-0.914418148530368
-0.8050313317766
-0.830581675979159
-0.868942452194666
-0.731795598181168
-0.863729808449494
-0.926229939461033
-0.805994154206125
-0.804012501746532
-0.792508370243398
-0.82018205261953
-0.812355609236042
-0.927888286984687
-0.825838744636764
-0.845305570135224
-0.858531093436448
-0.864904564451241
-0.750189917866892
-0.877615884740727
-0.858826348286802
-0.934751256447634
-0.920526938010394
-0.849411235915452
-0.885459068376997
-0.690245778777912
-0.968513387793566
-0.812015916513112
-0.863904601026638
-0.935267951713581
-0.807780963913231
-0.842476795299232
-0.911994008268117
-0.943681831269709
-0.650092711829596
-0.815978689058778
-0.857653322229028
-0.741434508825558
-0.843063581585516
-0.881261136249902
-0.812238977103346
-0.902459152962981
-0.805942157053949
-0.743910965500384
-0.925053317544635
-0.718511273445432
-0.85427271906103
-0.858841291082897
-0.807984823229835
-0.75552187565971
-0.782683569001527
-0.736371704515937
-0.752404508139618
-0.659204171440904
-0.797449307693763
-0.719827641071622
-0.788856916759735
-0.819812999015938
-0.710345468119874
-0.66686748436625
-0.782700636404458
-0.697882826734446
-0.912299824783806
-0.666851824801909
-0.69935225303863
-0.697019200157574
-0.846247852868324
-0.770359574446933
-0.711535255984074
-0.808090153933034
-0.781716412993949
-0.658662413181721
-0.829144901592242
-0.703917976926677
-0.631762123901456
-0.744668535720495
-0.726174802711988
-0.758894961409397
-0.857139779151107
-0.73950232860307
-0.838041925006922
-0.821327107678669
-0.617617500526725
-0.624131417444614
-0.729580595725588
-0.622947217047361
-0.683230233901192
-0.544608603328179
-0.425541595270462
-0.6655405961222
-0.66978834470655
-0.635578326577225
-0.663101345291381
-0.731639210303448
-0.495051205848517
-0.596390527152842
-0.553499984128662
-0.669570852681152
-0.452206201000716
-0.74478778594786
-0.76309677566534
-0.565971352605961
-0.59151260548077
-0.586085950085505
-0.623184434920747
-0.674549349526314
-0.684251242485142
-0.733627888407289
-0.702030276853694
-0.641188431486197
-0.633013093454673
-0.559719629126719
-0.649967847781875
-0.605235211246119
-0.622298899120121
-0.580935941727555
-0.693047679550468
-0.689576413415266
-0.656872826039826
-0.515954398085338
-0.700738324596762
-0.650088268783406
-0.518016091908834
-0.688590333429704
-0.668294475167006
-0.521407915518083
-0.512771204807806
-0.688916134596088
-0.695666715268362
-0.605610502013759
-0.669284140078602
-0.659680780004738
-0.542025783092731
-0.631116862678798
-0.702332490574753
-0.632193140532799
-0.670317069653171
-0.614449695263937
-0.808095819877979
-0.536093221239985
-0.578344334837859
-0.482310907738966
-0.625296966585075
-0.496459446562626
-0.58059762896851
-0.675965078796408
-0.569834598094149
-0.6132350379536
-0.545192129474632
-0.613935343604392
-0.501692205277085
-0.545568199300197
-0.578886278319876
-0.652265143287412
-0.407129813707832
-0.446520714685589
-0.643487340678879
-0.662042785044883
-0.709669512559615
-0.541426086231482
-0.49335205481304
-0.577816881351787
-0.432600419233724
-0.467751629798307
-0.689489270983124
-0.443935535791466
-0.713178109695439
-0.421234070271203
-0.607021354319297
-0.622913182232242
-0.521019490198002
-0.442331317729316
-0.571437869718452
-0.54408729506132
-0.678690200785143
-0.643265223524914
-0.618496755868405
-0.477939556558665
-0.460305410938492
-0.574065402761159
-0.334072539881573
-0.454009738772801
-0.605954720059165
-0.437910992865853
-0.446672750375476
-0.532962200913005
-0.552176137650037
-0.48533532595528
-0.481386825704492
-0.379062655740164
-0.533762546615333
-0.440641330103673
-0.462280509035871
-0.461523317077122
-0.588202006306052
-0.626111417730839
-0.517887815578834
-0.503426425609231
-0.450121293544153
-0.448290091830647
-0.524008945166067
-0.45718828594849
-0.544799225843006
-0.474741270676166
-0.517451494310779
-0.449699654537631
-0.326064183494793
-0.562269253827663
-0.441454770410348
-0.59515197795882
-0.618418703268302
-0.327593159920973
-0.462460471463751
-0.494111638975594
-0.426551755340555
-0.400639558839722
-0.465026117626878
-0.514630260334315
-0.406663637546729
-0.514475818838904
-0.400147643472812
-0.518868774538904
-0.388849875760442
-0.308096344837904
-0.490083450916407
-0.368027296575224
-0.488842452194215
-0.423829882992078
-0.402199276936731
-0.497667613811142
-0.352238645305967
-0.432625939105163
-0.354107201831418
-0.44216789841635
-0.398859994787949
-0.535011029462922
-0.609313592861893
-0.529774188673193
-0.393790840703659
-0.316797970002985
-0.44722561122694
-0.412273693251844
-0.451743654797151
-0.341319509184557
-0.382071018989508
-0.398175477273205
-0.351860076058421
-0.465262902926051
-0.423782489177102
-0.339920935543948
-0.319771810888813
-0.363817702680474
-0.432055041589386
-0.436218661340797
-0.386276740320239
-0.330490383566357
-0.386620431434471
-0.238475072878952
-0.3292475798516
-0.254473464923395
-0.340390214355962
-0.337034116770974
-0.277463037855594
-0.380554151560675
-0.173281873086465
-0.305136825243366
-0.377651346306279
-0.309997961743977
-0.249371685879337
-0.238091677878816
-0.340034486563443
-0.234749242630072
-0.327986267987183
-0.279140124812415
-0.354526529809787
-0.336179278335858
-0.467205455396552
-0.343578558327054
-0.205553867670135
-0.394657735810639
-0.449050827853088
-0.230162405188944
-0.426824292978513
-0.256281730077629
-0.292827410247596
-0.318895130204052
-0.34646037429416
-0.206022051747089
-0.265804035285418
-0.290480062784739
-0.403550388442865
-0.267552194890183
-0.295049211604854
-0.357590186863759
-0.406499438085306
-0.484145046462784
-0.164772618595447
-0.270257527801838
-0.299316871272511
-0.209039301757976
-0.310805674970881
-0.154939753012931
-0.28121819140071
-0.135124448891781
-0.322470944549975
-0.365047247677792
-0.296789774732553
-0.313529003168035
-0.0784479715047976
-0.23329301642072
-0.216629866764155
-0.276977855686793
-0.283453436425644
-0.308046451565708
-0.0940302273776744
-0.323484213481194
-0.124243026724015
-0.508840160147033
-0.252250100020826
-0.105143447770832
-0.098790311289531
-0.407995508693127
-0.256531286786618
-0.0238829094274412
-0.37617933187607
-0.219138917701085
-0.274044534441585
-0.0686318478353516
-0.252748372973736
-0.236284996382419
-0.191732082747104
-0.170895879208004
-0.166268998817688
-0.0934643994405471
-0.270698292402628
-0.260940333375001
-0.231648914784849
-0.175787691867081
-0.211226099849758
-0.136342982006062
-0.213767123275664
-0.155883764156727
-0.158556991861732
-0.141777385244895
-0.217053210236667
-0.135329363609325
-0.0921255148497489
-0.20079931110509
-0.302136441847692
-0.175559698446266
-0.0439373981461047
-0.241621291809952
-0.311295444369633
-0.196024878939651
-0.0762173156008166
-0.183559257236739
-0.20486945696741
-0.10896860159231
-0.146453077378507
-0.202967579881155
-0.0827489149064529
-0.206331645265652
-0.0470936308168409
-0.246151344445226
-0.131610124542842
-0.285351383820185
-0.174389846321552
-0.10331450140838
-0.21497510590198
0.00259106112385459
-0.135086623763811
-0.165360385711262
-0.368049674535149
-0.104522084512823
-0.0456014705953436
-0.191642560787997
-0.0155439208797984
-0.247346149249073
-0.0623509868459377
-0.132066610616054
-0.281682346376314
0.0557301384368292
0.0245766299087404
-0.152753846256862
-0.0781017985195631
-0.273726559436578
-0.0453736817947086
-0.115264171362539
-0.160869885973357
-0.239738806754804
-0.105837576768134
-0.151189736836388
-0.103367822416978
0.0523921514467146
-0.0149484602964771
-0.0777324926846113
-0.0972865837732754
-0.0544041371298848
-0.0424406420530612
-0.0772214097194196
-0.0862928586364509
-0.143521990596062
-0.0355563630117004
-0.126293738258531
-0.050758532433477
-0.0929129072393101
0.045430063196325
-0.0169659076965175
0.0601572938530444
-0.124260551925674
0.114743522745027
-0.0498426166822826
-0.155214124353687
-0.0120106756445893
0.00256781727070661
-0.12854461352696
0.00157736296333442
-0.0513406983322249
-0.0107704515293401
-0.0079555433843947
0.00673600745462916
-0.0157757237340569
-0.147006258966655
-0.119566034555517
-0.059367683334817
-0.0143719344233419
0.0103587959855606
-0.082071000351364
-0.0586563473176367
-0.0965606286001293
-0.0323122756967422
-0.0715579793533487
-0.134185231906528
-0.00572463608213446
-0.0242241608764536
-0.0212017037530154
-0.0373892654047507
-0.0540681810818315
0.0237784604154875
-0.101608578815317
0.0385581355583661
0.0253056530962557
0.0289792711610646
0.0141893565970532
-0.0246975747888571
0.0406746623106611
-0.0260223848872196
-0.0913499590581538
0.198106342474115
0.00284175290612992
0.0443294405309608
0.0916622067124173
0.044339325587178
0.176804795879067
0.0169242397618102
-0.0439757261666837
-0.132592975699973
0.0511469945113247
-0.158227730504944
-0.0038522089134044
0.0830003769093959
0.000704610590343783
-0.0476838807455724
-0.0153795954559856
0.077979127617642
0.0493050306919653
0.127877961692899
-0.037596278240449
-0.057470376301023
0.117129486352074
0.0924088982607339
-0.036899478127043
0.0308797078761322
0.011938794023115
0.109306116418864
0.0853326291795118
0.113946883931265
0.131307019310427
-0.0937991846507696
0.026548132383151
0.128264391090688
0.12514357414517
0.0258815550881491
0.0888225448085485
0.151869527344324
0.0796616094261728
0.146779626325633
0.107032046957206
0.115633362768106
0.139272562138924
0.0521535047240309
0.174110740320605
-0.0170583688897827
0.0190925311723197
-0.0601168065254429
0.0921418208554819
0.0299113926485986
0.125902792776264
0.136115114540317
0.096058310665042
0.128082620707701
0.027048010676315
0.151929456363726
-0.0454930052281762
0.1557522784925
0.0924070733593062
0.153512993239918
0.0701911199772644
0.122872921980983
0.112871331734928
0.200791277208095
0.236748969858705
0.173750414380677
0.211813798820052
0.128210703864678
0.142832406179001
0.284462103651579
0.00832578368759131
0.108707333038591
0.19137740225595
0.243540434443436
0.278144504551361
-0.00593033262713253
0.10144570613786
0.250891468550058
0.182129600390956
0.197086340655315
0.0483140043927801
0.0471048167945626
0.189186974707469
0.288397075352886
0.0868975385446189
0.224538370861635
0.147936766041168
0.200212792739404
0.0497201865239644
0.161018898220862
0.186674627853141
0.334775932567674
0.35024759669323
0.0326872171150753
0.124021517617611
0.308069394874591
0.147889358170158
0.188170711686252
0.199701646748158
0.198644266440142
0.215717384972438
0.103085504729721
0.331418501744066
0.139647713263166
0.205034318042047
0.331138780866962
0.15759360184918
0.357260988413871
0.391476575344326
0.198037340260157
0.187006700974502
0.32134452589518
0.42184206084083
0.209379786003519
0.348507514725796
0.272705697735059
0.107025500670238
0.223075274983523
0.287459558269897
0.119512420052872
0.262696903359172
0.332538415384961
0.390043202472395
0.249069763616034
0.255320824249714
0.179705126406189
0.281445627436065
0.230043500738075
0.179959387921685
0.193801274123866
0.327603150969423
0.278248249185101
0.438635445172362
0.276646801378844
0.348328331599081
0.197875041293933
0.315355786459562
0.29653028683509
0.285841213624353
0.24856890503705
0.196261626381391
0.202902714865632
0.291273932361503
0.308033856769497
0.356622783615911
0.241363601621229
0.247884876708443
0.268475308630442
0.316255311976825
0.405501986391113
0.298173499663662
0.31550648417451
0.409500711709364
0.31813663418736
0.301457577099137
0.287568885712854
0.278372272973585
0.391032382724529
0.339257882423323
0.218897648983972
0.368532083400391
0.471171623061563
0.439426509401984
0.25545777270434
0.30504006008917
0.231629646869972
0.334518854241379
0.301608345305346
0.443488275891723
0.22487319646859
0.383030783577542
0.220934694438476
0.324132431306693
0.234135293261497
0.32937011810469
0.374828044060077
0.392928038648105
0.401932895440231
0.403243459146748
0.390216856853535
0.429865283022811
0.29231936934026
0.474603003283763
0.326580154850115
0.360570738843227
0.470743340465974
0.442449202765739
0.310150078458744
0.41633136407764
0.347017296825715
0.362539536762723
0.41497246954492
0.475599337839589
0.368370218973537
0.33825579340053
0.519137062212978
0.357995320636357
0.395981586556813
0.457002444681481
0.321668213551862
0.336164661448187
0.387331237516067
0.484351533143053
0.443705710577801
0.440169543346423
0.455710587395533
0.471424242493044
0.538298125535696
0.404214802737512
0.363033784988474
0.516751859826365
0.373532215482211
0.55096835973254
0.521489365178102
0.46118299768982
0.572989588825299
0.342281122090886
0.368873836678863
0.236281179044289
0.461344463383479
0.354777923494942
0.41721264456709
0.484596686424368
0.565062274366865
0.469744926104631
0.395613144943644
0.427269527276469
0.53114066676438
0.479422097374629
0.511587660666311
0.484318102001063
0.474768274988936
0.547365657112723
0.611216849691917
0.409534596457986
0.571074549177627
0.511221675592904
0.510718065583448
0.512240392355715
0.484558194281335
0.532690307376323
0.560687479046471
0.536777170812068
0.583817488887546
0.436589207584918
0.49173715495833
0.504853791720289
0.406675997832187
0.53881941151593
0.446154239768118
0.587573285624787
0.547971165452271
0.641276899226894
0.526888327465659
0.579640372511974
0.412434031986214
0.473273308464185
0.342325647883726
0.505293800070403
0.610505323784894
0.515772025037438
0.687179383349533
0.417418298014107
0.434338386877906
0.525929478737368
0.647935889990173
0.434053898720174
0.552940015967247
0.529584483471043
0.485746909681861
0.549836490739534
0.563267566837623
0.567782799300953
0.620033393038513
0.576143349193552
0.592187164859455
0.613102649329206
0.607322091039792
0.527359265636491
0.60189637095774
0.619119717667852
0.467614902592309
0.763439306526697
0.58943781918536
0.50121207405756
0.561938923900542
0.542263837714655
0.536947466046606
0.647920380435585
0.745079495723112
0.51781389534662
0.568143345208005
0.511015733522896
0.516517912522836
0.557924441672727
0.504241277433302
0.663128651673813
0.568810447246913
0.706055047983305
0.561938172904013
0.545826331646683
0.71174694252821
0.489349630967842
0.603479787308841
0.498740638377047
0.498466569129848
0.552565362982263
0.514716799410847
0.646080178072585
0.736522485590051
0.708208711279476
0.685111513618517
0.669399078860056
0.608575289555373
0.592078826266611
0.717500971761251
0.538545972599261
0.59275824505838
0.691224002263042
0.593150661212862
0.578374881070122
0.613499293713427
0.724833440216868
0.845800607691365
0.654149835496228
0.686744247161321
0.682420110724869
0.71182404270354
0.57473900828608
0.715822041975245
0.569143907590212
0.688730422829946
0.611823105572035
0.651112960847246
0.65436163390736
0.663025174560029
0.856372848390314
0.535293658894981
0.675778008346032
0.726688149605005
0.779027726853823
0.81945853299082
0.617142670894117
0.695222185324701
0.674292885927207
0.839849034841721
0.70881688701932
0.838653962873474
0.750607656016356
0.685470697132287
0.672967151853109
0.821440568540176
0.719637260036083
0.839371638215108
0.697790194410626
0.730264285119246
0.577745478867638
0.65353601591815
0.782014094199089
0.780065287076962
0.724676459909426
0.820393801656251
0.686068879191991
0.702924737338725
0.794500184868736
0.666973490039359
0.753561906332938
0.641422650164982
0.779935164976244
0.761968728817182
0.689256106463614
0.684491629850725
0.708869177338497
0.663834912260124
0.699152618567885
0.659901930526253
0.649940220890082
0.793179662821402
0.742046586162409
0.762792335796887
0.772385859714808
0.660737321225243
0.632173351902452
0.703128936212408
0.895539919913932
0.855849075076292
0.734820622144443
0.778506486933458
1.00365498619614
0.825505490030331
0.754531059791827
0.674610091172303
0.730563525648525
0.858565065786921
0.839970053290447
0.745368430903576
0.888486020180189
0.785607338459802
0.721834864625157
0.737909465390554
0.816472833886192
0.648140988823526
0.875256672544729
0.606071809827088
0.866164067511288
0.755768165529327
0.956734423662638
0.949749103576915
0.936972477482443
0.885772870323272
0.786802781615546
0.87534567677957
0.735469075170667
0.847249933003963
0.757260403614793
0.80589900951993
0.864186939939744
0.827139617657711
0.670703002617241
0.968400651469653
0.862895451983136
0.879736876215088
0.862115624548294
0.909154304477615
0.876066355034918
0.905004069748311
0.930456114505647
0.77355275172961
0.881798964964654
0.925162418442075
0.874418578806101
0.856855293389561
0.977066995013232
0.975755317659409
0.798754109383801
0.909252816064706
0.849225373592943
0.885275349520178
1.06479166991815
0.829862519122067
0.809831903729276
1.04073935951629
0.943609977595134
0.93879705986689
0.959199942343386
0.96039919792123
0.994508521010985
0.83972779165731
1.04547811863363
0.872104312536689
0.863458048148934
1.02635262355783
0.89614149484092
0.962820797652387
0.9122710194096
0.793297834580738
0.993310465865706
0.90488610777018
1.30016896966384
0.877889120187416
1.01403215483658
1.04711434757267
1.01092065169705
0.890034666471324
0.949567894561732
0.862840592941217
0.879161868941886
0.848765388384949
1.0469074846697
1.15948784615487
0.974614260103697
0.976582769474473
1.02522118262928
0.964614347831667
0.92160649855426
0.986920181826049
1.06173994883362
1.00762136270232
1.01693023296537
0.954400041100426
0.940666357743636
1.05367753453222
0.868374916539915
0.982102521176106
0.922730730296891
0.91415477019467
1.01374049052403
0.757912802532755
0.869174099480324
1.04321130896396
0.97012228922012
1.09864100080603
0.939075609585259
0.935264856949126
