-1.06610402124068
-1.00912713395011
-1.09719399815166
-1.06773881313572
-1.10604884567119
-0.857479081003342
-0.811760770182777
-1.08890631686699
-1.01377395378535
-1.06897801369651
-0.988678772017569
-0.962751936299935
-1.07553888007087
-1.08130779169583
-1.04720540631266
-1.02223950251372
-0.848117744481948
-0.974173473685167
-0.861644668710465
-0.8768747424856
-0.937730089556778
-0.948301009042167
-0.87939192267337
-0.880442720648789
-0.896789103161259
-1.07200796168456
-0.952996846181928
-0.916888762599504
-0.702278757569295
-0.883171444013482
-0.924991493977549
-0.809009902789385
-0.8901236957044
-0.987666901359809
-0.989099632178127
-0.877417989904357
-0.869716843107625
-0.858462869615027
-0.963366628809377
-0.828916467681976
-0.838418019259257
-0.974772712998357
-0.941763329481928
-0.923598624255628
-0.90035942019005
-0.823000958274071
-0.887657822095063
-0.972857758362818
-0.864432179827734
-0.993932280863835
-0.687040192600103
-0.963486279274986
-0.904325234147565
-0.813807423582108
-0.820539699967983
-1.02563516147853
-0.884121962840017
-1.04267412238458
-0.992987806241827
-1.13092242234059
-0.923758812674049
-0.879181897812068
-0.813988423886985
-0.855800643854849
-0.968656002457758
-0.90644024368214
-0.780334932913259
-0.929622829941185
-0.874557568862111
-0.890508692108225
-0.862885614296602
-0.778964413196204
-0.717606934382773
-1.08215936652513
-0.817192380171855
-0.717820274862926
-0.747502770041313
-0.909307823218897
-0.934792151854489
-0.593359304176696
-0.727524359412803
-1.0093906788732
-0.699031770907338
-0.81653156346392
-0.904808773344083
-0.867642882915259
-0.79141720974733
-0.730359096068127
-0.861392213089717
-0.711619947853583
-0.851491397154465
-0.821974939121674
-1.04966250088554
-0.743104811901573
-0.92666377662225
-0.741854368554051
-0.73640940201194
-0.661752225261426
-0.70109147185148
-0.943702434236108
-0.722336897784599
-0.837570744095557
-0.754254456546677
-0.691194754357715
-0.745755124366195
-0.717685417584295
-0.802828825432767
-0.838658028941026
-0.712940477515815
-0.748412826342189
-0.713452303240634
-0.855409843286653
-0.775361939560115
-0.667471150897223
-0.666198603298202
-0.726885302373522
-0.88008553854444
-0.818432104116185
-0.736639714124677
-0.867163440266395
-0.735584289564782
-0.806509348097846
-0.737934744568793
-0.727223694548113
-0.782467080812806
-0.640515527916327
-0.80096676851375
-0.850240077115498
-0.754679378926616
-0.578069613745767
-0.722483760055343
-0.674156461219198
-0.801583069653077
-0.613179281847204
-0.660498292760303
-0.728978538837412
-0.643086141747737
-0.708339836489865
-0.783482457927055
-0.753027913437592
-0.885967967134598
-0.634416284789055
-0.687072747797081
-0.506222701027309
-0.690795394716653
-0.70374040339369
-0.710573568565198
-0.71392236048033
-0.748870341065424
-0.672647272305374
-0.747656582349828
-0.545656093996995
-0.707001620415385
-0.647393859478401
-0.686999995159664
-0.750130290792857
-0.717124821677088
-0.516298445395775
-0.710302067981677
-0.806684251453646
-0.735469739705359
-0.819501526313118
-0.833226230319734
-0.809963171135108
-0.608125060976566
-0.511048575139643
-0.846790070694159
-0.689362528348236
-0.713674800826429
-0.749120787919093
-0.574905092453238
-0.708987733516094
-0.552482269327474
-0.675572901940482
-0.65223246861084
-0.609711737047793
-0.56190220772427
-0.693878918551938
-0.687578289065928
-0.680905194126069
-0.570843217600702
-0.498190975689845
-0.730977492921492
-0.570088707002035
-0.652315512512259
-0.703161122371782
-0.700529403526836
-0.620515572759933
-0.684086493934713
-0.659793883537583
-0.594249602726585
-0.605344547910549
-0.667581781783559
-0.641546210600069
-0.732872862596766
-0.698039629308313
-0.597397235516797
-0.638794880215167
-0.601925934100543
-0.628033403713975
-0.632895316809525
-0.64210735179267
-0.603706981574954
-0.632921013093055
-0.530607882545633
-0.440436957930592
-0.450185523746174
-0.63084832634829
-0.601165882916125
-0.676075282808797
-0.574030151638887
-0.679999012196717
-0.553600726496083
-0.668312685395882
-0.577629726620246
-0.697050771170848
-0.506628589837271
-0.545408827846279
-0.604111859158122
-0.476578273023226
-0.572125551400587
-0.564952036324479
-0.574668556350218
-0.474440408765273
-0.659567834701806
-0.527749513410729
-0.512651287806347
-0.45841836923413
-0.402924228357958
-0.54045160715916
-0.623799886824582
-0.500993805760959
-0.738053131615095
-0.513661564334417
-0.580473191405134
-0.523385686850244
-0.404877924779082
-0.521626453558663
-0.498552744555764
-0.483353368976749
-0.527489432187258
-0.537655217150887
-0.657072410543842
-0.610507724385719
-0.537099071754418
-0.479264607206415
-0.70182805521607
-0.501661338256422
-0.609158611802519
-0.590377522017059
-0.445634883538606
-0.542637026711368
-0.411652270270148
-0.402082850163836
-0.472258158733075
-0.640372273105254
-0.533971446527142
-0.424225171952383
-0.510601984847828
-0.527480122599931
-0.523459557376076
-0.457172555704019
-0.466668105868262
-0.46269150857552
-0.626046574795962
-0.5850937505136
-0.47046722457196
-0.452107391241654
-0.474895016631442
-0.515982495630629
-0.697709477463039
-0.445820849672033
-0.469613146400777
-0.388792239045949
-0.366322216809648
-0.416317023904438
-0.554516467789037
-0.408600489001284
-0.284792739985849
-0.512449383218295
-0.310334563695976
-0.504521540227317
-0.412278688372373
-0.556285074069379
-0.46820473382184
-0.446387432696477
-0.460152077198862
-0.484936593214035
-0.563640462708968
-0.332938579504319
-0.519947365007484
-0.458384783782236
-0.297452148089426
-0.459841034863878
-0.409205981273106
-0.504343886203667
-0.343545900655035
-0.364631234159898
-0.342575623014603
-0.420735306914174
-0.441931809638036
-0.349126124940714
-0.264007942987656
-0.310520270337477
-0.422199602076085
-0.390833350311815
-0.408142606882736
-0.434560293495991
-0.49744532064936
-0.437800146232424
-0.450061966098792
-0.429176037040104
-0.278340790353394
-0.584130740028678
-0.288626750526435
-0.376457185519657
-0.436320991494371
-0.385220393789424
-0.394808011082191
-0.406319250981331
-0.381248675609212
-0.415641164906571
-0.313599198864681
-0.354646372243554
-0.344110247375998
-0.19882556839816
-0.321221969720038
-0.51987200221562
-0.420523853630144
-0.368608627665211
-0.317856356690312
-0.300589163425572
-0.416810015962474
-0.319355502462726
-0.409668266023542
-0.323440136964881
-0.18418739196619
-0.0962522325592804
-0.296595599821777
-0.389373263836312
-0.26525543041838
-0.264432438861294
-0.408418636249689
-0.40998084144699
-0.305573637803831
-0.194058865370436
-0.273477240587331
-0.452311935534835
-0.333488717002152
-0.269995222185939
-0.196193978260468
-0.360078298260297
-0.248665087868567
-0.367361080828544
-0.349268399423176
-0.264395282796187
-0.391206864127963
-0.302519650223259
-0.137159205722211
-0.356547465555484
-0.225178460402784
-0.318002485683668
-0.388929130156481
-0.213940005764372
-0.226091228099886
-0.398661914856267
-0.124375399867305
-0.240867570472368
-0.235430216313961
-0.390449738088339
-0.206500860366288
-0.21947877864877
-0.223045512098673
-0.0999356832953079
-0.313865688835048
-0.151392433576907
-0.31578375332769
-0.21877294788751
-0.26340437026045
-0.371749753734509
-0.264367527143127
-0.180984417838202
-0.0867559362006527
-0.311248524421496
-0.257290960899168
-0.284842633819675
-0.293770809830337
-0.2599404589716
-0.185656204583199
-0.116652414247672
-0.297276706588383
-0.169369808881803
-0.158531279357669
-0.285046660964548
-0.221634597705772
-0.271458986728959
-0.159945581945227
-0.242223017861507
-0.24591918320785
-0.240967949638016
-0.292704404570573
-0.242035379833619
-0.331063521734241
-0.0277078305900985
-0.103948803971725
-0.252056677286972
-0.148859595859273
-0.0752329901042322
-0.165704046641651
-0.234268922571556
-0.137231000929479
-0.187641505090929
-0.165840374147878
-0.0538782376593608
0.031567965644068
-0.188091861091651
-0.142784647277278
-0.245325041882743
-0.194947014660621
-0.109734769609707
-0.224463124388068
-0.0132080187575001
-0.363361855561494
-0.184224429090044
-0.346645442152715
-0.14051209471419
-0.225975647647378
-0.177721612802941
-0.095845658107185
-0.111857122970153
-0.249854607217812
-0.0904553157065232
-0.0766114401957304
-0.158536777346087
-0.27329112011541
-0.0924779592677771
-0.268469677679684
-0.187257002368738
-0.110502675275864
-0.173462827763731
-0.0638144025885208
-0.262645834198183
-0.166793442131976
0.0102889037848
-0.227404880470414
-0.144333676248233
-0.235360480307075
-0.00505992025654612
-0.0785361080403953
0.060970919607716
-0.031360107159688
-0.12090525971643
-0.158270816220066
0.0111786445655972
-0.175032038753
-0.033480934214706
-0.152480147965068
-0.11581606419327
-0.0504341658957876
-0.0681639886949712
-0.13830817830186
-0.00384257897841647
-0.14015073093796
-0.179257436156469
-0.0439029779386401
-0.132977225720781
-0.0138906269423878
-0.146515792828304
-0.112555409336824
-0.161967960829935
0.0397390465618665
-0.0166085170713284
-0.00764474904040095
-0.124981587686229
-0.109754411201314
-0.0848316747617219
-0.091707234100894
-0.0669219823232884
0.0865355670751036
0.00435707550451957
-0.0316582449961289
0.067577848972406
-0.156603487724272
-0.120336462612245
-0.00143169426551742
-0.0859045127238756
0.00996351439828897
-0.0209775702418563
0.00538391646013799
-0.0932957653756619
-0.0917015164642681
0.0394392999644929
0.0302841468803206
0.0074783813532963
-0.0537852527857376
-0.120404367554716
-0.0248012106984723
-0.0390656515090728
-0.0589720694434144
0.0856037576737983
-0.00387852117553514
0.0433411818141653
-0.15514760615308
-0.000369072290661899
-0.0738610298834164
-0.0738982278497338
-0.11025060475371
0.0805590114043892
0.0430787128761935
-0.0265277230329922
-0.0310017506196032
0.150174511894257
0.0774451889151027
0.13076804349281
0.0478651684386955
-0.00361373823504866
0.0505432692832098
-0.0685420531694533
-0.126402434406284
0.0738875684493067
0.0637611613994489
0.0168942417981278
-0.0345360127966483
-0.00691632389503013
0.070426626644344
0.0396067395494606
0.0582069262385446
-0.00620423852157747
-0.00677086709510652
0.0160309267377968
0.00896228134594032
0.108339564802497
0.13018044670746
0.114734121687049
0.0564558769192119
0.0108365041904445
0.0246543550083244
0.0918175754883126
0.227955527824431
0.0982691176088944
0.115865315452345
0.00945312407017734
0.0542795520618677
0.0868889722512045
0.0785033097558173
0.106519035096256
0.147432783364067
-0.0289828927139111
0.109473938732379
0.15334292144952
0.0657784630403351
0.181960893212372
0.183344077464371
0.110853799545212
-0.00211416125271689
0.196756137653946
0.196912987378455
0.0892451564253487
0.135381934262786
0.292561642890414
0.238727968969785
0.0519439496316766
0.0063274041591976
-0.0399814037348643
0.0972268543002209
0.0889149967365338
0.124650890034419
0.136290917847013
0.0390778359396454
0.0392039841959358
0.189279339421419
0.265635452143739
0.118571587280762
0.320348002656861
0.180839710091538
0.116273763444362
0.242586616992954
0.144275306466271
0.0396412704411435
0.305504823199777
0.244862391224183
0.0714775472380602
0.20967456859565
0.241207386168676
0.246249804523979
0.130092460064537
0.169563370674249
0.213260188519389
0.139647308097278
0.127687276454738
0.0865982544508347
0.358006021954418
0.258563154415718
0.0667912800523654
0.193638269368491
0.194455686661775
0.27005305056453
0.206127919512989
0.115135100074724
0.220342458190928
0.186184868487631
0.306409327736895
0.284199017418578
0.270472319046628
0.175671443754902
0.253291711768916
0.137314132721821
0.176556272612504
0.248300926166047
0.204776019363315
0.284470425563686
0.236701420378747
0.223415485484988
0.176141826166367
0.254710819033642
0.200520670625921
0.218931867469669
0.0589597890004516
0.301347694389458
0.359000534204565
0.282640741262034
0.145830127998525
0.219910760328256
0.311746314302447
0.32681783969997
0.30695068918477
0.137620200770475
0.188443034284219
0.192505424021337
0.226533553034428
0.228277243385925
0.216320887026286
0.287714792964351
0.211213485594341
0.154570009957234
0.216222021613899
0.329744322105705
0.178495196316218
0.235693738346319
0.333452171956775
0.280804970575748
0.191250331213952
0.215894983976926
0.257382549473265
0.383155893722189
0.298133906662205
0.385519476767246
0.262649207441857
0.401364083994211
0.287900286778807
0.396410017939675
0.366440017791428
0.42536951777775
0.190748482384543
0.380783637659488
0.154592981176478
0.4019764955
0.354586110545444
0.265603521979178
0.358376534339594
0.288510207409863
0.280953388231529
0.300125565222791
0.302754480018309
0.392547099931469
0.313304551198311
0.25007548742758
0.406128092814824
0.287092358276007
0.311698823667962
0.321311323428163
0.103863907946871
0.428179775979656
0.35086962562309
0.439451946630232
0.296425858258264
0.452860219137225
0.23250814272172
0.332980065627015
0.411554868824368
0.288494985890328
0.225672441843622
0.319992100963074
0.265608008558288
0.35849696248943
0.329301006663876
0.405867586235484
0.457888146871959
0.423807170919668
0.435838483488891
0.408180010171516
0.343609658280152
0.294724185574196
0.411693484274807
0.319673830392134
0.530830685409127
0.3333010075536
0.484051294211534
0.525081210191587
0.480171834381312
0.355346291379954
0.518377871341702
0.308780530782723
0.251417116504844
0.341075082372277
0.486529589364777
0.375714157884584
0.309204086407772
0.54699257917645
0.365651956670187
0.400264885957598
0.359073342329248
0.360637322733524
0.263711695391026
0.421313154159031
0.390187148689627
0.340526960604504
0.554280135516649
0.496914495614422
0.360000627830633
0.432442746396267
0.390224098809769
0.440142727766867
0.447852796071695
0.552476134193362
0.495456304924756
0.464428079654627
0.498714771616523
0.574860412723016
0.565576372239036
0.466203308935316
0.637594740488102
0.539584629189238
0.370700172687183
0.393334703247408
0.363666203930588
0.336153723037829
0.49620558663686
0.505606949120962
0.519930318963095
0.476138673423525
0.540369245722431
0.391629033977663
0.402153565317229
0.411895392153429
0.44700377097145
0.569802055543783
0.645357767132444
0.409455935105619
0.591959922046585
0.407792044105389
0.518514297936043
0.488254147299312
0.54748527973116
0.51934759250173
0.446466898206435
0.579896689071167
0.479827605241739
0.588584901080722
0.412534692074453
0.483427070162021
0.515301284300549
0.565721361665569
0.478420469912987
0.533619233085688
0.505040998425291
0.493835182579527
0.269505655712574
0.436108086478099
0.561028474696544
0.393324584120126
0.470612506892706
0.409911735759262
0.598418868994115
0.563720709130891
0.550123347082811
0.51263764197298
0.490009871596491
0.670290419170029
0.493088689536194
0.597909330510809
0.473991323853045
0.537432306506059
0.491343012738815
0.482644850426309
0.51680832601331
0.536249077832788
0.525630170116945
0.556841119153828
0.641846841343643
0.718552700683631
0.588118597914988
0.603896328687035
0.605183592080043
0.668493615249976
0.546360731192448
0.54157692389323
0.619425231497958
0.515417213041121
0.605627852875225
0.761362843205417
0.639876732681743
0.566406375065144
0.657019347974909
0.68672755090734
0.639494015677212
0.478191512319143
0.623403844426574
0.509437522481359
0.664359538890912
0.594354021336661
0.596116680609685
0.730988319109941
0.465202715953195
0.620667874227069
0.581537963076481
0.606724463622994
0.569667733093343
0.787540957314396
0.586420590663042
0.529443963535996
0.605766547700819
0.82072177014113
0.624106813978527
0.565162232349361
0.627981024048853
0.754835330786934
0.619612662672791
0.58889751279144
0.639174603245403
0.638013141076264
0.791834470109748
0.773781124658681
0.681794752607752
0.885647767236655
0.735258244475776
0.54762405656098
0.631734285170215
0.762062189596681
0.762421889758472
0.680790728199755
0.636194658993339
0.640637809298278
0.748283328824221
0.804586859946245
0.973009528817672
0.846510184114342
0.677097135229709
0.708044564796653
0.701104292547121
0.720399377131811
0.740607339973001
0.685244979901198
0.635442611331731
0.707173195863209
0.535969319243117
0.721979270190885
0.67623994620245
0.787806696203579
0.763420581497339
0.681281526584568
0.591213095254133
0.758788524245508
0.901180704485042
0.818272318305515
0.575570386402569
0.626272825750373
0.728683897235216
0.637800929819622
0.659828177570576
0.604994136467135
0.733923374844015
0.606654600978986
0.817046553092623
0.647139432454383
0.816685395368076
0.769618921938394
0.724241096759684
0.79472101799494
0.788759005741256
0.534039613691453
0.56939698559107
0.655080954222574
0.666681496736647
0.878112526794
0.777092952618671
0.900599367844927
0.830366332872398
0.753273109852922
0.783540663290168
0.871692624290778
0.854033854228033
0.746169870483256
0.77539898218965
0.70821359052565
0.930817592203295
0.754325491273192
0.884810858553144
0.880554389590993
0.799036782085387
0.874842784739375
0.855562819857504
0.842112627716155
0.832264687245571
0.867812293600803
0.805906986558578
0.982282311215549
0.690441041239652
0.794929459289265
0.788546247847202
0.881628129480658
0.9386892746658
0.881772022919169
0.8584012825666
0.923595335995873
0.690150016313833
0.776445497799012
0.887477820288124
0.754538200284218
0.697028708133241
0.988808813064723
0.910283881278071
0.712802961854565
0.984557752428623
0.779564197574325
0.948403915962706
1.04412831190624
0.854964209608587
0.945017453976677
0.620496347287127
0.864359616513493
1.05051667526882
0.8020338868449
0.861444994333868
0.875336060446807
0.90969644178565
0.834053647434639
0.878101982806839
0.954582485055796
0.937392979777386
0.889036414675091
0.954169404298883
0.758663561423652
0.895867591989591
0.979317758272258
0.936910993866563
0.841699097687998
0.807130518547137
0.899121351293984
0.830218863251714
1.03033072964601
0.907817708011134
0.940432172158965
0.95464106889864
0.88124841591978
0.827266592049598
0.924715371783172
0.947248467119319
0.824089078316035
0.91451649378058
0.918021569559187
1.05447924218686
0.838393867800253
0.84391182414983
0.904120651693001
0.949523881016587
0.736716721569495
0.97259306030471
0.840885958883631
0.892757078282717
0.911010697803452
1.02613060389114
1.00536855396752
1.00778399498419
0.879860749161913
0.941659291346092
0.988918562872563
0.799515841369898
1.01903660807337
0.91659700547422
1.01208717950663
0.915223753391178
0.828724080619018
0.862526300252309
0.980457056113551
0.977913991678062
0.857663440128992
1.16386689902772
1.08857469801185
0.926722329412032
1.06645580110493
1.05492680244865
0.893084595029027
0.939174214042187
1.12368889423846
1.14823464887312
0.99691762122295
0.995328060350241
1.10761522498327
1.01594920210357
