-1.07548303478209
-1.03293060588038
-1.07245283952581
-1.05069266285028
-1.11252167132387
-0.858913613262818
-0.811032504727037
-1.08052678264926
-1.00686601892509
-1.06247244683535
-1.01220006195786
-0.952878959777389
-1.0923974897411
-1.07661246897614
-1.04393129611196
-1.01746581862528
-0.855567691611956
-0.983926924912644
-0.871975209142798
-0.86785550437804
-0.943314017922179
-0.977270622057301
-0.882089321795191
-0.866571031983251
-0.893582617007971
-1.06771612280409
-0.942480532166246
-0.945508580364926
-0.718706676576712
-0.889411480654252
-0.925621000483795
-0.819306901255817
-0.880753628436194
-0.959771485022471
-1.00035545591842
-0.890356754751615
-0.888853365061871
-0.845140857410303
-0.959868997794402
-0.824874196622107
-0.854999521509346
-1.00415337610981
-0.928590374701554
-0.925068106516166
-0.913527031939195
-0.828318964605429
-0.879181446840635
-0.949620014326887
-0.85727204278963
-1.00167544723327
-0.695841536297918
-0.95345682672471
-0.902898672394144
-0.819311663061746
-0.827162815728163
-1.05907703362979
-0.898028763730424
-1.05077552937017
-0.992269710497234
-1.12656924759536
-0.943859479177594
-0.870330265893878
-0.78918853197801
-0.857362088671286
-0.989730238566268
-0.914852935314056
-0.790003448065458
-0.908848683553395
-0.895548106455952
-0.893777813653313
-0.876617537918265
-0.784068216790488
-0.73705124366644
-1.0648962485813
-0.819315992877079
-0.739051316326838
-0.756526880049397
-0.899796515515979
-0.94141878155027
-0.586328140071585
-0.700370604470262
-1.02080131750844
-0.6889418087796
-0.822638028271409
-0.886302655607828
-0.888243143313878
-0.778037588404586
-0.707197303088131
-0.854966157861524
-0.703584208486292
-0.837735791071039
-0.790351660410768
-1.04409841164626
-0.749523921486119
-0.947391305930317
-0.757108405113253
-0.729126963381733
-0.662187195108632
-0.711282533721056
-0.963195138328003
-0.713957558081884
-0.822421291426707
-0.7454490514001
-0.695962126424991
-0.754853891499449
-0.737892064139185
-0.807536172829868
-0.833406856240611
-0.710194228895446
-0.759203179036626
-0.706781464928326
-0.858652534238154
-0.808820279148944
-0.670983735327274
-0.673612425092999
-0.749011606850461
-0.876909581906791
-0.829186940780384
-0.743381643990383
-0.851883764042317
-0.73898791003682
-0.779621154329853
-0.727144964605724
-0.722844066979314
-0.782019730879295
-0.658325027532581
-0.800863977448211
-0.869914277266115
-0.747100366825859
-0.588234994755822
-0.744161566784528
-0.701810093303734
-0.790077539504464
-0.605941669842272
-0.648789840417791
-0.726040613330094
-0.637275196241742
-0.734229871322852
-0.809334723671355
-0.762547513239095
-0.886943687332387
-0.650430166961843
-0.675659369795969
-0.522357202091943
-0.668426681277081
-0.723058909308965
-0.705933145042089
-0.722739781955003
-0.774034278208638
-0.698780505413605
-0.7360402844366
-0.542349758711792
-0.698254173253835
-0.633298077981058
-0.68937664251259
-0.75797310231812
-0.71415877039848
-0.531002154706878
-0.716214915158141
-0.805377143486124
-0.721576225045319
-0.826966847314726
-0.824392836658025
-0.822342187908597
-0.633137629905097
-0.49442677946277
-0.839637393240036
-0.680185818423912
-0.707092241547815
-0.739245337826137
-0.587870911613875
-0.705239838086671
-0.559694528684591
-0.641010020003869
-0.637259860710271
-0.599355674082469
-0.547332426082011
-0.677565156508395
-0.712099273597341
-0.692232622426334
-0.585351343072391
-0.509292932683142
-0.728037214094118
-0.55211488404915
-0.649599313436798
-0.709523220985293
-0.719391442129345
-0.60802240000234
-0.687071942071642
-0.643129025892384
-0.616275912303596
-0.59748211116454
-0.676565804742627
-0.667517826424775
-0.739041176853347
-0.701860981284912
-0.592140684667757
-0.665007399768681
-0.618194476187923
-0.626581877359736
-0.641573185860825
-0.637724361504393
-0.585869077732972
-0.624349363593626
-0.522910653008956
-0.458222520673949
-0.454647834218331
-0.628853666514787
-0.617839375773028
-0.677298228739656
-0.568652582641625
-0.680106967734802
-0.554512207930812
-0.674193206286056
-0.56915823943791
-0.68598225171665
-0.478582766858871
-0.552639155965941
-0.607270278491725
-0.470970564104374
-0.568417179650409
-0.59481392941415
-0.575003065268418
-0.48702176612727
-0.670535847736902
-0.523266595976259
-0.509965535855744
-0.439281818445956
-0.411011142088126
-0.557697886339474
-0.60368819070342
-0.498506871477139
-0.723298316168462
-0.517489887893815
-0.559019491753983
-0.520251931810031
-0.398087553231124
-0.52445088322477
-0.486806355376433
-0.477963748671681
-0.531257979632842
-0.53247739019277
-0.651064346330205
-0.606517193348926
-0.528313978996337
-0.46789318150529
-0.686350004862753
-0.496114475749625
-0.607281380573616
-0.573495438051671
-0.464650218212009
-0.53707460177428
-0.410690555518362
-0.383576754526131
-0.459960550824344
-0.60692987832258
-0.518396934494315
-0.412906624981864
-0.512271015499355
-0.55003921721182
-0.54237144013569
-0.469403795042942
-0.497736456545139
-0.477270923265336
-0.640307670827852
-0.59896242870786
-0.489248739161744
-0.467019293020164
-0.465067847163735
-0.50816805969313
-0.661066209932208
-0.415592396700931
-0.47418288679501
-0.376695569940555
-0.364838947509015
-0.404738697853999
-0.530318774474078
-0.397019242732739
-0.29593407614712
-0.533621192784593
-0.288157682394704
-0.50308450101925
-0.426051269379996
-0.563039124612938
-0.486432452052509
-0.441712861343322
-0.455806608473369
-0.483765874703255
-0.543955180728464
-0.293367630738525
-0.52138350552091
-0.473001349688465
-0.284853205875674
-0.463366193132483
-0.39095181973991
-0.508890683977522
-0.349831800727092
-0.370858782387306
-0.335032417609981
-0.428681309077044
-0.451324953065951
-0.361788294721229
-0.269111561023293
-0.324627826997583
-0.427745772328234
-0.370447134739158
-0.384248182106983
-0.443855637868894
-0.483703470341098
-0.451684265687078
-0.460065987650777
-0.392006064962078
-0.271286754298048
-0.598154046630986
-0.279820745816198
-0.382598897026922
-0.443587210305097
-0.363304422669018
-0.396892606112058
-0.398651806584104
-0.373738900026425
-0.426165171787168
-0.304258358282293
-0.341219378162664
-0.351414294579548
-0.189343232944813
-0.301868296397124
-0.487893494537999
-0.407430600981976
-0.382410410412597
-0.337510479109757
-0.315746846303361
-0.407070628260361
-0.315303604815077
-0.398902916444308
-0.32838279146705
-0.204698652133924
-0.101356361505572
-0.291124761166508
-0.382746336551852
-0.248059482377071
-0.272781997668564
-0.400379816286953
-0.419151888474114
-0.272316075404861
-0.181829348919975
-0.273623299666245
-0.442100732672319
-0.332354564197657
-0.268003061145787
-0.205191277634808
-0.368263722748912
-0.245491307158144
-0.356304954111723
-0.358929674442529
-0.265886775814517
-0.380754213593845
-0.313166297503072
-0.172686065254222
-0.362126989690839
-0.263506652432666
-0.309310718079784
-0.38566995784652
-0.220199688210796
-0.225287462445659
-0.361537481718973
-0.129668343028323
-0.246132645663228
-0.222432597731893
-0.380980953963449
-0.219240713041617
-0.21633428938625
-0.250610472135055
-0.103144283850164
-0.307071733880051
-0.138945428230515
-0.356567679191654
-0.222330817981918
-0.294496225971488
-0.371702109599784
-0.266139403606636
-0.193147207715521
-0.0444340619203629
-0.286443333193279
-0.252957400225521
-0.267663373688249
-0.306277775917092
-0.264279904789741
-0.175081308667043
-0.129216555921392
-0.301241045916302
-0.185825718676102
-0.175167410122236
-0.294832691508873
-0.225374686346061
-0.2477077823116
-0.175632576095927
-0.234101938285
-0.252033698272955
-0.228416532263635
-0.302476700828699
-0.257695868650807
-0.317044074691361
-0.0287394586549598
-0.103397250848755
-0.254194423504512
-0.132613073071773
-0.0823327291236699
-0.175303422072945
-0.233909785405096
-0.130007766184193
-0.180072900339569
-0.154793571381777
-0.0739374625298324
0.0305359886217875
-0.19087609267989
-0.154022612681774
-0.252201867779895
-0.163371583791846
-0.108185786089725
-0.222542386579599
-0.00570218200912725
-0.332873020985387
-0.169310743276174
-0.341682031920676
-0.145594488227249
-0.223246956741843
-0.166402019504568
-0.0944685890566375
-0.0951673098095989
-0.232942909332558
-0.101441069104196
-0.0761301822757789
-0.162095781227907
-0.266819193693334
-0.0859012796003421
-0.272520292745133
-0.186440906445966
-0.117226552331274
-0.144918546727523
-0.0828382126556289
-0.268907312950881
-0.170919394130182
-0.00618990099424223
-0.23662510442308
-0.16387019449228
-0.211044744702245
-0.0083774900141208
-0.096729863643272
0.0822124938783521
-0.0373301183576448
-0.119351423903535
-0.173330172520069
0.0140853795622426
-0.188313279208846
-0.0295578999685915
-0.179020522236506
-0.111970025430803
-0.0909592053314498
-0.0631691408725204
-0.14823159756928
0.0068140267683338
-0.123510601526598
-0.174179817988883
-0.0456851017583416
-0.119464167886975
-0.0159961391763896
-0.132743873964425
-0.131339116911178
-0.146852824458284
0.0198250402251465
-0.015651046319825
-0.022271084829104
-0.127492148257735
-0.0881470439467161
-0.0822020440524366
-0.121702360918488
-0.0880868930365676
0.0785791962068683
0.0134147508413832
-0.0356307221419938
0.0413817297981434
-0.164693208808487
-0.138150890652477
0.0158416737872317
-0.0982463028453211
0.00677820460716039
-0.00948908147944911
0.00369563771012283
-0.0966229406082551
-0.0841243819513611
0.0362903523771439
0.0312809705425403
0.0192396060549308
-0.0692214076543828
-0.113075024362736
-0.0214661959114615
-0.0155087346930585
-0.0548524752741716
0.0793311292526056
0.000305602734466045
0.0241938403282093
-0.17845485721145
0.0275137825891793
-0.0732120423297605
-0.0882979898485221
-0.119152665305843
0.0993890221511757
0.0424224786051285
-0.0203007840938538
-0.027674814757001
0.151802607883509
0.0869511656690725
0.115384894030471
0.0672292207137521
-0.0017810731914029
0.0744699211473846
-0.0670183974083128
-0.120041720632141
0.0930319895848628
0.0583827772508364
0.0364562567853023
-0.0166346477837243
-0.00104533082242025
0.0486155238972406
0.0271729494731622
0.0688255500525954
0.00924530726517507
0.00388125536323276
0.0120532663616805
0.0168644583876686
0.124430078656348
0.123893399440906
0.137386496530074
0.0440186366904155
0.00221976218904717
0.0314390041908499
0.109873574219836
0.21475066637881
0.0948395489561869
0.122523950828298
0.0319269927881307
0.0736677596681779
0.0936855662706019
0.0762177009249784
0.0938147300789536
0.147490374116773
-0.0377263921476452
0.0895891744955528
0.139790993473057
0.0833955170650269
0.200067223796674
0.184964775977449
0.0795543070348104
-0.00407603368235043
0.188072938566005
0.189799741832764
0.114346088718638
0.129263665209911
0.277894643621181
0.243214715338866
0.0645777278739302
0.0135682720905991
-0.0389880764262841
0.108893751907801
0.0930644191077605
0.100190740422953
0.125961970452635
0.048326685133418
0.0558400946120076
0.170776381159842
0.279941577343286
0.128926571755978
0.307885830970015
0.156029777611235
0.107572350562262
0.25599764840364
0.136106129176385
0.0293536533552113
0.302051563461831
0.243661763062256
0.0753425495049025
0.169872614028524
0.270501544245421
0.233727346816728
0.122389367814979
0.175013828294014
0.221461173376656
0.130180812559356
0.135076119776458
0.0808036284881017
0.352605114078035
0.252185441702916
0.0570735903782508
0.188825113699671
0.204432500162589
0.255350026989758
0.223886308152884
0.116235825155675
0.195961975218506
0.201020458008677
0.302888479364512
0.270398197243292
0.27352114523155
0.17488388131966
0.272030567375991
0.149726622816507
0.172582028936243
0.240764317650283
0.203791979342941
0.297989949876985
0.250987511697671
0.232870020021377
0.175204869966532
0.23726823218567
0.214236334202989
0.228385898336196
0.0459036221687367
0.308665065051127
0.375659207412815
0.298503989278005
0.165452582214969
0.222850424988525
0.307308979826484
0.327662999486764
0.302656699384311
0.122860764721374
0.20950257859421
0.209696151517966
0.223202522715857
0.195543826399784
0.244382893952385
0.256272642982975
0.201240655662208
0.154532154047233
0.213147366517477
0.344737847784877
0.160093444105331
0.248587220341248
0.317838192563551
0.283020715213104
0.206600198534135
0.219401586286286
0.258291848629264
0.386387819835079
0.292598549311203
0.372221288329635
0.261983059220321
0.407339824613002
0.269719262678225
0.418645956907324
0.378690772822018
0.425090117385898
0.180054046786341
0.354182508762624
0.157227069685161
0.368945423588244
0.348611487444919
0.261326301467686
0.338935516838539
0.300379852797596
0.293735302623932
0.305599623029503
0.305903651067616
0.378829751508938
0.309340161119183
0.260064661342021
0.415549733892016
0.291771014025025
0.32396764099438
0.347775197015332
0.108474457606004
0.445199189849843
0.365912533738474
0.425311630064232
0.314688449093312
0.436997343080961
0.236197042485824
0.349875537265273
0.426343432002683
0.309084744239797
0.243606825177096
0.296668906100847
0.259980977967139
0.349097015800128
0.331427467885558
0.407950755988565
0.478706542383981
0.417918850702818
0.451370785650887
0.417544257599118
0.33288425514829
0.325327997990943
0.40281932289608
0.304245784834547
0.536144635801485
0.336198839935365
0.48150392761398
0.562622098461859
0.50646126538599
0.341167227434456
0.50039525520671
0.312483520173661
0.236726874545993
0.341365040488058
0.475586974351347
0.377196166495912
0.320631468099566
0.552607065211916
0.350357221763906
0.388894978312999
0.367413591733243
0.383793563518278
0.284894885641856
0.409973445402895
0.39340498331059
0.334691636328115
0.576745029483159
0.489634085195589
0.355449841044409
0.44607458954087
0.372089522120177
0.437722176044258
0.476103213485537
0.554988020120082
0.489418808440435
0.484020123092269
0.494743954194702
0.57492264171818
0.560106249179586
0.460411531085712
0.625151287044844
0.517061445286547
0.361376423599928
0.375744377381786
0.39330538007611
0.326634514224558
0.494862118959942
0.509001352391991
0.523857232795083
0.48244442832964
0.553451175260092
0.406005442491273
0.411681496899269
0.437739772439304
0.436184928676483
0.563708837604736
0.636276377962111
0.443541391955038
0.582398169716921
0.411202677181855
0.529855194754582
0.477169696404402
0.531614765592235
0.495045656464113
0.434692530617808
0.568719169866156
0.473084005454286
0.582985435797392
0.41189286758172
0.448478657313814
0.541416472086587
0.57615847346774
0.490822374574563
0.533775652552519
0.522818222501413
0.484794586182897
0.276945979890645
0.456591604151305
0.567941231233285
0.384971822317311
0.458073740223677
0.411168684081783
0.600055200738122
0.571084309717529
0.572605507088569
0.50060368622482
0.521798055012955
0.651355374221021
0.481649420537273
0.57818551530013
0.506377898057537
0.541358414222234
0.490733651099621
0.490427476481688
0.512880669648509
0.553088301493305
0.523654499478439
0.560287041599149
0.655899737177273
0.722591135195932
0.589857775820564
0.601447941086107
0.603548510391579
0.683256388212122
0.57872968793631
0.539499882471871
0.624861730718159
0.529695572348266
0.612740483443963
0.740500829760139
0.653972553726155
0.569369165037901
0.623148305827732
0.685623473895921
0.632303004632761
0.456242832442842
0.636564497093609
0.502005350070839
0.659573474551889
0.58171760131211
0.616932150640984
0.7283860309719
0.481059166120663
0.626414199425192
0.581692779201283
0.599722039926567
0.572765327808636
0.802862229046474
0.587414364310142
0.55200153467285
0.616525969647648
0.815526517141575
0.631718618196081
0.570699931731197
0.638665909482074
0.770950104439053
0.609653925812098
0.558439157622342
0.630966023380983
0.660002248782108
0.794132533001844
0.766738466012966
0.678982497733989
0.883595569884045
0.716644007896479
0.552809338840009
0.63204817796728
0.782573087507236
0.751488213947186
0.682749921088403
0.647586689423637
0.645072810417186
0.725452277596338
0.795707970992274
0.97880773485785
0.838668231937135
0.635552127109275
0.738387349032911
0.720630095977441
0.699728019217139
0.703496102768666
0.685814029676581
0.64853518583241
0.699288883281111
0.552550802104058
0.737871840940235
0.667325799843068
0.802022724189489
0.775178926867292
0.695740154921873
0.611932771305173
0.765492256346523
0.908670131615589
0.819362451107092
0.593003750376688
0.64706376519867
0.74772549982566
0.640245446726662
0.657416051094097
0.628768114674956
0.723640830641502
0.63599528460011
0.805963240089648
0.651699112547667
0.786203095472991
0.769489985995516
0.713809899414598
0.807657515998421
0.79371617976223
0.549982118244827
0.555461278930742
0.659212842533575
0.673227827623593
0.857152584878286
0.786115898738582
0.901246014378691
0.832291147529823
0.747047715446547
0.797014103536093
0.87749987835507
0.85293844818967
0.760157622507831
0.781124983787726
0.710197612999713
0.926529866096282
0.779625950678259
0.870133680250261
0.876512064273873
0.798894132877975
0.891672565874335
0.857240665010984
0.855183751525995
0.841263106056223
0.880735892496321
0.80423473888175
0.96212692888034
0.702103463066212
0.789715340906559
0.800107720706707
0.886400085673426
0.956143047005408
0.884395086336502
0.855037645373119
0.911832757194584
0.686818806791249
0.787033238809297
0.881664588023146
0.728761518416374
0.691842200115821
0.999331870038856
0.899608353552334
0.714515711431113
0.948866866511438
0.768880585376788
0.940754301048314
1.06601087977987
0.849743784738415
0.942341945888109
0.620502229239261
0.894318630516792
1.06583241653428
0.822619983208098
0.851814110631649
0.894476142154255
0.911094650358114
0.825043009690348
0.87717692000235
0.970160214445962
0.911880789320418
0.902376378446681
0.955875486371877
0.781919829096312
0.872244226820487
0.977374226198069
0.948198487458856
0.819846556716571
0.816307987100667
0.911481055400007
0.852183203069533
1.04582087107613
0.912950489348947
0.950830931104926
0.940470699135333
0.875853037698964
0.830517932851586
0.928505144071406
0.973192096752065
0.847474679013671
0.920002387778971
0.917221776620249
1.05817133964834
0.841346276184912
0.847535594344843
0.906528525637832
0.949684910147674
0.738823843312092
0.965404056474766
0.843055882850919
0.914697051612163
0.903541277665171
1.00035434279244
1.01739714593803
1.0085025963194
0.876932651956421
0.927319935460439
0.982388275750301
0.810521377486623
1.00279958071074
0.935409644631417
0.999475661326808
0.905659207378141
0.820274147247446
0.880872116196759
0.969225334679197
0.970112587602283
0.849833964051862
1.16622571429106
1.09998875519431
0.944071394943368
1.08067063088642
1.06328350438555
0.868304349332647
0.917450362886038
1.12675126120617
1.13627103855105
0.999831609922568
0.995980950229652
1.10082987651184
1.02112659771611
