-1.0976432089519
-1.02758973365008
-1.08784856090682
-1.03587160636881
-1.11534065541479
-0.836345201541109
-0.809813491106359
-1.0904908960964
-1.02240722736416
-1.04760483755611
-1.00567487247049
-0.952770327864088
-1.08726381600584
-1.06372388654381
-1.04198774145666
-1.03853136237335
-0.855546786356243
-0.974707725328311
-0.893490338282829
-0.880480633762608
-0.941952973166896
-0.957392941626765
-0.873026065461545
-0.885909945572966
-0.909725661423005
-1.06262886567265
-0.95517157588905
-0.92349733689777
-0.719174161982811
-0.87426776746122
-0.949164429136633
-0.814823788268042
-0.906367410549949
-0.978443184461317
-1.01006141013055
-0.882541037662576
-0.881692635464898
-0.849082456961033
-0.956181907048507
-0.83780008833445
-0.852223540031574
-0.982830808458382
-0.936089431007457
-0.893320703349221
-0.89161959467691
-0.836643667810932
-0.889575129614598
-0.943326038775218
-0.868881477423986
-0.996998830147334
-0.706866588461317
-0.959051845009156
-0.882774169347758
-0.816181462741113
-0.850690771728273
-1.04402194830443
-0.881759219380069
-1.06237680226221
-0.982061038028353
-1.12814525213715
-0.940284729499426
-0.869359416442519
-0.804986577547809
-0.858439570663964
-0.997430877004674
-0.898489225995894
-0.797160627532263
-0.947330244169658
-0.869461188184408
-0.901311357345362
-0.888271718703832
-0.790470997467597
-0.713269060343181
-1.0866801728453
-0.81562264149958
-0.731417627233085
-0.748485073090769
-0.884560238026022
-0.962890731560271
-0.601690777883854
-0.708681583343337
-1.01147625099044
-0.667510400969866
-0.816446439773435
-0.908747822121161
-0.866318060388871
-0.779620340923472
-0.721876810010322
-0.852214097876542
-0.733797311491736
-0.824307633085603
-0.819460360966658
-1.02743487229207
-0.738675278262871
-0.952926407542262
-0.750963495452624
-0.730399841506406
-0.672244660400804
-0.705034793248338
-0.938087405611887
-0.70539781511656
-0.848383671843931
-0.741620263596558
-0.701355773375051
-0.753111277350605
-0.720607087491784
-0.80951652551347
-0.831080861794505
-0.714579108085241
-0.748443920522973
-0.721664882763611
-0.857727556287523
-0.794725037150948
-0.688127234122778
-0.656916490398693
-0.708215458636477
-0.873672574321348
-0.832159325417084
-0.724002899971048
-0.842401206129835
-0.741863516694966
-0.790811514693416
-0.767468274179082
-0.726241881463905
-0.784402911910487
-0.653639428216651
-0.805228852162707
-0.850830429428222
-0.749811688055906
-0.579105019903643
-0.741531505339341
-0.678980679724802
-0.795780059667139
-0.62162130276338
-0.65162265029818
-0.72109454432378
-0.647550446484961
-0.717738735299213
-0.813819138295139
-0.747310940117992
-0.88303409328085
-0.630933158507364
-0.675637692090926
-0.522961873204204
-0.674864642362188
-0.72107617702467
-0.701907889011672
-0.721880493644618
-0.763505175821128
-0.695617525175203
-0.722367208216497
-0.520030801883878
-0.696801866987684
-0.640891566051837
-0.680320174952869
-0.762688987697798
-0.702738260853875
-0.539347441413824
-0.70182565378939
-0.799663185406978
-0.728345909524363
-0.827864289639066
-0.838037703564345
-0.803461097256505
-0.62324028922133
-0.518289874880317
-0.837976524929128
-0.688015899753006
-0.723831619686091
-0.747832078946709
-0.580725691822318
-0.697100025607642
-0.566364064579461
-0.664615791121185
-0.648698633460636
-0.617740375702162
-0.559983151449687
-0.703614855816915
-0.6959861462957
-0.686434185439418
-0.565945513534998
-0.500090977032611
-0.722970529316356
-0.569226305760047
-0.675975321628435
-0.711549962768352
-0.688139847422155
-0.599855992392215
-0.68730607076279
-0.656352335275014
-0.612488383516105
-0.594019430288715
-0.67450641149199
-0.637126714567946
-0.741039313558014
-0.687435313994735
-0.594924872824298
-0.644927423989443
-0.631336494332024
-0.60746128629689
-0.6398458596654
-0.650577688309755
-0.592906234537268
-0.647454898472302
-0.526310746578412
-0.4364384330781
-0.432758064422192
-0.643536161761844
-0.616577534977206
-0.675342126232262
-0.579364283358004
-0.675853168574225
-0.561218692950762
-0.657871205812611
-0.580351110669128
-0.700466269854295
-0.499708486474202
-0.563173821584033
-0.606137165914347
-0.501459029140415
-0.574411121705501
-0.589425162531862
-0.583843833389801
-0.516983070441437
-0.661827106400619
-0.526966458620266
-0.488224882554201
-0.459317801062324
-0.403436184915677
-0.566808062857119
-0.619180159277186
-0.505484319422696
-0.725168534856975
-0.506359274341167
-0.584315689128723
-0.525666363908626
-0.379567817285179
-0.534936870401433
-0.492549096547985
-0.485551086579625
-0.536603554980798
-0.535030193697749
-0.658170204262594
-0.611928366440895
-0.54000311870756
-0.468330672744677
-0.71331401014295
-0.498034066891183
-0.596691603506076
-0.554932878068341
-0.440502761275833
-0.53088086136166
-0.409357597864714
-0.404189826199728
-0.472886642346562
-0.628261548694229
-0.523434640127383
-0.402270864513981
-0.518085921286425
-0.534172915666971
-0.522933444086637
-0.45825717402068
-0.49400851131054
-0.480876484195479
-0.632384100424703
-0.618153540345284
-0.480147459167588
-0.473080765086026
-0.454270452976132
-0.509286364677398
-0.689767731957722
-0.440905734718416
-0.467634900173992
-0.386648075233414
-0.374271350578142
-0.401069393571991
-0.556717309160224
-0.416150504196097
-0.296122769994592
-0.530613729905701
-0.31411647087425
-0.492625869476733
-0.398128666561799
-0.554256085243873
-0.476719099267458
-0.452919238953687
-0.463884526567682
-0.48269372686072
-0.550343378150867
-0.287162950675254
-0.528419836409879
-0.459229817780508
-0.284667125249269
-0.468754416961596
-0.407426200970685
-0.510347516292175
-0.362957632272206
-0.361146292217744
-0.318286183833834
-0.420613183471062
-0.459511029907143
-0.353860323479786
-0.253072634026281
-0.320098719236702
-0.437451640751328
-0.376128417391094
-0.41567691628625
-0.44456059828145
-0.496134848423136
-0.446350935057909
-0.455261745763774
-0.418662458586994
-0.309919469193245
-0.567196301102191
-0.285629215527757
-0.377249461789877
-0.448144021210776
-0.385619048890203
-0.388175859177679
-0.404895453964591
-0.388418615508022
-0.417896979139841
-0.334994490287761
-0.338802601186646
-0.349905180180233
-0.211341809285266
-0.333654828987741
-0.510157567832271
-0.41440027477087
-0.380493413897794
-0.32839912810322
-0.297388485101019
-0.422594060662195
-0.331130299140238
-0.390785135524387
-0.33111969762002
-0.186771923337924
-0.089190921431716
-0.287322842279064
-0.397575194188911
-0.243127149365871
-0.282682251833459
-0.401831132445571
-0.424354068826536
-0.277769259394894
-0.20404091340449
-0.268669635622098
-0.475599119882728
-0.311239705475877
-0.268436176757922
-0.211005795903687
-0.358355014586983
-0.265145793033394
-0.345675730580014
-0.364273007580849
-0.293416420454685
-0.388351387082304
-0.328767297073574
-0.155795284159793
-0.366481652257389
-0.235688469471342
-0.322675183625077
-0.38166818643397
-0.199630715844163
-0.249801529186937
-0.378362172981037
-0.142269331741401
-0.249743108465713
-0.203943473212889
-0.37085076638714
-0.208783895498364
-0.218232689630537
-0.233411891815955
-0.111518591497906
-0.3177178235779
-0.157664234725701
-0.318009269917104
-0.210426306075314
-0.278359401332972
-0.355588547019952
-0.271104144892704
-0.210410346634821
-0.0468054881668701
-0.290617938049021
-0.242207672385072
-0.249389478218417
-0.297715778488877
-0.274144948777146
-0.168241369566666
-0.110559307680916
-0.299682000440006
-0.163416138790416
-0.176420209154147
-0.28844130900277
-0.226086033259704
-0.245568496815667
-0.157960205715001
-0.237533958049296
-0.259075730446313
-0.227560673790261
-0.303571003231232
-0.254606496548155
-0.339578669296111
-0.00684907964407252
-0.0873504330255552
-0.273827865695202
-0.133540616786682
-0.0665234667690662
-0.170362143139469
-0.237960088767045
-0.131452260527603
-0.193323192848929
-0.156161542731299
-0.0694899153887186
0.0125708625341185
-0.183315575390187
-0.143679344799875
-0.221800913508995
-0.174019877841643
-0.110823188244705
-0.234991757752572
-0.00439839409623369
-0.356984692439033
-0.179967628139355
-0.341311682468486
-0.128478759786626
-0.231683352980019
-0.186235444743712
-0.115000895485341
-0.0932538881076217
-0.222474881600378
-0.0645183958686905
-0.090837597989657
-0.141844840355595
-0.274875198171308
-0.100170276952945
-0.288686527116367
-0.182728433988954
-0.105255803224223
-0.176761457758602
-0.0685921634846326
-0.282691688866179
-0.154033254336307
0.00762097089812738
-0.220566568099997
-0.143952635398177
-0.243374526524873
-0.010517603981681
-0.0897369218095172
0.069409370967153
-0.0423168765950948
-0.130222834707128
-0.145639996149685
0.00176586767156679
-0.187445745745568
-0.0460578205928944
-0.162732895991654
-0.122516849933267
-0.0548931483139864
-0.0798760652957002
-0.134736449131889
0.00417939483515727
-0.141715283731654
-0.160292084110853
-0.0442375325654815
-0.112976672567151
0.00907252332004556
-0.149743816041209
-0.121350291377856
-0.12559342940492
0.0339875964178357
-0.00737722853779994
-0.0185083424349268
-0.100861280433197
-0.108773236074378
-0.0994694316686246
-0.101507694383791
-0.0995685844816705
0.10393031716564
-0.00801260846607831
-0.0281006946335562
0.0852187616578156
-0.141212562690753
-0.108273151050098
0.0115958511791655
-0.0776363405651614
-0.00431713637700511
-0.0141998664412385
-0.0100406487164908
-0.0856797252475091
-0.0908379458176594
0.0390590555698417
0.0374100276868551
0.0231084095695234
-0.0652493087784007
-0.107273554370139
-0.0204622651305292
-0.0273733519562672
-0.032725646130133
0.0807566329028716
0.00226363383073244
0.0484076561584339
-0.168267529261311
0.00110951309616828
-0.0888411189085701
-0.0853100874717501
-0.101237157320832
0.110381628308768
0.0421289742325665
-0.0233102968431667
-0.039159666183745
0.13485395320163
0.0748980268895916
0.0885373850844288
0.0676643277962932
0.00636550928815872
0.071640968789405
-0.0642085002361764
-0.13505380553629
0.0979535786568121
0.0749090526298922
0.0046921354408615
-0.0393282312506277
-0.00939474511680513
0.0379908202385345
0.0203413989519167
0.0787675062524108
0.00374296418980854
-0.0130625454990081
0.0170421281988697
0.0235494409015269
0.100702459576527
0.14209659214037
0.133210640094838
0.0351883539125268
-0.00496980295548977
0.039560200901479
0.101658705218373
0.187629976593879
0.0916210578543529
0.106288869870453
0.0376087011010719
0.0687842193034272
0.087784308610103
0.0908342119746951
0.0888072836814068
0.159385950172311
-0.0334974430708827
0.107304576616339
0.144856525830862
0.0606241128997178
0.191030615902469
0.18830970215309
0.0818353223225804
-0.000447381449548315
0.170387834372633
0.19531524513929
0.0984789909574743
0.134956889536218
0.306048478635791
0.252464218520033
0.0534640439352243
0.0117916237635559
-0.0278893803942089
0.100169903793899
0.100157671189386
0.114513050539108
0.144020614512944
0.0492605458812257
0.061313746391019
0.177863089625115
0.268395173605285
0.118502719330176
0.285278340680898
0.166234669145114
0.108205647347783
0.24466797524455
0.153638889062535
0.048796635374888
0.298642863010938
0.23828531753469
0.076336503252029
0.188385195168183
0.261668264458649
0.249212091478831
0.144607335647138
0.17242828202841
0.225972106049159
0.138706466890707
0.111911897968642
0.103072186952925
0.336177607015061
0.258029064887698
0.0609162380519999
0.201991349909936
0.22650018544397
0.259306922010459
0.226221089367566
0.128600028313224
0.200467273212158
0.199282621977959
0.308412872510626
0.269149551869613
0.273444345987354
0.149704069631387
0.272602731788942
0.157256733527016
0.179450398178419
0.246148225138617
0.218728746605836
0.292097093396679
0.258177695980414
0.233380440788441
0.177691897065906
0.23041227440805
0.214355283576092
0.224530366073169
0.039629864554752
0.296468690356871
0.350275550353931
0.275299683941582
0.151522277442004
0.221617043031832
0.306649407875602
0.321366422761912
0.315010267079442
0.123171169275937
0.182496899967167
0.185102640952249
0.218818197067236
0.205508514845473
0.231663597981206
0.26801896090632
0.194975047154552
0.174765242959301
0.234133323163451
0.31941393115285
0.164443571706987
0.230937128995028
0.322937448551949
0.279925306894407
0.202197407374251
0.206944312747164
0.260175593020628
0.375343175253329
0.276713526725996
0.38794119977195
0.278188656875826
0.403684001013735
0.271109748203813
0.411374741476637
0.375123942279842
0.411167498964883
0.173331697163771
0.350617795746762
0.125982554046861
0.368858881570968
0.367267472372606
0.26723261324255
0.334307604085878
0.303299415696879
0.280078281501019
0.308900734988229
0.30446370638574
0.392407606928196
0.291120008500465
0.258844934597533
0.403806351082148
0.282847556701454
0.315726973936989
0.359625230554147
0.106244510918296
0.45133331956661
0.364338125401308
0.407869774035856
0.310116781936655
0.448262798807201
0.230612011909103
0.350406164058707
0.431959524849857
0.284413241929956
0.236348465230985
0.311158352972523
0.286530169451664
0.365518124489802
0.32098472892925
0.40541052791845
0.468811024660297
0.456838249489768
0.460401446599923
0.405648605744507
0.322926509094579
0.322770418011449
0.389860455005566
0.302421768156366
0.52123328077751
0.33736983319346
0.489753187182303
0.539760515290782
0.509053624499509
0.325345272764395
0.517958356219576
0.309517159324854
0.254753606277838
0.326031961421954
0.488594252039602
0.395409864330805
0.308207131442387
0.56183069043361
0.358217173299308
0.414651306820054
0.358621572635881
0.357812973859784
0.253811687210204
0.395712928966082
0.374551800817062
0.324725230273983
0.566369931864861
0.479743617873701
0.379967513461237
0.427446711677458
0.382715625292978
0.458890639430222
0.455986561105393
0.544967199360728
0.503148246025812
0.489420352854528
0.487722597736837
0.567131739730845
0.547821430269462
0.462447257139083
0.634262207952193
0.549772565387394
0.358942228415673
0.371622293089834
0.397050807519463
0.329261428497604
0.494340380688575
0.504608901782679
0.532574863933184
0.49304781041546
0.544642909733234
0.406570833585198
0.399380609881319
0.427338232941394
0.455040596814316
0.575552304574858
0.642073120515064
0.426626782056956
0.605801822993582
0.393494166014492
0.532622684494619
0.482510281195595
0.537886680410539
0.50365672755487
0.443939284178842
0.586097421801959
0.474740905699295
0.592770928995669
0.417595865402989
0.45144890480775
0.529336500073036
0.551555129089998
0.490004722291725
0.538836115982013
0.511459009005756
0.505975958303288
0.276818394502767
0.455481679516563
0.566387233876944
0.391370908001834
0.454433718279592
0.400965797724952
0.594053712268247
0.576254987655728
0.561245366287622
0.49479839214466
0.518622561536081
0.659185800119423
0.473695254920865
0.599710658337305
0.491949098913859
0.562505230200263
0.485165501743459
0.476743355930878
0.528930549469845
0.548854549335632
0.518092611986064
0.573099763719307
0.66290113281477
0.714026783910969
0.595347122284376
0.6046268702183
0.604335155100863
0.663848651912791
0.552027190642806
0.545645944070714
0.634878433217818
0.530733898463121
0.60749301339573
0.733042159880421
0.631463966762336
0.550748086115828
0.642674114805746
0.689614921478112
0.638701888672379
0.472436255156103
0.646490549110716
0.511169595488734
0.663462394491524
0.596085711403741
0.630027063582848
0.726528195358308
0.475943463582812
0.63421702175522
0.569990559240676
0.610559815655341
0.568915224734352
0.805587015462538
0.593255802118159
0.562611244618887
0.59072558254821
0.814837365524689
0.633879117135136
0.572175734940108
0.635528492800958
0.729317463762468
0.604119920873578
0.565913208828119
0.635084840438895
0.657540108213508
0.788916840084168
0.776865844780839
0.664569242863337
0.902564512528275
0.726165529002028
0.563394207710817
0.624820705508627
0.776587914275962
0.742052284565159
0.693094625786162
0.641028373821643
0.649221696253408
0.731098872245997
0.79320447921484
0.961431726822058
0.827609922503667
0.660157785957983
0.712630269328538
0.709903248434492
0.718555692896734
0.706186215894093
0.705089399883832
0.65162431232451
0.697655225745947
0.571163223620845
0.722366488988288
0.658419149866542
0.787947407350461
0.778766469842533
0.679938986961528
0.612833861053032
0.754511500757782
0.88620053894305
0.831553870229534
0.567762718781036
0.642602506077936
0.740458867672623
0.654280572386831
0.662222712813424
0.630209740504872
0.740669694369012
0.612253337717557
0.826930016879853
0.664267494955214
0.807971395610905
0.764369970849598
0.712181938630622
0.80612284086585
0.790526119556037
0.530421878559799
0.561448011522012
0.649384842236147
0.656881187808191
0.875838108906412
0.775518998908416
0.899737366938884
0.824959072214772
0.766585329550913
0.795539056733266
0.871379329250142
0.845630026669892
0.72644386252024
0.787456311637052
0.702982002173807
0.938747370820093
0.768152138330268
0.862010712630662
0.882622858873884
0.780839942501013
0.906696608808341
0.839764985379342
0.850043664667215
0.819256755714517
0.861944345228518
0.80665667721079
0.968677750550387
0.675681061911796
0.777110096005783
0.796388975032618
0.877167241690213
0.941390848678212
0.881994649111125
0.860669712098195
0.897627509910296
0.683866073009045
0.795888419774378
0.877707958912952
0.762917305618909
0.700288786838543
0.979102667366242
0.905301494130295
0.745127148582804
0.976588775446291
0.759957388228217
0.93628365701665
1.03875456488417
0.845415195583536
0.926803033886903
0.619076170416929
0.903321326186165
1.02974531084308
0.804704704528824
0.831128092745012
0.866351627271361
0.917763375868577
0.826268246865728
0.879448379213323
0.942958666384269
0.934623059216273
0.902346419567332
0.953879767365056
0.763270838588245
0.877320615280418
0.986559546181908
0.922088211935204
0.839102088295299
0.81135714162727
0.899895394995887
0.847691829720835
1.03943689686863
0.937229956608298
0.949883244593303
0.940024919219894
0.87058680167778
0.817458672016546
0.923797239142413
0.969415334973741
0.8498185845125
0.921263113294714
0.903660349436535
1.06934059654881
0.832526274025338
0.845187562654188
0.939288731138561
0.939442355420244
0.72006666054157
0.97006942048643
0.847495149625461
0.880461804894179
0.88697879664816
0.993123021925217
1.00731868625519
0.990509315248335
0.863583044657231
0.909789372977221
0.983476815181485
0.7855103489786
1.02286398755364
0.928580698019452
1.00547034753039
0.896510300410232
0.83038403387626
0.866087606730699
0.966567619637295
0.97087200477345
0.850892859595448
1.16675000785613
1.0943369218539
0.946646401315844
1.05868175296156
1.05517401336101
0.860663336567312
0.940516962635851
1.13278066995701
1.16780520817083
0.986694014730759
1.00571296441325
1.11270617227274
0.994457802073916
