-0.984705990594247
-0.882663514210206
-0.888847988396477
-0.909133597089933
-0.777393061669068
-0.976039719121637
-0.972760685035805
-0.973268109345427
-0.96579797614223
-0.93487324449786
-0.856837544777074
-0.900561286656944
-0.896742403242367
-1.07191538393558
-0.936094214672407
-0.921580152796577
-1.03760330409401
-0.923741928000047
-0.866146590102727
-1.09414505096638
-0.942839601950646
-0.952276927910306
-0.801606983954886
-0.924722288253221
-0.903521003449461
-1.01562152140814
-0.907666511220884
-0.9113513276231
-0.901139825381084
-0.89077359981104
-0.973983595474584
-1.15323077215869
-1.01217795643183
-0.948952496422646
-0.984095790097929
-0.999177877883968
-0.911093952227707
-0.870698649673384
-1.08420125776074
-0.907099261135453
-0.982811523508971
-0.816895994178875
-0.849827810071827
-0.896076219336017
-0.830941397519532
-0.968494755236097
-0.990331208817474
-1.04178815036903
-0.913053873062061
-0.834778164714751
-0.912232258633186
-0.940437078782574
-1.03349974170376
-0.931144127566432
-0.70434690028147
-0.790812305849123
-1.01444832626262
-0.854624560077966
-0.925643735563763
-0.788125664075309
-0.803090760709274
-0.942602683956948
-0.694033514903994
-1.00646516810088
-0.992544680376554
-0.806984569427134
-0.785227426109135
-0.860881522162384
-0.862361588599534
-0.845014202221595
-0.820752695968996
-1.06747525348268
-0.959343095310778
-0.844054810471307
-0.884870423804517
-0.772067437639279
-1.03231497768975
-0.756847124645783
-0.782858472290097
-0.753416089701685
-0.799266595284126
-0.956811468015512
-0.747897035414508
-0.790806467965421
-0.891102870738821
-0.863043013717137
-0.672989531380942
-0.826787834867293
-0.790250400818874
-0.773598556750663
-0.965427476256736
-0.597765572778654
-0.793112875107552
-0.841028602541622
-0.685665585787987
-0.833002670613689
-0.862337744369055
-0.889765740221214
-0.87232751632516
-0.592509893367423
-0.873214564454862
-0.741265706637899
-0.696904553227475
-0.752593124523997
-0.994128873390922
-0.916807599652351
-0.788717999120927
-0.678183406182236
-0.732101127487343
-0.904951477275303
-0.608744740296878
-0.690224439769555
-0.778128929874756
-0.787970523002736
-0.805367501386469
-0.750509917976505
-0.748642028895975
-0.734033210815079
-0.834945875333678
-0.861072045062934
-0.730869765377111
-0.776212993416947
-0.797273293589205
-0.953579067940181
-0.778127319762978
-0.812302454195946
-0.771714942827077
-0.760913583386041
-0.653297545726543
-0.813503595432437
-0.774181002763034
-0.621213855279867
-0.959408995816315
-0.724182513215562
-0.745298618750453
-0.821497489708448
-0.555076805967735
-0.653696527051177
-0.810570825454613
-0.703663611571275
-0.765448613112695
-0.717501152337538
-0.709395364358706
-0.734367587627958
-0.713433856400584
-0.73476349609004
-0.492263888810606
-0.712795229022253
-0.763811711479359
-0.669424243458774
-0.659089039824164
-0.565846895656679
-0.697162702070033
-0.862720074961118
-0.602219866174422
-0.64249001378622
-0.586229284348808
-0.639973438171009
-0.797728972149759
-0.732497157231517
-0.78980708857872
-0.632398751804277
-0.569336345517441
-0.593032927061823
-0.66948595449599
-0.686980065599325
-0.712265276703828
-0.685940618701273
-0.619863646834953
-0.637954655748974
-0.535646199557573
-0.643006493214156
-0.631038816898786
-0.663753634445466
-0.636938134421238
-0.748173867694361
-0.514441629190957
-0.604441625955779
-0.674332313134147
-0.52620968392541
-0.672320966833596
-0.658865912752143
-0.632501181958892
-0.687861688289645
-0.548450025175826
-0.674831632691245
-0.738206800891374
-0.417972820250235
-0.523954989663439
-0.55631861020619
-0.623407562213019
-0.662146554262519
-0.636521141081772
-0.634544211508621
-0.558567297919607
-0.70533120582536
-0.675404090135143
-0.631358974380247
-0.636673977333587
-0.691023265265838
-0.647501297283743
-0.557197853566243
-0.605889784744382
-0.439897954990833
-0.664362767107377
-0.607718533457111
-0.549700278162687
-0.668496585620271
-0.571298671575524
-0.533199860095227
-0.473296998440462
-0.404679203560406
-0.453567378140462
-0.526687507701577
-0.567359472266714
-0.727420614513031
-0.474857841424843
-0.497281673971635
-0.484008287646444
-0.66154849797508
-0.703483895680998
-0.494195820658694
-0.613038563545831
-0.560686943308426
-0.530269396224048
-0.554578314215149
-0.531967757476392
-0.629112874797205
-0.610811969901266
-0.553037542026516
-0.382341058855361
-0.502709481281494
-0.396475787439168
-0.564545163255855
-0.534265110994425
-0.547275874915133
-0.383826860900206
-0.711987283853273
-0.661907749614913
-0.525369652123336
-0.599011508439699
-0.550598739650674
-0.509308444153047
-0.462325775599172
-0.492405030858352
-0.552024157698445
-0.375483214328494
-0.507367875055711
-0.441883425000024
-0.344294544976297
-0.571950651575394
-0.429585572048593
-0.467452589729806
-0.431329510583803
-0.58756212079428
-0.506359436813966
-0.57157572217334
-0.474578054714918
-0.653970838970811
-0.588123357266281
-0.420738211569247
-0.445234039280281
-0.552752376167917
-0.418166839146672
-0.420978520376328
-0.529607608327796
-0.529318788609952
-0.384443985014251
-0.666890004220171
-0.512073203461276
-0.492195021862218
-0.435785318080634
-0.422747973042292
-0.416423840157036
-0.38972821101745
-0.413345970274526
-0.509845234852056
-0.432855806456756
-0.523151464773508
-0.640925571407642
-0.398628943276495
-0.482882356190192
-0.432417566751169
-0.37907568483841
-0.460615194899746
-0.522759956424665
-0.470990451733213
-0.443824075195842
-0.46592573303384
-0.58134540710668
-0.362645913787454
-0.414949889493332
-0.485083024211538
-0.445934387993559
-0.472146331132561
-0.337371178641867
-0.577857543572155
-0.239581531839548
-0.375568901829551
-0.473913289390488
-0.401037433565533
-0.432624807641754
-0.535895304685158
-0.347638321483988
-0.409159802598929
-0.436700506977216
-0.302344193323953
-0.559903157425264
-0.406810499081056
-0.438231399266743
-0.362878541233677
-0.421517337995744
-0.443397468371988
-0.344115529094609
-0.369765825699368
-0.386570843268382
-0.437434751218499
-0.404264834362436
-0.400755369210255
-0.360162013208229
-0.379486621597523
-0.414675511021881
-0.321893942250888
-0.370329905701838
-0.388917549625451
-0.58570424323838
-0.36621360312467
-0.267627894311228
-0.375994867422306
-0.325946253585046
-0.391788446531862
-0.387396655838515
-0.409731627230725
-0.44963854438947
-0.459734067595818
-0.441990326785193
-0.30473056657181
-0.319544215967343
-0.415767988909339
-0.419822424112259
-0.286477111992736
-0.18682678851604
-0.533650760905665
-0.254288570420283
-0.316145663837827
-0.203610699660642
-0.157010378379134
-0.268099404663743
-0.305852237036793
-0.313752263034339
-0.363033589993532
-0.35526820116389
-0.323596775823553
-0.17075853080132
-0.39552855461415
-0.471622884784653
-0.352399407286817
-0.307396158495595
-0.349120547658296
-0.382930586480761
-0.153364688076401
-0.405267042146402
-0.349350667793706
-0.372731389448146
-0.196128699511217
-0.303873905943541
-0.266722777043101
-0.291522887368465
-0.355831400268
-0.301736533059453
-0.112648489107827
-0.273809758446629
-0.243948479189181
-0.294319004447129
-0.358939752510578
-0.259107481834379
-0.281786473034788
-0.297944771357494
-0.224929283773391
-0.324944577790965
-0.216599340274142
-0.0721794773883483
-0.0943609280993781
-0.150840685180088
-0.333279449223028
-0.225827474157776
-0.204192263224746
-0.192956954787237
-0.0851520607790227
-0.250446792016419
-0.212579091678131
-0.276723202371522
-0.219069165537128
-0.216106824384935
-0.23174264179726
-0.242259176611078
-0.232746648193456
-0.211187847754248
-0.237646604114889
-0.0817663175910978
-0.321118609990691
-0.250876289211661
-0.178876407757118
-0.207955885498182
-0.20426280243413
-0.189925892983076
-0.127270361952811
-0.415054366449121
-0.215214884757309
-0.160563761793946
-0.131033461786895
-0.153826596267025
-0.205309598845714
-0.175107606807905
-0.136531370667532
-0.122830854375672
-0.224157020713187
-0.220666807738985
-0.135157204811052
-0.222857730991829
-0.21716182271343
-0.0704598831288554
-0.111348552378546
-0.154337948653588
-0.111742503118003
-0.197792784939034
0.029954571205655
-0.244402348516781
-0.242732852833117
-0.13896760853742
-0.106568688141439
-0.191819710562735
-0.155958296852277
0.0819744112150847
-0.0637828825377657
-0.211815025472893
-0.197113558632975
-0.154266206870204
-0.053635845929276
-0.161443943197483
-0.155945988371895
-0.197015997762543
-0.0242782484816401
-0.0177256014812233
-0.00506748934554165
-0.165866656336597
0.010898106409857
0.00654776322202374
-0.0725337731727715
-0.15519473808149
-0.165992796985651
-0.122727554713128
-0.0289493518217957
-0.100744982739031
0.0570396127978752
-0.118388838163181
-0.119283562601912
-0.00339612315186425
-0.0471064495835277
-0.0796899612856249
-0.0259960159328308
-0.134617479848886
-0.209591764987666
-0.0718238327754121
-0.156704352904691
-0.0573144325004885
-0.0722921279418916
-0.22804963759356
-0.0615970235611834
-0.193904525512742
-0.0160890464762441
-0.0408958621469908
-0.0250919949758666
-0.142657328963297
-0.0447390015105661
0.0119921443208959
-0.102285582599979
-0.0176197193427001
0.102187989633139
0.00384097132596154
-0.0799616017746109
0.0351983700698214
-0.125281243095187
0.0220951274554487
-0.0292774744098293
0.119338474593323
-0.166134529594004
0.00108431659460264
-0.0663493529596629
-0.0406654584135643
0.040754858607894
0.0355379875262928
-0.0859440087008884
0.0236306753432199
0.0495194208369625
-0.103605874057532
0.12935835980937
-0.0611546800927432
0.0945236390492212
-0.0362027241715245
-0.0272707770603056
-0.0347205606858883
0.140866502025732
0.0407831526106094
0.0567889614904966
-0.202436610708054
-0.0347711579397209
0.0704830588640143
-0.02571232850846
-0.047930977045949
0.0928686842779302
0.0667941083476394
0.0705732471616847
0.120920124273148
-0.00584234488957742
0.113663776051786
-0.0197231168624972
-0.0267096754044924
0.133028662503736
0.0809202500146183
-0.0316592096477829
0.0466441265121948
0.174877204246874
0.100126171755428
0.038205614542874
0.136883184281305
0.0167404455057042
-0.021747196828884
0.0176554125180199
0.0588941279234266
0.0607630331492995
0.140049815949314
0.230089956162312
0.263426819106831
-0.0823232865217452
0.180891095586446
-0.0205972252219764
-0.00989290541095303
0.105561019239551
0.169307557885742
0.0177169377615767
0.216527078096674
0.0189959874147602
0.0303269332353611
-0.0705224105829423
0.163316712670785
0.183318548169279
0.139351593498618
0.0444526600830691
0.106580527407999
-0.0572238277157867
0.00334767140473396
0.0505364524845551
0.243719253279584
0.12305593086233
-0.0315083533653598
0.243137536307827
0.0807078754807323
0.0686200275212412
0.210912975068042
0.122283721804321
0.169836496317571
-0.0239359153487065
0.0314554559043802
0.0317631778946099
0.21025913146575
0.0836147932276941
0.200332987857752
0.000173631571453624
0.131151894035257
0.225534340670611
0.100871013482666
0.0874585482432211
0.240038358934427
0.237605699649654
0.105478307302264
0.147206817113549
0.114697163804626
0.0936505297565084
0.176607164721903
0.235422497145896
0.211913316287049
0.0821891320456614
0.133921736683188
0.0951196372161709
0.0966497618417967
0.17284439236886
0.278188429871564
0.21152360061413
0.178606939240016
0.0266278128540033
0.224854839016298
0.168808859838117
0.153921928113016
0.168361498182438
0.0812066884189324
0.216263865111721
0.220356960232761
0.312203601844266
0.278562134973461
0.273461291020882
0.156386737849054
0.149289028493046
0.162999762910399
0.120079753612271
0.301570467613608
0.180532179478778
0.309063588302631
0.330910799792102
0.398508694821946
0.141903458009809
0.196622516645093
0.247962407853781
0.227290059058356
0.0857572467174932
0.265315776395106
0.203308508410649
0.0714439184420744
0.280559196335715
0.115954141218151
0.133617465729701
0.26163427457795
0.256305481524474
0.28627318789519
0.409748125486625
0.107184180123576
0.31197917378727
0.286882281192449
0.193405058864774
0.113332692424432
0.201459876159267
0.254152276078359
0.240997637005328
0.321662622513842
0.210974931631095
0.287516088560696
0.395848167255528
0.265283117567383
0.149389181137692
0.202854990132454
0.184682653914928
0.305022522725095
0.262398965662228
0.347731106250366
0.229571028583508
0.309116098158895
0.295985626405713
0.114909232503958
0.254813612253088
0.315786718057815
0.350531497992212
0.172869401300122
0.276242499534096
0.271850753702426
0.468279280715724
0.366256570783157
0.377061977273135
0.528056573999695
0.364566090432591
0.314702716873261
0.2364918769199
0.370798787826846
0.469292324401311
0.274353344694167
0.16655748046175
0.383474880458764
0.409057136884458
0.358255400938774
0.302592255830504
0.22550380423726
0.252769682172721
0.363594242513465
0.333618687357952
0.26420757288625
0.32022170683811
0.501166804788884
0.471854161137574
0.274063337296673
0.285232751936242
0.31505259759339
0.243868093059168
0.364149758720584
0.253776537724252
0.460879299031132
0.364529571691608
0.356611837240551
0.425208959617557
0.431066370515509
0.414200436918182
0.475345006315624
0.52826947977194
0.446856334682866
0.310245763168535
0.377518240409343
0.380863064392536
0.445365173609641
0.337664099757497
0.220250443684966
0.302152689319086
0.42859680885467
0.367199075411296
0.428783057613807
0.442636696930707
0.436270475641558
0.356344837469691
0.454862551821158
0.264363894004822
0.443289549305531
0.385569487646392
0.617758403083621
0.566495335041877
0.411756672567823
0.276165191996543
0.340462336211417
0.470356299216859
0.414195125621821
0.400958410563507
0.41501268934957
0.473554427032053
0.593670308745707
0.467247311254617
0.540807001013758
0.438893960002362
0.298427474526378
0.527076876977252
0.518601220515713
0.465087327276831
0.422558630403486
0.302515685784311
0.30884020015419
0.392249835932201
0.497818690893111
0.432619500771479
0.434735929305679
0.344854173510499
0.382673199240237
0.471222596488163
0.544936905967891
0.500182766547877
0.30666354415228
0.490897205370439
0.366063913377133
0.370050822479698
0.389163744411206
0.527038437426443
0.58340583392642
0.280473751025961
0.406451273085067
0.527108314228528
0.550627496247475
0.481389623869373
0.527729549095204
0.417223507491579
0.462123475496695
0.610353330289903
0.370001883716762
0.661557330234358
0.507596607309456
0.372844661357512
0.461891542508749
0.620958536006925
0.57096051093816
0.549326692823451
0.497792894280699
0.4958500230798
0.614209861341222
0.547738031084985
0.636632106147506
0.585952991014381
0.596951079549908
0.487902794266969
0.512346051439137
0.492008817052798
0.505720932495526
0.786291737729964
0.606991240278937
0.491454922317804
0.394513236545893
0.531123542030766
0.65600412500276
0.525689992564938
0.66065092291492
0.46855879117997
0.589263119504052
0.736345836982852
0.598273116724789
0.600237286988719
0.667184870757522
0.628311603127355
0.544563657802763
0.754646918756445
0.488492728154247
0.634390394966245
0.515233611130745
0.576352567801476
0.57504563809808
0.668802693003944
0.634608313896811
0.615300450661566
0.568057716013841
0.609150764810891
0.500282683473625
0.586021580900121
0.721311444582333
0.59614900890731
0.609660227617733
0.572887129980049
0.511302664855711
0.6663251819072
0.577929109546007
0.792606979456136
0.641963955722266
0.483046942424355
0.61756764552522
0.593555959591446
0.718329835764366
0.563757556104105
0.698962391497182
0.655727766461572
0.781707890322192
0.660700700152271
0.712273984625868
0.641458008312693
0.728245473630846
0.637327749109742
0.543505195987511
0.739838830898802
0.594513641494943
0.682531014339166
0.791911049271479
0.759684039748964
0.739226950425762
0.722235842159867
0.631334565744143
0.509891762083438
0.707498090849335
0.605045741206016
0.604944427927429
0.815103759424423
0.700587491387891
0.530557583251861
0.545360957062557
0.795441157102516
0.53919385131783
0.700387634690728
0.621543697326732
0.862418044938869
0.751297805570755
0.691910520295438
0.719075776744777
0.700336654123983
0.74506078002716
0.85774171711396
0.644269342141628
0.732675359822536
0.867449285186269
0.873399217603099
0.705019456615259
0.784105957944936
0.79722809548938
0.680742871097716
0.805896958718009
0.707252827701544
0.676804564643809
0.717410432350197
0.812907541464431
0.79413773070465
0.665184245108634
0.762601332598119
0.70036558968432
0.694332437978306
0.684890265080629
0.693744760846986
0.864942614836163
0.832898026303775
0.714524747184547
0.7862114085508
0.784864940790006
0.713165809559065
0.792742150901182
0.81041713441466
0.763763344444635
0.87603656277098
0.829273758126178
0.858240635146336
0.850795952625909
0.684358523597751
0.805600417227024
0.80341206646143
0.733586019517098
0.881178623100513
0.73780947118739
0.881994494811536
0.854442931203744
0.955795482495064
0.87768134621683
0.851019995945914
0.732596419911652
0.734889722384653
0.755069541264482
0.842309423796699
0.8555340335794
0.723961564333917
0.869660735961782
0.76894336185852
0.939884880105366
0.890656266887172
0.712044165744073
0.917630699559319
0.754293704910061
0.689312974200816
0.745955872115936
0.769173388683339
0.944672136883639
0.963770855820396
0.915313704113352
0.796342073476987
0.774882060043192
0.741418716967662
0.958479629258614
0.823317866979021
0.872437386687663
0.825432627215734
0.842430603337257
0.791058391100154
0.859969202346094
0.848536516108763
0.801969329671243
0.823990319318537
0.97309165491317
0.736104157076306
1.00230383843212
0.868178124049643
0.808123048149923
0.798691106321218
0.727503112722739
0.725102372788179
0.886501645112608
0.88649950201814
0.884357789715315
1.00315450783074
0.87249304938099
0.90209757785912
0.960596699706037
0.872123489152287
0.770332252186031
0.897170863678481
0.874259691375551
0.935633113306705
0.980474543935224
0.962592884218396
1.06275272476362
0.972834916334438
0.96959900499608
0.894785873205876
0.969982124330838
0.988415435288047
0.8885423833493
1.02698172532375
0.832562043640513
1.15344709004439
1.00046327995178
0.762598017929285
0.98223555178942
0.899930090076806
0.763006726146203
0.877215091880149
0.975207197252199
0.902527144524841
0.836650732540536
1.0375019705148
0.964417102318515
1.0165826754447
0.9327532156602
1.07571300801436
0.809203479148789
1.01194844945199
0.891448268590322
0.865385541212549
0.882319746550339
1.08550271017929
0.902737875284778
0.973941617263593
0.995116926023091
0.921096586841828
0.956193978872192
1.05697530273456
0.945024505135292
0.931350970551397
0.929353084606062
0.981915322241858
1.07193958300265
1.01465143132123
1.05533896553162
0.902763001471612
0.958500438787132
1.04581891120709
1.00559847373285
1.05016153174574
1.00638295869474
