-1.03950636180475
-0.976730885913555
-0.881742071141276
-0.94936104281021
-1.08979768487086
-0.901918741226718
-0.9050302541125
-1.07653568769997
-1.06002269231253
-0.89512364549584
-0.850875414722409
-1.12088498828109
-1.00787126369234
-1.04935323463148
-0.873579587382649
-0.978547508470284
-1.16349495812452
-0.971153062896204
-0.9368647191879
-0.837890798181095
-1.01037770349765
-0.86433405140056
-0.938085248592012
-1.03241909023324
-1.04559035630044
-1.12929699657656
-0.934348034508067
-1.13603709221029
-0.951967723994694
-0.862927528416621
-0.971817544353679
-1.05369045720453
-1.03938347345403
-0.866875000401063
-0.946611386042711
-0.99983429544249
-1.09133769987424
-0.920862525623718
-0.929187612090036
-0.928639187345529
-0.928640224188275
-0.876754345042737
-0.831861508282405
-0.866814591744036
-0.943873283543495
-0.953700770341608
-0.988268882660653
-0.906749707050143
-1.03153786292767
-1.0188441474424
-0.994636036671017
-0.870519477601799
-0.907988390816009
-0.875655595162596
-0.935691276397957
-0.878228883378928
-0.864473358308349
-0.983556776272279
-0.790514931932298
-0.907883137667871
-1.06227917590661
-1.0068532636809
-0.71874529038785
-0.870916804092382
-0.751690913977942
-0.817637061929687
-0.769311193076534
-0.756306463729187
-0.863054357818695
-0.93100647334726
-0.952765908098514
-0.883536645058778
-0.856589961450024
-0.859326315683837
-0.892361085526206
-1.03687075990538
-0.73881860183751
-0.846005098771869
-0.982468230941199
-0.69211141236317
-0.884436744592497
-0.791594746326009
-0.765460409631054
-0.79575045075504
-0.828311099247943
-0.863077058460644
-0.81554472423071
-0.824643007238165
-0.857229038021927
-0.819547344353172
-0.886938297286281
-0.86116692879339
-0.758342869384014
-0.740113565437413
-0.791607961197234
-0.849824719487482
-0.837615441203902
-0.747727300577886
-0.808428639399203
-0.867605763837118
-0.95058475011401
-0.736442364659869
-0.827980969384584
-0.950063529103005
-0.785965063035152
-0.845448159079752
-0.80516814205195
-0.736922016614353
-0.79319571964341
-0.899081520237667
-0.720680862040324
-0.703045103192681
-0.776133543896277
-0.785452574812182
-0.742222372933993
-0.678482552370253
-0.702097251110689
-0.848242606466141
-0.871018105201341
-0.779587263641533
-0.740449650980475
-0.666007739500919
-0.780982721249611
-0.696458413295084
-0.744377505759838
-0.587448137333145
-0.596943247495035
-0.788043463103863
-0.72195957945755
-0.775521155796047
-0.708579208580984
-0.713754438083955
-0.798708392688281
-0.744508387039005
-0.659956591801825
-0.827150934765626
-0.790932837125799
-0.808538393307064
-0.714083561477211
-0.671265169907713
-0.745463496698402
-0.853203447789601
-0.75863749548895
-0.80671567024938
-0.746852008897103
-0.803098702795846
-0.708722903570059
-0.658445693746517
-0.508542301941248
-0.715108552737993
-0.703819677975973
-0.701275872102849
-0.704507895730409
-0.629417682068055
-0.593262474649193
-0.626458833343947
-0.77460029892284
-0.732826415223951
-0.673421637772563
-0.763413800504803
-0.863027780084417
-0.493506466618535
-0.724952186946877
-0.763091485258072
-0.701549207320582
-0.644624111575918
-0.693471070001505
-0.648464510443339
-0.725547740091712
-0.664867571213711
-0.696324924519647
-0.591689832650528
-0.611995920676783
-0.639774850149685
-0.67981194712764
-0.54082060123366
-0.864562864068257
-0.699608533912984
-0.745478109731193
-0.661653816826475
-0.65978197337125
-0.639343855202671
-0.642221082775396
-0.688462639833807
-0.517177666856045
-0.728477874050893
-0.596732909375087
-0.464366081145208
-0.599911287853567
-0.573959786549339
-0.553709127466421
-0.65504413412692
-0.627601689169599
-0.645841509855161
-0.634073850493967
-0.685756773502883
-0.671340782994679
-0.668019322014367
-0.544986156550458
-0.580108103124857
-0.669798788607754
-0.61533221279191
-0.718754234685235
-0.567333913289378
-0.590211578181426
-0.618771706095013
-0.551263563228002
-0.63756651231596
-0.728669688308857
-0.732663374418114
-0.639717541959307
-0.659648734060216
-0.662052737365583
-0.442088606423605
-0.473383075910549
-0.650318016456943
-0.457657780310495
-0.612665833033344
-0.420533597120737
-0.705721921137331
-0.652160102382959
-0.558871198159184
-0.592076889146028
-0.468118112311867
-0.482843569269555
-0.610286157093542
-0.593778676026114
-0.498072454712829
-0.3459272062352
-0.560336694308821
-0.421411406728964
-0.506714948683103
-0.684091630513659
-0.427007779238435
-0.423926561186354
-0.53279930190592
-0.356991784148654
-0.736252892308779
-0.55402964273653
-0.64309768423692
-0.565466822873014
-0.50541680104406
-0.586161857803342
-0.387782642685475
-0.533880720855314
-0.521378603426352
-0.580908606204197
-0.475796140217299
-0.667915043310696
-0.654809786444581
-0.527597716591741
-0.498883247436289
-0.61715353403181
-0.441755982974381
-0.467011884261952
-0.53730990152319
-0.655203859561119
-0.448718108469471
-0.480097793760751
-0.463909378464997
-0.571871870773247
-0.453090137691397
-0.294498065249822
-0.653427695120741
-0.467737611003119
-0.563300293503955
-0.397829575550142
-0.516714583933985
-0.472402906948911
-0.567897971846018
-0.463883384976942
-0.304583679731551
-0.591296370589289
-0.553125657211405
-0.474820515135292
-0.561040157090958
-0.433905004962664
-0.559166351045352
-0.484268813578028
-0.471353217095437
-0.625318271937756
-0.52026355986936
-0.336660395884716
-0.469826500577233
-0.378547576774223
-0.411267918001772
-0.293864835804027
-0.616923167822132
-0.507800216968697
-0.396994548345061
-0.399459446839447
-0.4891497219812
-0.254324709389635
-0.357219224695301
-0.22205245705624
-0.435582308353925
-0.425922950385587
-0.460946960759736
-0.485105719907415
-0.316827924208917
-0.467904418746872
-0.258000291294832
-0.331977250530742
-0.439346991328014
-0.480205764093469
-0.362835281484755
-0.245702772213999
-0.383930018583869
-0.449145485860576
-0.466235721702889
-0.417753960756995
-0.360168778248827
-0.287526412077737
-0.408264134381301
-0.468599108780432
-0.282695243839493
-0.39288637990125
-0.356901209469489
-0.440468132725263
-0.338251503287108
-0.34618349340349
-0.421231761564573
-0.401860165899025
-0.47930218955784
-0.29589221597719
-0.303998285395681
-0.37378916489924
-0.517628914260433
-0.338494091139865
-0.167300482321538
-0.292383215561883
-0.22814471626277
-0.44366606436286
-0.286238351441753
-0.0353900095963773
-0.330876794661292
-0.338737298429905
-0.376778550187407
-0.286132268016736
-0.342115181911396
-0.294559358921843
-0.315955381632227
-0.12434330529508
-0.335432580634013
-0.175455777260517
-0.333038230934205
-0.385163342881384
-0.272911827826434
-0.300174117140757
-0.260329630971593
-0.308239678047009
-0.297427319162006
-0.273809027995912
-0.376848197153273
-0.18799936651276
-0.233983155411357
-0.318743604087907
-0.363335575379593
-0.354065383103096
-0.325371686489868
-0.298833229876264
-0.34404316830619
-0.45165905542451
-0.158114691156195
-0.273269431527962
-0.261051156059194
-0.219719756684457
-0.286704904673159
-0.205346978493392
-0.286731456119373
-0.172635929852403
-0.224210187034484
-0.266726785912508
-0.249526644626167
-0.239309316069906
-0.176758611448167
-0.271667267560806
-0.333102304993352
-0.188944434280481
-0.234565030692303
-0.328971287400032
-0.319168380280046
-0.125179730787343
-0.23957309240793
-0.137015134228017
-0.224587390248902
-0.196516604958077
-0.189699789864062
-0.263741088049017
-0.318972798226937
-0.263343772963311
-0.261379051143785
-0.226976438585393
-0.136830229106897
-0.176892881026154
-0.158483325525588
-0.285008754548121
-0.307735781962916
-0.177538821351673
-0.298247167002837
-0.112033490591651
-0.192200620016711
-0.256588873850447
-0.194123887510791
-0.140169576420012
-0.192246789034256
-0.203752719560502
-0.24691931912712
-0.285623357573364
-0.166717368733145
-0.405753030456221
-0.0455773203182712
-0.212936953303274
-0.266852998094018
-0.163840828554229
-0.023183684181725
-0.25421853177493
-0.15430174727876
-0.144828410433867
-0.225252222210557
-0.41747823526277
0.00162582742060713
-0.265336874839993
-0.162058283915311
-0.162631477632449
-0.144364654657788
-0.0857976835747791
-0.297131797840638
-0.162760014063898
-0.132606590479813
-0.110987155199692
-0.273046151326765
-0.152622692128854
0.026907329818485
-0.255239372326944
-0.208240102952601
-0.288912097165343
-0.112509573301073
-0.16237955025718
-0.137791652105628
-0.0679442320107745
-0.123484294398618
-0.110644987312152
-0.0378971114876178
-0.141147917798209
-0.00893400079271889
-0.071375186470072
-0.0433963098047637
-0.146001063807815
-0.156330724941576
-0.273033391671155
-0.133384859380864
-0.090304164964634
-0.130785631150083
-0.0400766580248104
-0.0734052639114917
-0.085881221989008
-0.0775921930481017
-0.109687331862416
-0.0980484096823821
-0.0786064415356162
0.152398646254898
-0.168730163373735
-0.129819035385814
-0.0479696609961038
-0.0836842942323871
-0.0340034148416544
0.017793762583655
-0.135594252710761
-0.0423865857538902
0.037296689703961
-0.250897384155769
0.0581372949957666
-0.0732112206298769
-0.0200222789350745
-0.0716766891623683
-0.135427158513197
-0.00821937622672524
-0.187140352243622
0.120068927935047
0.0550376166635392
-0.162344933629686
-0.0756676787140444
0.0451165879254174
-0.0968554924065993
0.0291273523738692
-0.000557295435627419
-0.163477893742835
-0.0505682299372621
-0.0422943978804776
-0.0333079587901994
0.0495154171253257
-0.119941503310674
0.0563392552296062
0.0522524330065718
-0.218390914979669
0.0248828846963728
-0.0763151183486628
0.0333844025347442
0.0498929271430337
0.0708902934034027
0.114137998155971
0.0663446443225532
-0.0255060528942724
0.0275770511408738
-0.0354197294687361
-0.0266286265111105
0.0568014416686379
-0.036797678193517
-0.0413129825107048
-0.0431121798064776
-0.00229809809465575
0.0942426826279789
-0.000241709836149367
0.0116316730876728
-0.00744612918367382
0.205510422236267
0.0208638953297475
-0.0134477567822801
0.0177017065564955
-0.124129166835766
0.0347263475660629
0.0249530218388954
0.0169279533381351
-0.0014490180234986
0.112018311933437
0.262177964428462
0.0751486722746162
0.0825550323687745
0.00817914892689246
0.225986204623885
0.105677860913739
0.0639179248624606
0.141409014087373
0.106046887067671
0.0644663037228558
0.136186137394498
0.0979765163562783
0.00633771228989632
-0.0431584118934725
-0.00919980277135363
0.0722198042149143
0.101044789133757
0.136596863741679
0.095165000377889
0.0637501725049353
0.19434417876435
-0.0412689028165682
0.0547585989837852
-0.0943074504802893
0.229472624001858
0.087516384751377
0.00137121680893437
0.161372151906926
0.169066077778989
-0.0574480192155872
-0.032876347272393
0.10415762951368
0.0781855455682022
0.1653864588205
0.0950182225533858
0.23207064016658
0.0580371697651943
0.0689660366691123
-0.00206385005083466
0.130775043106108
0.091445031960622
0.173547635660701
0.148113512073737
0.20099860961874
0.101155382475798
0.222790289005895
0.244009880777072
0.282767232688442
0.140934268945059
0.0395572827382759
0.275842442921751
0.233585793722109
0.0992052710685843
0.15694563476482
0.285728473895262
-0.0739399051459142
0.0251322753801946
0.171539559233086
0.1306496642221
0.183121818009902
0.0873603378186687
0.064695442407192
0.134473124967224
0.208095632199876
0.122294268083735
0.25716565188194
0.057050658917746
0.184392694576404
0.130902229300761
0.340330320038459
0.270916570539447
0.350852948782116
0.118136750287085
0.150072729791275
0.11376010254186
0.160952803197832
0.0913430509324444
0.256840900329536
0.146849860316705
0.367142809004493
0.192737130746275
0.295603186515467
0.245184469653629
0.238834878519804
0.258933323856531
0.422390205282194
0.0300916469131387
0.225072666465359
0.320912779050114
0.36378006157783
0.136220385245985
0.107877048354091
0.306192291008521
0.290683348166649
0.212269409303418
0.184218179686355
0.374859891587589
0.30097060521132
0.16248465320926
0.268513066115016
0.324209107646506
0.210988965009944
0.208242936228269
0.174270476768525
0.418755783050337
0.225901111241713
0.125633413892164
0.340216515461628
0.313704083541915
0.255129208502161
0.290290854243297
0.210225636129109
0.195856053396277
0.319012621663984
0.220969931782427
0.150042686628735
0.171698158115468
0.260655053593388
0.299723827303276
0.467463215439286
0.355505910027652
0.182393662725296
0.338991077202694
0.170461619266313
0.279961859923915
0.332402505043631
0.318064521248466
0.273679442889995
0.177463758046869
0.384471087747036
0.37449233718864
0.31622461540566
0.330991943506912
0.284913822122266
0.291586366676182
0.315343945589026
0.331199319975454
0.357404202587126
0.185274456251879
0.410444464195532
0.287404788449154
0.33215190890191
0.215393874558425
0.290906351353253
0.268871105206407
0.458218810281822
0.39678924504971
0.262171850993774
0.376743900551687
0.274430243687715
0.408305106731264
0.356948100128145
0.49497056839353
0.445719413571362
0.290359402927693
0.256896364389708
0.317335863326889
0.476238479152801
0.474291973273829
0.383432572457229
0.147473035305157
0.480458885676565
0.304659892066772
0.390822205711757
0.307908882411482
0.419205930468337
0.297901371804201
0.429670747418734
0.359268460221673
0.413325892830002
0.399393007061101
0.45751209040397
0.51493875002269
0.333493754794177
0.413582614618783
0.48923120889878
0.424777306944257
0.480863171377999
0.47443068240026
0.541976838266946
0.349209971273446
0.315318610408782
0.321770825825584
0.44789190870479
0.435792873130788
0.418594502785201
0.41859769246637
0.43993023894123
0.304835260469861
0.385283523522723
0.448286116848181
0.412592751166616
0.349767895565334
0.563132879660979
0.439120021468803
0.341095412670875
0.493371249941041
0.557036029794926
0.471789073322302
0.368178495464356
0.471995254194761
0.444899240783147
0.592790294219586
0.555950106641108
0.464279117430936
0.380962522144838
0.483602169918549
0.409689804609067
0.347473125487811
0.429245627780832
0.42575352469698
0.649851372900461
0.230051114738639
0.407208801623332
0.525811799506207
0.406957752925931
0.385015345836339
0.43800751431412
0.432666554722429
0.418503589182072
0.619894910133916
0.535958201109685
0.426538496804379
0.536662450755434
0.492226873381135
0.404602916927061
0.616930445612626
0.482262943443712
0.428520852719781
0.663001935817548
0.610425565935701
0.556072098873171
0.449941863625465
0.552335899347969
0.582418137431565
0.527186984109678
0.467343761673903
0.570707786640265
0.462263104931951
0.381828998550187
0.559951989274574
0.497012963599108
0.431474699773617
0.634870659476307
0.377370218192159
0.568930471189289
0.507577922182062
0.584788619198227
0.541134428354651
0.524216788478704
0.488934359319746
0.365182034740096
0.610202960283665
0.668744803875784
0.6201319849673
0.561092206540418
0.645451387247742
0.507603856720737
0.583102049467524
0.600836583317772
0.511228080393096
0.554264485108631
0.587349219193825
0.743882647283059
0.648492535678314
0.621426675657546
0.607770191001942
0.528586052633419
0.780216817083693
0.565740403019284
0.51713192249877
0.361428946251297
0.604692191080293
0.630864820461755
0.568638388876484
0.559966475020451
0.585855793580101
0.619082548064916
0.677155259960373
0.605051472580879
0.549998007659607
0.688708114766202
0.654896912876225
0.425654875379558
0.745730942313647
0.709493297009718
0.645107649126422
0.466554919961046
0.670643214369044
0.715847204028607
0.46585305087313
0.5133417423745
0.528440201181503
0.773208605133005
0.810410203451002
0.685733835267747
0.650879677798358
0.535695680603316
0.658772159523049
0.577752866719136
0.687586918012096
0.50909435743298
0.722573592040398
0.622466439351539
0.624434239359591
0.843205718352831
0.82526282383774
0.741268378224371
0.715679491935347
0.544690840526368
0.713000705061783
0.741733913127916
0.670264082977612
0.625764619285903
0.518546764874162
0.576672315678832
0.782859442744039
0.702320338801751
0.625073584046315
0.653691604045612
0.655904941940968
0.724000278784233
0.58227867864591
0.73830641100711
0.704574834004195
0.798186403881034
0.661937289683761
0.723559017008092
0.789295821190367
0.833059333846802
0.640132920405372
0.804830623614266
0.654148853385039
0.776484435131514
0.782358395342507
0.703861102390698
0.666620020818245
0.707810319775309
0.779794761814678
0.685960273311472
0.774369537299997
0.62480361432542
0.853993560962236
0.694221207539503
0.653743928565267
0.715706178417178
0.606373189899019
0.785396163261268
0.568134789769381
0.700434559836952
0.889789417234979
0.719078449645354
0.760254400292362
0.661960880483178
0.773632749841288
0.726715007553769
0.705554363888563
0.804151994893338
0.797953621939869
0.77495420519839
0.638706963960809
0.808609705805152
0.787416675025405
0.685862142550785
0.715884949510874
0.790281739913455
0.808572247884449
0.852384973973934
0.733695552652988
0.881661640511207
0.801292840842088
0.89300104757502
0.559648701031272
0.77427572339905
0.880479850120725
0.685114418930085
0.788973699984064
0.751661992124031
0.876755004485592
0.816854860457836
0.771057967211919
0.895267497227073
0.818158074721503
0.781072435614585
0.765196643305736
0.883562349655705
0.816064814029071
0.864006551669504
0.843830434184172
0.834537103473568
0.840602855146022
0.905640226879794
0.747874008935179
0.773315759767505
0.769568800026612
0.731330191355756
1.00881892286743
0.891746823003476
0.841943418601022
0.921098362179523
0.960611464260804
0.754352459097365
0.833687801471194
0.908344175101788
0.904112168057139
0.745888029349841
0.857671679103286
0.981999421558232
0.983967807322401
0.777704572382491
0.898999690361667
0.940389236130508
0.924660492982443
0.889617886855743
0.901349846062401
0.785418774799329
0.961328099960196
0.962915304713773
0.931530656271066
0.825783788172894
0.793047294000172
1.03603925792629
0.830286742146562
0.79086105146406
0.990578363433875
0.761712869530266
0.847049690370805
0.9186569222789
1.09074541057817
0.947875035376809
0.945750477839152
1.01567072423522
0.926653167514867
0.91701552852318
0.939507951867664
0.87745914524162
0.984465735741445
1.03861468463296
0.942419834244205
0.876942606632801
0.98693911419537
0.928430779885539
0.906652960513814
0.901107963287141
0.862725602279717
0.920563447600732
0.866064066003302
1.13250167549214
0.987492068150895
0.862790166014203
0.944267873385977
0.966445348473025
0.906111830443274
0.997450922312181
0.892193815041529
0.938114240375078
1.07210650709941
0.950978224595099
0.929293150507968
0.958142885311434
0.86709285319138
1.01389852456213
0.970160642009329
0.981834964253535
0.893735835765435
1.02137991714389
1.0289259155235
0.947681403825705
1.00664148258486
0.919966443278219
1.02608240490296
0.879895616276132
1.06584580379477
0.816579065586018
