-1.09102073160079
-1.01288456795552
-1.0802973044556
-1.04328791216695
-1.12503167506314
-0.874334751344609
-0.813435406841959
-1.08392044314244
-1.02396803244011
-1.0657021548895
-0.985592427479065
-0.959817180605712
-1.09532476574842
-1.08422550182994
-1.06397883644327
-1.01411108417548
-0.831373647545249
-0.970520442118001
-0.881101728208328
-0.89287116572525
-0.954174526386617
-0.962749101710696
-0.870733557767575
-0.877917962567398
-0.908399462537736
-1.07182593895875
-0.93581166656824
-0.940661494324097
-0.718387498892169
-0.868320575988756
-0.960553089950275
-0.793036727538916
-0.873197667340677
-0.968483154546671
-1.00052144787528
-0.885003500852298
-0.866719163001154
-0.843728590927638
-0.976613890880127
-0.826898188191398
-0.851158563555767
-0.989558414534226
-0.928816228959057
-0.90501976898345
-0.918414657922742
-0.814562669313451
-0.897345837642615
-0.934885652899912
-0.861352151163754
-1.01568121034698
-0.733500710524265
-0.942888053474775
-0.900524679591481
-0.816939072037305
-0.82931282725116
-1.03460837989859
-0.865816520086171
-1.06009544022421
-0.981485706043212
-1.13617531072351
-0.941031679566012
-0.872951158555713
-0.82328617921351
-0.848260420481725
-1.00206656437611
-0.918032941036831
-0.791669954013686
-0.943192346929454
-0.893239551801236
-0.899387139670763
-0.852086931991086
-0.778318593664221
-0.732795848548474
-1.06150389398626
-0.806827559201592
-0.723109644473335
-0.763682898091908
-0.891656250346801
-0.937518370176509
-0.584407419317587
-0.744478363037952
-1.02360182010023
-0.685653062604612
-0.811217363578677
-0.882198647264587
-0.872314578391914
-0.777081479962364
-0.723030859760154
-0.853570432521938
-0.741161401200056
-0.843917384215199
-0.810482323755385
-1.03727444890564
-0.746924689533595
-0.952975651310397
-0.750384333438628
-0.737784933900064
-0.667360726377653
-0.708110605537448
-0.961102069872355
-0.717993595247975
-0.824512706965276
-0.740553134020746
-0.690125496975474
-0.735560901702542
-0.720846936383859
-0.781498933868559
-0.844536568995924
-0.717811207991044
-0.721859370173246
-0.704327011181846
-0.853059253154953
-0.770436781195512
-0.663865816921974
-0.670511037397789
-0.717834753571632
-0.852456520649191
-0.835016278687381
-0.724202466066334
-0.84849182118659
-0.746030092039166
-0.81395409621462
-0.749442365069516
-0.727740514877233
-0.791030600316444
-0.642308628914803
-0.792718470239908
-0.868287470512002
-0.741018821112535
-0.578755035707158
-0.729155836173605
-0.673456404909423
-0.791957711023179
-0.621054233826568
-0.640772300709947
-0.731090408646847
-0.636675666562499
-0.723834260026465
-0.802219811366639
-0.755248484518533
-0.881205513413818
-0.641202742869647
-0.665922335758158
-0.532354752393448
-0.688486445099724
-0.717713996559774
-0.697344215352874
-0.708068812543113
-0.746181988631789
-0.679768455991152
-0.749074676828441
-0.524605855734389
-0.692763648329538
-0.64817238415086
-0.665659910242383
-0.749331864134541
-0.713190140308409
-0.527763225426939
-0.723049384099864
-0.809598932559657
-0.707416078610585
-0.819114427330101
-0.844091790109462
-0.816566988304051
-0.60887681806289
-0.506472774343791
-0.832028236776821
-0.680099490842794
-0.712616474325652
-0.750582616054891
-0.572666556027878
-0.728503822672999
-0.553932606436044
-0.659267626162722
-0.64370882322287
-0.608073068104933
-0.56183849840438
-0.694616347837284
-0.687355905128759
-0.689713748008117
-0.592708346502285
-0.499224780565224
-0.738326549499147
-0.576373584567666
-0.644660877256282
-0.689264819342893
-0.715625076467834
-0.593409291798558
-0.677615052782364
-0.648453688318362
-0.610454049674827
-0.5846900440666
-0.684042354109013
-0.631894963647432
-0.736412505919357
-0.692605938773448
-0.597383999285313
-0.655178844185201
-0.64192067997789
-0.621446454755098
-0.641866747707384
-0.652778382251707
-0.593844182192456
-0.630123898566826
-0.5117925415963
-0.446915279589352
-0.450146896649152
-0.632287181366255
-0.604679639230816
-0.657977577651525
-0.564608022639729
-0.671079418428565
-0.55996081892671
-0.668129364195856
-0.561740883698152
-0.689026941597624
-0.502850423263089
-0.561483774764408
-0.601995307785271
-0.493516497844281
-0.571513899654876
-0.592456240871789
-0.571756036334247
-0.495992477452245
-0.656940344232454
-0.525205387897656
-0.498007203221769
-0.44572869125788
-0.400924546308284
-0.57012002433268
-0.59654929924627
-0.497684388678188
-0.734909719938507
-0.491145446936292
-0.580413431538742
-0.524333688501044
-0.38733745090175
-0.531678394523513
-0.501808945283109
-0.489127773211955
-0.52517228710852
-0.548401106775176
-0.651076105018317
-0.581540642961534
-0.529770036520132
-0.482957546408804
-0.695438430357514
-0.504774542834391
-0.609976548117632
-0.568470720385902
-0.453808167745394
-0.536361400428861
-0.413048807734537
-0.382105570966174
-0.464499883305576
-0.637693625382231
-0.545601654737881
-0.434239993885927
-0.530899046088693
-0.514413262939267
-0.528924119441347
-0.464232990480322
-0.471549461185006
-0.47735922649519
-0.634630660454943
-0.624015108450171
-0.498825685272272
-0.461609671595211
-0.473444830012279
-0.519874136850511
-0.69995803784481
-0.43689021369417
-0.456079495415873
-0.386678318584867
-0.365492280205838
-0.417794397248841
-0.539981428259227
-0.406592932232251
-0.287861407295682
-0.518785342605671
-0.320643133837851
-0.503121820306204
-0.418808142078145
-0.571319271106183
-0.484715208646291
-0.451788644200868
-0.465581271155145
-0.491280269625924
-0.568332164522414
-0.303753432001808
-0.536282748710449
-0.458045140403731
-0.295721258962212
-0.456522461290975
-0.426988501752294
-0.529760134899965
-0.341272393426883
-0.369645416169855
-0.336376184015369
-0.422015442587372
-0.45578258952477
-0.3471959803033
-0.264643635955094
-0.324598896068212
-0.4414574586883
-0.371484217412841
-0.393521014003154
-0.449085944057505
-0.487444624893776
-0.45284104763677
-0.447107692774922
-0.421582068564626
-0.283518729231392
-0.564770417031686
-0.272474471666823
-0.394142593332633
-0.445849267527879
-0.385041231936039
-0.400340348075063
-0.400118645525244
-0.385274636596659
-0.412159348636649
-0.309324981819948
-0.351985456485872
-0.365049016383864
-0.201655758722202
-0.322887325346242
-0.505476230783219
-0.422465357190935
-0.387350062175325
-0.316432374807282
-0.288097158310457
-0.41425782652372
-0.326106179341707
-0.40728679298914
-0.315151625180572
-0.210348078023407
-0.0974774586078295
-0.285376845075403
-0.366221014047397
-0.274132926991617
-0.281766354457312
-0.399478009908446
-0.423945011855682
-0.301598624283901
-0.203817330712741
-0.279507867372738
-0.477489353947116
-0.31198989385226
-0.261832826437382
-0.192344512132128
-0.363239906728164
-0.256610329795662
-0.348049587294962
-0.350259248336011
-0.259213013250211
-0.365433671401603
-0.299224745996779
-0.138433086338395
-0.3725558229691
-0.239913262489228
-0.321392296652801
-0.371733796019757
-0.199319811644198
-0.247721993652209
-0.387221665759582
-0.148981214547962
-0.258073294423297
-0.211605002844775
-0.394501619208608
-0.202530761284535
-0.201382462650236
-0.231514352635239
-0.127636189859669
-0.315508225897859
-0.157356541711617
-0.334374510503518
-0.21896621031168
-0.261749080583262
-0.3677394215335
-0.258998985024114
-0.198466800968542
-0.0499511637009208
-0.309380620391296
-0.248122800716847
-0.260664836310582
-0.300461365843009
-0.276704054344364
-0.172707760242617
-0.106886101090977
-0.325990634430412
-0.160956376485504
-0.171325355698888
-0.30019433452888
-0.213513657520372
-0.242232573281605
-0.164986374193572
-0.23109370309777
-0.244113649330056
-0.232159819308136
-0.320900546685492
-0.239561916764706
-0.329674214410223
-0.0117334402155462
-0.0956060963425047
-0.282211080418447
-0.144106288512841
-0.0929593620968191
-0.180569685361845
-0.232040897805904
-0.129899648858176
-0.193905784620386
-0.145336498755455
-0.0712739179951971
0.0117840859288811
-0.201375375347984
-0.151782671365206
-0.237015589257035
-0.173045624193622
-0.0945108613161898
-0.24795983806231
-0.0301066785036055
-0.348242578551784
-0.176884118127096
-0.349784685216507
-0.132259076007763
-0.222693077422535
-0.162568498084854
-0.0831102180530992
-0.121614974347162
-0.212408505649399
-0.0800391594928762
-0.0877352284093586
-0.158546906992301
-0.277082306271369
-0.102489218306926
-0.275944287797785
-0.173981192626661
-0.110645408506423
-0.151276055365148
-0.0704748855019166
-0.27414371593147
-0.17871340405643
0.00360966386561105
-0.242924212620974
-0.146461031123524
-0.216309225608975
-0.00202278040718651
-0.0932852642834308
0.0737122829435836
-0.0343230745389285
-0.110250903395773
-0.146565123193286
0.015749268960761
-0.176178544566419
-0.0384909614080619
-0.170539851263707
-0.124417630130865
-0.072932190786413
-0.054747611945003
-0.121620787699857
0.0128959446075791
-0.157979218735341
-0.166228569238311
-0.0337705468055016
-0.10991819457822
0.0121538963026096
-0.142517223701928
-0.11700322012562
-0.131549259455169
0.0336560759606313
-0.0240551829841182
0.000986252220808683
-0.130227894381102
-0.0900828873550658
-0.0983681054936822
-0.106545742997318
-0.0987988261649197
0.100291897581641
0.00358316105019688
-0.0121404709042429
0.0693475922383314
-0.155768201293948
-0.116783437185009
0.0055115323221831
-0.0750409876098759
0.0177429617297883
-0.0182562390480311
0.00202559722396436
-0.102235480097472
-0.0950833594145295
0.0271540031082189
0.0233081078373855
0.0126103063301252
-0.0891309193200939
-0.106224919668873
-0.0115036123812033
-0.0346417438555365
-0.0590196419696317
0.074509216258899
-0.00871655783182353
0.0640860642643842
-0.163007579912576
-0.00760813784185134
-0.0719832063031705
-0.084496563239842
-0.117713132101802
0.0736216282947107
0.0575813578014204
-0.0261637645048865
-0.0304471433151786
0.136889972895821
0.108447003302661
0.110801639299979
0.057526530890067
0.00239025220274071
0.100366873064049
-0.060861445569933
-0.130650797874012
0.0794433645180553
0.0822391765131927
0.0111415052722826
-0.0499217737419777
-0.0121566052252688
0.0759453311227436
0.042952449132817
0.061217470574454
0.00352635338839418
-0.0264861643533298
0.00557011795079753
0.00698618864924853
0.115181805565561
0.12809973281342
0.112626324345433
0.0510332749432244
-0.0393826516057055
0.0165073882004894
0.105830606659634
0.206180412699067
0.0999963266527116
0.115406157010187
0.0211919254208813
0.0616299778969117
0.0711938964244819
0.100093208206069
0.0808070826299303
0.143297093759403
-0.0606778508974709
0.0987750971321175
0.130935605382677
0.0595990814929447
0.19758886065682
0.194064373440019
0.0876076226745159
0.00150653893412934
0.171154958091028
0.179996396559978
0.115277647244067
0.139415227048225
0.299931320323543
0.23802818089588
0.0443258513536937
-0.0165444869996217
-0.0349620411893107
0.0918589908412791
0.0924816386497903
0.112184405519117
0.134868537480193
0.0269158544221963
0.0498586462650258
0.178263971197927
0.280471197671199
0.1255455929519
0.303614910159178
0.156957965227105
0.117708499338543
0.254243548992913
0.140182394589223
0.0331552202729108
0.30698519367838
0.222157849014397
0.0904259255196125
0.17152628950546
0.227410612851477
0.232685933177465
0.126007770862109
0.172970242117421
0.214720134132238
0.132156264625291
0.125320184465312
0.0888897573390335
0.336692395134603
0.267740396076672
0.0391833608972724
0.190542480108642
0.192630208984531
0.278169514622847
0.207162196610161
0.122564589916427
0.19572542700717
0.187003580438853
0.309443254657984
0.265536737850014
0.273982559001532
0.180050771361208
0.25409829763279
0.155110026842069
0.184988902268522
0.258781201648432
0.222857115214315
0.293539903214802
0.25146043124598
0.231771004178962
0.180643339639052
0.237768036152095
0.198912905185141
0.207648877375071
0.0452574743923544
0.32655060320351
0.364741217485155
0.286268715980133
0.1464583438034
0.225068951125847
0.30683924452404
0.315171607949486
0.30367505715927
0.127241015814205
0.204167729343573
0.18620700356427
0.22617145111842
0.226118882262728
0.218749666514262
0.283828276407774
0.212308586851008
0.145726172369296
0.213385233001524
0.324571330237216
0.159652091787574
0.245754381496321
0.330162014106545
0.301626069123625
0.204582683126928
0.220044714540085
0.258072974218782
0.393675257148432
0.303518505406408
0.368277232813602
0.267340463492284
0.402919811231569
0.285411045306461
0.414645621809104
0.376837243985248
0.404714802853166
0.206946762649638
0.354226113500102
0.131710371339051
0.364461757646691
0.356404150742797
0.279858099804419
0.320258497256132
0.31478500977411
0.28939848987034
0.306730609071132
0.312098360607552
0.386234687600971
0.311180217730982
0.268854884974979
0.397104495267024
0.275628046432853
0.325348080007854
0.325813180566648
0.113977541750043
0.442451134988324
0.376111775905144
0.429771204152608
0.311206713313456
0.471564656363299
0.236686024511377
0.337512154319588
0.432528097553797
0.311807969619624
0.229075565205751
0.298596088846602
0.255887369245194
0.367238941442555
0.307737631518611
0.394780555087571
0.462856550160881
0.429446153683156
0.47087271574412
0.397856359935202
0.317116024905302
0.320294008948282
0.39061085416897
0.307787058697885
0.535417625385071
0.332199845965082
0.479253807333703
0.545618772477901
0.490292832853783
0.338466544335475
0.515994034760047
0.322692754588074
0.25770087543021
0.326254839708736
0.475933454338454
0.378240574545475
0.311908539091753
0.550471220440458
0.368402703803139
0.415007215766532
0.36393217056288
0.353382464506228
0.270407331571844
0.419461449621241
0.380501180711899
0.324424888491163
0.580649609200648
0.49016955599357
0.3685664093511
0.467929751844765
0.356381904386875
0.450397584774432
0.454404483304934
0.542049220097445
0.503044635198684
0.465045164867196
0.498738247441742
0.57472968324146
0.542411202559941
0.470185282151395
0.647249425983294
0.515777464021291
0.352841998147604
0.380567401469876
0.363031164202969
0.353414647697616
0.490820668574316
0.488314703830137
0.550537541933224
0.483484081562492
0.543979101341011
0.39942450699113
0.405665688980554
0.438862709400847
0.45157134035587
0.555833998936225
0.643641194517681
0.427331206806291
0.588764255467382
0.426153448050986
0.522825556794774
0.504024613930721
0.53049283343536
0.505503828573887
0.431057572673007
0.558035074974036
0.45842059392033
0.589291593017285
0.402579877751095
0.449888577606481
0.535638010872857
0.567283723500205
0.487246113045648
0.514934536358438
0.522030179060128
0.481262170588416
0.276904556616494
0.458346361674673
0.562225191843889
0.38307193017751
0.476281404959064
0.415900532558301
0.596118970125432
0.575539270123699
0.551578791638745
0.510344906618302
0.49260633901374
0.680888042576899
0.494121854250596
0.598489745646935
0.480969470376145
0.556008655972882
0.486537095460829
0.497846000883622
0.510938145919772
0.562565562411426
0.534250055804193
0.58565126743558
0.645183790407499
0.71795132839514
0.602218102640769
0.604392853426661
0.594791706195443
0.684035187581474
0.577817749838754
0.536461009905344
0.624732815795571
0.519855006043981
0.6175749750168
0.75575548169249
0.635725234971866
0.548869305412721
0.650675319895519
0.686518055980255
0.641967167836423
0.470642297206875
0.666866596680139
0.512722757651285
0.663945445661493
0.596513168185688
0.628612760523852
0.721374668267439
0.470390682824063
0.63272568490181
0.596852829743862
0.621446397236276
0.575025125447031
0.794551410605567
0.59856961620404
0.555270316428484
0.626565286047658
0.801314340301281
0.610145994488248
0.559034802163287
0.627226680730231
0.731937205509726
0.60010520494648
0.564757337535093
0.667886100767278
0.641270310092522
0.7969240729155
0.781572123302911
0.673256387140186
0.896784273160695
0.72014851379397
0.567314631095886
0.631777747907876
0.788004968361536
0.745564270282159
0.701245778837131
0.647485412428448
0.63575348554666
0.737386862765217
0.787052399753786
0.968539686046666
0.829866012960073
0.638834720375473
0.715405055344196
0.701101412881876
0.728246403679885
0.727097632612379
0.676459716118166
0.640718351332448
0.693060363117637
0.543093190205399
0.730327235963625
0.665879509842459
0.800194197082679
0.768396770049069
0.684374535960104
0.602287625196732
0.758875025013586
0.890311124790125
0.814919233106643
0.586245323889864
0.620674903157218
0.739497085289304
0.64013800138281
0.653457141116396
0.616505559320831
0.716155076864884
0.610408799848356
0.835952188030895
0.631797947648248
0.799082825800785
0.770860207528192
0.74140363885161
0.790128779971722
0.791190999611562
0.557222159539002
0.566734181447801
0.64261768871466
0.662344805991138
0.884530462638075
0.785704887070819
0.894692462509647
0.823438434467883
0.761073375753813
0.795713308877084
0.864664700110288
0.855640956375734
0.738742429043099
0.778840687121069
0.708659706355359
0.928499817367855
0.773532088697929
0.889124932198471
0.88425930199172
0.803944943826157
0.905295827811756
0.822556953174533
0.852883402807586
0.841409342467773
0.885388071225819
0.804149369928221
0.969379659723206
0.69186682406617
0.7952481848971
0.791455569731035
0.890432022738521
0.932534058881565
0.873578444982686
0.874902939381298
0.90508938333155
0.676343323892122
0.789411409996394
0.88699941644036
0.737410224717805
0.673411218835398
0.996203147696731
0.899654561966359
0.718548554651113
0.990167893684748
0.776248707383508
0.954748059209111
1.02900142741943
0.85111897458224
0.960395418934689
0.621072116570465
0.874081387023485
1.06646953125353
0.807450998767256
0.84477528343782
0.891691854590955
0.902878160518881
0.821485903272192
0.87950757825448
0.948414128840075
0.940566639626506
0.894981858263197
0.953934752552086
0.783400097558625
0.891502571382572
0.964719928712716
0.941927080092369
0.842691784321735
0.796392505394586
0.893036019100552
0.835568693216751
1.03176664279048
0.902136688392173
0.942584983299821
0.960694334592084
0.859251855265578
0.834195838734149
0.938225822832585
0.961358689422076
0.839392177668966
0.902487555228684
0.914168906052576
1.05900652229691
0.863041369939146
0.839505406190134
0.927075070353957
0.938862927999073
0.704856817774033
0.958941054312041
0.847357700362494
0.878107550328358
0.900504406192697
1.00217131584186
1.01606590531902
0.997296335806917
0.883985815499434
0.926370639589421
0.978822288858224
0.789456356441039
1.01407831435899
0.930498529272905
1.00918416344803
0.894407822283902
0.83642839928162
0.866786146835536
0.961679937852164
0.969468321965315
0.850546705339852
1.13980311333656
1.10836697143228
0.936251077824547
1.065178983184
1.05886645346878
0.87109906593204
0.940874105154718
1.11041024234751
1.15845685909225
0.987198845585493
1.0053954920925
1.10443545682697
1.01349994774045
