-1.02881007563573
-0.766024567958132
-0.987043408380209
-0.840042848633045
-0.942956064840683
-0.909088323404302
-0.882551472175524
-0.916514093140427
-1.02254094472606
-0.933073831571613
-0.844949395931508
-0.885989224858438
-1.05802959556984
-0.967701209618119
-0.927314506860964
-0.984965915563278
-0.861870470659447
-1.06486297940084
-0.894197760059219
-0.913478531926452
-0.898781829793211
-1.06500915622156
-0.864129173483279
-0.813520894474347
-0.931982256013008
-0.949118030265936
-0.882034175331634
-1.00773063612274
-0.740501313907438
-0.932569193050918
-0.853735480301667
-1.04706673195933
-0.996652723419497
-0.850231528260437
-1.07437372038456
-0.885869979922395
-0.990146863187921
-0.837604877464098
-0.913124115639004
-0.978423982366549
-0.828272266849843
-0.922744829466488
-0.959819101792999
-1.05290283428326
-0.941725568536469
-1.01722516132063
-0.863311540632732
-0.928791035882685
-0.877621140190453
-0.910457325821236
-0.94971784799281
-0.81659647646352
-0.9131869671739
-0.705083695642448
-0.966864870408106
-0.757085281043698
-1.08292279571581
-0.903080649599152
-1.01983133985541
-0.872332816026502
-0.906324004714556
-0.832912302746084
-0.843192629659574
-0.858155250209256
-0.785299515516052
-0.975532033035524
-0.808277366775895
-0.889255819745107
-0.792411130009336
-0.730747980513853
-0.893116214574344
-0.802368391761616
-0.777312851155916
-0.883102079240107
-0.921239053983629
-0.872421167642705
-0.895654115975688
-0.812702058762789
-0.839946419612514
-0.976982413936136
-0.708724395638591
-0.802073430817128
-0.910216784399197
-0.918333847232167
-0.953528976269343
-0.79278348252004
-0.817640408470961
-0.976508984526206
-0.944077875732698
-0.745703539816308
-0.87514502408517
-0.810035315551545
-0.945185214246733
-0.746127759042803
-0.848388206814566
-0.985450615323871
-0.81523621745034
-0.765099566656145
-0.845588189951901
-0.74717856553241
-0.824673129101996
-0.794516140811109
-0.682475084948691
-0.793426440512199
-0.891036969748431
-0.862752400216988
-0.83907523096945
-0.815092540109868
-0.699756268329337
-0.806644374963865
-0.743097253055875
-0.769965985585041
-0.838558717138245
-0.768007239010387
-0.82864241257602
-0.708499117818523
-0.68890504268893
-0.747018910119325
-0.851515626592402
-0.760095021287069
-0.864579553770018
-0.697286304121063
-0.752824990404053
-0.749967996041169
-0.81744193712081
-0.703474156949644
-0.716498790712726
-0.726234678426066
-0.703311279876338
-0.584035937946798
-0.817401784760826
-0.925788540910093
-0.673799645321898
-0.798228110070289
-0.592559914875149
-0.719855920570746
-0.709479591279881
-0.492451089872202
-0.670915641666529
-0.623872244201651
-0.740513689413994
-0.665328458271927
-0.541874604054304
-0.683389378658178
-0.731613250602613
-0.704445542162478
-0.696379354092531
-0.550529632178828
-0.720185407400349
-0.672856764334633
-0.682132690055016
-0.902490849297502
-0.752918064884258
-0.62418371779896
-0.636012795186977
-0.679299001168486
-0.65489290317883
-0.641671337780603
-0.779512921536877
-0.665069948642569
-0.612572271805647
-0.578509932213928
-0.701477826539104
-0.643779011468627
-0.616336330704324
-0.621929401692914
-0.651793649959097
-0.451379668227563
-0.587869453524125
-0.604247885169451
-0.572295357289169
-0.574483944985995
-0.670991325505835
-0.533728692008575
-0.753869528383611
-0.623082128280565
-0.72686631698735
-0.511191710716495
-0.545209685087976
-0.692019755700293
-0.547207895264043
-0.527824856601967
-0.673504728021499
-0.517505660890545
-0.537294723984374
-0.834651566236072
-0.671124000207893
-0.5384313719037
-0.625483895376815
-0.528478233136587
-0.639407467757335
-0.610496568329227
-0.638831800813355
-0.749661797716391
-0.671172608732127
-0.715692331591074
-0.528508445874476
-0.782667828262072
-0.669261828062553
-0.651227818466422
-0.729464524201548
-0.686131701645262
-0.548528769248817
-0.499867637398123
-0.702204865610437
-0.622871342245024
-0.595971593429648
-0.616455436480579
-0.539535044375996
-0.651358905625419
-0.625567003100577
-0.498311229374453
-0.481710387906609
-0.494513874658205
-0.536890004956148
-0.550856752426449
-0.619528767091459
-0.462078533279159
-0.557462578741109
-0.503965365670556
-0.610298841936702
-0.509220685084794
-0.573671707930057
-0.500154983146369
-0.694059774297995
-0.492244167614913
-0.517735282001783
-0.545420303955776
-0.506524075410653
-0.64678904278135
-0.608747796757076
-0.585541679501593
-0.531812672219607
-0.724358059769168
-0.513136124108923
-0.500269746696003
-0.583682529076818
-0.399820865052781
-0.552971359599526
-0.645341047747905
-0.469796800242017
-0.564886943202695
-0.462899325737521
-0.591673738088446
-0.502021546181497
-0.433392679848751
-0.436387640029238
-0.63307580838417
-0.412350486686452
-0.593231658775378
-0.482108214100541
-0.559428120704121
-0.371467359790163
-0.544802584083169
-0.329801916309362
-0.366706810894009
-0.450066185639322
-0.50004013312872
-0.516337675356624
-0.389597596135716
-0.482758169926504
-0.44598599238924
-0.508720817658377
-0.427217857322347
-0.447423352165125
-0.602219153769499
-0.338573172134264
-0.496448600871273
-0.370781506910058
-0.532443038383748
-0.447332359451422
-0.328741435065808
-0.451529132809068
-0.494037268226196
-0.571529275693249
-0.455074582550634
-0.419802271019126
-0.464911295644654
-0.311429751949573
-0.402186028234395
-0.510649433066203
-0.461291612959014
-0.378523906151301
-0.343768295162271
-0.27031531191513
-0.27427592171838
-0.416273620043393
-0.380622893994655
-0.340908352026312
-0.339180370399576
-0.320088790398163
-0.453742796914307
-0.402502788365933
-0.441366740248099
-0.350982379035543
-0.450827161115511
-0.502612143358246
-0.336484194642099
-0.201645514058757
-0.421606074931586
-0.342401805951352
-0.378893183974714
-0.357609808889607
-0.461822829394991
-0.349750541100344
-0.467263099194314
-0.458088191917589
-0.511642057319907
-0.348917622258969
-0.450219976084974
-0.338910137622744
-0.449500557560686
-0.416884892109364
-0.390224337707673
-0.410283265641888
-0.356417563142897
-0.531529093666839
-0.333581734150407
-0.361529022675679
-0.393112863503261
-0.330077419363126
-0.484074029469983
-0.388577392017942
-0.236364066535737
-0.348361579192897
-0.366626309757414
-0.2944367990517
-0.37972464331327
-0.481805743393244
-0.320014121617418
-0.31493432673924
-0.297463213480984
-0.23237418653248
-0.406506958349317
-0.384865390791747
-0.319971380603211
-0.396690553784835
-0.293601354067021
-0.254127310392871
-0.325569256868088
-0.32130103464881
-0.443801202540575
-0.221775572883547
-0.183087447825489
-0.248232162870037
-0.278356780281649
-0.346302543666738
-0.211644118535132
-0.25984816627548
-0.458146414914383
-0.22242640495441
-0.279492452163317
-0.431059304024595
-0.344751789233873
-0.310297079278692
-0.233346857167772
-0.248133269937947
-0.261072531587404
-0.280662723713366
-0.423269336686954
-0.257489133442382
-0.185335539837363
-0.31868393224398
-0.306074569453623
-0.346385383527779
-0.240643377341043
-0.330075965352778
-0.369141007745346
-0.303950295855058
-0.109950412152043
-0.285757629693247
-0.193310946780582
-0.273739907012998
-0.197500639450985
-0.282645230368628
-0.262516437129301
-0.217496999687235
-0.196611170605423
-0.157793136171153
-0.271752856834421
-0.416833968005726
-0.14168713461414
-0.218882618930271
-0.241303826878627
-0.191012419404536
-0.329931802180734
-0.156686127124838
-0.0838671141991775
-0.381562340637673
-0.251689759307124
-0.229992443755465
-0.107210149468668
-0.224432975436984
-0.276622870764734
-0.2624791097606
-0.406310443406818
-0.130976216039867
-0.245120768157586
-0.159040906764478
-0.22421330525665
-0.286954484278047
-0.179956135870233
-0.272606946255219
-0.277954633245879
-0.170737861272229
-0.10625313022557
-0.250615944163314
-0.108784140317198
-0.181494856679444
-0.080619705522105
-0.147715087421045
-0.145563783813568
-0.287464756838321
-0.190137011427305
-0.259811248665499
-0.231487380163684
-0.0623318045003276
-0.165553270081623
-0.121445134208397
-0.100896606648253
-0.211552136268407
-0.0673339251618123
-0.201368207798207
-0.212765724732574
-0.0714377285417023
-0.165367956130828
-0.0252602562860561
0.0634712049841963
-0.0938754118633711
-0.152827022676967
-0.119856617656036
-0.184301553494443
-0.0478512062040551
-0.118855500751449
-0.138524586525789
-0.0980353690530748
-0.127852577343994
-0.079692945868279
-0.132408613892755
-0.288311968892493
-0.201026136829671
-0.120185504623538
-0.0808291072894625
-0.0498872580950867
-0.246697811854442
-0.0491623070906697
-0.0681290428615716
0.035105415535969
-0.228721148905894
-0.226042028709712
-0.0383588513168741
-0.0918319879651541
-0.0968521124475461
-0.150919411472208
-0.102141699556979
-0.138499009376507
-0.0307969148794285
-0.216658175591173
-0.114703975288815
-0.0926758781627892
0.0551539470572539
0.00177715877279872
-0.15578988296463
-0.0896049504210646
-0.19162068678676
-0.100366468704313
-0.26805431722427
-0.0906531826466863
-0.00473195220181197
0.0270647676665754
-0.0407576191997425
0.0713903529555229
-0.164644037030551
0.0406386056562414
0.00352711598290523
-0.163177074294574
-0.170762727852329
-0.18346015281679
-0.0124058769620908
-0.141162080776129
-0.0542741242683817
0.0449203057444814
-0.00181700208252092
-0.0626146315844254
-0.1595263828478
-0.030494990935173
0.0119560843710275
-0.155089929106185
-0.0729050417245309
-0.0978345713019915
-0.0972643333864456
-0.0154202369097374
-0.0497649093997584
-0.0886419068840125
-0.0540014092738871
0.012523220518232
-0.0658265795001761
0.0131650210041889
0.119544589769239
0.0536976156544348
0.0933803464309401
0.0611646818467197
0.302081834061908
-0.0642762566906094
-0.0174331884027011
0.0483436059889793
-0.0023930980634046
0.0492488587090044
-0.0399648469419207
-0.033275568997796
0.119342019931666
-0.0600749787105057
0.0599442874484815
-0.00935923522888709
0.0515913898087411
0.0309145580994719
-0.0112224200946515
-0.0532010193843163
0.103237663310346
0.0267870971776765
-0.00499050480792742
-0.0369746124582318
0.0971802284786925
-0.0106736621047051
0.0237662768877068
0.0544588678719347
0.0127903163555845
-0.066178868335488
0.0452002555990394
-0.0211310935065481
-0.0551133889832259
0.0784793045762391
0.0317380704017997
0.333655168035717
0.00941886283138587
-0.0065314866432805
0.106255480084378
-0.0190574549713363
0.0140339839666019
0.192064814504866
0.094502739082315
-0.0352361876339068
0.162762348028827
-0.0176173953078583
0.0238023818518692
-0.0179762774418532
-0.0183941594798103
-0.102361033199733
0.0447530817308483
0.0201510942989149
0.144827157560876
0.00924445607306909
0.0113310852312714
0.0207481087593595
0.0874696857094538
-0.0510934400623294
0.0597418788663751
0.105752397180074
0.130433210388944
0.147009716585436
0.103674101715746
0.0537486717720912
0.116773787233295
0.116951964901885
0.0228139067811192
0.276383905166838
0.147077989703283
0.10955544134924
0.18821089420227
0.172395867756832
0.243679871074129
0.150800588339508
0.237054924554961
0.267185051929282
0.156083188456606
0.222178860761546
0.121360690014245
0.0545879355384883
0.0803779572257958
0.227326514230402
0.159532864999935
0.0411645377229217
0.167832707909654
0.0550963112258364
0.0922199672158334
0.188078410555708
0.200309089930311
0.148908213675522
0.0894676073989671
0.0693207287457971
0.112025029706367
0.185691438930532
0.190729820046965
0.0610078577455976
0.0823402584361976
0.222905931983704
0.341571827046765
0.197667325228759
0.171997742644269
0.212885042103299
-0.0120749105227429
0.240979818159294
0.208339185207357
0.343209469804349
0.245047085027134
0.344964818090864
0.19063609514487
0.32545743492116
0.217689977679316
0.075752164856904
0.253348520356653
0.281175908644379
0.129135209099356
0.191161465552528
0.158001912400351
0.250537918977237
0.202123629526576
0.382645724539412
0.381277775885956
0.0751460824486774
0.385661397765778
0.253592280504233
0.138449728283079
0.288487088939241
0.360508805324636
0.125511291863717
0.217935404229652
0.17725582726605
0.183383957969916
0.132854311386519
0.241076381617028
0.36978927287957
0.291337320745961
0.301337144394377
0.264095387729862
0.194301329308089
0.265267596562329
0.182466560029931
0.239275317811191
0.159439728057415
0.425474158291322
0.304273181623406
0.194594720801292
0.297277934690115
0.324150897821094
0.223902719236236
0.256187752553525
0.35847483689831
0.147736866569333
0.183610265602443
0.427505998488717
0.319823726453958
0.505734448998963
0.336962053058093
0.385008383193906
0.372825981376679
0.289513164713269
0.285747170928079
0.296914192240633
0.358941633931808
0.479044332464752
0.286063670788409
0.348707419581673
0.347194999403918
0.365213320581688
0.409358925963878
0.312422986069759
0.199952638182318
0.432514568030999
0.358985451984467
0.163433339088098
0.52859492389707
0.342752460698863
0.342381481604845
0.345001720501988
0.365275987804646
0.454059410897319
0.412053973359965
0.510012435136316
0.360262293443755
0.393434447517645
0.438408004493225
0.418482565446984
0.436677809153792
0.416813863813855
0.481156596733052
0.465461456249445
0.443299587749574
0.358656092574301
0.259130498669548
0.396368706704753
0.325717599709274
0.359975914014737
0.309925760367825
0.45939486033489
0.273965644047272
0.428729460468437
0.48722428971423
0.426118287469778
0.415160735219976
0.427040028627362
0.278615930847691
0.357287386511115
0.328253215651389
0.475199645215829
0.496172084462368
0.459649361169966
0.437035930882752
0.553858349042759
0.436531402941723
0.451036965381532
0.502182988845902
0.54878537947195
0.519673800041921
0.386479255776403
0.471417082871006
0.335056023581767
0.366607866724175
0.437804722965953
0.463274177121829
0.533320702279521
0.410713968082891
0.452306869239449
0.439441156727675
0.421031854936755
0.448742900850177
0.397209114975959
0.446558950542804
0.567097616839944
0.591940324226511
0.479287212029832
0.416695737736499
0.450805368583284
0.507510913911348
0.378075418197317
0.501159761507105
0.33607456491149
0.549469456045232
0.527683598706492
0.48751829427277
0.373735353998669
0.573985631123823
0.412885607280055
0.634998528744123
0.680099032278907
0.727409781776663
0.390867079528111
0.383588077913623
0.588433628217153
0.445983898096143
0.423500180055386
0.549152125614089
0.38386324006192
0.389405892241087
0.476014719514071
0.427299532124138
0.502642007748314
0.35933536410636
0.501252777584163
0.570160763145124
0.515337067726006
0.383034611556072
0.523533393514305
0.569732930958034
0.436814400107726
0.400340783494453
0.37932283445028
0.585859165557622
0.477895487581209
0.55931051358676
0.562774627252649
0.565048501424625
0.416791291836376
0.423520045343825
0.691596109593198
0.591528722798267
0.608972451166613
0.538968490147899
0.452169710685156
0.720449220943075
0.558805626073938
0.611770234172181
0.359381547914601
0.714934177774892
0.511614212712134
0.622669211093325
0.613957224047665
0.571171023554265
0.501918468591035
0.535775431406148
0.435390204518344
0.635025920207383
0.667317244122067
0.669385197358322
0.54587973828224
0.554637343244546
0.404637853988045
0.585616155795244
0.534418160258932
0.654426604883169
0.608864921796172
0.638393047064935
0.669823876182439
0.634577810132593
0.46606058984415
0.735299409196179
0.732214174282474
0.630146581719758
0.451306150685103
0.734457064643397
0.6730144497208
0.553229646539766
0.733037912349228
0.56117158231148
0.440110078480369
0.574215204002318
0.499006892230075
0.585570973496042
0.623013071215279
0.693791279631099
0.541586751594099
0.67219129147627
0.464825065621423
0.660474346273491
0.679496248511328
0.579072403296379
0.668705515829435
0.573288145313059
0.834074445789913
0.731004686124285
0.723305578979507
0.659399372172692
0.688853423848239
0.542693371723741
0.694005952306152
0.633040011357507
0.391991151508611
0.713949557921922
0.643606390886002
0.609126190158943
0.558124717165233
0.609871490908314
0.749632096287088
0.757493388209321
0.499456799926235
0.69518931065149
0.679336841678463
0.732209991169574
0.613980718926892
0.673947186578723
0.55700269700916
0.79088266502112
0.825653145201784
0.880740865117638
0.68433906537306
0.840250188609092
0.651751614878434
0.832126832987154
0.659701508528665
0.741264673553414
0.778072602687249
0.696401058144381
0.663780400865949
0.787555049184568
0.730452362571563
0.735703110190716
0.628181688188999
0.652840664131789
0.773354807591807
0.886278834074019
0.799993498549296
0.968380326208636
0.862843293445583
0.786842200993598
0.791830680874115
0.833965270401197
0.766783853221071
0.893052896305858
0.84196869283127
0.717745845684312
0.650152081259393
0.861427622168356
0.883736168754208
0.706936715946305
0.77883835023497
0.740886122146662
0.807359050519906
0.849318409987396
0.569583819024397
0.563884923723851
0.778133600213793
0.729081407806338
0.807593682486315
0.738496612877019
0.711233447059467
0.790887470186287
0.73966854521487
0.655945779093628
0.854672282483249
0.750016474510568
0.728792941911
0.819461627080878
0.757043244367261
0.771044785412616
0.826122277899504
0.893920181436022
0.847656998733332
0.837897454431986
0.799780508414972
0.770162293669491
0.93884313410634
0.83217347990103
0.838106601596137
0.873366073263679
0.664049492163181
0.795164845502941
0.902333759493276
0.828496183112925
0.824088692633905
0.749539264511612
0.809352563335356
0.782323714716189
0.782037954755744
0.871494851323923
0.677805488317599
0.794340603482256
0.792026434853104
0.761660905234483
0.930549970955422
0.753350555907335
0.829010737332782
0.941892398758737
0.944824959269735
0.919400718106442
0.831437544534342
0.920061396487798
0.889733407260307
0.867988861202294
0.801803764935613
0.795254348431313
1.02923558681313
0.948478265814359
0.817590071080772
0.843279677236043
0.930767702439386
0.976204021014636
0.933785319890679
0.908659590355049
0.801280675253252
0.906838512702659
0.967209036603487
0.868435385457955
0.889488339875669
0.923891125878444
0.933974097023234
0.810635813150839
0.9662716980697
0.892781848853282
0.824903444844555
1.012726363664
0.916641446796729
0.853749951775449
0.940730980657031
0.854692921395162
0.9426608810084
0.857579590465646
0.956833984708138
0.994714800607078
0.977597217710373
0.960990404290894
1.05148559467987
0.916851980572379
0.936238131796925
0.781551817325024
0.973900535017144
0.999233077542482
0.941925712952585
1.01711594159525
0.971334960083267
0.929786039351879
0.986061430088311
0.961226327516569
0.936733429441751
0.959326884455373
0.988530955017308
0.948264142638933
0.905775323711983
0.975661944820288
0.994239856517175
1.10989915045679
1.10440621453466
0.868092023208082
1.0771848672171
1.07737919244692
0.993490550840147
1.11431859481559
0.981769628528225
0.984113784767206
0.985787271054774
0.761048672995499
