-1.04573184679106
-0.972759586107853
-0.875843586029573
-0.946263281482512
-1.08274322676886
-0.872001132492195
-0.909503954197512
-1.07872191221768
-1.04172398188874
-0.886947391205047
-0.822579636629203
-1.11977279877384
-1.01044748774446
-1.04007792759699
-0.878648272876351
-0.968917536968308
-1.1994406893999
-0.956403718839363
-0.949081807852632
-0.834880857113518
-1.02434814088905
-0.875052924097507
-0.921681027965802
-1.02454155521253
-1.0461550868699
-1.11649533676034
-0.937483658859904
-1.13778760520079
-0.931238124880338
-0.845234492587115
-0.985429464649159
-1.05879503422927
-1.03536795755822
-0.87094964438945
-0.952877258451462
-1.0037620002351
-1.08256047085743
-0.882659513044731
-0.91864472996477
-0.95175372683258
-0.899384440942158
-0.897935534441441
-0.818319476650946
-0.868778833221486
-0.941041626775206
-0.935505653612573
-1.00048986502709
-0.918628535435793
-1.03438133329312
-1.04316025118988
-0.985342862047323
-0.88379996730364
-0.893734413611742
-0.879042683483978
-0.915059862640027
-0.882554392563161
-0.873052004771156
-0.995374113157917
-0.779575108196356
-0.929037677416062
-1.07282606733397
-0.998419553699545
-0.722196285434625
-0.851768768073573
-0.758354409156676
-0.800947042594979
-0.781199577226948
-0.742937157651007
-0.86212325215617
-0.926532863908884
-0.935027862502851
-0.876885707110739
-0.859506809074276
-0.855117398494826
-0.896179434188136
-1.03307507754042
-0.768416605790527
-0.837612181968843
-0.970813481431815
-0.711468054932633
-0.871845264991104
-0.807342168601243
-0.765816742516998
-0.782886897736141
-0.834957220989752
-0.851352976293665
-0.815562960989417
-0.801862603548118
-0.866797709154605
-0.824702900757666
-0.876886124549444
-0.85862856870989
-0.7480485428911
-0.734301639882006
-0.776742223063361
-0.834678169572785
-0.8443249306035
-0.749156283413779
-0.803451523298997
-0.86886663296956
-0.931055143435025
-0.768576395269049
-0.83623900994965
-0.973501236515939
-0.781993301407749
-0.848911375405758
-0.807726583909418
-0.739399235448725
-0.804728873610481
-0.905661956568448
-0.728616977169418
-0.708373466003556
-0.780350255882569
-0.760886009649274
-0.742721113278722
-0.68364609028431
-0.704926161090425
-0.84566247335721
-0.889783126598408
-0.78434004029134
-0.743457859075584
-0.68918409391226
-0.779863680619185
-0.696866770122474
-0.72785014106479
-0.577948630228526
-0.609983844797303
-0.798101165462094
-0.728358950552327
-0.784292948680164
-0.7037346094191
-0.706920844661054
-0.81362162137834
-0.753916054762296
-0.653032865899315
-0.809567635965777
-0.789735280207751
-0.831048644731515
-0.728516105537599
-0.680334590006881
-0.743861292848243
-0.851319849906657
-0.757216557011759
-0.796107483065199
-0.746525939587194
-0.777465272847366
-0.685913255429291
-0.676418075823535
-0.508859988274486
-0.708707579115243
-0.720985560521335
-0.711445794351826
-0.716702919386296
-0.641936382971598
-0.624025500434226
-0.628989362647001
-0.740049205933318
-0.724454209580205
-0.665394393140255
-0.756623277036121
-0.8517760750053
-0.517184593694392
-0.739298848152482
-0.744929580678519
-0.723211660449792
-0.636032731663434
-0.700563045243647
-0.651863633395888
-0.712674920356653
-0.677233447232168
-0.670803713902882
-0.578927602874041
-0.613955965953684
-0.616597360411975
-0.708589162918766
-0.54486999481497
-0.85940770950254
-0.693675040381339
-0.726454084673258
-0.687070387368791
-0.663850061497319
-0.661182006552551
-0.659202127040402
-0.673710341246899
-0.517349852970574
-0.709429051673889
-0.575674652855341
-0.476857204200835
-0.599917772935949
-0.576947181874351
-0.580327582855417
-0.650764455119788
-0.607931564265031
-0.654961635440194
-0.650472634823528
-0.69854421028686
-0.671269195671418
-0.650141562145506
-0.566955073150599
-0.579757127833247
-0.666576275027425
-0.6201995920289
-0.700684220751486
-0.560689345681327
-0.600369604559527
-0.631036740139226
-0.532445791155155
-0.645362607422683
-0.728944174396479
-0.734703227455304
-0.621264331421751
-0.655332490253295
-0.65167150760761
-0.458384146194834
-0.470292520299074
-0.656191653379078
-0.441928328346553
-0.589751230392518
-0.438735122444871
-0.701894207390402
-0.656639740506135
-0.578469816975889
-0.570031472614158
-0.477503985887259
-0.479834091106366
-0.60821842630329
-0.581731692047956
-0.473126361659618
-0.361778193668671
-0.576356553939992
-0.433194365937928
-0.518920950690544
-0.686780367891688
-0.414741493936286
-0.437533070768754
-0.555741849542981
-0.343964343207192
-0.726531105268487
-0.567691011772466
-0.649343938254789
-0.554496772270069
-0.491089663130256
-0.576612061042609
-0.391474163837328
-0.545035823802141
-0.515673996344245
-0.582430363568219
-0.470210423810439
-0.656962205339184
-0.645152279594107
-0.528247238341797
-0.503037969324711
-0.632643050838711
-0.455770456055672
-0.481568883704086
-0.538295404754807
-0.639338447403723
-0.437071630829816
-0.491528873619816
-0.486298673537058
-0.573177272015818
-0.454047680291867
-0.27643462754299
-0.663338586113782
-0.453527485442379
-0.573068218001237
-0.398534830562865
-0.515533439691617
-0.462431999383114
-0.55666686376051
-0.457366965654282
-0.294140308526904
-0.59824623764358
-0.53141541947273
-0.487474435531285
-0.552575473146069
-0.432524890758713
-0.554045559300146
-0.498064742098853
-0.469241753578422
-0.613282067764782
-0.535965744775792
-0.346152898105675
-0.483227187156874
-0.39693765796634
-0.431285292479771
-0.288229220856328
-0.606929107910455
-0.535910697187025
-0.39271872288063
-0.393277358569952
-0.489965238988646
-0.226639167461279
-0.355689614280301
-0.255142035279566
-0.4261769658287
-0.390550983911378
-0.462807109763526
-0.531476638341609
-0.331873006352168
-0.445131043811822
-0.285475250440102
-0.336345561335903
-0.438884097232535
-0.467515040237917
-0.346770067245229
-0.227528862342071
-0.382436961127339
-0.473544945211782
-0.457977873114496
-0.420398776419763
-0.362952715907117
-0.311013340222727
-0.413845606543302
-0.471926255076318
-0.308810445006734
-0.384095615985881
-0.341730529658887
-0.433949554792822
-0.336809084278053
-0.364490003649929
-0.421303498594762
-0.382690453514337
-0.465105011937753
-0.301539417573456
-0.318348739585016
-0.380555909995818
-0.485308712248109
-0.345677924220222
-0.154308651026758
-0.308701324415741
-0.220223006392535
-0.443361122936233
-0.273465964095073
-0.0442404095029864
-0.345043699395814
-0.336525429983774
-0.413786102743026
-0.305238525270561
-0.344186476622102
-0.307306251802764
-0.324547797375417
-0.106762247903865
-0.326427420112427
-0.16687954076341
-0.348167013629759
-0.366954703048423
-0.283822346513014
-0.287206537801131
-0.237507467579834
-0.28983196695714
-0.262859552593403
-0.272013918854551
-0.358046864464243
-0.18254217096414
-0.232195545675744
-0.327323538814563
-0.361506867775641
-0.352129721713001
-0.308024872937928
-0.320862187151914
-0.342453556926789
-0.434254198867952
-0.162177373435301
-0.293077795968729
-0.275418180813144
-0.224341743150409
-0.297727123771549
-0.196059870731143
-0.310944808832961
-0.17150028784148
-0.223032672461754
-0.281698621583016
-0.249684089081124
-0.236509010899482
-0.190347770580737
-0.276179440288142
-0.317520833839049
-0.175448067992682
-0.221343437619248
-0.351026636179501
-0.322426365144506
-0.110974689304924
-0.235553812090023
-0.136587869846123
-0.22183202478647
-0.211633665313165
-0.186895158188915
-0.27829327060012
-0.356907920377306
-0.275212955643076
-0.261870553833773
-0.233982644340623
-0.124423221118632
-0.180327870782711
-0.151923810970032
-0.281185031170368
-0.314092426126442
-0.181325950517838
-0.291995804822224
-0.105042770931331
-0.19897523016635
-0.268924276977442
-0.212334804267827
-0.140976059974019
-0.20363552874234
-0.202240598789016
-0.261270738683093
-0.267309432096278
-0.185980166211021
-0.374204550698221
-0.0607721770630047
-0.207067465449946
-0.265470555451911
-0.15445300163933
-0.0293746458696411
-0.266772143472747
-0.174635384511694
-0.151145902377435
-0.237674358459307
-0.416699082127366
-0.00248437414301399
-0.277644800537291
-0.187191494651654
-0.154320150130804
-0.154090443262015
-0.0832087563601414
-0.329290619082763
-0.190891143467165
-0.155006701604942
-0.107212396873102
-0.266093747438668
-0.12445289044562
0.0166173316361194
-0.254079995107194
-0.186060651540674
-0.287868071819948
-0.105426829468134
-0.174024615647248
-0.139826379694149
-0.0678890673961791
-0.121948933279564
-0.121804059992078
-0.0402303169768546
-0.115909742927171
0.00719785088694028
-0.0592861633369111
-0.0370624021818424
-0.152994373877192
-0.144049290240701
-0.261085043121735
-0.129000993670161
-0.093302985547578
-0.121742061296412
-0.0638687081097128
-0.0837152829378137
-0.0805903817202686
-0.0624138519818651
-0.0913826287248605
-0.0992496944375859
-0.084382637477168
0.14080684660653
-0.166943022733846
-0.132693413918471
-0.0405971592067054
-0.0743330094241308
-0.0509170793297348
0.0283333356100363
-0.139332877411841
-0.0606500076271164
0.0185925783312632
-0.231987192320462
0.0555139904151428
-0.0674765959295207
-0.0378579559078185
-0.0782595949310266
-0.122969081731651
0.0102977064853355
-0.199032087928091
0.116126809510472
0.0427418374133479
-0.144489424725904
-0.0919695609439347
0.0585183162565092
-0.0987345583192281
0.0369138931547782
0.00195536012323574
-0.148009355977034
-0.0374572931605425
-0.0453786378919763
-0.0323610307470539
0.0614977932016478
-0.091127309689671
0.0777824782878506
0.0399778746743161
-0.209143299903819
0.0153712515661081
-0.0710095139762142
0.0370243565398202
0.0352821737346851
0.0757278494690175
0.123133273881541
0.0549297845877459
-0.0349456382468243
0.0312644534558739
-0.0474138515105397
-0.0282907785805764
0.0512451596702466
-0.0578154587073068
-0.0580968839387336
-0.0383382877857686
0.00535268396383512
0.110626234786921
-0.00716385952707728
-0.00260709355311912
-0.0194385842183735
0.219208255582454
0.0550837862848622
0.0114908210248904
0.0398809109185618
-0.130839984030321
0.0428582681281869
0.0114139841931588
0.0411705604343129
0.0032894853827923
0.110503614678024
0.274371128377943
0.0894586808533014
0.0931187806879149
0.0319430180907202
0.235796238891473
0.111863695658361
0.0678547872929405
0.144315095558504
0.105490943265973
0.078977976437237
0.132510698556311
0.107758172864948
0.0235292964881237
-0.0599443693935495
0.0115905952488864
0.0761531972429779
0.102064037086187
0.145039591332303
0.110100583996231
0.0654252306265434
0.168127828891243
-0.0342509242428362
0.0426904817962862
-0.0937359876702008
0.243305021976122
0.104198583627155
-0.00839086625292496
0.154693305166631
0.200110988641694
-0.0664461226366743
-0.0411880309306161
0.0907150282930953
0.0611172738889147
0.176676847097482
0.113381898673234
0.230795334475191
0.0616833158763707
0.0551906732537731
-0.016465447520674
0.13914411213998
0.118422098904898
0.172738165169295
0.158434500892796
0.178855162863682
0.0933446459547214
0.207807500497903
0.235639645281071
0.269291721420284
0.130832632204899
0.0494437031578598
0.262004418161048
0.245459983657015
0.102899292483176
0.150011312599863
0.283929477582518
-0.0696221677822586
0.0482594536575012
0.177439956447334
0.123043720503416
0.196714996485139
0.0821987605002849
0.0612417977934503
0.158167366845775
0.21962789171599
0.115479939317212
0.23574994136068
0.0602918591903637
0.180446978255282
0.143377162170507
0.321434081364768
0.271323273819818
0.345992591808691
0.111089284420674
0.141064327733102
0.12147034488475
0.177766303764331
0.105422236757511
0.257350726281217
0.146252571601611
0.350018405583009
0.191542524100546
0.300279818499696
0.25913077163663
0.227549490252162
0.269047376345919
0.414369758376057
0.0465286679409831
0.196780337303441
0.340376767592765
0.389811079390751
0.146655188884101
0.105165511648407
0.320809379731279
0.308750456980967
0.219094677181121
0.16546314357746
0.377228091018164
0.301743783185805
0.157715981226911
0.274249788710421
0.3292009916833
0.179339150540425
0.224059997109579
0.188707390488104
0.409882793003081
0.232564648584269
0.156110554319776
0.36577008790244
0.33194976004461
0.259036859567235
0.283624108496227
0.211347101034907
0.187143164016901
0.296634998987204
0.229609471503711
0.151283336234979
0.154463131017467
0.259454148202752
0.307650451482744
0.4575339729884
0.357806336374081
0.189314573294512
0.322494907902771
0.155301410823611
0.274414815713867
0.327368327937635
0.314048167991816
0.264207557718832
0.162035887525092
0.388916916789823
0.38977523624329
0.325337357535386
0.350832543035894
0.280056157479809
0.290193384551159
0.307576279338592
0.33031548784319
0.379162372307996
0.199373762699716
0.409286165652668
0.2953010434347
0.359719621697418
0.209643640761453
0.274458950004161
0.276161154630068
0.455626028692029
0.397868813837439
0.24674328875484
0.384904990990565
0.291608243765998
0.432918779304931
0.348503590496393
0.499236211926728
0.422360355009035
0.293428578488486
0.278545827413367
0.328033561706977
0.489451313056774
0.474368606553507
0.389800364958228
0.132389911542664
0.469742772524655
0.311935219762602
0.384053070877077
0.308038329651914
0.4362288138116
0.31225631477453
0.438930890618564
0.360255235463376
0.412603296825639
0.412760548459468
0.470111830630688
0.525068153251537
0.328459855174543
0.412276673128593
0.481249403232822
0.410157856224258
0.438409892952254
0.457047775637467
0.527694692851882
0.348957534502725
0.333071498528203
0.33035751906774
0.427540313183705
0.415673034028583
0.420048318253118
0.414325690504835
0.455131110444707
0.287529748426575
0.401052878491812
0.46112469956956
0.408810639462572
0.350938383829746
0.528819109695826
0.457844929861122
0.364487148465485
0.478254734062053
0.543705232728547
0.503734035216336
0.374241767715221
0.465449588732892
0.454124189198742
0.606378741749932
0.549994693500839
0.44551482153824
0.401391132306613
0.463831177421852
0.410356451857835
0.33847712863301
0.444508827591395
0.426706875104553
0.632903078056107
0.240731407949551
0.382619859394035
0.544137767070062
0.409942746847859
0.384857097447115
0.449625628249322
0.435780685653648
0.416570149860923
0.633279856631105
0.521384516995615
0.434436890752634
0.55259310087658
0.484987057979497
0.390686920735992
0.619504158275859
0.474794510793266
0.430907699417148
0.65135797358851
0.608730616348671
0.543510214531528
0.475632493327219
0.532763350939398
0.585075553520406
0.546392797100749
0.480523035604888
0.584782654136617
0.458103935954127
0.395140368013998
0.542509304520668
0.501163846641427
0.430743118450712
0.631643704310713
0.377079459847884
0.55399563555547
0.514082196846397
0.592334379588853
0.522595305916494
0.528469873179378
0.497078474272183
0.352806204060103
0.596750231829156
0.675921540727312
0.620199657522827
0.55309697864325
0.636714292776449
0.519765780542029
0.582301025999915
0.5942612194615
0.508528504622445
0.55836866531613
0.582284749179997
0.740234626277791
0.634654772803816
0.636925733585892
0.60654995236729
0.526858384068407
0.774498673288246
0.546223067877271
0.503374573396869
0.36234147142914
0.577898164899096
0.640503245929477
0.557532914837769
0.564162960778951
0.597640730744503
0.600011646489715
0.667861816828353
0.617063191414304
0.551135398509283
0.690159681648987
0.667203378883087
0.440981879581787
0.738266116305703
0.711506509332306
0.623254013365057
0.475996048585623
0.661580101915985
0.693818844396851
0.453176566019942
0.49897070145335
0.558132724045119
0.782359010857484
0.799381799797515
0.700813100344014
0.659635386072226
0.54553012019073
0.657398018553469
0.572842202778834
0.673300111069876
0.50515010768961
0.702825478730961
0.603519007504924
0.602538442173567
0.849808256717393
0.831018409086006
0.720015909207391
0.72560355656575
0.552572732023585
0.6852932953506
0.718236340883024
0.680352834094763
0.629708726554898
0.519364402790064
0.592202057219718
0.783620750485171
0.719308972878641
0.622756310387043
0.669964395804076
0.668379858950484
0.740941062414423
0.595111271698888
0.751411694507525
0.695913642879151
0.803608741636867
0.661071080770258
0.752768873833824
0.779285723549473
0.836333131423259
0.650557745240546
0.817727825343705
0.666260882889439
0.779958973267773
0.790569004810662
0.699039033349438
0.658406529020655
0.685307961217033
0.779685329676855
0.699597667949427
0.785354455731872
0.626857137319555
0.84888127212662
0.7053007975345
0.670758752492448
0.753443909919173
0.595831074480376
0.795560411885677
0.568974569636064
0.720399917730457
0.890762582923733
0.701685308131247
0.751136507418591
0.668331432166315
0.770758143636611
0.709432717743499
0.71634034162754
0.782731200701113
0.785437158236008
0.792563316531883
0.616216883579875
0.831818808410009
0.80715259894601
0.687028776252465
0.723566728340376
0.793709526116655
0.790146177260749
0.839694908685263
0.705621241390005
0.878655056457841
0.815057235568839
0.881599893824948
0.551752574212231
0.784279347333871
0.871533154564309
0.680376784620976
0.783552997174814
0.747127407910135
0.884328543242778
0.830827714770092
0.768033959199833
0.865546856208728
0.807986112401756
0.766424459425278
0.773494254160202
0.90062757018325
0.812698063019808
0.863665998654327
0.866271313146929
0.824520749407086
0.824158624525228
0.927999859261343
0.751248943616232
0.783873248901203
0.755684231030473
0.720417675258288
0.99205754468602
0.903669927227288
0.842269774770136
0.931241933384987
0.947154521003492
0.770561405288193
0.834442243378558
0.91061473842998
0.922086003196446
0.755234762253214
0.875755371328501
0.990249510684339
1.00713652929675
0.790480124704829
0.88780671152666
0.96649687498577
0.92884668346868
0.864281006800849
0.899856162789248
0.78578104056227
0.967540777062492
0.949327522657985
0.944952492810451
0.841125318165729
0.789603424017839
1.03331598001493
0.849770717610746
0.795522990952362
0.997315180849176
0.778058556088211
0.834582479879024
0.915071514130069
1.08249586159217
0.946058701582562
0.951151986058634
1.02291954376138
0.921417799715571
0.939262586008015
0.931935455505988
0.868746975922943
0.980602746715151
1.04743663183978
0.948424594872161
0.876268424798709
0.975968610792154
0.922119279188723
0.916880397502635
0.911891365235124
0.857764761076945
0.905852799376631
0.850781226898851
1.13521997030848
0.99152759775065
0.881567669152736
0.935478684848409
0.952679440547056
0.910033629082634
1.00143705696688
0.893352070913016
0.924497486606138
1.05710022432068
0.95366757958864
0.949600214214941
0.971766497935271
0.888354458556619
1.03190124174463
0.98492785770952
0.994408859586962
0.896045466325968
0.987598950313119
1.02977528128305
0.947808117743295
1.02884857922789
0.91313025523723
1.02826826713105
0.882442652043309
1.04789458054236
0.846436077249908
