-1.08550815444364
-1.02928202085295
-1.07970359009378
-1.0756419496719
-1.10977020563476
-0.860424241130918
-0.800934555671982
-1.0836872700827
-1.01464632417681
-1.06597716168798
-0.981349830013543
-0.954561192350061
-1.11118639549806
-1.0834643783029
-1.0526627789794
-1.00477722066708
-0.866464380752893
-0.982978707468878
-0.902017286679617
-0.873382221380177
-0.946595362976434
-0.965696614295534
-0.862141859176996
-0.878986833324165
-0.903188520445143
-1.06067475633584
-0.937827765110626
-0.937825943608104
-0.729640468479134
-0.880495296746171
-0.937624974289071
-0.806768691216885
-0.874374784618872
-0.975560545747936
-1.00697524265319
-0.874403970029827
-0.888970734268398
-0.847476712328507
-0.976235038242025
-0.840423046622026
-0.852810085702244
-0.994480806790958
-0.951885883425911
-0.922113255523371
-0.904712830320087
-0.820523244530298
-0.894252556403331
-0.932990353349759
-0.876626336481351
-0.983982242002106
-0.707321997525401
-0.951238955301059
-0.875227110860947
-0.813828446404485
-0.822955965865577
-1.04791664876353
-0.898419104248125
-1.06708664820241
-0.988830931684602
-1.12320643679287
-0.932804762444065
-0.88203579214852
-0.803868485555984
-0.84601405076118
-1.00466288705592
-0.904159627014561
-0.793537496141837
-0.915566129087337
-0.890253207366915
-0.892497941926382
-0.869553676187615
-0.792530378815576
-0.742630466874848
-1.08122700524466
-0.812249401745898
-0.74439177404343
-0.740296363401363
-0.905253126977152
-0.951743270228353
-0.597689298274033
-0.713809921552143
-1.02167627878798
-0.687487385478543
-0.802323388120377
-0.905309205916982
-0.858043563978929
-0.773054457796317
-0.707940772767268
-0.843118636038045
-0.7196388917796
-0.829657951779988
-0.817033310627739
-1.02531430209118
-0.733949614094976
-0.948181600747088
-0.760873637989916
-0.731702829066639
-0.663135523235128
-0.704484019125313
-0.943600997959157
-0.714887858789062
-0.834286578154589
-0.743916532131007
-0.698422774029907
-0.760502827831028
-0.7212078429166
-0.801150519416394
-0.846122915593467
-0.715168502312636
-0.747571585106838
-0.718279907059641
-0.853669869153327
-0.789053289020288
-0.684964817852533
-0.664418127007503
-0.710016842650197
-0.890724669234051
-0.833501930248414
-0.737307368896508
-0.840780437976484
-0.744111496608737
-0.794603493540216
-0.769229625035348
-0.738105060134904
-0.79533610471354
-0.633433044383287
-0.818132806776966
-0.855962484864257
-0.754784829905295
-0.597619193694589
-0.727439433651524
-0.670499851632395
-0.798983594234841
-0.608624872434865
-0.635321560545664
-0.739251735159703
-0.640494879977577
-0.712665683864313
-0.790656262360137
-0.726097168360656
-0.883862385251943
-0.633501538760052
-0.69134937224618
-0.515117205384271
-0.662397237305314
-0.721438042082008
-0.718018041916095
-0.730087646660689
-0.770439620155718
-0.703881292403075
-0.742265289768868
-0.532711777946419
-0.69059036290662
-0.649884273805393
-0.696268198420482
-0.769227436749873
-0.716733775522724
-0.529709179913232
-0.703158249117056
-0.808430071286837
-0.733418277173428
-0.83160259578586
-0.828676228622236
-0.79915042054492
-0.622669721868647
-0.504814406297081
-0.840168511094542
-0.686065557832219
-0.7263027840162
-0.752486381329021
-0.577137079616645
-0.695665586200357
-0.550710956085424
-0.644444558347691
-0.641460571172587
-0.617451110347494
-0.580423854029579
-0.70011232539203
-0.69186440671814
-0.672104085165462
-0.571216799250667
-0.508648735927149
-0.723370280573559
-0.563738604507361
-0.670034748289796
-0.710066617628565
-0.691570018768432
-0.59948085329367
-0.682516036552186
-0.656382207906266
-0.609185446394946
-0.604781199476211
-0.692791025214482
-0.632997583005609
-0.730177168922805
-0.707434931897564
-0.594313768044525
-0.654333264598079
-0.622722544610876
-0.631747896670414
-0.623682744684728
-0.655733591417556
-0.60509323851024
-0.647234875789554
-0.534955610943514
-0.433414973079307
-0.451355931544064
-0.633391264652764
-0.624787339902926
-0.66924748039566
-0.572732484784739
-0.667373448810695
-0.563640293035734
-0.663540445371144
-0.561961091258852
-0.693317368694432
-0.510972601722474
-0.553655336286748
-0.592449612269018
-0.484328949007401
-0.578978573272571
-0.583714804013866
-0.560819872594913
-0.485196478682375
-0.640302401003612
-0.553211995103356
-0.505818610399996
-0.459214239020947
-0.390375483260496
-0.578986636867169
-0.597576585852271
-0.494857215662054
-0.723217633222088
-0.493013856455736
-0.570717019992798
-0.54268747902897
-0.390646237326722
-0.522748814109217
-0.502307682678241
-0.471535029310817
-0.525615412457137
-0.546017176842024
-0.648824151062067
-0.572632850234811
-0.533760729939058
-0.467712424625404
-0.691012458800215
-0.500810917533894
-0.607217891799132
-0.585653783426951
-0.441973671600905
-0.550116597054971
-0.424851393082897
-0.400247439996998
-0.479689667580978
-0.619313039550855
-0.512172433808442
-0.431690684859046
-0.532571646626322
-0.515743288806848
-0.536135712051495
-0.462499904969657
-0.47895295603167
-0.46863157916131
-0.617743372973136
-0.613733556670045
-0.486393793775738
-0.462121114281449
-0.45485636629191
-0.503797402792166
-0.696580341545011
-0.441315816414831
-0.468614482412537
-0.380681216245519
-0.382847137522639
-0.390630143868624
-0.54505654968158
-0.415217297027249
-0.28884461862134
-0.524055637012959
-0.298144333007639
-0.492045999852193
-0.419719134935646
-0.561431876243927
-0.462973177182316
-0.43702553956593
-0.45435624077698
-0.47030766263897
-0.54549820698798
-0.285194219238184
-0.522417345184493
-0.444930706132503
-0.285752272883052
-0.471425876072889
-0.408904528663859
-0.506458628645126
-0.364576242762384
-0.369674610191388
-0.337100202373955
-0.419602920918934
-0.460307071705038
-0.355848808734585
-0.25499295383736
-0.322280229895634
-0.448393767424127
-0.358730845246355
-0.391326960272624
-0.446918318706865
-0.491451725365177
-0.444830374742833
-0.447552573283119
-0.401554995139749
-0.289436975165809
-0.573638673384076
-0.277437568646299
-0.386075398783983
-0.443095072660771
-0.402624085163751
-0.396213805344355
-0.405078895782342
-0.379556137405642
-0.425088454041445
-0.323711238128319
-0.355015902259105
-0.358999065423137
-0.181915107320651
-0.322983149553889
-0.497255583640513
-0.421346951344914
-0.388872277344633
-0.348665270625706
-0.305682820401013
-0.414367978562441
-0.303137415693182
-0.404894457025027
-0.333563934279598
-0.229936523298381
-0.0896636558840657
-0.277154033049647
-0.392241169266267
-0.239378742545552
-0.277943521297413
-0.406758250635671
-0.419646748715084
-0.311422811697632
-0.200723597966711
-0.281722576995333
-0.453122356809026
-0.331636609937122
-0.251270389516736
-0.194645051925059
-0.36741731718341
-0.263289219750483
-0.37065023386184
-0.350218757451518
-0.266040468519286
-0.371711574704692
-0.306665838023565
-0.137232076255402
-0.343672260210446
-0.233963702224236
-0.324242635071357
-0.383258622970145
-0.202529626928908
-0.239258343244981
-0.379804668826131
-0.139130244883422
-0.23267935623176
-0.227630552627531
-0.378254169250931
-0.214931552824779
-0.22851382671228
-0.241835855819745
-0.104342527130607
-0.301385692867354
-0.156533965191205
-0.340022206705485
-0.239249673443997
-0.272934501350468
-0.364848794734635
-0.278423038605097
-0.201583044417053
-0.0540176025529773
-0.321154585572994
-0.259222674592522
-0.270745219865431
-0.307983992302528
-0.262909228578407
-0.178517959770933
-0.121455149320151
-0.312588784490827
-0.179443323012266
-0.137210148578369
-0.300392489647039
-0.242165524593123
-0.249782986444886
-0.154876469639598
-0.239703209693057
-0.247575928901425
-0.220199496382765
-0.294645670049377
-0.265065055037284
-0.325023851356368
-0.0147375708005521
-0.081140605755884
-0.274754068351459
-0.121777411748646
-0.0923922175686845
-0.155384788097791
-0.226987638789999
-0.120971215879412
-0.20803462540682
-0.153549220211478
-0.0456384545744637
0.00221117485454482
-0.184536829097873
-0.147546864376006
-0.242224161921171
-0.162859034207138
-0.112914556458255
-0.237451583861795
-0.0053164191773327
-0.360043914360683
-0.162761718943671
-0.361024631343705
-0.145816453158887
-0.227974548941544
-0.165401428725804
-0.0956465024543164
-0.10250353578816
-0.210118035439157
-0.0717625402706261
-0.101133615027977
-0.158123009275259
-0.259326895862953
-0.0955187062696351
-0.284508736933632
-0.177259544431317
-0.111251405876241
-0.169391882171517
-0.0758955680362802
-0.264662026966261
-0.173352195636311
0.00896457024418999
-0.248392584928694
-0.150999382986985
-0.238888530786675
-0.00787237073364734
-0.0787500348410588
0.0638710912459341
-0.043379537096605
-0.122849131702208
-0.155454795764424
0.00993618661128053
-0.203430663259934
-0.0519287119511669
-0.169559141089677
-0.114709733304445
-0.0832194614757977
-0.0986284560131432
-0.123882738602631
0.0148777257758091
-0.130062613482362
-0.172946078627407
-0.0566621959051586
-0.107796786349289
0.015053045478286
-0.156710031034396
-0.117957616835053
-0.142987540374028
0.0257387175350592
-0.02161877907498
-0.0102294335280546
-0.10977554184174
-0.0935324205846077
-0.0827181381249161
-0.109839594486882
-0.0870671036649863
0.112617384482477
-0.00186292398657849
-0.033658984716528
0.0662821291466571
-0.155232713529418
-0.124608975508659
0.0248121757854559
-0.0767808890135012
-0.00316332016717755
-0.00701008813598373
-0.00734929094828338
-0.100750404747023
-0.103784633440809
0.0264333050148503
0.0363716420605218
0.0195700076762782
-0.0517335861230566
-0.106271713931666
-0.00619362991252384
-0.0160940918734851
-0.0664117371425735
0.0834795509845912
-0.00347744476564306
0.0453448971192242
-0.161138426689683
0.0100812184204529
-0.0797863228626145
-0.068813413637429
-0.119992245320297
0.101108738131558
0.0313055553264127
-0.0282008880665379
-0.0221036788093688
0.147322330861915
0.0718895506872441
0.104727193801943
0.0565079655253095
-0.00428807299863966
0.078951668393916
-0.0649192048487411
-0.129430406336056
0.0676694287643671
0.0618320918566613
0.0139138665166839
-0.0317788665652268
-0.0022214334045311
0.0564403764518477
0.043073729185775
0.0739490322744117
-0.00172021895223234
0.00943321495245568
-0.000842978665571341
0.00219962481733791
0.112511029877802
0.134084167367351
0.125422413705615
0.052659521259243
-0.0107226939129592
0.0468476542785217
0.0919879817695612
0.224967866395814
0.0929853971089352
0.13184559056339
0.0235806481708512
0.0716589908489957
0.101682690384611
0.0823322510661329
0.0975403362521509
0.143904156059447
-0.0548532469596407
0.0991599843264521
0.141834498411221
0.0678177010389983
0.18720770087349
0.183220828462124
0.0785009799077293
-0.0119611505742976
0.191900532999514
0.190667158241921
0.0804820747824455
0.122083823147588
0.287736390357844
0.248359798784998
0.0509678406543346
0.00464929720775789
-0.0419561744303493
0.112856083068794
0.0857461905607219
0.117094466111093
0.14498854641486
0.0484027850391658
0.0416516254131911
0.183723916479917
0.280320240935568
0.131308401698916
0.304767318693282
0.162901624871054
0.112852137869208
0.242526332633413
0.14744209694964
0.0483219986996058
0.313592611641031
0.249180952173179
0.064765135378551
0.169098233734785
0.258149216990062
0.242134854133825
0.114361908696591
0.179936982594937
0.228750062340952
0.129491961701299
0.124038377696265
0.077529362021834
0.350630119080498
0.262950005979037
0.0523951181926341
0.193349613786577
0.19914898332256
0.261075288176105
0.195094968891652
0.125820302712795
0.196495063176412
0.205100320048946
0.311719194010072
0.271752295605772
0.285853435074934
0.172082876969243
0.272778093825167
0.146196060030238
0.183521807534081
0.243065126359449
0.20593056468402
0.271717287536114
0.236928880741358
0.217210058216344
0.174537484538761
0.22070180709792
0.195863074164926
0.232609959495672
0.0343652802648748
0.315428249906287
0.351666922880218
0.282728987730805
0.15595205737582
0.228218317933631
0.316655856017802
0.333218696374484
0.29323320720102
0.135107461125361
0.201281037753763
0.178635119280683
0.218019064145497
0.215668669798026
0.22231541491466
0.255207919583282
0.204638784549882
0.156541538682926
0.209287289297138
0.312366567875856
0.187731897596591
0.22234756264945
0.34465519223178
0.292374586620385
0.188727130305333
0.199954133504466
0.270082554098537
0.38272262801225
0.290901984217617
0.382990672630565
0.266127884581871
0.392151692298579
0.283450777608083
0.408111009554787
0.379383722251248
0.399747397390136
0.181514668867358
0.362916514121796
0.139288691166267
0.386870970185587
0.355708133077513
0.264311052298853
0.342872295526159
0.316275932036659
0.279981756275657
0.298928932233184
0.29850437911944
0.378997891186291
0.292175875496406
0.266544135753266
0.412737682104594
0.288675345069098
0.324137097125777
0.32398439788224
0.11160253375936
0.431316620579346
0.339729650313985
0.429655608300129
0.324762032580032
0.465738288246585
0.21918432289268
0.333926423998235
0.431498145747877
0.312083958994643
0.21467408814814
0.314377226943955
0.251413174470009
0.361927031630421
0.293219745635682
0.402029235292027
0.459849172847113
0.42308581019858
0.46215771686208
0.416260928647141
0.318346413129643
0.327039480160622
0.389340542997973
0.316305349749521
0.521103849922657
0.344496532753198
0.483781464266307
0.552777118188725
0.507463560409501
0.349212170971557
0.508233647164516
0.324277216717671
0.254955620833888
0.358258540039218
0.48125862462837
0.367115977867053
0.301005878664581
0.554734846584556
0.355317011832312
0.392289467738545
0.356366225345409
0.366811649347566
0.27974544081198
0.417708006647239
0.385422853237327
0.345274664320917
0.557105424680763
0.501378891929599
0.382536131222048
0.443078448126171
0.378876885127484
0.454473455409631
0.46140791094127
0.543303630516803
0.474766461255326
0.475724080819847
0.49284678522795
0.552819811252351
0.543936968545357
0.484352062938731
0.626041200545144
0.54015434480705
0.358295348408696
0.395083547388235
0.388075707245458
0.325436028105171
0.498904940586124
0.50609705713837
0.538213488688019
0.473457881168231
0.550944174226386
0.371630326555525
0.417598934492441
0.423672440980947
0.431126464796435
0.571482198662225
0.655304509820006
0.426506042978051
0.582862016701138
0.40504047342152
0.519083680634478
0.477389278300594
0.532819546870284
0.499443311996849
0.423240361439217
0.576029684006339
0.454516446534479
0.605731565596448
0.424002540299386
0.455861805676093
0.530246001902365
0.566085763614315
0.504361743514881
0.522135131285819
0.510087998390951
0.502001547915942
0.274778673805043
0.451144986072768
0.558487579900937
0.404538094979193
0.459976300343456
0.422842132468345
0.599504043123522
0.582381217751903
0.567978020893109
0.510592049874365
0.514054367293538
0.648303483182958
0.477378716410771
0.590801013412123
0.493179021964788
0.517102991311419
0.490570875266969
0.471731688736474
0.512448794808622
0.561804788303301
0.542116251784493
0.577176916760371
0.652637746450721
0.723148723278713
0.570911700459504
0.618213441007196
0.602348548300083
0.677693369954648
0.556449337815263
0.539363751042444
0.618033950133067
0.521160867675529
0.608478127517468
0.743030764270281
0.654626107061105
0.582339319632592
0.630867728320487
0.681134718202456
0.639248635972557
0.463918752747688
0.634844400370962
0.524206018544791
0.659527856385439
0.595078770615943
0.62739293319845
0.746281842605097
0.461063826617175
0.631537884538891
0.560831481873445
0.582377796719236
0.563830098138134
0.805906913667503
0.592680190745618
0.542707154521104
0.604943574114494
0.81834804634376
0.607705636472281
0.564919601214189
0.622634855858376
0.752495536615994
0.600881019018467
0.572915037956141
0.641821855091864
0.640092932631686
0.790207624681801
0.772659483793294
0.682158867484649
0.878141291049127
0.709220159025829
0.551172272236138
0.647169940515634
0.763404399205859
0.740301535126508
0.689897404426605
0.646593596462873
0.649640781530521
0.742168437265055
0.765595331570427
0.969611140195327
0.820417550350568
0.658855385313449
0.704720427942908
0.703504027318303
0.70656223737167
0.71735902337838
0.68706970016336
0.656773253223067
0.696103133422193
0.547248627985811
0.722526942735913
0.657443747528554
0.803609426467719
0.775782554660201
0.691011689041531
0.597288701541219
0.761298959217245
0.896386903273427
0.825291764556863
0.55733150440126
0.625627397674711
0.730481034151117
0.650944411227123
0.675113088334506
0.616483234304989
0.732327418823806
0.598773358875148
0.827638774298157
0.633418285337178
0.811755929849692
0.760034209389493
0.717452081075101
0.791550762737095
0.776668181558908
0.526266144287786
0.554942045440815
0.643541574121866
0.682027381057698
0.888157114525512
0.769231123412804
0.882679825994349
0.815786977133634
0.764887578064991
0.796139120714191
0.867876075804561
0.85963240291092
0.743498660910499
0.781128621506045
0.724977133707061
0.935731038864155
0.745383911503263
0.882657885404459
0.851783524534101
0.799485492829548
0.885049615190104
0.850175391058282
0.864211523729853
0.823567156989115
0.882784646695399
0.799371380529588
0.975103876414827
0.695058125980199
0.79284477330233
0.782494556696264
0.885339960537022
0.953551476446461
0.874550781934174
0.875874079491618
0.907618140225356
0.678676021671548
0.772213621276008
0.866980286644672
0.73664256978611
0.691110351868767
0.985895217144794
0.910652404097112
0.721410572758547
0.962102127150806
0.77769530027972
0.945709987156435
1.05173585638555
0.855508951263369
0.937820267676117
0.62317890932469
0.87978015253684
1.06139239503731
0.786865153723086
0.844006282430503
0.854157721624322
0.91766293484124
0.803778786560935
0.880580716963944
0.967755183308291
0.915742419772118
0.896454272299345
0.937539436493729
0.787934903893526
0.887126567917511
0.992395049535535
0.919876943356236
0.810577759120663
0.812581766249711
0.882626457568723
0.844282150152209
1.0283694573546
0.910450213545776
0.964014174095765
0.944419895612545
0.873705537508217
0.844197957458745
0.935450184461208
0.950233473001353
0.853010596142723
0.920350341259639
0.927934709999192
1.04473992646855
0.848099664751168
0.839978529255981
0.89869233538726
0.958257742644225
0.725193555638118
0.965134822514037
0.818125908104698
0.8838963729761
0.89501367495921
1.018984786671
1.0192352198743
1.00860631674913
0.864236307277414
0.942831036990304
1.00080484205027
0.813537043830709
1.0055893067065
0.926074715808277
1.0262875829228
0.882820747654888
0.821541443484676
0.849508203592519
0.963383822618791
0.981345158406074
0.849369542373843
1.15834332037081
1.10393846962325
0.949060076856922
1.06534949736382
1.06493596975881
0.899571440099503
0.923563994623335
1.12837812567817
1.14375251769036
0.990180496761797
1.00681699123173
1.1037354296059
1.01327920050785
