-0.986197916445483
-0.842893343284615
-0.905197566654666
-0.908910506325617
-0.785458060755703
-0.98627620471341
-0.977598075223477
-0.956255236848309
-0.965049547577406
-0.938336464850976
-0.836111734719824
-0.903254909633564
-0.893573140945305
-1.07531800453111
-0.928276211169629
-0.930022336577508
-1.02654089592052
-0.9148582979327
-0.861928565788023
-1.11639164253605
-0.952372008577943
-0.95823105546089
-0.793084093188317
-0.958188468728811
-0.899737248864343
-0.990631276855103
-0.904985277814156
-0.924930915196034
-0.917303046410446
-0.884331472926028
-0.976113943121765
-1.14856563377754
-0.99492506451926
-0.945322821127907
-0.979491734857098
-0.991928246423854
-0.922015748608907
-0.877807087002173
-1.0920901075652
-0.911548857732073
-0.978034894409162
-0.820858980501813
-0.857517536129406
-0.888291377971516
-0.855825098538859
-0.998862578476497
-0.952142697849432
-1.04778359842318
-0.913838980430009
-0.868633397411479
-0.912153545554395
-0.922443238887673
-1.02559665156081
-0.940299552525207
-0.680115308142462
-0.779569225825949
-1.02117693068545
-0.849838330163275
-0.909945722975059
-0.772243326777074
-0.781869488670177
-0.938910583686121
-0.695301238652768
-0.99224266787244
-0.9871120220991
-0.794709900851105
-0.798983957874841
-0.83579583494767
-0.853965707314716
-0.851342154404114
-0.834634330216822
-1.0465868098954
-0.966122150764024
-0.838981326866679
-0.906976367765223
-0.768459444237867
-1.03462515809838
-0.786803220346342
-0.780169641690345
-0.759688361814057
-0.796246597983004
-0.943605177102071
-0.74734058654812
-0.77575208216786
-0.920972805697344
-0.874652737239114
-0.668917951726961
-0.819737648826625
-0.793042539382713
-0.795928629170215
-0.958209747665546
-0.575334500063275
-0.803106867151823
-0.848604646237905
-0.698301255362274
-0.830957732951361
-0.858641677663681
-0.892793711124153
-0.869460850666087
-0.5838527746266
-0.862868558584107
-0.724046915812254
-0.700922547345283
-0.757506868830729
-0.981457636414889
-0.907985203300641
-0.801806788124656
-0.679353079725706
-0.729468448921043
-0.896497023859934
-0.618198667776898
-0.70779326733438
-0.801192987834568
-0.793733444136241
-0.797036108598231
-0.759616846466782
-0.753835836013393
-0.75005998933326
-0.82393754023853
-0.874129350580739
-0.697510911399751
-0.790377372145664
-0.790343999723065
-0.968983572593666
-0.776865175203585
-0.810255696638501
-0.734066984948885
-0.768425577138094
-0.655898436808375
-0.809473411918216
-0.776087249033647
-0.628667306969707
-0.958941154455858
-0.727821786580674
-0.740345936043859
-0.824284717879273
-0.536679597218666
-0.658252407726837
-0.816122314280641
-0.710564084838076
-0.778797526472805
-0.730955724231359
-0.721910958827348
-0.709815942171556
-0.731941322333744
-0.729710776473595
-0.511980488739871
-0.712255835030851
-0.759668348801738
-0.693336118201608
-0.691530922741883
-0.567876281886636
-0.709283038706033
-0.859541230661368
-0.610821578582378
-0.638285406337837
-0.576992980302842
-0.6246494689421
-0.794568409338978
-0.734708373861294
-0.76275942167975
-0.647715019462689
-0.577233609014117
-0.596298418339918
-0.666959212941227
-0.678487780845281
-0.702239425197663
-0.692444276145969
-0.606969318533203
-0.655142544786704
-0.520946747323586
-0.625993765183309
-0.620981851436419
-0.666435298701957
-0.638340432352119
-0.739103408439389
-0.515468530205139
-0.597575267386275
-0.681639463316505
-0.528108169790262
-0.676179504264911
-0.676110881920928
-0.630899166907775
-0.677980095130918
-0.577822449033475
-0.682226436976703
-0.740582083924485
-0.438365603247705
-0.549067293137226
-0.549048393282996
-0.63494864352004
-0.671381087100593
-0.643467358346073
-0.638744822569347
-0.538843176978695
-0.693307708352635
-0.693874551758701
-0.608061374101257
-0.617992891364244
-0.691965192382543
-0.658202041251446
-0.554898788413148
-0.613948835604969
-0.438909034614762
-0.656775906002534
-0.622279498733472
-0.555093809810297
-0.67910466798329
-0.571262601074998
-0.53954409965261
-0.47069359294317
-0.410843962236938
-0.44369383681569
-0.536980665968401
-0.54920799060551
-0.700915715307475
-0.492314148458988
-0.492396059647669
-0.460002205062352
-0.644585697479454
-0.684776703797039
-0.485238882631568
-0.628063601756407
-0.589665952353494
-0.554451658320629
-0.556672880941679
-0.544730871888943
-0.652027156129968
-0.636060636854159
-0.561905349203425
-0.424767361976515
-0.520887608874669
-0.386545876300838
-0.568702344494488
-0.514339301048079
-0.576231018184581
-0.39842644160598
-0.70581472486496
-0.66649439564171
-0.534678419892831
-0.605624470358259
-0.519676514308478
-0.500398084386534
-0.492128386056621
-0.472274582779876
-0.558385599313865
-0.377654124999382
-0.537897484014966
-0.464441006329874
-0.329511070573479
-0.590178258748032
-0.440830935486143
-0.475205416223158
-0.411411032347725
-0.596745593173403
-0.497516659833757
-0.553451249779645
-0.463714834376791
-0.644874022189401
-0.596777253636204
-0.409794836478765
-0.442591701640255
-0.553667334811783
-0.413974948609614
-0.42156106329173
-0.542827098230538
-0.51525686257256
-0.373574849863697
-0.676268963010531
-0.521129493710612
-0.533633702517804
-0.423349026255608
-0.409625170574441
-0.420249823860108
-0.397416466366023
-0.411784439119375
-0.538858675027061
-0.409304711579628
-0.550205152910154
-0.653968159140926
-0.380123223478187
-0.485400626667033
-0.432715794000763
-0.414851953246036
-0.473646377581189
-0.523601756172066
-0.459666568663872
-0.438703581059867
-0.463826482023873
-0.601861646865574
-0.379926247269458
-0.409714251157929
-0.492374695040094
-0.465559664369856
-0.464958198262204
-0.331244077397208
-0.584080629236746
-0.242748553946763
-0.382549546713681
-0.480038616243038
-0.414733422318987
-0.450412229987599
-0.56779851918219
-0.335844295897428
-0.410799523234156
-0.459414461113716
-0.30355275724935
-0.575130893558047
-0.387754075958256
-0.416212798374213
-0.370380199394098
-0.412690035881295
-0.432915915564318
-0.345668805316671
-0.36202042974083
-0.37174121568707
-0.4416314172588
-0.386596755446498
-0.375950822398141
-0.32876773506271
-0.36138464552522
-0.412186147093282
-0.321682547425315
-0.377168118769511
-0.374390896878091
-0.598521542673748
-0.36884040806735
-0.252608987103383
-0.384081564601202
-0.306362715725289
-0.39141020681491
-0.397729361354444
-0.405637914328835
-0.459724628025684
-0.45542446178661
-0.435415548825959
-0.316245717283696
-0.316493159172422
-0.394760783653276
-0.398307708549587
-0.302144074521261
-0.186663815268686
-0.537535803938567
-0.23422589126427
-0.287864469599991
-0.217358431402218
-0.163928249007279
-0.260857853781528
-0.285817382446653
-0.317608600892118
-0.360579226939636
-0.359446651785245
-0.340607646774648
-0.168049307130962
-0.402130130703684
-0.459214165053422
-0.338443772081859
-0.299070006260092
-0.339928529406688
-0.377513828448661
-0.140030641495435
-0.387816307319531
-0.366823566113217
-0.389051659201777
-0.17805348674211
-0.311988577788668
-0.27327083854654
-0.2881508902601
-0.32868926547234
-0.309114950354086
-0.125471136775153
-0.289553253057567
-0.230032109025119
-0.323139820810682
-0.357940257605891
-0.24899220812766
-0.286927519089959
-0.292387619470346
-0.223387946359382
-0.292162174963649
-0.214384311795386
-0.0631802218317452
-0.106733653959074
-0.162623029844066
-0.308541223438414
-0.225067232134876
-0.191492436536199
-0.195398368607139
-0.0669669494800367
-0.252195179875155
-0.197355008039799
-0.273297858496697
-0.205067840197747
-0.225999018644282
-0.252887180075579
-0.250750239841912
-0.240184401282003
-0.234060773623288
-0.24200975537249
-0.0940978208067492
-0.306097769164267
-0.243406612796048
-0.18901707769952
-0.223802592614305
-0.19784298863562
-0.179725101752215
-0.130068453441931
-0.406446240748782
-0.225249629802328
-0.128616268933455
-0.159519074938265
-0.147668452945223
-0.226853576684272
-0.170176637186674
-0.157479244130803
-0.133985983359801
-0.210172877893007
-0.207963647765679
-0.145408575309623
-0.205703198019412
-0.209978723386208
-0.0828412060814808
-0.103846066537208
-0.149123167971082
-0.12051327635119
-0.181650016743997
0.0373745816452525
-0.265460603577237
-0.219998875144735
-0.142403933398433
-0.102907847020616
-0.209495334613626
-0.163080788376961
0.087226310025618
-0.0610474117088145
-0.210370755047567
-0.195137754297278
-0.153081778079744
-0.0554317993444005
-0.175898135067001
-0.151519831157635
-0.188398969240585
-0.0214970346149203
0.0124359097592077
0.0259466644736495
-0.171339988368258
0.018895008438603
0.0302672220528053
-0.085914090846833
-0.167538412995554
-0.155383217977495
-0.120068553832809
-0.0258419307630044
-0.0876487275273511
0.0595503889306469
-0.141671096796699
-0.113748306705059
0.0110868853145259
-0.0527096294490192
-0.0660443476952289
-0.0214551471770061
-0.134058695190496
-0.207722758828103
-0.0713421419413197
-0.154358230489675
-0.0457119861612699
-0.0613944210077055
-0.216946755069207
-0.0657049305783619
-0.200187193755873
-0.0184727351528982
-0.0335691391311558
-0.0290443277771346
-0.148567820124021
-0.0565977332119327
0.0301804442398679
-0.0938676674935543
-0.00802741105130842
0.107256444455181
0.0119139129902713
-0.0782020059283467
0.0144200393918132
-0.108738158721904
0.0199484822592967
-0.0300647929605787
0.117151225828685
-0.157480410591999
0.011760944838182
-0.0575310770240735
-0.0778077217520964
0.0414297651375678
0.0306558656111584
-0.0647909111326454
0.0271310857844891
0.055718413169931
-0.0887973572289836
0.116817681147086
-0.0513600600862108
0.0805899907145545
-0.0443561165522861
0.00419801715236419
-0.0343540591082624
0.167502801864633
0.0440760445431305
0.0223116449986989
-0.209556125911434
-0.0368249294328015
0.0875997113589921
-0.022291268058667
-0.0564242158295999
0.0819544167403219
0.0656263804322841
0.0929916917139338
0.112268142498055
0.00844363802669424
0.122149199721665
-0.0222404912108099
-0.0170918178465633
0.120748251681036
0.121797752609701
-0.0481767521380782
0.0211588198298633
0.1773086379261
0.109708586464087
0.0480930979246661
0.152680195567513
0.0101914641860038
-0.0248255034357395
0.00629898814104366
0.064587909045597
0.0673132378164218
0.122347610365532
0.238111288685679
0.255228792516431
-0.100767701819201
0.188211663380618
-0.0272986817203798
-0.0236928968251218
0.141224859479407
0.15517725171753
0.0121437511589397
0.227688925833746
0.0116494303049742
0.0333143287290734
-0.0825558332674974
0.16172845575029
0.173663573113286
0.137069774547555
0.0416054414090379
0.0984905468986052
-0.054197093154393
0.00073166941552799
0.0613348833300364
0.254460674710709
0.124816005597446
-0.00808120480261843
0.235237025632295
0.060364999307922
0.0883196030696461
0.233017211723605
0.126676511329201
0.158683616691846
-0.0302960302754796
0.0423038566261311
0.0214974285777263
0.20757658795179
0.0721851267224141
0.203911660120998
-0.00916723099692427
0.131275344349973
0.224956961505664
0.0685485125772243
0.0785616915874476
0.224794260076761
0.235934417832716
0.120208551231184
0.150280167999208
0.138111693555201
0.0929661205752439
0.188823845261026
0.240022174503111
0.200005347174355
0.0766001963150776
0.132509612361138
0.0703039408361643
0.0894947845438167
0.177864568619637
0.270558867063218
0.204056157547288
0.196680538371554
0.0427370465384868
0.203058117936042
0.178268063812791
0.160689732270366
0.168682645636103
0.062118369856896
0.207551777826319
0.21775762057303
0.291955455016011
0.260009102615535
0.259806379919111
0.167241790635724
0.131734017700679
0.145616333993937
0.130066511168596
0.293764827538185
0.195192139651247
0.315478652313526
0.343083635535519
0.389888565146675
0.153138996570996
0.219780466192221
0.257767979725569
0.226538561193696
0.116495288079748
0.239050083187675
0.194002772401543
0.078593362921442
0.289662009249576
0.132458246368584
0.147378485899247
0.252378068822879
0.283090878242128
0.287788253773872
0.418777112708828
0.122552883547176
0.292450958486156
0.289653798066295
0.186298579718634
0.129611797627289
0.202892750136849
0.233726684992044
0.226493271797466
0.339545401278791
0.222631559777632
0.290913344409248
0.408436872045659
0.277471798692002
0.145414423499781
0.188262869865162
0.183674130290836
0.305221719408867
0.256215183995832
0.340436230307767
0.215631206780193
0.288421498459441
0.300115708919812
0.12331471229213
0.251927491885446
0.317472319098641
0.332292661719311
0.154618599687632
0.284592487423346
0.239554917010528
0.451202408411039
0.365204422503268
0.386676541944478
0.526312356849951
0.350223236739533
0.305889815290937
0.241263542413239
0.367433281582687
0.467951085464568
0.313525873266589
0.150325842176151
0.402271807393265
0.396216793748179
0.358753840488835
0.321713952225607
0.233447464256677
0.248711590286241
0.377036109408292
0.323629164293192
0.282449413115293
0.325311867896586
0.497121190132294
0.487573132659795
0.25970006668012
0.30157216623417
0.311837235298821
0.235634460348124
0.351253778141963
0.237441768165129
0.45159513254328
0.352489802079348
0.335017672688546
0.441474681490148
0.415106440533828
0.425367003858147
0.456180481210819
0.516140811952092
0.425410732063755
0.306285820603532
0.353018218915523
0.384253360077269
0.441220105945986
0.36598414714114
0.231841202876057
0.315361930211075
0.411869868023871
0.377795647854849
0.412708240873563
0.4612794800712
0.442259224452407
0.337228324830949
0.450805595608023
0.261359840668193
0.431698886684684
0.397088486980051
0.582282031779324
0.572920402227988
0.399037313031286
0.276515622305181
0.362773500234958
0.478293809889353
0.426782291679097
0.39947670098623
0.401160633853915
0.485005920937031
0.579439244407564
0.462832587444196
0.531868021233546
0.450816960707069
0.260170970463153
0.529460773712906
0.548950138005722
0.48863138188549
0.432103973990905
0.29387775796644
0.286793928916562
0.405391609476536
0.495533233527343
0.437166244382628
0.459788456568644
0.345648546007104
0.375668290514762
0.465628540331927
0.542989831715548
0.493403423644332
0.331103918827762
0.498606198483382
0.376533482167227
0.374057171570342
0.380888810495866
0.53931078373595
0.569982451442385
0.268623367946555
0.399839428343208
0.538074451388278
0.546165325508737
0.490409575715436
0.512857366848702
0.440332070882982
0.470997134493418
0.613802725829195
0.371947699116896
0.622695345290167
0.5162161900557
0.381422069067502
0.440347646596945
0.594548692589262
0.594045951246505
0.541380635079331
0.503209659518922
0.488026246195209
0.606128293988734
0.552279750718301
0.644208742171504
0.595802393510002
0.605117580790445
0.481873880569107
0.495037555609994
0.511918424219831
0.499857127132277
0.773011617568859
0.600421418678879
0.499754704631553
0.39817975195816
0.522818867583188
0.64575444027354
0.500471447031798
0.657213391836593
0.450556359104203
0.602080262087985
0.726972347014347
0.609240676321921
0.592058301717955
0.690713349514424
0.617436200372436
0.574101363764265
0.765558147697724
0.497149617140337
0.633740899670065
0.549963820036013
0.586034640874565
0.565077098663974
0.663512433862402
0.645527420084758
0.625512362400936
0.522538170019943
0.613328011113312
0.497992376104207
0.587900243662569
0.706158426781494
0.608692664949144
0.600344557810582
0.56794963568133
0.525501219636378
0.660405559911316
0.570517239630152
0.826937669114107
0.624862281872015
0.496995697613358
0.607708089673943
0.582059246053704
0.718879446478271
0.555733214695546
0.71183169223166
0.633618080410557
0.773375053336266
0.677157918011322
0.722367982123937
0.630109039503942
0.723515159881817
0.633443047541862
0.556274937112456
0.750138227901273
0.589333204617131
0.685654373248868
0.784077375983489
0.721902069161748
0.733572996673547
0.722755502234905
0.638669292271547
0.512108980993908
0.711704493693465
0.592808975976935
0.594102006736916
0.810137446062947
0.687771097515515
0.527564382692955
0.539788280541732
0.78295322439762
0.523537650789386
0.694477960694997
0.616364277561063
0.870004306357386
0.760081761528298
0.706710790392804
0.70254130064911
0.691392922123023
0.768502997460098
0.835118075354944
0.646499119481072
0.756231326506378
0.824921417733131
0.87068487039559
0.710145487571904
0.789167571667459
0.811033293328787
0.666822937590314
0.827677305162842
0.698604277581384
0.698854780388435
0.70800089160702
0.815582029155243
0.799155737516892
0.675967957253786
0.756831606828439
0.730165216838687
0.695899779119207
0.679055673157497
0.701972159796169
0.883814703766672
0.811128285347643
0.715962329488639
0.806942262521815
0.790160450065299
0.709631489117244
0.770884372242002
0.808379736037355
0.766126537383141
0.869984461334294
0.801479217147359
0.850245579146322
0.870587163638957
0.672791236017355
0.808610899063141
0.788566836588676
0.713698533609275
0.901958339048736
0.733166372572565
0.90092466327669
0.849418230461304
0.95553288546343
0.884137129800563
0.8420034942967
0.719484497394273
0.740512057035562
0.75709576497196
0.861934846563659
0.876232648489876
0.730361985693908
0.891447185108752
0.747324430706224
0.93167113462445
0.903389051198491
0.698723464760773
0.91138586030463
0.742687323831506
0.666909671962194
0.748519299875688
0.74893901171066
0.975678803197274
0.973418733279242
0.928849747804281
0.798327771810202
0.794668142948229
0.746245106107355
0.963091850120705
0.816646161161389
0.87306893575246
0.83248486103173
0.837376466310283
0.7967370270079
0.861561710816803
0.862228752809834
0.822610136436493
0.833207132096098
0.980024981200387
0.753446383472162
1.00019416771227
0.882000041485575
0.819179499175573
0.798214840989358
0.729394105302934
0.723896678592285
0.915008074107233
0.891848733685633
0.885729592959968
1.01961006518056
0.860649302392903
0.906690018252856
0.964676464248799
0.841402877670097
0.79166969705347
0.896888311615966
0.882080219063801
0.932983091369081
0.97994989959171
0.958353438594527
1.05661559847251
0.971989005681812
0.959105204535272
0.879342925794105
0.990394608156865
0.980460934694967
0.901105194395942
1.02067846575348
0.839698340762354
1.1564738642593
0.990197051052389
0.769128316331689
0.977165098308772
0.899301226122921
0.748567719957849
0.899035422685183
0.972100972143909
0.898480803857566
0.826738913721543
1.01323549591746
0.960313185187432
1.01771199561393
0.933077636297611
1.08830911013854
0.806887765282395
0.989210648054487
0.900455492763204
0.847219944878287
0.889015962818302
1.094744173257
0.89850329766541
0.944261626191435
1.00360863350647
0.913517499868094
0.952917089419642
1.07162476033219
0.965865296431612
0.936949064505261
0.909088273131751
0.978207537789405
1.06510949209793
0.986800224605967
1.07607801529255
0.911765479841577
0.955571724471504
1.04601022293635
0.992080714890546
1.02969084821075
1.02205928024667
