-1.04114889369174
-0.96302123647437
-0.86546506594358
-0.951258693337529
-1.09476208183991
-0.89559487261409
-0.91120801892381
-1.07787380306511
-1.05361806308042
-0.878682417643461
-0.841792734017611
-1.11577627964287
-1.00686288441522
-1.03057082653649
-0.870936853937381
-0.977499667674243
-1.16422906445863
-0.936683822844317
-0.962378212503356
-0.837623806528511
-1.0142233920159
-0.873078844814037
-0.919091455900491
-1.02878110403641
-1.05150640699765
-1.1164231080046
-0.937958678227081
-1.14193836447529
-0.95333813078922
-0.848547181261484
-0.975851843835865
-1.05469093502645
-1.02639805237701
-0.853433114720289
-0.956861233734117
-0.989293203342556
-1.06256299480261
-0.85456499412812
-0.928144012075966
-0.956183662078999
-0.904587123503943
-0.873716842632235
-0.817151290857445
-0.844482160743154
-0.950045193888343
-0.951168987208978
-0.992842757262573
-0.929556112311016
-1.01475764322484
-1.04482383441123
-1.00169309235069
-0.860074754167986
-0.903699901151299
-0.867884753118448
-0.928520039480442
-0.891500294804323
-0.866987353177332
-0.998090352026588
-0.757197481219826
-0.921553767982628
-1.07873645543627
-1.00137252604306
-0.700458341074095
-0.854640235510848
-0.75650463766679
-0.816637277822852
-0.786882467765222
-0.756110366419286
-0.849771723184718
-0.928790238733422
-0.93922761450412
-0.889801156993112
-0.863402919946298
-0.871722807585516
-0.875621328424797
-1.02649350994015
-0.758801030365659
-0.846296058364716
-0.975244608261311
-0.725192143480722
-0.876142020262574
-0.812037540890538
-0.756567714296296
-0.777300986684889
-0.82904002470104
-0.861655804284917
-0.835619105667948
-0.804106586423978
-0.86405293267973
-0.820620731688493
-0.880807433519112
-0.865732773040214
-0.756162812452086
-0.741150338667202
-0.778912899671325
-0.839042293200539
-0.842039302783231
-0.731147791091869
-0.785577508385927
-0.869382495157838
-0.926329570682132
-0.751000050363401
-0.817708539319253
-0.940826255669659
-0.773069133951951
-0.818181771601086
-0.841822401387061
-0.741685594107648
-0.800809584750501
-0.89747835821483
-0.736963934521011
-0.710226982785369
-0.784785642389965
-0.768114518110433
-0.745976129687472
-0.679725121831662
-0.712501687062208
-0.834219897644019
-0.868230821147126
-0.797800629253036
-0.726442679296679
-0.66780682932634
-0.804564046395121
-0.68095034193964
-0.743151113231797
-0.5773446289651
-0.606775652205496
-0.783459607974543
-0.745288104098268
-0.805993619573938
-0.682715295057168
-0.700345494109335
-0.801967317453505
-0.744485394988086
-0.65664541170635
-0.830167300144235
-0.809167703819698
-0.818303313000967
-0.733563040377752
-0.67423875754445
-0.74419650113275
-0.863993117158654
-0.748577196853734
-0.807598148347161
-0.734148587524441
-0.796993737624759
-0.709427735199383
-0.664180002661849
-0.51049351969024
-0.718768235314949
-0.705755623118244
-0.704573393652979
-0.725573130158831
-0.629003275525103
-0.608161288496952
-0.644616778996288
-0.736528361209134
-0.733489265168552
-0.686013470993767
-0.761012507430662
-0.875073960933576
-0.539096685003669
-0.727703409849001
-0.744607300496315
-0.72881759235762
-0.655681983194722
-0.700987145805402
-0.666141116813736
-0.725996420495427
-0.664664766307523
-0.680311236640307
-0.608822951698203
-0.601776437826522
-0.629706530052632
-0.693506194926057
-0.529058974825875
-0.880580516909728
-0.693984637553848
-0.734176193684427
-0.659721510270008
-0.658096695847753
-0.640184298298629
-0.647300177912963
-0.688175809141554
-0.534499057111609
-0.734158554999653
-0.577051076901323
-0.45464559641489
-0.605495413636064
-0.569113274659978
-0.560363434396671
-0.673819349198081
-0.617633505617841
-0.652438161016019
-0.635623972243312
-0.700162020018206
-0.675225848441773
-0.644433685843862
-0.563863470466888
-0.586506027941936
-0.661625783896108
-0.6070865109643
-0.72077011905373
-0.55275525875705
-0.587614706362011
-0.610212260249731
-0.544316317962123
-0.675947245217328
-0.738470149565559
-0.742794443631184
-0.628786075351535
-0.664801600371298
-0.659055871658387
-0.435464855384948
-0.475137144193674
-0.646949334204533
-0.447388100895711
-0.60097212943031
-0.438982454218295
-0.72183068428985
-0.64547621867439
-0.564213712601535
-0.608073691975813
-0.471873811667942
-0.485463621851123
-0.627096929074696
-0.586837729888624
-0.488391943410102
-0.355740653989859
-0.557817396316903
-0.416348864673784
-0.506968564740996
-0.689449790434041
-0.413765559496821
-0.432345691937485
-0.541727065840088
-0.342710105179908
-0.737125716313764
-0.565147048092256
-0.640355024160476
-0.568945275373164
-0.517012965195098
-0.582220259331122
-0.391177324525849
-0.548109617321849
-0.534813710369028
-0.586702427254151
-0.468819062894685
-0.654193478197965
-0.651717189830147
-0.526660528593391
-0.494445202535124
-0.619310784322621
-0.436309276244851
-0.48414521491104
-0.532787417954141
-0.644627391268454
-0.44794855112619
-0.48781464337353
-0.483824235300697
-0.580759055750416
-0.464505651789791
-0.280362768327895
-0.65376842626499
-0.459598648806314
-0.569038827786941
-0.386523763179183
-0.495791886814591
-0.455962105568476
-0.541230994771696
-0.45640780171099
-0.292808640429813
-0.59152459998191
-0.540949755359526
-0.454571147079675
-0.580805531842333
-0.407844802534926
-0.552272269444985
-0.498385936711518
-0.470560336666215
-0.60772665883891
-0.52437343926642
-0.345610561269411
-0.486356937285226
-0.367898379434209
-0.411958858128733
-0.302066651066526
-0.606951082802415
-0.533785601832298
-0.407526926060287
-0.399745576780076
-0.505668490184024
-0.223596533462656
-0.382733053923022
-0.238471141982681
-0.434545414359796
-0.408692854270261
-0.479845047795454
-0.510515264280235
-0.345578616776424
-0.46212559639155
-0.255040395067406
-0.330229158444069
-0.440273877407835
-0.461935961863603
-0.371052881217192
-0.233269128431633
-0.388912919685056
-0.454476974252651
-0.458162001175542
-0.413973340840839
-0.349254447074849
-0.292987784857783
-0.427833396917363
-0.464324838476763
-0.280549513304568
-0.39602256470823
-0.342734656850936
-0.456611365474586
-0.319803081583558
-0.366373714176144
-0.431231868379038
-0.417330111843419
-0.446098293179035
-0.31667183884651
-0.31677659827033
-0.369430829006611
-0.490255433977423
-0.342724468794071
-0.165461446409287
-0.291497702011564
-0.230335805230179
-0.447417865627528
-0.286446469005173
-0.0391260689556238
-0.337278345468743
-0.336944653511606
-0.376845725072821
-0.293438626358944
-0.339006296048368
-0.315703814041158
-0.306041173782238
-0.114270998119794
-0.329308754223027
-0.170821521760329
-0.346649223258656
-0.373924934984363
-0.26977338446177
-0.291141834908238
-0.263077762213137
-0.283798676242916
-0.302476806601812
-0.273025634331794
-0.375473026189909
-0.200952290711704
-0.251016892799797
-0.314077173959681
-0.370530152163713
-0.37522648143427
-0.301056775362797
-0.307867890266789
-0.337367098760592
-0.428448533488811
-0.162724412811968
-0.275591926626048
-0.249292792467135
-0.216461651224809
-0.299494394756627
-0.188504567401517
-0.290324414930989
-0.180612276826234
-0.22535914372163
-0.294725585183931
-0.262807697674842
-0.216938396435766
-0.20662155352336
-0.2634812769731
-0.329138632437025
-0.193881273937694
-0.224276487803926
-0.32786327370687
-0.336827199858292
-0.107571097263939
-0.226722673840647
-0.134919893640404
-0.251223781453008
-0.181323278231845
-0.171400583114809
-0.252241945663134
-0.321825951378582
-0.260749410788019
-0.268687052567541
-0.249356306382929
-0.144756632861173
-0.173979290964811
-0.130747380589255
-0.300105916143266
-0.316048030586822
-0.188768610139624
-0.291646767541527
-0.0827566613874528
-0.209025748675877
-0.278073674560007
-0.194240796359747
-0.152578306304554
-0.20505639363445
-0.200442446430308
-0.255272502756353
-0.259128867658984
-0.172626110150304
-0.389027664210102
-0.0556266687776252
-0.21204374406394
-0.282465920550987
-0.143679523613543
-0.0130986472799044
-0.268622507793295
-0.174028106781838
-0.17387409073253
-0.232876317194975
-0.422030316616953
-0.00322961060307637
-0.264430868957418
-0.183076786785975
-0.166650350916743
-0.147876302119244
-0.0753551878784294
-0.305166873727386
-0.173042671404556
-0.135655697526554
-0.107646844740223
-0.273965670753714
-0.143674928411289
0.0649212744311521
-0.257445922007144
-0.194960600188332
-0.297267614537057
-0.110133282343795
-0.168308687204846
-0.162289709718753
-0.0849232815593182
-0.141286217742446
-0.12968738105941
-0.0417663248128446
-0.136525856683283
0.0140064812215411
-0.0696268399919312
-0.0376379451719069
-0.153395041901816
-0.179497898452991
-0.263095345081145
-0.133734312922004
-0.0992801224915131
-0.111616685293088
-0.0621995258195877
-0.0710612288742969
-0.0620959956674582
-0.0720684723884077
-0.100878559220571
-0.072725106203028
-0.0990768955700632
0.128534205788888
-0.147134924094901
-0.133980832706724
-0.0524116745441303
-0.0887875086665075
-0.0510376521781794
0.0324742375635168
-0.132797662568585
-0.0595506376376365
0.0139788326787478
-0.229409347503522
0.0566683743746767
-0.049859848253459
-0.0234547588425162
-0.0723719984465865
-0.119254639202359
0.0143248161404522
-0.193830323103167
0.139626105735949
0.0601318319867368
-0.151570121532603
-0.0857163707171256
0.0527396251156551
-0.11552860498697
0.0244354979192919
0.0129456254882214
-0.145703891066207
-0.0499176808819207
-0.044856547937052
-0.051051590166905
0.0913955924203463
-0.10940074352757
0.0690289491886222
0.0495459733283886
-0.20293272532913
0.0323876276666278
-0.0813196247091431
0.0374385246154024
0.0269523574155674
0.068481161906361
0.105245868472516
0.0529635906908028
-0.028332477633625
0.0199074723318914
-0.0467583004909274
-0.0444790760726562
0.0592909991706698
-0.0392475488093484
-0.0412109118960846
-0.0378067726207743
0.010161965903194
0.0892732623041178
-0.0113174440787836
-0.00754323222670971
-0.0181681241328175
0.219893477275832
0.0517379932876145
-0.0099145988595738
0.0337334419796358
-0.130421514949754
0.0554026081366877
0.0192275375140759
0.0302914691897439
-0.0020762049533403
0.104199577507698
0.27568201346046
0.0604016856293114
0.0907271184629277
0.0282990769714724
0.232195351102592
0.107645804033542
0.0704461025648087
0.148140220972052
0.119758740858626
0.0673998575122148
0.138821418502897
0.107030205311981
0.0175282466163268
-0.0353907971926591
0.0222404973106329
0.0721258247493441
0.105357636291491
0.126741484555813
0.10776806318328
0.052572857671963
0.181406417537296
-0.041501895150946
0.0555546819777057
-0.114587252146468
0.214740245362716
0.10418001015142
0.0128278206881199
0.170299426458463
0.188978027853014
-0.0606308303366524
-0.0297155046759208
0.077306097771413
0.067024150107166
0.181332335088588
0.102334826231266
0.228619153179534
0.0606192560569163
0.0533309368684554
0.0193769050600145
0.107506466709811
0.088977264419032
0.162005282090249
0.155725566531643
0.175335715064741
0.100206157209543
0.206826765011558
0.237917240798928
0.299735579106984
0.163125272531878
0.0439858803429924
0.264495851148699
0.272971198822709
0.0964021838791171
0.158710139351703
0.280067067235911
-0.0554555124040501
0.0269927052375701
0.191648696760931
0.0969721916709294
0.187705078279047
0.085859817848411
0.0584226515985604
0.145863790395615
0.229670191698471
0.089594092192391
0.244952962437443
0.0690585782878926
0.190989145690709
0.124322034590004
0.335395901709377
0.272857551593269
0.353254175749861
0.08730929117546
0.136477889387903
0.11703209254267
0.168821689145745
0.102783937705082
0.261067258240061
0.146847118210933
0.359633988696155
0.184385404650087
0.276974467305562
0.246703295526131
0.230214657221218
0.262930509243427
0.422520783252628
0.0271181424518575
0.197407968247564
0.331261721655901
0.372851292519827
0.119807068427349
0.103909074259589
0.303941528008637
0.274371035390136
0.203364322105984
0.158980903043524
0.391320873891428
0.296304635522264
0.144422757241385
0.275769479999595
0.329376007016411
0.210482579193462
0.227999507342546
0.161489633612833
0.41196539278176
0.226771632181673
0.146748745786202
0.349313106263079
0.317096803191905
0.264734461591727
0.293870862025683
0.226834425974749
0.187192711342075
0.305268473777332
0.229166270238151
0.170856685979705
0.158637687385531
0.248881698128321
0.288629165242689
0.471518069418746
0.364745683700288
0.214567190035797
0.32306076494538
0.167667227441983
0.266558725237054
0.340668988054485
0.317291124824573
0.290609271664186
0.164498430895233
0.400392867702731
0.404779410299026
0.327157735258538
0.31909979225622
0.271812076055711
0.282495661173533
0.298402957046362
0.339096226990203
0.363718145304996
0.176211274654725
0.388133117029356
0.290420280806265
0.331486906741305
0.213294059786183
0.296224192443114
0.260247862136878
0.44596502743165
0.412215687860824
0.258466909237129
0.390594825606094
0.284644163063778
0.396982560241998
0.378732068851899
0.517412829275171
0.435936411699737
0.301127811034213
0.268857979179583
0.333852698731215
0.479609134149602
0.466049494627027
0.395606867401742
0.147374621989797
0.45548255519738
0.325330337299256
0.389230808651742
0.310864144000936
0.436899369848425
0.276962144073209
0.400198753694993
0.366769354057202
0.413127910078005
0.387285756500398
0.467896783304209
0.523481955798662
0.324436121489128
0.419740382667427
0.488295089643962
0.434747139329019
0.471188474556605
0.461395010050651
0.538571026027381
0.352451807681765
0.33629106221662
0.319808339837845
0.432955961529812
0.423555940028231
0.411123363163764
0.421304830773047
0.436790920434879
0.334515312554106
0.397883151717492
0.44585513735815
0.424979165560199
0.354142895478099
0.533379662860518
0.439616405701884
0.353068982184526
0.483993448207749
0.560746073265128
0.488959462526894
0.368477289532085
0.462495267558713
0.449014527896207
0.587331385401795
0.568225040898096
0.466860753355114
0.384179278714388
0.466166352243337
0.392166091924397
0.365663571173616
0.44875228891919
0.428156038664042
0.651248691425486
0.255137723887108
0.397521547304932
0.538401384090499
0.409693855730447
0.393140586717702
0.444095412782792
0.443522746522131
0.439459958392374
0.620220392530871
0.544307107814606
0.434305999649405
0.543895212613378
0.487866187346451
0.393492757540143
0.615396312293703
0.46776393411586
0.439253416751443
0.661393654981462
0.590462187861452
0.561525104751623
0.459272484151923
0.576454076530923
0.595169046749284
0.5307259170201
0.468297852743774
0.580097251186735
0.467504008677782
0.374497081963143
0.54524980282743
0.483344532068384
0.424179526648963
0.631205789605799
0.376936731816512
0.550541260937161
0.520913845037803
0.575032678381436
0.525582333781101
0.546772377179482
0.499703824810871
0.34799674925535
0.613746916377788
0.677254381893636
0.634628370407722
0.561542358297328
0.637649421858004
0.489374124139041
0.589637732807328
0.599497437673995
0.519468850821187
0.569817292455312
0.602994645806186
0.73019465733776
0.628664247774231
0.638404465516427
0.611191210094907
0.533361355085138
0.766461704600211
0.558066717078991
0.498009379411021
0.379364343572699
0.585259440063623
0.646615859676882
0.549397672741223
0.583382149591288
0.588359765675347
0.604084699441105
0.692208734767928
0.605138008477132
0.539671176263533
0.706503747439155
0.669144449674335
0.433183819865409
0.737873341968309
0.702473978130801
0.639862975631095
0.496106062947229
0.667889207006389
0.712914204472602
0.443259953743124
0.49918005445146
0.561458787362757
0.768710194972301
0.801314090540237
0.694872833953983
0.641407889981498
0.534452020470094
0.659662467738845
0.578441356010265
0.66664100458985
0.494016258255691
0.697682278425376
0.617561775507867
0.582764540577678
0.840998711710733
0.828329327774739
0.716769639851519
0.714040230049011
0.534511397020931
0.703315648752406
0.733061431979573
0.679830437551113
0.622843896643988
0.504944910450827
0.581047217607993
0.787364752267324
0.691243683702801
0.648451064075216
0.654878192282448
0.671956989160128
0.741276843163539
0.567266689011782
0.751595012225465
0.687387537796146
0.810712884139603
0.643388383405099
0.724907513252613
0.771859395796507
0.846818599494896
0.625308913127475
0.815350786458664
0.63418819227794
0.775278337240714
0.795198626891075
0.697310271129176
0.66985030964629
0.689234920930391
0.776713164722366
0.68025900531291
0.778022278298613
0.636464223515267
0.814559543650597
0.699000691306123
0.674527524199677
0.744641318230176
0.581929542408598
0.769775580962781
0.576150215053452
0.713323683825115
0.867923338139241
0.710607978070159
0.741158030716824
0.676591911297624
0.757511041291421
0.708071048014231
0.720100098290443
0.784524571885388
0.79815207416824
0.797901788253677
0.62356381836041
0.812699469335712
0.79225936531415
0.712119542392549
0.696487086358078
0.776918277088453
0.828864834425934
0.859074266340409
0.705578965521207
0.87221536644644
0.796865972594267
0.874826633493861
0.568767539240367
0.773681035005128
0.878109798678245
0.695787154026174
0.768013008957008
0.737908127643467
0.895771897725744
0.8241327693134
0.760351642062566
0.885168502705358
0.804736010720214
0.766150027992084
0.779355462355289
0.883838863718732
0.821435198531626
0.871888132614186
0.864772953381982
0.832905226283398
0.847792609866532
0.939109967125824
0.763667487908453
0.787617591599437
0.753711888675571
0.713151057247449
0.998359567030899
0.908350480953088
0.841134482993331
0.953558456538823
0.963881811483693
0.759615005968891
0.841907758332511
0.906317267996927
0.905685363301794
0.732134173396245
0.86757142790134
0.998650025531734
0.97872844745506
0.798587941076828
0.864178450285643
0.93794040705492
0.94019082096958
0.886117714880369
0.915371477529109
0.795380091518743
0.954701816233068
0.948383250383367
0.931251376003135
0.832529898296083
0.786359692046193
1.02987282080449
0.824881573596299
0.790376922825815
0.996095611105817
0.791938927052467
0.827314070668085
0.931871487339942
1.08925151052845
0.947649909041902
0.953315385437176
1.01406025204928
0.9257956951728
0.900045609903394
0.932173423857387
0.883737109091773
0.991436997284661
1.05072542000196
0.939463183024386
0.858405725177654
0.975109080886599
0.931179194066605
0.915517533162463
0.91801465153563
0.857497814707687
0.908384392953428
0.866963720876485
1.12437697005597
0.984702250074121
0.871157237640625
0.949257615317933
0.981100329920412
0.901783081886971
0.991507187607029
0.898545864203135
0.920632323368395
1.07033375353126
0.961853898380273
0.950551013441317
0.954724983555163
0.893034847822424
1.0258192041425
0.983388347906389
0.97719759748403
0.882620588374947
1.02327650718677
1.02943340249027
0.942349010360645
0.995101846258187
0.917586223660025
1.02663627359805
0.892665328123454
1.05922386139359
0.821736531123629
