-1.06721590495583
-0.9825857060301
-0.866053157250777
-0.930760238316509
-1.094865322109
-0.896535326648863
-0.910280963342715
-1.07820839539308
-1.05948410046093
-0.902795214463363
-0.834956671084391
-1.1127186794279
-1.02544933118068
-1.03907697290352
-0.856095536958539
-0.963664095897116
-1.1682772393117
-0.96849794418247
-0.95191828606759
-0.831820353748508
-1.00325784447975
-0.886529178851783
-0.910584770008939
-1.02503200360685
-1.05375194970328
-1.12991296950065
-0.9360689827253
-1.11710604696593
-0.951507456731539
-0.875356667300324
-0.988941135514836
-1.0581785302812
-1.02346300408973
-0.866208999544346
-0.934596273483492
-0.984625132307709
-1.07456682943144
-0.901857366866858
-0.918950526962484
-0.956295506527744
-0.892554602158289
-0.893411708041808
-0.829645223218353
-0.852394305342854
-0.933005386034944
-0.961440122837742
-0.995405325988288
-0.918100378588258
-1.02552802671668
-1.03363696825096
-0.98416293935721
-0.877689496616181
-0.905108745633194
-0.874457514776539
-0.90117252456591
-0.893861237780086
-0.862541267533277
-1.00955435620368
-0.789529389654081
-0.888787062502209
-1.06652153559617
-0.999074011940085
-0.71735627156918
-0.848999928767258
-0.753952703271191
-0.824934971300546
-0.774309046059505
-0.743338895413916
-0.863128563745563
-0.94443358803621
-0.94412104538917
-0.881953153647567
-0.853500444955458
-0.867194299013815
-0.881367357368982
-1.04161392416956
-0.763225154545665
-0.845450269394501
-0.971476538591959
-0.739626444422509
-0.874488708824172
-0.79980360428686
-0.773978288026679
-0.786825935532536
-0.821266715958338
-0.846808607227068
-0.823985137980191
-0.808491622121728
-0.847556382786711
-0.817040530598498
-0.884982374621138
-0.866529339825677
-0.73924809929515
-0.711361892090202
-0.770122795520368
-0.843382218048989
-0.852360249801692
-0.739580200324482
-0.791799574248786
-0.866821385438701
-0.946241474665535
-0.755195983634733
-0.823540167510402
-0.93790701316088
-0.780696088952436
-0.828389052408371
-0.807068995695511
-0.761502175284193
-0.796639178956093
-0.909146351191258
-0.738532984817611
-0.711010722880041
-0.789906193989172
-0.765829664551739
-0.732783636706166
-0.686177601985168
-0.695291869669667
-0.848939225433302
-0.8550332850361
-0.76735761320767
-0.72984903174584
-0.663096364983455
-0.776418159547063
-0.691668555057897
-0.74042780584009
-0.584189897213137
-0.605478343416105
-0.787174091370854
-0.722966464499206
-0.779012823976267
-0.685822630327593
-0.698887833132245
-0.80513059785778
-0.757265690374991
-0.640510266844592
-0.813142212441051
-0.798309625161613
-0.833704128356652
-0.732502894806532
-0.67793688163837
-0.753445995105198
-0.857029011042656
-0.759041719454276
-0.816251121831547
-0.735133771970894
-0.763185225046404
-0.688582727385421
-0.646222476958355
-0.511616416351524
-0.721295526437066
-0.710846736587351
-0.697776678666051
-0.711139111575586
-0.616595972327055
-0.61211115595062
-0.617792777847656
-0.742748231895382
-0.743847310845389
-0.670609425673632
-0.745818542745184
-0.860222622247129
-0.53683725967063
-0.740215724384702
-0.736394107312484
-0.717090254768251
-0.64343341254947
-0.701803176274452
-0.675887087753788
-0.72712915043828
-0.657683745516565
-0.697039766852922
-0.58971724952175
-0.596620475029607
-0.641423089205248
-0.707253900183117
-0.531969686629689
-0.865311741218536
-0.6960096924995
-0.745924856759224
-0.668221314244568
-0.644933206284389
-0.644183459356475
-0.645526000812316
-0.685128103011044
-0.524512024124182
-0.710401439705431
-0.557129854624941
-0.481690944064173
-0.605553855558854
-0.567469789324588
-0.541957965189505
-0.660430566422397
-0.613366969421441
-0.66056725232606
-0.656442788416759
-0.699027737698455
-0.661212826451242
-0.644919061252234
-0.58312489407896
-0.58134674591953
-0.665729651516742
-0.614425687958958
-0.733560663112576
-0.559137466826514
-0.575643462016943
-0.612743974001989
-0.531242096052026
-0.648693392086863
-0.737959163401156
-0.737369986221085
-0.639545887620073
-0.657301524490739
-0.651412855728417
-0.441010246152508
-0.48867774720664
-0.656134774419025
-0.445585314121464
-0.614719478247193
-0.40935101359719
-0.717676014986903
-0.647744842975136
-0.55048588141507
-0.588939200306293
-0.480679738564692
-0.478700093168787
-0.614125289419776
-0.591267405519113
-0.491847055955028
-0.366481066307313
-0.57864093611773
-0.431820236034566
-0.490367774757008
-0.687093651611284
-0.416107104273221
-0.42331989232253
-0.52674192209221
-0.339461387566184
-0.720840253124126
-0.558597387745674
-0.641857578340579
-0.580272498746217
-0.49841396020937
-0.577544533132629
-0.403762125292789
-0.547461579930965
-0.529250791277712
-0.589661028260118
-0.462467171640979
-0.655175856587456
-0.652618854217083
-0.506379761856918
-0.489751081530575
-0.644305537763771
-0.461210576787115
-0.460076882227962
-0.543517598790679
-0.64610940219651
-0.430647777484256
-0.491964783603985
-0.46933588326183
-0.558236420336347
-0.456698859853196
-0.289898601261974
-0.663814587658253
-0.476783992495221
-0.576383626828343
-0.402012075953822
-0.517889499517963
-0.47773423743472
-0.541440146468923
-0.45103773056766
-0.293439202575866
-0.594208394852653
-0.53416210399922
-0.466179984223778
-0.543082297607469
-0.421509531468144
-0.553704928961731
-0.494099831180097
-0.484461677809835
-0.604011638278971
-0.527048971315156
-0.348238493967177
-0.461335119406324
-0.369522009573108
-0.43789244177512
-0.315013475701073
-0.612227424551355
-0.520751508074237
-0.386218104336953
-0.396530395362206
-0.478474028523198
-0.233492140102124
-0.34002023845967
-0.244658997284368
-0.448688165103581
-0.421352321598103
-0.461542263702867
-0.50987464392926
-0.327697731227068
-0.472838878237799
-0.249738902013131
-0.331127098192784
-0.432282926523251
-0.47811603690621
-0.357223232095792
-0.239839994916558
-0.396947154645369
-0.440030048719222
-0.463617728206415
-0.411866648546657
-0.347917621132427
-0.309813647348449
-0.421243828690393
-0.482488430052871
-0.286631963659825
-0.385721485208606
-0.344796267282869
-0.454058747662827
-0.335415121267693
-0.343280840467941
-0.437864961343705
-0.40102740934273
-0.459209987099536
-0.302850841454219
-0.336157964501562
-0.364988365812285
-0.500715561432058
-0.354160124053882
-0.173342793049356
-0.331327177380602
-0.213707510146972
-0.46200927778442
-0.272129877996955
-0.0209633539290415
-0.343148486568476
-0.343952953160248
-0.391609491065179
-0.304166245990319
-0.352171659559774
-0.299226058620759
-0.295190797400217
-0.116404867731646
-0.34407776680571
-0.170266960470406
-0.340009590774008
-0.371369961812126
-0.263991132926504
-0.274129334558182
-0.260261614666505
-0.306553184890777
-0.293277956163397
-0.292709468308468
-0.347419940504408
-0.186969416607407
-0.223873342569291
-0.319022237081309
-0.35930301257879
-0.351421003776563
-0.338737686325007
-0.313731639114859
-0.349369672223828
-0.42674250078267
-0.164077558842951
-0.275429443256956
-0.249901871469885
-0.235922904364491
-0.262076051849417
-0.192404955606217
-0.292874789417499
-0.168771886522538
-0.226530032889535
-0.275182827499855
-0.254472362887844
-0.229733412158923
-0.196435603644958
-0.270121038258779
-0.342542003393669
-0.176918959910187
-0.24122975426167
-0.334453063242134
-0.31931318135804
-0.108013223395626
-0.20921975419692
-0.151696141331678
-0.220806431164067
-0.198591651731567
-0.172039128129522
-0.25485368704461
-0.334028999613891
-0.295951681011108
-0.288664395101673
-0.219154182714222
-0.136823252742167
-0.177684950691488
-0.139470992872049
-0.292962632694925
-0.294308531917124
-0.185626427876333
-0.266685224756547
-0.094626485151404
-0.2034471714413
-0.290377033274321
-0.184776092226726
-0.154356742191529
-0.206871544429413
-0.20154900052696
-0.254015597198346
-0.27580949541581
-0.18577789686817
-0.363506482055708
-0.0624398835332157
-0.19115340368557
-0.268236238933085
-0.159006979902079
-0.0183930745396679
-0.241328598564241
-0.161490143035709
-0.164605668169774
-0.226090218753839
-0.437941217850999
0.0068991761401252
-0.269732332053081
-0.185723731727923
-0.175957296970812
-0.122751081361181
-0.09473633235337
-0.301687666677063
-0.199804587978285
-0.140521658796082
-0.107570095777781
-0.257924839623907
-0.13527109650879
0.0164805560305056
-0.247725698710121
-0.185008992250819
-0.312107609839318
-0.11961047564577
-0.166605539641471
-0.116324530113933
-0.0784831022816197
-0.13670693919036
-0.143706752211503
-0.0579125970202488
-0.127838799834999
0.026399952696314
-0.0589988255374098
-0.0381826779908609
-0.166685514691389
-0.187150990339315
-0.262006970342631
-0.119225261531109
-0.0991392913873325
-0.106727271505148
-0.0517405773247937
-0.0775538531638979
-0.0611474133190398
-0.0715605665239675
-0.0979256290202205
-0.0762146589080716
-0.0720781918847686
0.151316419973913
-0.160754334516035
-0.13387464729373
-0.0676061761795875
-0.0977667621893881
-0.035238816374218
0.0452213289711944
-0.143151014426407
-0.0585677201419273
0.0188225281109889
-0.237195836198325
0.0629994505991474
-0.0705000746302627
-0.0219756867035258
-0.0697674292644348
-0.1283998967174
0.0221045806124308
-0.206146658113698
0.132186208748739
0.0458272028678833
-0.163057611715111
-0.084075562888916
0.0755870394470627
-0.0925315418482712
0.0287290898939848
0.00384992695481747
-0.137694708110532
-0.0539024787550851
-0.0424188957012704
-0.0297954179126941
0.0715912626599171
-0.0957969238057082
0.0677867492207104
0.034773044981891
-0.216472276802066
0.0434171981378909
-0.049851277534641
0.0278859601622081
0.0494051186867302
0.0666017987690277
0.11295621630601
0.0371837621552237
-0.0307008587583133
0.0352692720547079
-0.037075683536548
-0.0263787207486921
0.039895766389779
-0.0481815865360642
-0.0534078470705752
-0.0464254977700081
0.012116856425115
0.0761393745971189
-0.0164863404911129
-0.00113420061260928
-0.0140737654428748
0.210342535216425
0.057077719223832
-0.0222540859232595
0.019809957013009
-0.137542566879599
0.047539941759756
0.00426086148490243
0.022769641251037
0.0106788797440516
0.120462980290861
0.248876396755948
0.0755976021518202
0.0927298406613286
0.0272463425951966
0.243086225573928
0.109161832495529
0.0688095707578199
0.13518000688549
0.113350756078962
0.0679764840453696
0.12987007685723
0.112799296427404
0.0235609621948058
-0.0443230521217323
0.0181916507128763
0.0626918309404966
0.10846589820568
0.149080635559441
0.0997160646623177
0.0579637666896624
0.191413819415022
-0.0417158573571772
0.0491330500129301
-0.0904581676323708
0.244356143683525
0.10005320964479
0.0130041030076
0.167679298774739
0.173082815291571
-0.0601125709979002
-0.0406290148412255
0.100108214477218
0.0535422637227296
0.195652254719642
0.109929181476009
0.226451590862201
0.0698824970935533
0.0495284604636841
0.0059960703278247
0.0878871431177474
0.102222858982003
0.152417750233564
0.152623867170663
0.188083120514501
0.103234980224393
0.215421859655685
0.241183606610118
0.269291917786276
0.139503691259609
0.052725509471372
0.253262274770063
0.258788391350516
0.108943230933141
0.16251347264303
0.299437405415902
-0.0669929295585908
0.0344536882525818
0.185249139833687
0.0994959977235709
0.19568794943638
0.0814002763097023
0.0575385680876247
0.147108166369335
0.228776949618503
0.108421529940108
0.261563625821161
0.0680872411657144
0.165791494604357
0.152402153539102
0.321484042580337
0.287935873748426
0.343439294500443
0.0936209373610533
0.157103312200236
0.123043566328613
0.15262631427845
0.118699246868695
0.239926700612061
0.149687095912618
0.375603613978096
0.182303117649838
0.299851703291953
0.251415807482731
0.220293661169522
0.284266737242317
0.427337255022049
0.0447079593507183
0.194518662863678
0.32273541179378
0.363133994410581
0.140172305886162
0.100503398993549
0.306852647966801
0.292630852536409
0.197621879343773
0.166093575916481
0.387997868964837
0.306310197380364
0.16056743152735
0.255883667139663
0.32376126898944
0.193746722288066
0.213749345082658
0.184970910472339
0.425423948658318
0.242750460971779
0.16672979465955
0.35503438018611
0.305549882098895
0.263289434890179
0.273583012986027
0.2367410518391
0.182849828281871
0.324578516079645
0.231739640562158
0.155369742915163
0.165931902978801
0.253313407066685
0.256694188836372
0.454167348505033
0.355880919058425
0.185161218349434
0.338669885092095
0.173473568684529
0.2835898733279
0.335412642113112
0.314743095472458
0.285320439154854
0.137857166057169
0.411502674282494
0.407206466443202
0.326368220697503
0.323665900585037
0.301887727178891
0.292720514804913
0.319625349348991
0.337189766035637
0.360806628919571
0.185298209527128
0.3908848418745
0.26594425291886
0.348176540266245
0.207994644768094
0.263518763527959
0.262527323148752
0.436734859638679
0.421460356519815
0.260032019424599
0.384055827440568
0.263011378590338
0.413327662464132
0.373235343302206
0.500944142895469
0.43174837527948
0.296223777578472
0.278685949548595
0.32486214331133
0.461647614892913
0.480264625678139
0.368620803024479
0.134936193547401
0.478133766149738
0.320631428287273
0.361571664868851
0.311137662315448
0.433350052027376
0.30145079332339
0.429713721831014
0.359907811222164
0.40031913802767
0.411627418788012
0.487377885662802
0.526432573329769
0.328383931985406
0.433990006263226
0.481542003890621
0.437491744730944
0.469272395589185
0.475421658921616
0.527404882328212
0.35263616167479
0.321039301758847
0.339848003803134
0.428996441271581
0.460461144683441
0.420748058405796
0.399791451548696
0.434406697657608
0.291977595951811
0.397359643366527
0.448197361141576
0.414568348559336
0.351092792425535
0.533914260418712
0.439929961901082
0.351136460432156
0.484219526005232
0.573144378191745
0.496752330187655
0.371496494059236
0.482792921244367
0.454196517552242
0.607879439541598
0.595351915189899
0.459384486313641
0.382512090379538
0.472761718508277
0.422264334167148
0.348434282119779
0.434214961787295
0.444485779177812
0.653812235536044
0.238323863771743
0.397816894020032
0.512703315331521
0.40603326558586
0.399244461411544
0.434825176587428
0.431273130292881
0.429824334483318
0.619431584279318
0.51572223913492
0.43136573496029
0.55107693949573
0.490173479993698
0.389109035227394
0.612624798936522
0.481061879328821
0.396802070014192
0.660977580435143
0.618118218707529
0.547181732553891
0.470384366742804
0.545718810623504
0.573544028954897
0.543581673677752
0.482026624700322
0.566597771898699
0.477579439938701
0.390970694721185
0.562843895285758
0.480689811882418
0.45245511544537
0.628182910738153
0.387772605353774
0.562022276073807
0.504413431405313
0.590764981048091
0.510369122224685
0.540019787251719
0.507400366582076
0.351882208562923
0.612882508420278
0.6720973862061
0.613150144620701
0.563758181232369
0.64872112665429
0.48864636734996
0.586654563127532
0.613411179718615
0.492573854475222
0.582243201368657
0.587110947786292
0.761493419881243
0.637412793019755
0.625722867715745
0.620051472641218
0.515721467217649
0.766043533992958
0.553368220760822
0.4999896229754
0.356449759784183
0.607882580418434
0.632903130941856
0.559249503564032
0.583428422066851
0.573406205956698
0.594207677987345
0.701074047027083
0.601178397928134
0.544515977390693
0.696464665332739
0.67711089223273
0.426064294507527
0.73912118098762
0.703247963853332
0.615491321636891
0.492978823337105
0.685665277819864
0.709872069755415
0.448914196767142
0.512979229912484
0.553095666388251
0.764758165869018
0.80022998148514
0.685233364165891
0.643782252381967
0.522334953111475
0.675446114928708
0.579577905084901
0.658629771145587
0.51875867641772
0.700474041308601
0.607850202068571
0.599440440872227
0.842603147609766
0.832297341321516
0.739516451073625
0.731167140216927
0.546610478892643
0.699492456089801
0.735040874177408
0.676853574976356
0.614201887932701
0.518187500046693
0.590577756354995
0.77770025703554
0.707119319160105
0.628047699551729
0.659312743203547
0.65477461769608
0.709644036567133
0.581463409672157
0.747912069617564
0.678714452217233
0.786446381049608
0.648134084487253
0.741237948573251
0.771984881430867
0.832995611526608
0.649563240896189
0.806532289215292
0.682921891506996
0.75015979398393
0.80185184312623
0.701772741191146
0.667297119652305
0.680583570316333
0.755435234312646
0.676872815066486
0.778376493602847
0.633078573335037
0.858056516160648
0.685449336766303
0.67661894622549
0.766297843455256
0.580369797183419
0.785453030466289
0.568769599898509
0.728916882005756
0.872574948440563
0.714851347588988
0.762494786746391
0.673706869744205
0.780246740335891
0.713164978591472
0.706452555844998
0.784349775417759
0.801901883622238
0.801978533864624
0.598949174032248
0.809961399910719
0.804629279145366
0.689573700316205
0.715458991734561
0.787333168418591
0.804914046266525
0.84323916181882
0.725013842181111
0.892641194452863
0.807962470177117
0.88643056622918
0.56063362130833
0.775001517697971
0.862745620035176
0.676475966791585
0.77265063950253
0.746862333109899
0.882232388405776
0.83146317035982
0.764140754417493
0.88399302892833
0.835402467327802
0.784413083121229
0.778853800624783
0.892499891576409
0.813619818295348
0.876482725474414
0.8679028922359
0.828608981529283
0.842468801973604
0.914493904574709
0.768617183732034
0.791147338450757
0.755597278360878
0.726727696312653
0.992701397867854
0.918114995756801
0.858917464760339
0.938652943208691
0.945104392214
0.764396676238708
0.840634510756145
0.90306228582047
0.917885342622387
0.778852729359618
0.859761876633335
0.975440435667851
1.00705272862039
0.785596518636966
0.858959144834977
0.93819016018569
0.943597262699813
0.887401809895011
0.89843264616347
0.768917733522039
0.969313361499098
0.96977758025139
0.919978873086395
0.828304452239161
0.788288959447643
1.03262592921169
0.844012246671095
0.814335174849656
1.00395458376343
0.769831511811767
0.828839344479756
0.934129209355489
1.08466606366812
0.941392889367884
0.953054767440032
1.00880831498361
0.924502683629857
0.914929697067059
0.925335279997145
0.87263137053067
0.973364482105831
1.02355751439995
0.940872218057777
0.848036865832043
0.983622527227797
0.93241364660227
0.91638069910959
0.902994761263535
0.883996563833141
0.880369709791247
0.849893109932145
1.11796447311307
0.989002540625141
0.853451993884426
0.955555466217523
0.967387586570227
0.917340618693098
1.00406042443107
0.912145192021052
0.942147199918163
1.07115339263951
0.959115419788575
0.952805164253903
0.960521535019094
0.871951415888006
1.03758075557525
0.994006384982522
0.989265344825661
0.901976423646995
1.01323431768355
1.0212051809064
0.944404269387012
0.983117702832223
0.928319501825064
1.05293367469861
0.899307830236814
1.0645089139838
0.830896361179392
