-1.00201223842939
-0.863155642670151
-0.868106789652666
-0.91451298314507
-0.802488597188053
-0.983928333374878
-0.99165592062628
-0.962774195068142
-0.9673313409601
-0.934225704867848
-0.856838280335816
-0.895194790255637
-0.894509927316494
-1.0611760661779
-0.92095183717449
-0.926121453967754
-1.01746642160166
-0.930897197603411
-0.86417076010826
-1.09621522292566
-0.957111919386612
-0.947366348919265
-0.803062166605341
-0.934652373133234
-0.906041581451709
-0.997194230141151
-0.903597131291981
-0.904720042125988
-0.91778305184767
-0.897027763516068
-0.976644413808279
-1.1516806379631
-1.01316829368857
-0.936727662622904
-0.970322625371353
-0.992505421795911
-0.904971454180454
-0.881085964231644
-1.08861972103789
-0.900936924904903
-0.96825615636661
-0.821730620026496
-0.867171090630917
-0.882260321057202
-0.832111472050165
-0.98695373808542
-0.973093171068679
-1.04384713175903
-0.912736008080456
-0.847587238117337
-0.909111890019995
-0.930957497636744
-1.04236504322389
-0.937112997021825
-0.681649501184217
-0.803735416895363
-0.997880972915272
-0.861131735120679
-0.916367666430872
-0.785407740121588
-0.776463661676111
-0.945707674199086
-0.686628994947204
-0.987315360412873
-0.991499975331651
-0.818862987099605
-0.786840607645474
-0.874379030698409
-0.867739989405132
-0.831396366930312
-0.832100548020805
-1.05008950099783
-0.949642926531043
-0.821924569934759
-0.900214927312617
-0.754903527691072
-1.03384519730199
-0.768299525237367
-0.789108802285983
-0.747901872032104
-0.774654777334181
-0.92956897238493
-0.770155048786253
-0.784611661336671
-0.901562368191294
-0.875479048291093
-0.656242210393982
-0.82589947987782
-0.781818091055001
-0.790521599013569
-0.952513241144991
-0.586616799960598
-0.786660319739608
-0.826803720554792
-0.710104768348041
-0.818817554712468
-0.873197599707249
-0.8835536699158
-0.867411182195524
-0.600342651192031
-0.874308552453124
-0.712761060613022
-0.713951406415455
-0.738977285016419
-0.97507757490404
-0.92236245142137
-0.775766712417462
-0.669715430264289
-0.724849509380767
-0.902889892366369
-0.616185090057117
-0.700556505833207
-0.76698881698149
-0.777783004082173
-0.80928902787089
-0.749981348261972
-0.746841478216333
-0.744561219651061
-0.788592763181785
-0.865455705105117
-0.735510909836324
-0.795349716576266
-0.787726679770035
-0.935758258924469
-0.773000103143997
-0.804390438510414
-0.767945505552526
-0.745899255285952
-0.636005468047011
-0.824723710126947
-0.776938485984038
-0.622914752172411
-0.950749935414452
-0.717374252329606
-0.749184920764342
-0.832465408059198
-0.549311894616943
-0.67360267547937
-0.813360778399444
-0.699312505218736
-0.775794151064593
-0.72962834599273
-0.729563158691085
-0.728162727131369
-0.717317258068537
-0.727046471380788
-0.508195730705907
-0.713181033270882
-0.777203979128261
-0.689895676313179
-0.655698039011307
-0.570592149934305
-0.717001283735222
-0.89806348596891
-0.615717479854138
-0.644208793863653
-0.603107360909954
-0.618593647526402
-0.799429197261924
-0.737450431060621
-0.780920251508473
-0.643071634072332
-0.572850722119749
-0.590681265491765
-0.671607027560072
-0.698135027991478
-0.696011507268662
-0.680773870546695
-0.592449834622641
-0.646763453462996
-0.529389785260119
-0.629217762265267
-0.620953249524943
-0.661568139737129
-0.632587535782695
-0.745859439728997
-0.523391203301701
-0.606262701057168
-0.687584351194371
-0.520833384223155
-0.679143269410615
-0.647800852804762
-0.628665850448769
-0.677203618880244
-0.554761050293956
-0.695519957674193
-0.73221173267216
-0.434759870605429
-0.538902181350312
-0.552364026378877
-0.637637072368123
-0.658268292815623
-0.651439687927956
-0.623731404031548
-0.549757603004789
-0.691887811208612
-0.679118735285488
-0.60017168234238
-0.638080731846589
-0.697319640482762
-0.653205733894747
-0.539037071943221
-0.616820479851386
-0.452483153816733
-0.658806136564907
-0.633502219597706
-0.561551017292396
-0.682092574311448
-0.577244449831695
-0.538439235382764
-0.466716230102787
-0.428123920470676
-0.470190387846584
-0.527206255860318
-0.570607373319454
-0.726018242679837
-0.474613126680108
-0.509116973478644
-0.476413853031354
-0.644078035801712
-0.701761810811104
-0.497081151990166
-0.599262442485386
-0.578022779231753
-0.55133165799687
-0.566166896897352
-0.537981038897796
-0.619487590771579
-0.633902873051505
-0.545606518060578
-0.422394699183666
-0.508062474096272
-0.375448262345165
-0.559811571365423
-0.511638874574185
-0.558200734712365
-0.399508683989647
-0.721916032328962
-0.649261890471833
-0.526083422864408
-0.589822811697184
-0.533490541033295
-0.514508848900099
-0.479898310414568
-0.493569418080764
-0.574720390002033
-0.375133473776598
-0.522279008795369
-0.458598333333377
-0.341916375754548
-0.573954758517797
-0.412873115520738
-0.451942657885043
-0.413876485564612
-0.603326956946024
-0.509364533288231
-0.566435861036704
-0.460342080597722
-0.643316428078304
-0.578133453255301
-0.421390753858184
-0.448446815370985
-0.551634599719264
-0.423866510775906
-0.427478394518404
-0.530041998592949
-0.517130606845247
-0.378624017593815
-0.661719462701503
-0.500795172474656
-0.506263958989836
-0.438150846133342
-0.422998700091992
-0.414261591170579
-0.388215475706129
-0.427253167123643
-0.521228042621176
-0.396698520608096
-0.522987277585906
-0.630846483790136
-0.398097395466912
-0.497138043672005
-0.430697086926691
-0.390741097334234
-0.471070175740057
-0.514199633452011
-0.468037949845066
-0.442420974893333
-0.474649427357294
-0.600604930592407
-0.385827166294348
-0.419354510193339
-0.48623556946048
-0.456801486402409
-0.475626935337911
-0.338594549333024
-0.559313406436561
-0.261764015622941
-0.388440642944003
-0.474673732284724
-0.408302626350954
-0.445416991441474
-0.554804143615377
-0.347989075373685
-0.42686168708482
-0.426846521954445
-0.319203443082521
-0.563027561154054
-0.387876780521984
-0.403128142126032
-0.379352540605161
-0.405489819988107
-0.466640433918606
-0.342523824733158
-0.372245989976622
-0.396142367937778
-0.423408238486985
-0.407592996065571
-0.388711931609045
-0.3469463163609
-0.38746246536611
-0.393466634601887
-0.300260235089561
-0.368241417920808
-0.379687610665695
-0.570195739059498
-0.346463151521487
-0.269406677757194
-0.402508829591029
-0.330869961418058
-0.38172153746475
-0.40170169015708
-0.402447385314528
-0.438833586931579
-0.449297595982781
-0.448437034267441
-0.31247600438948
-0.302081434825466
-0.408833670048675
-0.391842741582772
-0.301144187585744
-0.16860222348645
-0.548334604035516
-0.241943634974622
-0.297896846621566
-0.20820937442206
-0.161582398913769
-0.259493475936488
-0.289419863226951
-0.33990505420588
-0.356302523704638
-0.361388957868672
-0.331311276367778
-0.146760253879474
-0.39200575076479
-0.474192317328144
-0.321751857329343
-0.308928525681393
-0.320032945638008
-0.408630108897208
-0.137700974455033
-0.387692633962872
-0.359397288391868
-0.391393539456205
-0.187981359463665
-0.289005337872406
-0.275574132221771
-0.285960325576074
-0.34426967385074
-0.287555284866996
-0.122509062701615
-0.284127092548696
-0.236009346384224
-0.300622106368968
-0.387148002061121
-0.226400908437755
-0.293184849519556
-0.291872501166531
-0.203012404613489
-0.304886015840334
-0.205812089519126
-0.0759118387737057
-0.090273961500269
-0.150850778977678
-0.327778592939326
-0.234643872213861
-0.201897029176548
-0.192268142491397
-0.0683754389894565
-0.246084764268879
-0.202391270902287
-0.279332991610202
-0.211287910591352
-0.229524047119915
-0.235666258966585
-0.236583546598544
-0.242781897586439
-0.236644678179277
-0.24383100920532
-0.0738206640368363
-0.291548659205042
-0.255855022497028
-0.187778876511344
-0.230818390617481
-0.21446112198017
-0.197085984757662
-0.12139319877636
-0.414807250476483
-0.223753047023229
-0.161416870471285
-0.147236483488427
-0.158963986205824
-0.207866017800912
-0.182014189844142
-0.167918652116674
-0.129104221734339
-0.231389384000241
-0.219074139783581
-0.124578016585981
-0.216097634986668
-0.198693764135877
-0.086056783875687
-0.124018680118056
-0.142340463047778
-0.129249664494347
-0.202678058589301
0.0400183784028175
-0.258535767770448
-0.224292897013583
-0.138411379143987
-0.124156579308302
-0.225980496395393
-0.155695553199488
0.0867623715639933
-0.0726987620338679
-0.20914973439399
-0.199625715302667
-0.134562418799481
-0.0610198442707566
-0.16691531968844
-0.18245213067632
-0.167339809360412
-0.0335955001118679
-0.00157655888855399
0.00800251648551678
-0.165698757059762
0.0116789607492119
0.0281906750202124
-0.0820586769900187
-0.176732100778864
-0.178653522608017
-0.136704150193234
-0.0441311598292281
-0.0966769744391301
0.0796773388106566
-0.128173990384804
-0.125608421857374
0.00983790682249294
-0.0441493805137894
-0.0771152682821572
-0.0409523007829027
-0.142592770726033
-0.213868615723125
-0.080692337030188
-0.147503382101728
-0.0597836506173096
-0.0717989075355676
-0.240732553810582
-0.0607622904517145
-0.182740875747864
-0.025075581388453
-0.0247319563914412
-0.0387810907185217
-0.144782481954975
-0.0500097957691904
0.0339888059869982
-0.0984009684336033
-0.0214929294783204
0.0790968581428707
0.00402112700915098
-0.0610126652902361
0.0259413815097836
-0.128121357213836
0.0361665230164476
-0.0249911944463318
0.145713885572143
-0.152326921026859
0.0137684930461032
-0.0661429609956427
-0.072580968574275
0.0342611834247292
0.0387839348663609
-0.0778899021122921
0.0302595251419724
0.0584288394468025
-0.0975918365076307
0.102208199905708
-0.0396085197776781
0.0891321483763342
-0.0342892922463721
-0.025463562164903
-0.0323623507262197
0.141521882753776
0.0399844931227394
0.0194855576864958
-0.186539485009454
-0.0463643250271426
0.0723186503859615
-0.0240648835128287
-0.0545905177072089
0.0741226339748825
0.0774905005120579
0.0886334083291234
0.140423922625566
0.00463316804594332
0.116234430566727
-0.0213466077416677
-0.00793052807145179
0.124645199871529
0.109863310827636
-0.0290829425197459
0.0461368828722481
0.148792543190034
0.0976594699875387
0.0401991567834817
0.145200816442954
-0.00396833613492488
-0.0162374118772125
0.000390426755372782
0.0716556445202087
0.0623552614941626
0.155180080159651
0.213240717107483
0.247165762234043
-0.0852223156072392
0.188124931575621
-0.0330850806811011
0.00300511993460868
0.104952465314478
0.181511237571656
0.0392728276506161
0.217674260381262
0.0215448971027125
0.0299377593957729
-0.0797154941700348
0.151028925303805
0.172312131991716
0.138063482908089
0.0487449312174533
0.0879036059376175
-0.0586949308793598
0.00771302494611933
0.0702329109911015
0.273176084037615
0.122475390261185
-0.0188470473486588
0.248747281146013
0.0681914844349204
0.0785918410271404
0.21953856109513
0.132548948957632
0.170366027277131
-0.0465542113781398
0.0356996209112969
0.0331730979825501
0.220316587571074
0.0882644555529523
0.21710868496102
-0.00324849780211905
0.108018083822625
0.242554701500237
0.0959621252256977
0.0951442243357801
0.234598869541621
0.214489177719834
0.135115659119656
0.153426294159772
0.128889569016679
0.113741292487029
0.186658433552453
0.215270001682122
0.222224265210725
0.0884538225113528
0.125889084126446
0.0890960095178058
0.100948772977298
0.178492690842419
0.277594265508103
0.192100385111737
0.195194123697584
0.0429998556503101
0.216004035797402
0.182264150886284
0.161392644241027
0.174678322114328
0.0712819096686459
0.219872605682538
0.238553344609589
0.317024639245686
0.285628612857417
0.285369733860803
0.135247560193414
0.15341027383795
0.153614193373083
0.137905555890272
0.312907451937513
0.193909926682602
0.309671420626818
0.33408714855744
0.387631252819997
0.141786937351492
0.229974323994569
0.261997068824486
0.228185556915912
0.0891109145280048
0.256631512724448
0.190882484701241
0.0678861279632357
0.273782254912036
0.111832840067066
0.156808768081458
0.261659008673978
0.281797757863285
0.283772924045281
0.408258982915636
0.0951780479843767
0.311394419092768
0.303707945503375
0.187630159207041
0.100101733656329
0.202111203512288
0.267357204488222
0.230459846123723
0.336051146786557
0.220468412669961
0.293737700614512
0.397724539714102
0.266882223982638
0.128321547678365
0.185559142526406
0.180038775061555
0.302731689119066
0.23568885655706
0.349617383896576
0.232495698536798
0.293254174674467
0.278999222037422
0.152010852105833
0.281285804085588
0.314299399554881
0.345811733204874
0.137184108912103
0.283942805864251
0.25510465811859
0.463415045763446
0.360566405578328
0.376001232100275
0.52711527507436
0.350666851288171
0.314012810938534
0.227741219357098
0.348192572673605
0.469481235157575
0.285763299031543
0.171159440330117
0.380959742775236
0.379445556873735
0.36497755339456
0.306162739631415
0.212408789923076
0.239727411425512
0.360282106730765
0.320620304349689
0.286723829338928
0.331814458423928
0.497048205172613
0.470142608665107
0.275834718136067
0.282741098127323
0.30878105620065
0.252970007730734
0.356335887771285
0.243522314923243
0.444228888110599
0.363648376213836
0.342797709078944
0.434187985879021
0.440765355878279
0.410909373214991
0.478748315906373
0.534486573511167
0.425054578517921
0.309355607195726
0.382330829399881
0.376484997481489
0.434861583849628
0.354210987995945
0.204822587234467
0.306124738770612
0.441069188439672
0.361685758278196
0.443660801578263
0.444313150938052
0.44609347233074
0.348516609675235
0.451710591645322
0.269682079911229
0.433774943867573
0.37539092496317
0.61149500564534
0.560306151989976
0.397829813217277
0.289280705840524
0.362458456562915
0.472926250828797
0.448024939365082
0.411284834634321
0.391092479871344
0.482644025646035
0.587792484138552
0.464094488164801
0.533034586814803
0.442275622200195
0.278031728051365
0.532359025978793
0.529907722122678
0.478002656410634
0.414653396214348
0.286127277521992
0.311029677122203
0.370789777298225
0.505536145783794
0.453304462622682
0.434676463144535
0.344473390996822
0.369939393054961
0.454615537250938
0.535408160725758
0.518906192403977
0.311955141333011
0.482931285522828
0.381523565822832
0.371430541296086
0.37166395152178
0.556163873668766
0.567795014100608
0.289178472331303
0.401801074492965
0.521798168734278
0.531571063159607
0.478249024674245
0.494627711538161
0.422400305631792
0.450631150261088
0.611330184086962
0.36980170493229
0.643363317145398
0.523811699822078
0.366016165083046
0.445534938478666
0.600799115096566
0.592723244865312
0.540060625060428
0.50189434431938
0.514111323736442
0.59412841222184
0.55067977994466
0.647124021397015
0.581279738778236
0.598215434605376
0.496040549452291
0.523389580592542
0.506336213214932
0.482101601033081
0.76919286856892
0.602083633493385
0.489954212663414
0.400889896875718
0.523580290464886
0.650108286119337
0.512525235632223
0.644010330366247
0.47606085528247
0.604210437095066
0.726334495207779
0.614619145477765
0.603800151815941
0.673157988278492
0.606671791270446
0.55527343493045
0.764366386403413
0.495789416877301
0.605189669467653
0.523763333018724
0.573413120234822
0.5411932787012
0.669415239238851
0.633893064890921
0.590234231436199
0.528131642465043
0.59849132148124
0.487393451290782
0.585633511424755
0.712319017097602
0.603847751764321
0.60267019182701
0.57813141810573
0.503493449387856
0.663301554302402
0.571027540388576
0.808398668813099
0.61946688471425
0.504185699974267
0.610008799383528
0.574700434319782
0.713353315145555
0.559911504368599
0.715842460804284
0.651664395282359
0.774349637115416
0.687543258655456
0.721458503291753
0.650153988625418
0.735033937445745
0.649991200697453
0.57089766089658
0.759508343727106
0.58522427891508
0.684484356141724
0.800964579314679
0.752069431514214
0.723420557956117
0.721205884651957
0.627028307400278
0.520208219077216
0.73156736570314
0.592894024112836
0.59522264621635
0.819954472199991
0.662419808752278
0.532250016246567
0.530429705968702
0.788249912916229
0.527917687696415
0.706148712483117
0.602536020100539
0.863734529431448
0.754102498940846
0.684388265456127
0.732580865260627
0.692502941584607
0.751075438453313
0.8353144908221
0.652295987085524
0.730734595295511
0.833587561624832
0.86864440786359
0.70361556856696
0.78993203810137
0.817391948819966
0.678957481762756
0.806127511924784
0.70106728939414
0.692658026091529
0.70499601145284
0.818880561592035
0.798830204072821
0.666955270375321
0.766770532107926
0.706016208810891
0.708370333915146
0.684696179834625
0.692356891598361
0.870791099409821
0.8214665966333
0.718783740109017
0.781576671479433
0.808106361852452
0.712825192017654
0.775655676165292
0.808051778094453
0.745288783121889
0.856637028329127
0.820802815454036
0.858032434092816
0.869042498905097
0.65057031573113
0.808393958750922
0.800190792897979
0.739011524566191
0.889280864951679
0.715458933261192
0.885821855833567
0.834282858661623
0.951441117126472
0.879337360089681
0.84311841661266
0.728067655521207
0.757808786108149
0.751762238020735
0.865967702367214
0.871126506504003
0.741687388934304
0.899317222501426
0.756145343686755
0.923352445872826
0.897868429512483
0.691208623230154
0.913475824919641
0.735327364074581
0.681556792302576
0.735907476633916
0.75679853357493
0.963404450481664
0.959676727881781
0.906534397781326
0.79545745858686
0.785135792540008
0.738569884512853
0.945533573237661
0.821975079351268
0.868950744288975
0.816833907383401
0.846359125667853
0.787888311110014
0.863064592769971
0.848544029460928
0.824020090671745
0.795722144292039
1.00176313266547
0.729763421346965
0.990711127651499
0.889920875258932
0.807498313428891
0.804916095613278
0.702046530004445
0.729603107305039
0.901824090485332
0.885043740857108
0.901248788309232
1.00653948276628
0.873146723035361
0.905429988442718
0.972031144469786
0.859892928661784
0.773434800522622
0.898742298929109
0.903219351436639
0.959432242507428
0.980465610212217
0.994198799518934
1.04862780402789
0.968761002257262
0.978796341854526
0.891705532012804
0.972235682823949
0.989904379305254
0.903465479997678
1.02475680187105
0.851966520543912
1.16680852733802
0.976880622904518
0.765297328476087
0.991659758785523
0.911285967592558
0.749418808818447
0.88839164531585
0.996548920702574
0.900917877052836
0.81602199088905
1.02980273128249
0.979510588750049
1.01824126494744
0.932826923966249
1.0983726127241
0.794286839147038
0.994702852081636
0.897969580991357
0.846813445021855
0.873893458477279
1.07349437415413
0.898924341310944
0.974306398679511
0.990746719208915
0.90037206645338
0.944058098091781
1.08021817095031
0.959025732851551
0.920739194215537
0.930080012964248
0.987180340043786
1.07697607722664
0.976297416647564
1.04913212260388
0.909151984599105
0.972744707867472
1.04124457030378
1.00599812891495
1.05087891123106
1.02414412755432
