-1.11653025119282
-1.10293546941447
-1.02448869519703
-1.07449782454032
-0.955822806172878
-1.18130844685551
-1.05843912228133
-0.919714462279571
-1.02175421848303
-0.865913812306683
-0.898485174782814
-1.0771116798368
-0.984668258385787
-1.09262798333208
-0.927878203730168
-1.04162231325169
-0.998942671439783
-0.852841482254987
-0.937594041759663
-0.880725502075103
-0.936768511908111
-0.896526870766114
-1.02471251365712
-0.989298690486022
-0.966587618584957
-1.0518182737732
-0.882984584877671
-0.884397114210793
-0.832016008419432
-0.89286434603583
-0.836239180550735
-0.986696138220278
-1.00498124228265
-0.83210286665793
-0.923648838698171
-0.943319976712955
-0.941999201383877
-0.999585694176535
-0.848200150581807
-0.946604834788459
-0.955013891862728
-0.924354464194723
-0.945067776190741
-1.07520013975184
-0.715645597185616
-1.00166782694429
-0.894379368820068
-0.88697392353027
-0.910595095429863
-1.04199110737907
-0.730275909377476
-0.905959383140535
-0.877257859513759
-0.903675167585613
-0.878853744056336
-0.831097942573047
-0.944242702823029
-0.721671427920254
-1.01315040276401
-0.818991393970922
-0.918624333402789
-0.819786850776055
-0.847970611893201
-0.877679433848075
-0.718488173619614
-0.864119305996394
-0.94383555315341
-0.814587182846714
-0.794410918614696
-0.768045693901117
-0.839697625836859
-0.822546721879382
-0.935878865198139
-0.814587276623118
-0.85331568143972
-0.847808263265189
-0.869691040154405
-0.725229853645377
-0.882212965422165
-0.875639873736795
-0.950888952668342
-0.943231284859774
-0.861215228781617
-0.880874163867903
-0.682916064881482
-0.94848643989577
-0.821033247860276
-0.864019397827244
-0.944915729198106
-0.795953851673428
-0.843497039127764
-0.909890070845754
-0.929372678099118
-0.619523025902581
-0.810238200857426
-0.858196172964707
-0.739782071680013
-0.847542642915827
-0.889385899644547
-0.805526253015773
-0.939556445890577
-0.794225418562636
-0.724307587564318
-0.911263769899507
-0.739168669226158
-0.858523685547495
-0.864324585875813
-0.812959743504592
-0.770718712986185
-0.784026841502796
-0.719538560229838
-0.763044803803141
-0.669017129621737
-0.798147476151065
-0.73836071667839
-0.772168580601737
-0.827732739781235
-0.728260174349428
-0.663629751151495
-0.778272006290518
-0.705066260902336
-0.914227749717071
-0.664920182727707
-0.690056354190372
-0.688844721349764
-0.862218685724709
-0.789918698802864
-0.708496906393071
-0.832336711085609
-0.758384572461803
-0.668164202448156
-0.815009398050823
-0.701093288668496
-0.631530459347084
-0.694028671755702
-0.719989383841376
-0.771817309196421
-0.860650422044388
-0.729017998854178
-0.829621835199022
-0.851701612190815
-0.630588062187282
-0.621607917227114
-0.761504837998963
-0.638601312231539
-0.69610269860173
-0.555555390531459
-0.414378578033029
-0.662986983351204
-0.678363197533692
-0.628687781235363
-0.647856327926043
-0.728480628934393
-0.496520332734365
-0.589606029870179
-0.532945091135822
-0.670648639999891
-0.452157490450706
-0.758373660135966
-0.75537243758564
-0.552561286091986
-0.607517464562389
-0.58104739082955
-0.618383678538461
-0.691199975776195
-0.697866453292293
-0.742145349079174
-0.708147119972082
-0.624895075713788
-0.640455468612285
-0.558921288822979
-0.637141970165612
-0.627259051755942
-0.602101321048444
-0.602428732201151
-0.7007419596207
-0.681671619031058
-0.664123962921622
-0.512928191936953
-0.690239620953321
-0.642969261665875
-0.506262461452625
-0.655287103067581
-0.664595628662013
-0.517396473781778
-0.492153087201519
-0.700332257287958
-0.698955961634391
-0.589494060952251
-0.669657261039762
-0.634516491264348
-0.536879621354614
-0.617241259910593
-0.711501858354242
-0.621924316773588
-0.684062930060236
-0.614469459054289
-0.800705239921831
-0.522637978804602
-0.56905410546977
-0.485876509046418
-0.643302797924517
-0.46967183102201
-0.589946246259054
-0.681536602441816
-0.550358931766711
-0.613812241260296
-0.534910289416596
-0.596344966792351
-0.492910458195888
-0.536995331388288
-0.581447936635239
-0.649240952066712
-0.405147137877124
-0.422569345187824
-0.650507751162653
-0.658146339588901
-0.715653080882723
-0.54573026848435
-0.525971649888253
-0.57612017521042
-0.419146517925161
-0.477771426861396
-0.67653467851749
-0.445891932799389
-0.732246647223029
-0.416614797762516
-0.58452839202185
-0.62443119353512
-0.50413032866535
-0.437466861383653
-0.571298132347414
-0.546708686148781
-0.677015770733353
-0.669499841525658
-0.598079461929166
-0.453545897320572
-0.46698919263786
-0.5841511411387
-0.331906351151488
-0.458875001242775
-0.591658327164124
-0.442387637611058
-0.442275431753704
-0.527872387512319
-0.548232735639634
-0.482100759969009
-0.494668781219428
-0.386044955984273
-0.510019887685851
-0.441493350313769
-0.4821781121254
-0.479716025207263
-0.598569188603986
-0.653031558329027
-0.502830958990382
-0.521003663808613
-0.459889012503831
-0.421034501208188
-0.533944436564253
-0.465325733509824
-0.536332510262498
-0.467769614797205
-0.507339831224777
-0.459498980240436
-0.339104497751344
-0.583055139958958
-0.437039582111546
-0.590127941865494
-0.614539269323985
-0.314028266103326
-0.488109280461889
-0.480526132380318
-0.427638148915838
-0.401666516297546
-0.460292640004745
-0.500768831047005
-0.38436857170907
-0.503276918906434
-0.421022445978832
-0.521634360963334
-0.400433353614579
-0.295734722913131
-0.487247984884149
-0.369168180724846
-0.48733232465285
-0.406527826685386
-0.401332204238417
-0.489480671969657
-0.353905283992366
-0.443979938685567
-0.344084701827891
-0.417365826414297
-0.412157052086653
-0.548814178970939
-0.605045508365936
-0.518263706944614
-0.390995061094455
-0.317109397957126
-0.450935514511644
-0.418563380883557
-0.475784065435129
-0.323871062123825
-0.364574059554291
-0.395901988090046
-0.357599867451799
-0.454371046621456
-0.423140400152264
-0.332675490784996
-0.329181083032323
-0.36421461939975
-0.442221296931114
-0.455124361418568
-0.383621787845767
-0.350335006525798
-0.387346445730147
-0.226910375592275
-0.333419551255137
-0.238748465431995
-0.312080243853506
-0.345103733993361
-0.287617943533752
-0.403560151446974
-0.162078440180993
-0.310594403205914
-0.378478920584091
-0.319290198486755
-0.27359715523119
-0.227594731151685
-0.333157683491326
-0.237557973363672
-0.338863649077423
-0.271255679207362
-0.350331896217584
-0.330022109897657
-0.479504963794087
-0.332473449671068
-0.210677503611123
-0.406707619789839
-0.462851657690831
-0.223915740301419
-0.42057977241634
-0.273449377523448
-0.28779623801645
-0.325302306531868
-0.365080468496221
-0.190704238035661
-0.27010301787571
-0.276683809588524
-0.426252094190187
-0.247817607827457
-0.249877912119687
-0.360978438763714
-0.393283005911104
-0.464012714879407
-0.160421629829324
-0.272317926334545
-0.297726395206429
-0.16427929438395
-0.291892254557718
-0.157952142696711
-0.291199425308388
-0.132934878523449
-0.310743666847659
-0.376904741610719
-0.302829543471487
-0.316099880776342
-0.0858328178090345
-0.248498945711204
-0.211753055964834
-0.294812671477281
-0.284502151384279
-0.284763971299123
-0.0848283380340888
-0.324750865927666
-0.145048505070693
-0.527295636226314
-0.247114919018964
-0.102407005752335
-0.103937100575238
-0.398947117328613
-0.290218607150079
-0.0320900714165453
-0.353057714722252
-0.21439120396
-0.249539129266611
-0.0629199162789797
-0.25260625899369
-0.22730375619356
-0.175978312530944
-0.150331001348288
-0.185247132883516
-0.0800468715526617
-0.276869234825138
-0.248854182060088
-0.234231924959508
-0.17518514366808
-0.200472068977406
-0.134244772026549
-0.204603508963846
-0.146659694331393
-0.164669755126886
-0.157357367129057
-0.221313396146074
-0.123361071286869
-0.0883198658227719
-0.196084339097952
-0.319677522779617
-0.171199140642004
-0.0254651211656409
-0.236414811940907
-0.326821644024331
-0.196261295764702
-0.0855047725057164
-0.171318121708426
-0.210634758400724
-0.12620168247007
-0.135095152458442
-0.19687248523002
-0.0789775807249966
-0.205135442022986
-0.0630173383880274
-0.243401593668115
-0.105464030257488
-0.305661188056455
-0.181510197075148
-0.114590762448544
-0.211855983975099
0.00421564519281581
-0.135301618757562
-0.156532061017498
-0.388200304089488
-0.117140515689048
-0.053458221051915
-0.207631018113107
-0.0344474233339002
-0.25147431059985
-0.0696565502940175
-0.124412562077689
-0.279857082762634
0.0306188218834799
0.0221570213835329
-0.159709141914322
-0.0947438956711237
-0.288243195726775
-0.0396115936176862
-0.110859958381312
-0.141306095292138
-0.247897528259985
-0.0937041710185725
-0.108062915615907
-0.0954202951121075
0.0370879736438699
-0.0344032205625247
-0.0767013132683724
-0.0912695895975131
-0.0416204539781637
-0.0316666031372723
-0.0687394746667477
-0.0837962621477296
-0.15027041254775
-0.0531559687768801
-0.130801178642001
-0.0497137400336126
-0.0893278261302903
0.047882489915968
0.0142339407638666
0.062048906553431
-0.115013322922664
0.101278455402867
-0.0662570305718213
-0.158934190713336
-0.0161152523732111
-0.0305161504424638
-0.138122663173226
0.0119106796671936
-0.0309321180772009
-0.0154837289680108
0.00698704684525597
-0.00140550852636334
-0.037271512933688
-0.147818998630728
-0.118649384848099
-0.0524293021553583
-0.017109500521704
0.00843626961058193
-0.0878308216649171
-0.0666389780765391
-0.103493192179665
-0.0389758122902058
-0.0555383303900942
-0.152324447329744
-0.00997702231829589
-0.00881712806048173
-0.0063709833157751
-0.0149611161822038
-0.0396949513620605
0.0250498884714661
-0.0769444009502103
0.0638790646692448
0.0147265261322234
0.0143904711259938
0.00619268138537092
-0.0385726133222477
0.0290332652548411
-0.0281458872211797
-0.116742683393163
0.187252831882744
0.0123632441494952
0.0697779444666341
0.0940355926633895
0.0514872626506195
0.188834368489536
-0.000599796354856955
-0.0521074096760416
-0.10463822782776
0.0396469330198286
-0.16391291694578
-0.00536314137551518
0.0902230426129683
0.0139361177711271
-0.0521673025866482
-0.0128522141676308
0.091202142034601
0.0264979003755279
0.134274269130134
-0.0403419920033692
-0.0439214005745193
0.118301016895324
0.107735793809725
-0.0363664455120942
0.00561979731090802
0.0259117093276016
0.121992638053604
0.0639961794033715
0.101133180625876
0.121899709745733
-0.0946999952938351
0.00566915484060041
0.101247561384062
0.127612304546043
0.0334349158470965
0.0951950781976775
0.138870425093144
0.0960479833118597
0.134832260875721
0.114416917139083
0.0863027259617827
0.116742287577212
0.0652049030402876
0.176573549167982
-0.0142704408830449
0.0285021561355172
-0.0477154662892488
0.0985203643798384
0.0468520175669503
0.110417729693883
0.140938983753805
0.100274352088676
0.13137138263677
0.0377506768560262
0.182621388158586
-0.0399281763576798
0.162731289143393
0.0985346893762352
0.156490307251082
0.0646274699922403
0.131518120543911
0.0871354673973453
0.222623955577347
0.237798047619606
0.178161656499106
0.225903317000462
0.128978406314203
0.146684812865867
0.284761154921403
0.0139978030211487
0.122130873985065
0.199771743973479
0.253609156334304
0.275389790187828
-0.0105127849270946
0.104031337294313
0.239226566974422
0.199412402479434
0.198384855175684
0.0550928465998859
0.0622886195273373
0.193910790695012
0.282821476746611
0.0845343203770229
0.224514088418064
0.120831919661725
0.205366240860975
0.0734494900532884
0.133987087616733
0.175061893437598
0.305278336566062
0.349792662133087
0.0365078433470756
0.13265645819313
0.298140405722058
0.144306135705559
0.179773367357723
0.208491658750851
0.169119308326616
0.216454065911239
0.0980950446993718
0.321471394909128
0.146080329655572
0.212163004728208
0.341785089760362
0.169640653329799
0.346320218152168
0.379376142080688
0.206635252314646
0.190849607392903
0.341729631189584
0.416214203396557
0.190824187037867
0.36923312883512
0.249029125843012
0.0829623061704579
0.206627580276138
0.290699321851527
0.113644342410365
0.262802791306474
0.340788288129778
0.381346627228646
0.251926551530101
0.261190645106018
0.173615446543101
0.271513813522856
0.237681701233473
0.190702165200246
0.201083231873704
0.348243575429979
0.250128262559149
0.44031069085013
0.268134326077956
0.358209784377147
0.163447290583337
0.299747288790631
0.294590279050776
0.280609312330814
0.226729267177674
0.213620703493186
0.21201179430542
0.288296427215919
0.303147719339638
0.364953146018963
0.243069746164738
0.258461138733112
0.276221651404241
0.322045370506723
0.410769374315018
0.29917556283562
0.331706204764638
0.405644575001337
0.315594879831597
0.297580316694237
0.289662408813752
0.282874245758613
0.400588199022143
0.344447380876949
0.228425195561413
0.364596000335396
0.463480980615618
0.42861555069343
0.249740728505279
0.341243838748282
0.212063123455604
0.334326346546753
0.30475494146943
0.463767834101284
0.225452190700346
0.375769179086045
0.205821368865616
0.322741342892968
0.228688296329302
0.337132833989009
0.348926490867106
0.380960885996682
0.419837813655184
0.378626398791143
0.399845837966141
0.447549419864635
0.277734838467511
0.469136081758136
0.357442505471052
0.360784293123287
0.483316930706525
0.443509672504817
0.306667537157888
0.410988940806948
0.334625873050669
0.378901648189447
0.408407876863708
0.496047819788435
0.390220918902675
0.342734080994148
0.52137953260222
0.37965857598214
0.398864941939688
0.438051576869246
0.305839112809302
0.342372687257968
0.380010180696811
0.465067145535269
0.454208380576659
0.475016494617499
0.477835644888243
0.452017019807373
0.531429475838018
0.414906837370763
0.37512277130101
0.525936630250707
0.36449737937377
0.554122501342884
0.531363320217657
0.45024935176118
0.589105843620846
0.3574660227443
0.358001080205769
0.225713952297181
0.463355751727816
0.34939003940385
0.416622082952257
0.491190861328484
0.569220990007788
0.447403532299507
0.380780048408953
0.434413698173393
0.542340489758287
0.482853404225938
0.51903182363815
0.493345457035685
0.488636093975991
0.554156313912941
0.655415817945521
0.403170489333364
0.593369415834199
0.50991664727982
0.528448962266855
0.518159500835595
0.473922893475243
0.521036949927426
0.55826242285244
0.508681682149047
0.598214479648583
0.451406710218104
0.515433700457773
0.511432260253288
0.415708420777482
0.531248176361745
0.444443871359647
0.583318506871304
0.578606830679576
0.640818999004959
0.536164968052082
0.568679439066633
0.437235808989455
0.476292605364077
0.36292202385049
0.520302760700181
0.613025813854856
0.504678363790659
0.674101334021562
0.403989575430954
0.457536055730796
0.542166997529218
0.642884021629996
0.418808204208519
0.53920699947382
0.527031651242263
0.47530417521892
0.567657289561936
0.575886380247508
0.572077109066144
0.620177846333147
0.561746740140895
0.586541621211351
0.599182431394289
0.602978142602511
0.53828654629264
0.596489568199549
0.62980363464023
0.467226687376542
0.726404173976944
0.567323603083071
0.501127885889928
0.588227240236049
0.542179057191105
0.541657552744234
0.639637376596232
0.76155251195299
0.523944349109037
0.58721233239662
0.508982551797628
0.517469491575519
0.563654742379748
0.498353475349274
0.669212846593783
0.582632308023676
0.713307676610199
0.550996704969239
0.570587088064449
0.725529786022215
0.513959201171247
0.61668698111108
0.514006981915634
0.498240237036165
0.571669177154341
0.513987219994976
0.642819798739826
0.73904528398206
0.740893323955318
0.693069906559959
0.658231942961746
0.607026347289461
0.579557234771098
0.723611982140883
0.525188083344446
0.583806400156337
0.69805558360998
0.607112862954943
0.606729343123685
0.611201499564916
0.715730883418664
0.85571398292867
0.655543516319006
0.687778393865589
0.687530168118872
0.732673710188543
0.595399329124676
0.706139753466546
0.585560256275887
0.697076152922839
0.583842429214684
0.663230423029248
0.643062686673813
0.673452183083749
0.878958058877917
0.522397411779761
0.668548805082777
0.719591708947956
0.791560841940186
0.814559648250674
0.608661450399289
0.727947887746274
0.688267425530725
0.836892226275846
0.699662072851608
0.843177298942973
0.732773319190516
0.687814934510097
0.670177369906753
0.823414595593337
0.724230582249712
0.813082543762729
0.715238079272208
0.750822694576672
0.582247977012577
0.646767906295479
0.769096155360342
0.785823550219816
0.714819797317384
0.800980458455527
0.671970967749519
0.717290224722349
0.789919749659285
0.675699271082565
0.730834779413165
0.659127874434077
0.771685303523911
0.760562032399638
0.661363764710013
0.681277819222407
0.70355985828154
0.645070628967851
0.708137654334683
0.652244507031414
0.662986414245778
0.795879986077482
0.735201226092293
0.75665709249048
0.763638019029399
0.651175285658455
0.649101619895759
0.692023145627653
0.885640934894521
0.844078261547131
0.757100602937423
0.75780933117743
1.01480851584054
0.792755341447197
0.728733881826196
0.677805453104598
0.728104540647199
0.839528800823331
0.839126664997831
0.778371092752198
0.895077470109622
0.781792403877002
0.727562044648477
0.714750975175824
0.810304626028099
0.66470334973473
0.877544796959667
0.599565837463757
0.870957846779607
0.7686471175103
0.943137310870125
0.948800113797869
0.935632353603949
0.880084855399385
0.783459082937172
0.885435789424383
0.739224021080314
0.840093503471012
0.776122908238741
0.804781982882601
0.880265374927522
0.819131763304305
0.711990283334525
0.951229741206055
0.849549995254273
0.896504024014633
0.856441974655939
0.887511750686563
0.876346493455767
0.915633893987458
0.918730194866101
0.797997909077043
0.875699591899855
0.928334638552667
0.85850880898408
0.843641902041964
0.957322839039327
0.947516600612155
0.815959285605334
0.898894628206257
0.838578227474235
0.870921491628114
1.04727230793034
0.831205789827685
0.806002381640672
1.01060671608139
0.938352741370941
0.909985681457293
0.977685659529418
0.953653772750688
0.99110918063004
0.828565217709671
1.01621237114963
0.883763291824965
0.860478413584547
1.01273406331363
0.909961710282832
0.968212245070055
0.899464869764844
0.784896738686687
1.02015898603782
0.906783004677026
1.28317500787203
0.884687133989959
1.02011888384834
1.06025683186183
1.03483027388941
0.868157864142157
0.963148024378357
0.853071849146675
0.881571167121244
0.840378636787716
1.05268617225499
1.17233161731474
0.988996901989137
0.986544798282823
1.03946666687207
0.960757579667889
0.900120456110011
0.977353702477491
1.05154370526297
0.997690482615517
1.02262840187948
0.977416385346076
0.950246070451762
1.05543557001399
0.876965562536548
1.01135811010117
0.933436737268756
0.88811418075941
1.02095854162473
0.766967814886639
0.871982103544565
1.0543443475416
0.965088955781935
1.13117035596161
0.960469452217549
0.932996424485646
