-1.1120491508751
-1.10637010360392
-1.03075171448062
-1.05150476001424
-0.974563428691704
-1.20871980035454
-1.08281406189889
-0.915044068590874
-1.01372028720998
-0.838850363795525
-0.902428536881093
-1.08094940675156
-1.01894104383878
-1.11646191206044
-0.935604930433543
-1.05860585455048
-1.00785639459739
-0.840876808381538
-0.903644536732682
-0.874044987529483
-0.911823100708817
-0.89833123563686
-1.0275073835487
-1.01480301208536
-0.969547150565353
-1.04614796097061
-0.87254653613423
-0.888327647835698
-0.868090531842939
-0.907368742972952
-0.850752778158933
-0.974899104432572
-0.999021038981999
-0.814676966243151
-0.930275654644531
-0.927145929937336
-0.953229290345879
-0.988296227275852
-0.835409902389683
-0.95238123412459
-0.969551768459723
-0.902352907308767
-0.92645617646201
-1.08092302226125
-0.719326905602089
-0.982145096109027
-0.896948458511597
-0.913234205702093
-0.891700305781712
-1.03583147273362
-0.710030868432
-0.917863280312993
-0.880391302620032
-0.895464507465217
-0.876916168737677
-0.830326268561996
-0.910008711964193
-0.714565539493072
-1.01910487228497
-0.81904739108247
-0.913903800471809
-0.817591228928052
-0.840809626461803
-0.877944228751881
-0.740835946957201
-0.86614924814027
-0.925869293440365
-0.793492884464431
-0.806855240846985
-0.80223355672844
-0.823970036405596
-0.812866134366162
-0.901116398077708
-0.820225638327871
-0.872014957640582
-0.853201870319392
-0.872292165047281
-0.733766605922793
-0.880377603987047
-0.869060959924407
-0.938969349544298
-0.933915492795865
-0.871788865552939
-0.881694551811932
-0.686534416328701
-0.95417363626452
-0.826067454844273
-0.858267241134761
-0.913199879694227
-0.803122848424067
-0.856852747996671
-0.929795372770516
-0.942446625010469
-0.626219121976178
-0.797844104634284
-0.886838538371618
-0.743232886756619
-0.822928113171442
-0.88546414277801
-0.795523167579852
-0.924118723521458
-0.799191939172768
-0.739281471349716
-0.912357242485052
-0.740749042957973
-0.877132930175838
-0.845700236983967
-0.808626572407148
-0.746713957625012
-0.786302785876763
-0.731453751972824
-0.746248881154667
-0.652593841749607
-0.829121942930816
-0.71973988068668
-0.786116502503005
-0.816084383801156
-0.711473831816118
-0.663079737500588
-0.784395171518257
-0.68376932262093
-0.917334713160076
-0.67686191425621
-0.716075257421024
-0.701214371383824
-0.8460369309944
-0.755786135335798
-0.72805790202175
-0.837908802300737
-0.770601292455146
-0.653376288710681
-0.83453695378643
-0.710329198224068
-0.644246892151087
-0.726144093064128
-0.708869171650469
-0.76284893888846
-0.85753457954446
-0.73304316876394
-0.839175164021364
-0.834247156292912
-0.630013078103394
-0.64471484378097
-0.756851900681905
-0.612699419952395
-0.699075373860873
-0.549929176651813
-0.417239070787674
-0.655623270076705
-0.673817007878899
-0.625844016673853
-0.637850070070699
-0.75784244925084
-0.48154167040163
-0.595550595717083
-0.526159430349103
-0.656018409100882
-0.471811268419743
-0.766325630054143
-0.768898550994107
-0.562493047337812
-0.615969810074957
-0.61579893152479
-0.646298022165353
-0.677508179324316
-0.68844015784128
-0.751882914267913
-0.712869573619437
-0.637996231086632
-0.627824576913321
-0.57501842576524
-0.64813691338342
-0.631551075981558
-0.613927224757716
-0.585409778194774
-0.678497020487399
-0.674861427141304
-0.666074766448072
-0.507349500410401
-0.684792727720756
-0.654508019370714
-0.511304485452745
-0.678850285995192
-0.640930748503936
-0.496397959479571
-0.497422740040516
-0.683890235034955
-0.718581905815306
-0.585523354259857
-0.675293704428721
-0.645137155872273
-0.546449993141704
-0.629231918351128
-0.715080181517507
-0.622351271058031
-0.669175623288934
-0.607048802022224
-0.814231035771864
-0.520131332301624
-0.590224461562274
-0.499187320883548
-0.636926427896116
-0.471639071426608
-0.579960706853622
-0.694742690101038
-0.563813937321156
-0.600508929153447
-0.548625059963784
-0.581623992399215
-0.4952461358685
-0.515352147513097
-0.571875164642942
-0.626637283299636
-0.395226334840222
-0.433760650117723
-0.646216181425558
-0.653017257721464
-0.679465296307177
-0.544559123246351
-0.506627529726708
-0.564981212047407
-0.436943446669329
-0.461104845630727
-0.696659816284517
-0.444312804281834
-0.719113697674699
-0.421372230758486
-0.58963546925433
-0.627171200313011
-0.513118899759594
-0.444447744408823
-0.555552359042476
-0.559009838993186
-0.678364985236566
-0.664259548860737
-0.631862630719426
-0.449694504190728
-0.464111579577819
-0.560520160904363
-0.331427997911287
-0.450681591467409
-0.59723274938013
-0.43691659940248
-0.453701779021505
-0.538762645120408
-0.532583936618206
-0.491350839671095
-0.486824054118741
-0.381054833245723
-0.517955128400311
-0.431127951619353
-0.451910986559025
-0.468714782556638
-0.603610034252576
-0.646870336305752
-0.511366704657046
-0.522253939434358
-0.451964231276383
-0.454112626074002
-0.52829505843837
-0.454667127172836
-0.559732666928988
-0.480190913960662
-0.531112862983999
-0.445539740833315
-0.347005387398224
-0.57025151645964
-0.427698605007487
-0.568758383200584
-0.602629114669055
-0.312693492788844
-0.466962833725729
-0.484637508349183
-0.43542526447108
-0.396979116144289
-0.456112539309597
-0.497984855322351
-0.390927060039325
-0.485061331134923
-0.414781327359393
-0.53133602795783
-0.399952326133919
-0.306653338646322
-0.490310097195044
-0.372023785739589
-0.487704862020863
-0.399792532844592
-0.400484425795394
-0.503892476419793
-0.368312240704395
-0.419233568388348
-0.344159438556051
-0.447301544784772
-0.393045270348644
-0.534261767384838
-0.628017380214891
-0.538143963938872
-0.399598955138877
-0.328008513077785
-0.43143318445985
-0.42714689118432
-0.472863638807061
-0.337634443131618
-0.358433099940847
-0.408289579720478
-0.367072363495887
-0.463897780970578
-0.424938101499153
-0.353573641078513
-0.331974461059553
-0.372059694493198
-0.433679605116892
-0.426232251633819
-0.389118026279178
-0.310850725842692
-0.384157308308863
-0.234202661679919
-0.323706700934999
-0.236671860944979
-0.327597406638478
-0.338821674368739
-0.254557692615266
-0.39616731670414
-0.172524831439994
-0.320010742101178
-0.385302697812849
-0.304125563618737
-0.257814362438732
-0.225579413700999
-0.344607338504886
-0.243763476851184
-0.321958599904601
-0.255235830614854
-0.34889326882006
-0.341903371505585
-0.473151666685014
-0.319556657595581
-0.222357670431421
-0.429204958478972
-0.437243491260025
-0.230204391940596
-0.434591525734156
-0.26216648984817
-0.299825042887261
-0.315922456667364
-0.339558560321176
-0.208822078903653
-0.266728231997151
-0.287837223633006
-0.418527114386329
-0.278165482480973
-0.283455593522057
-0.347219562001498
-0.390333480599026
-0.478667607346309
-0.166059567188817
-0.268424593351018
-0.278869748091742
-0.1803983025899
-0.287756068366942
-0.165095354131255
-0.264864649491548
-0.145551626997617
-0.3020139713339
-0.350560703919528
-0.313608807159375
-0.321176280674885
-0.0725544895507562
-0.264004957665944
-0.232179418143115
-0.283679270736642
-0.2890729141194
-0.283046892074659
-0.0872509489382526
-0.322311474848358
-0.125664448977222
-0.515629121634339
-0.239165151213282
-0.0879723041842094
-0.108846658420108
-0.394812201843217
-0.280396216801559
-0.0193321453386136
-0.356375774123053
-0.22440726875759
-0.246563277759558
-0.0734151827366079
-0.23762526859018
-0.245911517701605
-0.201842996687732
-0.179732985901075
-0.166556820552362
-0.0803036537634176
-0.267739149139793
-0.254208070191942
-0.217368034169541
-0.158881551126087
-0.208230285261364
-0.140066613414079
-0.217397455705822
-0.146316025509522
-0.159850564258505
-0.151894062053386
-0.230409078774863
-0.126378047328419
-0.0724799042012478
-0.219290750506778
-0.31730427146321
-0.165013381560816
-0.0119151267977126
-0.251394888568564
-0.294276492760546
-0.205369214595301
-0.0904558580493411
-0.158664268469709
-0.201765477264327
-0.108932763951145
-0.136736339330375
-0.200026969955867
-0.0570045244704423
-0.207439057496456
-0.0593119879979003
-0.246968409388666
-0.119066400866145
-0.316118488888559
-0.169710906007955
-0.11284687778166
-0.222881383328255
-0.0096781082868597
-0.131542070044268
-0.129248642593638
-0.394285061235973
-0.12129614629108
-0.0670070588814702
-0.216513792834259
-0.017165819046558
-0.232102308920799
-0.0617396774898666
-0.141656473636992
-0.271428360891782
0.0436038911571522
0.024833231406227
-0.12285993459538
-0.0678355648392125
-0.251239971677613
-0.0411541369024565
-0.104625561903299
-0.15656253610076
-0.241209172825421
-0.101847894224198
-0.123635593072583
-0.11653014732182
0.0368372547828876
-0.0410055918044618
-0.0867911814669498
-0.106758667226214
-0.0381797523994019
-0.0408175296327337
-0.0652045868463452
-0.0856731310909036
-0.148365155076995
-0.0322826371999403
-0.13461413421946
-0.0604389259087057
-0.088396786932689
0.0305929065729499
0.0283447856001214
0.0455093690987035
-0.0895048582765359
0.103697711150786
-0.0618314892269945
-0.143291375071605
-0.038780536926855
-0.00718460050244137
-0.146472539362486
0.00994468254846649
-0.0432037503286539
-0.0266960750484942
0.0123020741965901
0.0162925454937677
-0.0161535794698189
-0.164383099788952
-0.104207396877855
-0.0516202574959033
-0.0130655861866775
0.000387037403704109
-0.0952730021277887
-0.0791039221582882
-0.115762541120036
-0.0419039482177358
-0.0445097115258612
-0.129333992633173
0.0098240174667994
-0.0229301078969736
-0.0124278200457804
-0.00457587722837814
-0.0573965524821838
0.0312383617180944
-0.0885250618377956
0.0452315135024417
0.0302015800047358
0.00225557412645796
0.00967840750059281
-0.0295380543522004
0.0545477513701444
-0.025304623217522
-0.115978052029035
0.207617424782064
0.00720989694629285
0.0544686519038386
0.0757825766059258
0.0406160945370987
0.206105358984065
0.0104904788895786
-0.0478327190493075
-0.12518553092469
0.0514821893025958
-0.157525977932165
0.00305519648752594
0.104737164222725
0.00586863422592669
-0.0518773200754273
-0.0107293959004835
0.093295003728237
0.0402975127074077
0.124472685488602
-0.0466081329975534
-0.0788653690087937
0.14765517374898
0.12268226363406
-0.0231875527852825
0.0173529857895781
0.00382418944687293
0.113835591036742
0.058756348906142
0.111657946955325
0.130980513696828
-0.0905080389246626
0.0193258070850255
0.124159468148405
0.113670437481128
0.0397686338274704
0.0951678239236665
0.153534221603015
0.071527372673783
0.147368915169081
0.132998739519964
0.0996847002274821
0.134873558011175
0.0562917008541232
0.155296737497553
-0.0255728614844602
0.0352860876818022
-0.0449675710772443
0.0856401672971171
0.0345546693900292
0.122537939406107
0.144739610387819
0.0828548498469777
0.139282767441742
0.0350976856196503
0.180392931539044
-0.0481413656171646
0.165943977798135
0.10517096247537
0.164612503957539
0.0634714901412317
0.122622386048382
0.0951125869384945
0.202025461071572
0.238826139940924
0.192213901160528
0.219657870193292
0.13152294543603
0.149928890907002
0.28641899739034
-0.00577590699910474
0.112652816678722
0.193236918402915
0.279210807536627
0.290022402697516
0.00750090117083832
0.115658843213183
0.235783075867327
0.199348197931896
0.193340440513384
0.0518538655468752
0.0732363565431067
0.183820290580282
0.300991193138997
0.07676988543508
0.204852030351085
0.11955220791549
0.198287548588085
0.0618214196905507
0.152865812810543
0.17479815292914
0.32150391357106
0.351564292172351
0.028571999827511
0.123390666590768
0.28971736005799
0.146439092512506
0.177626476172409
0.169987067293986
0.183876904934479
0.216878907171343
0.102224174774358
0.333795953289521
0.149234501673664
0.194623423762315
0.343084241349149
0.166060016467279
0.344678443919922
0.378678579560972
0.18366366782044
0.187734408144831
0.33512844640309
0.417645541241482
0.188819256131466
0.376324259321056
0.276079778661981
0.102089762752811
0.222456313518741
0.299431608689866
0.125483710113483
0.244173730675276
0.340462666267746
0.405770368807847
0.23770933154171
0.249268916452309
0.161887982403838
0.300415992293358
0.221104028696447
0.177337758222994
0.203228888611202
0.322180138422164
0.253247873181489
0.428262783171042
0.286132797028593
0.352526648313771
0.186587576113537
0.298913613160699
0.294276174704231
0.292080807379542
0.259434058803432
0.195405460543912
0.235295515614379
0.300483871593903
0.317972022531345
0.378388606996115
0.240512306526549
0.237996585981282
0.284849212390577
0.320987224670126
0.420196666486775
0.304580586948969
0.325197629051877
0.391183609847923
0.311591275095772
0.300320191960858
0.304827931649398
0.281815724145211
0.395961775833147
0.359526823273859
0.235848188862225
0.378020166722878
0.466393174639742
0.423105241382089
0.246508740999667
0.330697935136825
0.204928192552906
0.340523757348258
0.291942381885244
0.439137563811377
0.222757907911395
0.391092109662196
0.234086031709397
0.305729690093428
0.235607050897694
0.342038678713014
0.357497338246343
0.395122939968475
0.418342794098279
0.402887145274152
0.389047083199182
0.421120661474412
0.285502115932929
0.482964854165439
0.345968900771593
0.353790134327905
0.481878969892462
0.438330998093886
0.291481830465485
0.399527209521669
0.334677410789779
0.360111088689504
0.420783982309409
0.485651463499879
0.392950742878491
0.357118907357549
0.528257403768925
0.377017108098338
0.387612658451691
0.441025794960595
0.324990144882584
0.329431559784932
0.392931982350293
0.480706230438915
0.437085293566319
0.475494542895707
0.470826233488848
0.470183954666379
0.528911592466264
0.408151707036154
0.37073595504813
0.514876325419211
0.389497703328316
0.504248505942097
0.518054779105999
0.47303689586602
0.577847921232163
0.367557615262544
0.359366114257078
0.228565754191771
0.472550751767927
0.348819633682966
0.401223582228079
0.478199063204136
0.561536744817365
0.448600622343756
0.40029387943247
0.458736065706204
0.54912511203804
0.482057665248947
0.5331208809821
0.494724961435993
0.480384315119597
0.5460673172439
0.628123388808996
0.396791809522033
0.598665201788366
0.499850961773663
0.528647188264129
0.527726256566695
0.469371905327257
0.511214525595577
0.542166606745103
0.529644259881321
0.57824971689557
0.431262464983551
0.507234849531781
0.520806971973136
0.393398924219952
0.536998059145383
0.439039262036647
0.587465457934251
0.568880486505919
0.636729496845572
0.523320226540684
0.565823627168071
0.43357016792827
0.480092542514362
0.355245436779214
0.52227309298715
0.61397352084736
0.529789222806
0.679383102579346
0.409081765036358
0.453781540841315
0.548336165695934
0.655476898280048
0.436358245340087
0.524748440914041
0.521015728549271
0.491775621054975
0.553368790123722
0.575412692265376
0.575212411055538
0.618749715876297
0.585350068437665
0.597012443212428
0.617341987694822
0.599778492302188
0.523906775758571
0.597213695007429
0.596613218968893
0.470121222444285
0.743248849100346
0.577624725105368
0.467874725155483
0.560517848414906
0.516355486682616
0.551440196448919
0.639522219838293
0.749522524003854
0.529325847926575
0.573454472944219
0.5056610560246
0.514957612269815
0.552495530837069
0.51648340073989
0.666293649991647
0.589189108258545
0.691200177616426
0.560255900302206
0.573600677222986
0.706209364122933
0.516333628436661
0.608951843902235
0.497827786980901
0.501089469819429
0.579169428713031
0.506889908199314
0.60634746497668
0.72772116531934
0.708473596027601
0.696146573389577
0.655503388723623
0.622595750672557
0.581348537943915
0.719196740276086
0.536696110951422
0.584258431684846
0.67267323296123
0.600327189801526
0.581854721845265
0.622890400384149
0.714591884216605
0.831223662191406
0.663208090322946
0.688007965115531
0.678840997681461
0.726139846122549
0.599896255111761
0.69978204134101
0.568709854076116
0.699973175981457
0.577120168420059
0.643853131301618
0.654892505975155
0.65694249109119
0.863209478070377
0.550873295951889
0.675191556533825
0.701548386701078
0.780202463269417
0.836997386119896
0.623311257164197
0.723273897829871
0.697894472391634
0.832787920264986
0.716440682029501
0.847544648819853
0.740660751771402
0.707927678561731
0.639826694668951
0.82418834108819
0.727238339516866
0.819387700186182
0.70457070669379
0.738979927522366
0.588924058094557
0.650877235152863
0.746235493757905
0.781234832630303
0.734866622432413
0.813670947413117
0.678255684981017
0.731176729682251
0.798884778584863
0.676632391228504
0.738889054245293
0.654705913035042
0.791952709966717
0.745124013696109
0.681914855384361
0.6803027056889
0.69870150823612
0.649929781915887
0.70706683744593
0.664594762943816
0.659978962862371
0.801606546597283
0.740187654301423
0.761428458794975
0.749972096183365
0.653530899444219
0.633715052032291
0.711539848396455
0.884444010467685
0.872387515896671
0.74735059720948
0.768309712238485
1.00511696157219
0.792336901575854
0.730744843842587
0.668473439008015
0.741348184714973
0.847236667374537
0.833556858255929
0.783074269329251
0.897548058408942
0.7905179486651
0.710186920698495
0.729538615295078
0.795632152697129
0.648971572260179
0.88604020731005
0.613616792424724
0.866309967367902
0.783129253657915
0.951059446138532
0.964278677012987
0.920955780717193
0.898453433498965
0.784305821441649
0.880045145291904
0.739373589312434
0.842606252432985
0.775426035402032
0.812250105865298
0.890735456070512
0.82116640526624
0.68609198483034
0.966471240069511
0.850617990874349
0.898066275745169
0.838701687821567
0.915874291669701
0.862279633980493
0.929355098864839
0.931437184114158
0.792233859361786
0.893387989380801
0.924522118875978
0.855979419068337
0.858170012642386
0.944434283402796
0.96170652480414
0.791549956242207
0.896437318387723
0.844868912823102
0.88710646057336
1.0591399072713
0.822658424055216
0.841094115723532
1.04244823536061
0.94089556556728
0.902343466387504
0.943362236606363
0.971889097238901
0.971290620961947
0.856501411628318
1.01032808471123
0.883241169770642
0.858432671911064
1.017969839892
0.889256255724585
0.985727312179434
0.887327742947195
0.802878358627252
1.00088788929891
0.893787424588293
1.27588237297687
0.884684164008765
1.00827989399349
1.06763848943256
1.01667591372473
0.894581146588311
0.967789315601642
0.847499293835951
0.891590565296794
0.842990281078821
1.04459624301774
1.17731101119576
0.976924657115465
0.965258135067987
1.02295462546748
0.943286185992245
0.903938285185749
0.976883078552537
1.05953135850404
1.01427816578776
1.00143406939447
0.973422119115178
0.942463648962298
1.0528672138329
0.869814149424819
1.00807754517865
0.927812700978824
0.907045412190012
1.01494661588768
0.763944033524094
0.874820571019358
1.03712178047471
0.992082475415196
1.11488895457795
0.953210822948923
0.942883980425575
