-1.12494250500834
-1.10397741886891
-1.02461981689464
-1.06797589136217
-0.961873195281839
-1.17415224517976
-1.0643627164781
-0.931624123756335
-1.02398448212309
-0.864265702254434
-0.903472807530215
-1.06367971800621
-1.02334527051517
-1.11039470195142
-0.955717957467399
-1.05424075870145
-1.01347334287366
-0.871979086587057
-0.926176434322402
-0.887242932994657
-0.939192895267077
-0.879513100677066
-1.02767613263744
-1.01196216139826
-0.988962468202015
-1.04032611919597
-0.905023900705539
-0.894997629462588
-0.830015001873688
-0.885379460581816
-0.850051948349907
-1.00315048959805
-1.00765234983814
-0.843516997190482
-0.927796583363328
-0.93658437776388
-0.92156851275762
-0.987398392343632
-0.834588262946554
-0.965719281334091
-0.938353932059507
-0.911480483480097
-0.938939322291824
-1.07186433417049
-0.712433979283279
-0.985482666609908
-0.904187013368211
-0.91715896923605
-0.916507675148016
-1.01255959237909
-0.725526733787914
-0.919809094345
-0.887401439866317
-0.89819362807572
-0.881022961345214
-0.835210869239808
-0.922492511372702
-0.734057099144747
-1.00894344384432
-0.837004153539476
-0.914457517766942
-0.814492766009274
-0.834637876099203
-0.871990433702191
-0.735062643972766
-0.858890582461261
-0.921998772974497
-0.804523432279715
-0.810204781135289
-0.810740428123341
-0.825170321319292
-0.815790469585415
-0.916567546696621
-0.813571381499906
-0.842050235818172
-0.839869653151461
-0.861427374329226
-0.743566498606451
-0.888282517126658
-0.821835023858163
-0.934207899748714
-0.919258634773497
-0.851761659214178
-0.885090033605167
-0.699293065523858
-0.964808256861052
-0.798747216996889
-0.833993638748666
-0.934599452165686
-0.796364762828003
-0.854386151671021
-0.929896571238923
-0.938863282776907
-0.651043315848301
-0.812048053804605
-0.884236882191862
-0.746406361910714
-0.832829218663156
-0.876624607475501
-0.811410206815656
-0.926855705304536
-0.798758657920499
-0.720585274824129
-0.919282609923964
-0.723513193824482
-0.86010197735477
-0.862338354373727
-0.823596202086548
-0.760394962638143
-0.776999388709196
-0.726902658533748
-0.733094083067772
-0.653275060894411
-0.809607449144161
-0.724554874592336
-0.780151422375955
-0.814040283753798
-0.725994465663711
-0.66445039541479
-0.765223647852457
-0.693069615429377
-0.906685588159744
-0.670634599262252
-0.697580927304481
-0.686735429977622
-0.858873235968074
-0.759076803615476
-0.711068979180762
-0.846199930714832
-0.766803946644376
-0.665372396608298
-0.817018329725884
-0.704204740581997
-0.629732220933926
-0.710668633896406
-0.72908605386351
-0.756089204581538
-0.859524513436169
-0.73034628783068
-0.850055380779946
-0.835087814645132
-0.633918252696776
-0.630499365748042
-0.753879363069432
-0.620078150881659
-0.695345589777187
-0.551280108490934
-0.429618842576801
-0.649316492565881
-0.691816619129977
-0.607262643581373
-0.658759123067742
-0.718552614068955
-0.506949058828362
-0.582772839119584
-0.533216392501338
-0.653484722881037
-0.451451073890004
-0.759815716636998
-0.7532480503231
-0.567348982641623
-0.60591342706826
-0.587418663000099
-0.614724270632894
-0.678828877142077
-0.672281492295443
-0.753905858230662
-0.710377731712546
-0.647325879129965
-0.614729528834869
-0.558871642289396
-0.636243896278892
-0.630936468033897
-0.617914529191249
-0.614515067742769
-0.697001367249267
-0.687514802305886
-0.648321645779064
-0.520922138598956
-0.703889043560385
-0.654322263392105
-0.475113399455833
-0.657896870230089
-0.659975986523709
-0.515173115112865
-0.489347165208733
-0.688682369612106
-0.68270109182941
-0.602311686101672
-0.680403149602383
-0.658569860565849
-0.54758228180446
-0.613136731288595
-0.697865920249182
-0.628593940748429
-0.669973982645826
-0.63863944709328
-0.798963755960032
-0.543298264764459
-0.575017320201716
-0.496889199240134
-0.652412495462918
-0.475226335649514
-0.594091634463569
-0.674393755046306
-0.562043948287477
-0.5974557011097
-0.542406451003603
-0.597332725692198
-0.503277178872053
-0.5449747365373
-0.582736878495563
-0.624508918582046
-0.406962517143075
-0.427471146359993
-0.638716897456167
-0.642319025947635
-0.692146706369377
-0.536536925018281
-0.503574913357626
-0.607096707305984
-0.424684044667951
-0.470046885353036
-0.679040829853825
-0.439621086903369
-0.74048990949134
-0.406307309422673
-0.586534026632485
-0.597934375602906
-0.528903215665481
-0.437284868699498
-0.561807203058753
-0.559116991625614
-0.653131584106869
-0.668835658426695
-0.595664211918961
-0.469324522017341
-0.468655282151817
-0.558564757025814
-0.334814518242719
-0.449057869918433
-0.59943811851517
-0.4302467420795
-0.457708386693169
-0.531341009163444
-0.530558898937647
-0.501647919792041
-0.483035121912459
-0.393415813253109
-0.515689836762615
-0.418606224301825
-0.471735231856803
-0.470586402593869
-0.595921616569938
-0.622279040527893
-0.499452015422188
-0.515168463224749
-0.455428289556403
-0.440820890657092
-0.55245720296625
-0.46426723407398
-0.534547283197376
-0.480166613364005
-0.510007466684117
-0.456392561347871
-0.337773163177146
-0.551031730530034
-0.413366921428226
-0.593037066544582
-0.609790496789274
-0.308949300950814
-0.467956423831069
-0.473387519794617
-0.412487707608856
-0.399374126214952
-0.4666896404135
-0.497702001735838
-0.384589775101581
-0.500832392472678
-0.407511880610992
-0.525124862365717
-0.404313593409231
-0.298659740834853
-0.49789336730495
-0.349221361237121
-0.492184206111705
-0.422808074703916
-0.411207325668721
-0.504584192926031
-0.333425800144553
-0.434971908855523
-0.342546865997659
-0.431668036403272
-0.399710348730621
-0.554194107227248
-0.589777616666589
-0.546417965237494
-0.389281519865593
-0.327352133960921
-0.468843986260272
-0.430402454896907
-0.482837727671763
-0.343883611001554
-0.366540651202564
-0.403998694738823
-0.345288149653627
-0.465050085225383
-0.45050784992585
-0.32778215040385
-0.349121552034589
-0.358972140343116
-0.418904652492801
-0.465508607650818
-0.3738165271673
-0.31884848789054
-0.388881397745498
-0.220518971299784
-0.322770277366901
-0.240304392331786
-0.339103741812049
-0.332078138799869
-0.26119124150169
-0.394537789096398
-0.160568951819177
-0.291739822633123
-0.386010449902719
-0.304796142474671
-0.259025872773621
-0.215169716432384
-0.334834496652231
-0.249752025273131
-0.309557016419451
-0.252067295186634
-0.328087641890247
-0.331853843722507
-0.486624053701791
-0.317100874425857
-0.218536535181002
-0.401765616529108
-0.451383846868211
-0.212009867233543
-0.425760268649733
-0.256025825688763
-0.326615227224972
-0.320640570939624
-0.353975201481651
-0.208684977753008
-0.252009522509387
-0.280145349136041
-0.384335546492653
-0.273732553237962
-0.276281932437068
-0.367524431439788
-0.403078849797028
-0.466500550481892
-0.156050970730284
-0.278540416955076
-0.27535770811087
-0.186432946115075
-0.29727369248101
-0.157145807985299
-0.291326353311447
-0.13681342361479
-0.317497156705795
-0.345521719899564
-0.314537462870173
-0.319533809602176
-0.0840741432056328
-0.241270622688577
-0.222247878192333
-0.286990877156753
-0.278171099763648
-0.285202337815409
-0.0794922749371784
-0.310751484044938
-0.141792694351292
-0.508673902142003
-0.241934635438455
-0.0867649743475928
-0.0978609475489487
-0.400302435679633
-0.268046928515075
-0.0109973886328271
-0.353396067056975
-0.2205608650177
-0.254913773684127
-0.0621492027969413
-0.259266837576216
-0.219955887324411
-0.189351174943968
-0.172409967535984
-0.163007532821389
-0.109378218070619
-0.281012433051891
-0.244035238838737
-0.236969100906905
-0.172329072315005
-0.201054929611792
-0.149942797476807
-0.205302478566814
-0.150849146424226
-0.149630167850666
-0.145320138975951
-0.224988636730919
-0.14388285798704
-0.089323387560517
-0.239856631006771
-0.319725880307035
-0.157304559279069
-0.0324567429072353
-0.242226499559131
-0.306379616955215
-0.211740117032124
-0.0736816365231013
-0.150847669522491
-0.212390339751894
-0.120054664544865
-0.156042296906228
-0.205122708041839
-0.0629614577046407
-0.206220998946486
-0.0605096243567341
-0.246641765662639
-0.121273675192927
-0.307172252472853
-0.18284945899792
-0.111024778492175
-0.215583461943725
-0.0307198340845241
-0.125004075486833
-0.157458354453065
-0.374492133520835
-0.112389151831569
-0.0482242841303521
-0.204612486009345
-0.012969181125984
-0.234375823051438
-0.0609263613581431
-0.14579885938445
-0.26373129047942
0.0410020466599821
0.0281977193453638
-0.145632001484601
-0.118466040885256
-0.278805983995622
-0.0391595634852179
-0.113599572890151
-0.156013034835818
-0.242946776905291
-0.102984273606315
-0.109961471125694
-0.115188282875314
0.0418239693937723
-0.043296081294016
-0.104213375930771
-0.103275531372362
-0.0463014531723809
-0.0332088960526735
-0.0764862751922904
-0.0827393319970125
-0.135068011093426
-0.0589621791466262
-0.123255645116603
-0.0649196706001719
-0.0841793015283994
0.0224581956910476
-0.00123843746010454
0.0615813346870749
-0.110031556977648
0.104244474110808
-0.0513355077875776
-0.161776860937237
-0.0134520779157145
-0.0127199670871458
-0.125483354965132
0.0169466948886287
-0.0392904696664372
-0.0173388954911758
-0.00864153476440811
0.014645199568155
-0.0229471660615246
-0.151043161892723
-0.125816691698677
-0.055254573479304
-0.031919101146715
0.0141819043864961
-0.0930394993542629
-0.0714687911141828
-0.0921786890432169
-0.0229954416185644
-0.0716321103930235
-0.125901486268335
-0.00836216286023593
-0.00524898024533502
-0.0204730986891541
-0.00435865586186859
-0.0508098012908607
0.0327557817672391
-0.0871324605494943
0.0506152230037692
0.0231463333249631
0.0166068914717993
0.00465240948066632
-0.0204179642676668
0.0587473718957619
-0.0465814651896533
-0.118602685761003
0.182327172508768
0.00785919387196659
0.06262748408156
0.0852310700793064
0.0595571330734703
0.186212197893763
-0.00329338103233378
-0.0505638206327358
-0.11094002587151
0.0435134447162735
-0.176428276475696
0.00373284573463805
0.100205389483704
-0.0129791683869945
-0.0458212795825447
-0.0138273894696651
0.0700896039572422
0.0375972883074927
0.121922300728647
-0.0504912001266552
-0.069199156988846
0.140677774295995
0.103595502349778
-0.0174419132745527
0.031662672963845
0.00851198633512877
0.119625556825688
0.0505716238012225
0.115441481943156
0.135148661914118
-0.0841945913088141
0.0288548169966595
0.127047714860297
0.133364549912399
0.0387847019990229
0.0798066302336629
0.134315101581381
0.0956414984931648
0.127382944803138
0.135432314517971
0.0916019754546118
0.125495599612376
0.0540047776675267
0.152796822698845
-0.0261664242834069
0.0280968024297895
-0.0695317873704653
0.0869411169828339
0.041808736194654
0.113571031717999
0.146865729473806
0.0818024956070182
0.137962936515903
0.0404468274992886
0.15757625819044
-0.0322124970358042
0.16693984460689
0.100452878027247
0.135825210769802
0.0616928757292249
0.116646272329113
0.111680814338766
0.224529447413654
0.24169271107591
0.175328524465762
0.225145143145706
0.160715598689652
0.152723874220754
0.295122107744499
0.023550973041818
0.112925949034749
0.196275746198524
0.243965141803457
0.281898100772502
0.00390977578431699
0.11793483114488
0.255321697819282
0.187203240753839
0.204320323623207
0.054248658660214
0.0458930874172085
0.180722098478964
0.28421774426191
0.0855252388659254
0.207551602962156
0.135388085250712
0.201333685666166
0.0551875715009976
0.146697072290879
0.166461928562961
0.319697713717654
0.356533615959223
0.0184535871862977
0.100620963614213
0.287029339018575
0.140746127437639
0.167204824312816
0.203377261329485
0.190226006681613
0.203023892043634
0.112464995219213
0.311118926538264
0.131402467633847
0.209231908784556
0.350089169655887
0.172380843202924
0.365870460342266
0.380912400797636
0.199322280112855
0.198261679609203
0.337934108802471
0.410917410770446
0.207064203881786
0.367781996846614
0.259356256308351
0.0767329509894024
0.207846804095879
0.276982292837113
0.0986947440836376
0.275033101605786
0.344628166767075
0.391517075525145
0.242444996754472
0.244692833883369
0.178225812622894
0.287898117223219
0.22630859811103
0.190868964206105
0.190774397769981
0.334527990438024
0.240312564096487
0.430434033139052
0.265315657534928
0.342157033096084
0.196460823763432
0.324727626006898
0.303299735645879
0.283478875093555
0.238335847263658
0.183320037190082
0.226440804530134
0.307041422908382
0.313157085019957
0.376069693312355
0.242164087611603
0.24262766140892
0.27452052238667
0.314543866758432
0.405162835617306
0.312748158923737
0.347695071526149
0.403310747391919
0.332014854817678
0.302619039515053
0.280888070439025
0.286680287771069
0.389578098075716
0.356764860146356
0.217785694387051
0.364362247908925
0.470567518449353
0.443770389604292
0.265229165017111
0.326640124633125
0.21840859686775
0.346245803953299
0.321982214622769
0.455302535525162
0.235177378995852
0.386272373567523
0.215743497658575
0.318059125400742
0.231890526962969
0.335529696853037
0.364282924116852
0.397439922856036
0.422327377417168
0.397524932931348
0.404216903903504
0.434900689528957
0.297195823878295
0.458132208926686
0.331925580197586
0.357954961106016
0.470651278183625
0.449693085726231
0.296135656920629
0.388272200858616
0.345059782801083
0.372591581188379
0.391477364792951
0.474377996677924
0.392790309301431
0.350782812818888
0.520305861232943
0.386555061846504
0.391157908374969
0.442399173894552
0.300052740892054
0.339879711334016
0.382265613089473
0.484667805838224
0.451727057299679
0.45162867100913
0.479871352594339
0.463292493787125
0.544028810488772
0.410859595774049
0.381898294182865
0.514216331064408
0.363730509795135
0.52661983253602
0.515460830860935
0.446513619077947
0.571418101274366
0.341260647653264
0.366767276357285
0.223766401785283
0.459997756025598
0.362050499180169
0.397406937039037
0.492945089383847
0.565759172057739
0.464011966039992
0.373116658773088
0.455308742539829
0.530786711714516
0.495451577293773
0.529039105889689
0.476896300298352
0.473652650021329
0.560011214866547
0.609562981622949
0.416701559226724
0.590715602535438
0.476770532862908
0.521399480089207
0.505114118476719
0.458920586865307
0.526860736381133
0.551330435551317
0.521737353014493
0.587468563519858
0.45294027442206
0.515887070023689
0.514121001545411
0.403656149303954
0.53530367847291
0.43897554761011
0.583808185560313
0.56288957457502
0.661938760513918
0.548392263150963
0.566455635127696
0.429974211331633
0.486472136474322
0.365041983602595
0.514932599154713
0.614504059050943
0.509371353174436
0.674122247737459
0.40349085426619
0.450729907721273
0.542650946512725
0.622402547621455
0.433913797591726
0.551873145793526
0.521800105121435
0.469479935505699
0.559979379466537
0.582937677587803
0.600926896410476
0.60312793693439
0.568394453946946
0.60475950357761
0.617638178268812
0.587426441923885
0.530366885008231
0.601408415906596
0.624769448884729
0.477697604415469
0.737972800588005
0.586819360804748
0.503871062206635
0.586988454642276
0.540220817192871
0.54961148517214
0.638737998588993
0.760196220103131
0.532677400839873
0.5785017899673
0.508074330584001
0.515659744015947
0.552303531030823
0.521761512493363
0.652268044831564
0.571773084535166
0.700685481870122
0.559431820248232
0.559694811284139
0.724771489702624
0.520908948923954
0.603676066864499
0.50911836573041
0.489384295145787
0.565484610604223
0.521478648579319
0.634429152493825
0.735845073942297
0.72058238502416
0.701564030859917
0.670415167094568
0.617581955664156
0.589614885019176
0.729034753256471
0.520850933136826
0.575481880292646
0.699375106333595
0.603051856799669
0.58937980927571
0.599019985627867
0.727939812461485
0.868572734498768
0.675568015455072
0.699120023474963
0.680451823911594
0.74268513795399
0.583614979524203
0.708441547316647
0.567811176507007
0.685413829184029
0.571363392663098
0.645756825624051
0.656708977863961
0.682687268754416
0.842282896331341
0.526683367958798
0.678682023908243
0.741784422164228
0.785569850063701
0.815075186990591
0.596693349681806
0.707442630249904
0.694889190219675
0.84069477647026
0.706579392991984
0.847140997436712
0.754488219571763
0.705971203352338
0.654515931470627
0.830347500858948
0.714738198344646
0.833534298524095
0.692493610907923
0.735957558022763
0.579979989938733
0.630744561908546
0.776394465155235
0.782808391219255
0.720456148180767
0.812623476418972
0.682718781500421
0.71459195050836
0.80267562491294
0.666078907825054
0.752001938889792
0.647526055681463
0.788264258865144
0.767856389135505
0.676730808546397
0.680345183372781
0.711663992901604
0.643644804741889
0.684601084035013
0.654454770876935
0.663259422415765
0.776388798860884
0.744284871222646
0.751630419993265
0.765668177335959
0.653055999374358
0.63693373666943
0.710214733054474
0.874929595897339
0.852083495774674
0.741629935375893
0.776846910413684
1.00556328478272
0.81349446915913
0.731986946570735
0.687886982702536
0.742743884930255
0.856598800807176
0.854723231102018
0.767101624346596
0.870521614294464
0.788096411399914
0.725688266929169
0.733108114259022
0.80068845495124
0.653067997349717
0.897153311520843
0.598267207180721
0.841752594055084
0.775778349040774
0.949949509555308
0.96030785143998
0.921028447416785
0.898842471012056
0.786379186671421
0.881423132375281
0.73739732911637
0.844457095244285
0.778369025505499
0.798094615668797
0.867466105498927
0.820541080527434
0.702196933339919
0.969895116253271
0.863204788448372
0.879071250452548
0.842847162377556
0.904841584958731
0.88089022220128
0.926559003824299
0.933140710326985
0.790195871915539
0.884194620513571
0.939063024167186
0.883808995852924
0.85344580350933
0.957200992701635
0.974060988812355
0.801356729809341
0.908900214922964
0.85623733640637
0.889390874376205
1.04690014313644
0.835696162529168
0.810586606287138
1.02773637770242
0.934011021204473
0.920093025845396
0.965690623234883
0.961747098973992
1.00913936463488
0.855514014700002
1.02837186910382
0.881745212964245
0.874746160458492
1.02678193924784
0.88567554622751
0.954516910734916
0.88656214781979
0.780881113276736
1.0156036705013
0.90013091727376
1.29029088678042
0.876388543707942
1.0203062097585
1.06198787794281
1.01187012623947
0.893630491305298
0.939263105172045
0.87216015887337
0.883584617532365
0.842664866011676
1.0453285602431
1.17360446047828
0.969908354507818
0.982287073919585
1.02996878034159
0.951498889920851
0.889546555763522
0.969072159628453
1.04339193485933
1.00643730162116
1.02308050956951
0.958932829515477
0.944760875595101
1.06038492582379
0.851678439438697
0.993758023509024
0.925579571455844
0.90746435601984
1.0091397262382
0.7677729244538
0.875047828178062
1.05337738534707
0.975163234831354
1.10866061944433
0.946680020181639
0.931712131311461
