-1.07674685280707
-1.02680280323067
-1.06343982937069
-1.05953373289311
-1.12623846314542
-0.858686451132525
-0.817841181897044
-1.10420967602213
-0.991410579367648
-1.05588054212848
-1.00210150167879
-0.957470780814783
-1.08664065576689
-1.08871239845561
-1.06381341627511
-1.02889958201774
-0.851548746986375
-0.995555400798529
-0.865715137646529
-0.862459951553594
-0.935826274798454
-0.96591552292315
-0.859260494756769
-0.85581724244204
-0.895971726392982
-1.0581889803005
-0.952734595505928
-0.941388755410947
-0.721032799223571
-0.879975616180286
-0.924487064758612
-0.798730164629234
-0.872178786372317
-0.960099832924003
-1.01696429184171
-0.857872508336715
-0.889313190071337
-0.858385204388046
-0.976275187789418
-0.818023424607687
-0.87664864652204
-0.994594715431649
-0.953389486587265
-0.917676703785083
-0.912941938691212
-0.819753410818693
-0.906398455227596
-0.943217689379692
-0.880316958507561
-0.992126782420885
-0.708132042769975
-0.96930699944974
-0.909095036266959
-0.805996542448624
-0.843721848906887
-1.04070580441042
-0.911439505509614
-1.0675523885226
-1.00320081504213
-1.10601472559656
-0.948361263306357
-0.886675367123482
-0.814361851581385
-0.845359350844076
-0.992248573643396
-0.904758857472246
-0.774287798556141
-0.94142993635443
-0.88276208445491
-0.888875815094985
-0.880732212900653
-0.787462471223272
-0.742612886851719
-1.08345854541349
-0.829360870513047
-0.731081046510392
-0.742102568391633
-0.898472592234622
-0.948352483531274
-0.578745611331208
-0.718349114657039
-1.02500651997757
-0.693554404232299
-0.830597306542246
-0.885550648023953
-0.861563408645763
-0.772853584510709
-0.7140542765525
-0.857468642210325
-0.719851213257229
-0.833287528717655
-0.809346964430709
-1.03284965485983
-0.753228525731694
-0.939696857657565
-0.752852746603423
-0.749360932974906
-0.687484580916902
-0.713012309242869
-0.937851574290251
-0.719708909229428
-0.85224141079495
-0.753688452875502
-0.688945477765947
-0.757092314979806
-0.71346353777239
-0.816346680609275
-0.856565152689545
-0.708356638882676
-0.741519994357278
-0.714022918090619
-0.855099676987845
-0.782555306306701
-0.667268309992252
-0.680006805202311
-0.718815882911472
-0.87758950045023
-0.823230993162965
-0.747149035291658
-0.855213489229429
-0.741550330783842
-0.799909302892633
-0.765149596923622
-0.729607688436463
-0.78147381639227
-0.643258086139981
-0.81542182478738
-0.860176386249681
-0.760640690081449
-0.561053706002753
-0.722896979547735
-0.672202317685995
-0.78337042670912
-0.625417501801747
-0.638685597900936
-0.732778205516216
-0.655413689934986
-0.720567397158463
-0.805884784431863
-0.763491366039476
-0.88690474502061
-0.635414437092964
-0.65244695702977
-0.504884798228464
-0.667569140122035
-0.707278740417805
-0.709304020412753
-0.708382916337572
-0.754245152193069
-0.711737168313662
-0.722499927365676
-0.521259088874804
-0.689164509809617
-0.645141037760604
-0.687471113015567
-0.759244458970111
-0.717865602270939
-0.523453701879682
-0.719723549561577
-0.799996702552996
-0.727669354588149
-0.822492396175772
-0.839493177123982
-0.834415064563193
-0.60857885071078
-0.495468647476705
-0.81202628576722
-0.66474763190123
-0.714448205117688
-0.739717855674496
-0.578246252997327
-0.703132455748273
-0.555581178359026
-0.656729193123456
-0.66021463549628
-0.611185192610465
-0.582248837591057
-0.676508195100162
-0.678061138739839
-0.685925309532194
-0.566887301135775
-0.497389672915581
-0.727161512938531
-0.57680213074063
-0.670872180886441
-0.717132817296386
-0.709561168375219
-0.626121475740149
-0.677902693218277
-0.667846553674585
-0.611184977934772
-0.592015310242498
-0.675174246670697
-0.62934618326874
-0.727364963481266
-0.705952042819347
-0.60061803734421
-0.658637394762448
-0.607463231325631
-0.610695842210623
-0.649157598678148
-0.65053689164665
-0.607040171037764
-0.635485155607821
-0.530174715449489
-0.449169104172534
-0.441511782316307
-0.623080829861751
-0.592666600293963
-0.655539305632755
-0.583509324754465
-0.676879762085386
-0.548911554263754
-0.671270980797634
-0.568558197454282
-0.693901782485376
-0.525860814439554
-0.556171600557396
-0.614050978834238
-0.486915148474707
-0.565562567006457
-0.585073616733077
-0.562253694431618
-0.474725716772343
-0.660635948715263
-0.520448741878937
-0.509705251934107
-0.472764029946861
-0.393304214786393
-0.567258314642316
-0.603383060214636
-0.48054904616461
-0.750220752889243
-0.511602153666632
-0.565295193086107
-0.528932151776913
-0.382747061615469
-0.505430949457935
-0.498730580077646
-0.470863339428187
-0.54247272258697
-0.553006402895
-0.656373986739633
-0.608088471896682
-0.531110465166937
-0.458011567744592
-0.684554974511089
-0.487648947578904
-0.603108774482056
-0.563778380922828
-0.444755378642093
-0.556200339212913
-0.43398174223209
-0.399624833755146
-0.485248597119255
-0.62869873229523
-0.537095183013622
-0.427378166202092
-0.514532265026964
-0.531450017977162
-0.545984850606392
-0.444953610982839
-0.500821037240398
-0.482306886260003
-0.622382684324701
-0.592627707435281
-0.50954741565281
-0.482050478840276
-0.464227567606632
-0.501425019054698
-0.700836217138574
-0.432440364634685
-0.476511049600478
-0.394914745506898
-0.362919353792102
-0.411750590362253
-0.544184333699055
-0.424836117524354
-0.287012877467981
-0.527208861793514
-0.31585729901559
-0.482351432167552
-0.400070675819387
-0.53642700817499
-0.48865995000522
-0.446648365737186
-0.468704247245206
-0.49720287313398
-0.560585166685263
-0.308400316087447
-0.525145230194609
-0.45912937087188
-0.307332492232795
-0.472566405729096
-0.403897594943094
-0.519482287350941
-0.358745759995201
-0.377453727952096
-0.357904090727726
-0.420359210797617
-0.441126009811794
-0.361129721873925
-0.240051558603054
-0.318845630110649
-0.421250855026047
-0.356789311109205
-0.398894298092417
-0.43600575739579
-0.488180578294896
-0.423798710837731
-0.467793424132717
-0.416304394183708
-0.274595762206757
-0.609257018185989
-0.284718912267101
-0.393358223844629
-0.445918859624158
-0.389370392602048
-0.392636981590447
-0.412626470352148
-0.358902505322946
-0.43665631245492
-0.319202245482781
-0.347522662495031
-0.365114110650953
-0.206853532632775
-0.314197121245729
-0.510391987359521
-0.427058353643304
-0.388983411991462
-0.342315071224121
-0.328056750273096
-0.406307567926277
-0.313415017111703
-0.397721131622684
-0.3432289279614
-0.211538275552532
-0.115721732337102
-0.275459529937172
-0.374313592368886
-0.242472832692848
-0.303382343017513
-0.402569325622023
-0.418216577562944
-0.289252418936665
-0.194465611110917
-0.274221232603635
-0.468871308464978
-0.322845116979905
-0.274696091928426
-0.205642981392624
-0.356826381880903
-0.254093710962657
-0.367153385742514
-0.361607439966299
-0.27285218234287
-0.371433914967886
-0.307279562074329
-0.149607653011241
-0.36463098575696
-0.240862874171425
-0.324805099358437
-0.373667979176947
-0.209272771678097
-0.235371454547755
-0.375075041229233
-0.145442877877354
-0.252393623827296
-0.227605216456089
-0.377633431935527
-0.198353018810742
-0.220110961026603
-0.252035523893496
-0.102144846050514
-0.319035034314342
-0.150080961870426
-0.346044528842544
-0.228693936847848
-0.280448029762207
-0.377589872139175
-0.275100323254896
-0.188041069172284
-0.0471085435487398
-0.293800858795391
-0.236286015427744
-0.263468273533406
-0.287553211674785
-0.244889733520639
-0.163012829893134
-0.115626273903949
-0.298824962152877
-0.164174892623919
-0.174490829710886
-0.291544134103801
-0.203404293923318
-0.258329077425308
-0.16112146923545
-0.226189895988008
-0.247482357759349
-0.22325906060473
-0.28693308679152
-0.255032647104049
-0.321264098699767
-0.020439614228263
-0.082275478014153
-0.251557336072336
-0.123900656889153
-0.0970566601781616
-0.178561383176198
-0.222122564670388
-0.110362445009288
-0.180473615123244
-0.171866672128093
-0.07923259441356
0.0119633382251614
-0.200663015274128
-0.144760048139676
-0.251270085230572
-0.16784155134508
-0.118512957438064
-0.245525432039003
-0.00480522510239364
-0.360321688177754
-0.183387031399405
-0.361186215721192
-0.148650200517714
-0.226466454037192
-0.159883032200379
-0.0979621719203662
-0.131578564386608
-0.208651944700685
-0.0620026879165154
-0.0835181624103732
-0.158797210553436
-0.283146659442583
-0.105954111700092
-0.302713237225098
-0.188380519174117
-0.131163386098148
-0.1662030992078
-0.0768843079854551
-0.268675227074219
-0.173552212857669
-0.00397701180475604
-0.233364400882894
-0.149505753179257
-0.234884645071627
0.0015943467680567
-0.0846072490121439
0.057806463219121
-0.01709349530015
-0.112637365161498
-0.165873641816753
0.0105089864093132
-0.205388246692481
-0.0385405274775668
-0.167867982656908
-0.127815669348592
-0.0492125108394906
-0.0661570716850106
-0.134623584132021
0.0270364484685944
-0.125687789954038
-0.173266642574557
-0.0200640396844696
-0.129074267916075
0.00181008026508495
-0.146583935339254
-0.12506071175828
-0.140211859159556
0.0429452619370417
-0.0196116016074976
-0.0334299912230824
-0.110759701125455
-0.0925583346863765
-0.0939141302395629
-0.0929840165656809
-0.0916637978684687
0.0907411548783279
0.000938038747586451
-0.0225307206082539
0.0726881730583788
-0.156537410427049
-0.139484054380663
-0.00127810765208082
-0.08894455518378
0.00656419233152915
-0.00629173002642634
0.0142418679402505
-0.0857633682927681
-0.0948210534300571
0.037044692684309
0.0348679675991916
0.0418280721692648
-0.0697814731525967
-0.127802295546121
-0.0383802952371656
-0.0386733264832284
-0.0711947653229866
0.0778955450299578
0.00112711671735286
0.0309675812833489
-0.178909344830557
0.0058214899102657
-0.0864854962770518
-0.100987766172858
-0.115676536543524
0.0988770829050115
0.0530969358596759
-0.0382838339497759
-0.0326261511782406
0.170165335332763
0.0858773454925918
0.129640610107584
0.0529885224415407
0.0115594152282907
0.0738733191257951
-0.0827342397273648
-0.105284353210594
0.0678755979068312
0.080913323033317
0.0383950222665765
-0.0192247910607701
-0.00424983210548951
0.0600299424439059
0.0372894176104005
0.0825120897028528
-0.0057554231556351
-0.038363958467344
0.00622922950490379
0.00818113690610721
0.118415744290623
0.136046155677422
0.132799159822388
0.03456194044874
0.0126131105587006
0.0307758209572239
0.114770516311147
0.216433520059326
0.0940707005069503
0.126629806023416
0.00714358961959785
0.0786079016328851
0.0803120747924777
0.102577732826005
0.10778305408822
0.117776959270006
-0.0430111917912667
0.105179452937642
0.142678501178287
0.0756805847745705
0.174292282165327
0.194053336718041
0.102520070560435
-0.0120458669697664
0.186601719719609
0.19483825989813
0.0963613668455858
0.125015457778141
0.281515466758626
0.248126906556771
0.0551683986123865
0.0103530161541734
-0.0440035891823546
0.105654654013615
0.0697230738257857
0.111854687940619
0.122376828681443
0.0558735567776845
0.0478334048599224
0.179549233379114
0.280636576109027
0.12943042417463
0.315912930619593
0.152019570821361
0.116113144733511
0.242158314288871
0.150834081376938
0.0377677576445168
0.29358031047676
0.26257396939711
0.0756771277086629
0.182917247958904
0.269931533356085
0.26353849832483
0.116635908188203
0.177611085112321
0.230386262212208
0.126212175966213
0.115977166759534
0.0958995579661084
0.342155627936981
0.263166550218261
0.0553011316630198
0.204839803937743
0.198899144526319
0.255610926907996
0.177425203045122
0.114057246270621
0.192021356936556
0.173292180489245
0.310427269255088
0.257945043295499
0.2829398413219
0.169370839384998
0.276639511607639
0.163963992824774
0.170111835000315
0.238985326152967
0.213441519300707
0.278768998008712
0.240132958753995
0.231453311577562
0.166543822145671
0.247207191878005
0.200351399627144
0.210428660331056
0.0462657599252306
0.321093523319114
0.366963503710289
0.283568567863692
0.146044306770997
0.214661252563405
0.295967732742977
0.328289088541209
0.302853332034528
0.126284833139929
0.210274449479775
0.195996748730691
0.229162163045884
0.219688687894133
0.231730451126418
0.284303938971446
0.200276696364782
0.144353156163029
0.200196228439937
0.324368486630367
0.171089306890704
0.235489716150627
0.35007806547662
0.293143557807348
0.207698604978209
0.204153945614659
0.268536171609503
0.397256859736692
0.295423505132862
0.376390333456312
0.269182421282252
0.397471244892025
0.300897266168191
0.405774697830019
0.37683560916857
0.427533822004346
0.197382010525078
0.347221890489175
0.144696996358038
0.353323331322857
0.341803236702262
0.267884329674922
0.338328663425574
0.298971025076285
0.279925928270691
0.331999049667881
0.329681726014423
0.382395103901271
0.312569934802579
0.253178220190598
0.401996462192263
0.278644571402611
0.341722467744602
0.321996678587027
0.0968713115025722
0.442477213160027
0.370220587020818
0.428898155685191
0.308798185652622
0.458649519918008
0.219188998171161
0.34627283026293
0.434401065216334
0.291716419274266
0.225879956707723
0.311602517686606
0.261871027042479
0.3431143139607
0.329935074077166
0.392741883816248
0.460996009529359
0.431807800214087
0.478951342161814
0.411815470048081
0.314739881928191
0.307456992856814
0.383650109385154
0.308539852766308
0.536303123258784
0.335138528364758
0.467142112613436
0.562980072699292
0.514134539496836
0.334482628594556
0.495496027817247
0.326977328586604
0.278111551442251
0.329441607527119
0.482302384641352
0.380740728118758
0.304139718211133
0.561563909228267
0.364770024394876
0.404780358583963
0.361877934848035
0.372067246859382
0.277818136560067
0.409974224400551
0.391502717655674
0.325001025163306
0.578602900457026
0.495604310871668
0.375633199744376
0.452349011071613
0.363243709122836
0.458076394085424
0.449202507387429
0.546138494574094
0.500581506382629
0.472264656322815
0.49538453161968
0.577104279127021
0.568877147075077
0.478158384594618
0.62767673974342
0.529970003693824
0.369671845959167
0.395352802309266
0.39437618282964
0.336036044527111
0.478281252686695
0.507804467304012
0.527792621303064
0.493004174898257
0.553949619267408
0.386690023388476
0.40932509506798
0.424045310635921
0.450311384882038
0.574609767308079
0.637826785153188
0.45125630685915
0.576804042021404
0.396470030128872
0.520784657392853
0.472744871443706
0.542314294043752
0.517618553731383
0.444383516656518
0.596044059005748
0.475617924365759
0.583797240375035
0.425984739854272
0.45910399000405
0.531250980064002
0.57046118847297
0.504736431311169
0.542779537567638
0.50258149723472
0.507815762718345
0.284413377179722
0.437901401083716
0.573772774811042
0.393617712479902
0.464424092265169
0.415721882386539
0.611109489652857
0.566938013851829
0.545787348146586
0.519958138001665
0.491018956475889
0.660559064187253
0.474930985267086
0.591809249447823
0.481662120323752
0.551334848671592
0.499617624371901
0.490902440647818
0.498654145215681
0.55133277730115
0.523010698429739
0.588576317339461
0.639265198716444
0.728867348040399
0.578762860833845
0.612242211155186
0.607136573985004
0.674952007095951
0.535157368552911
0.549211363575127
0.629223853140927
0.528442137002622
0.593266862105519
0.741474239091003
0.654176147017164
0.554626550206511
0.620599440807529
0.69189120758407
0.646457591726872
0.465818359810621
0.650679008270971
0.5097342097417
0.660271556342596
0.58337112619089
0.611852361632754
0.722530575342078
0.478059253048764
0.63482765491449
0.569018259212325
0.617010352857948
0.567654323002926
0.804245595435847
0.592861525044841
0.549297558826225
0.602112962518376
0.810897209321066
0.597722349218908
0.560612035473311
0.641668626200089
0.744157570688221
0.623619651913007
0.548769250138658
0.631716302537308
0.657500104438977
0.794623085521003
0.774446365651395
0.693314125635207
0.874542415608641
0.720072405078392
0.565511771722667
0.621144116493477
0.765064888472131
0.74594313945176
0.682092331692994
0.663358602170404
0.639796630665406
0.745918927755669
0.786239872733062
0.968148936828651
0.802910972921244
0.664895284152213
0.706214049681276
0.696246194419446
0.714393141437558
0.712308965018426
0.689422230106338
0.648535415324139
0.699783179657805
0.565113968098822
0.719608453449004
0.6698470321817
0.801516686626495
0.781975199705807
0.670368087568495
0.614282599785603
0.753857215038512
0.885872972223123
0.835311899993401
0.576055833787827
0.610943394668853
0.72784115017353
0.624727262172856
0.66583878803269
0.610290544283813
0.702603458138428
0.602371741402011
0.817777916310443
0.647000322963707
0.788310380675217
0.754416355967908
0.729668276141052
0.804570402034834
0.792189510080211
0.524247489561743
0.554848955651009
0.671751073634636
0.658694230523605
0.867154106831225
0.782630259723821
0.910045172058477
0.843855641749317
0.767005610068014
0.810308414916521
0.870108565028737
0.845871055019403
0.746566988350718
0.776308721989006
0.723491898394616
0.923109598245895
0.76933829477935
0.89583581886272
0.884945270416466
0.81748333287752
0.872615173223239
0.857338662796858
0.858816773111871
0.824647001342127
0.855321923850544
0.795331425533402
0.966579980327525
0.68834436599203
0.786996972664177
0.795529787999878
0.870490058527773
0.969627222539864
0.879412417483376
0.87560765965223
0.907548397005897
0.685186093042656
0.792465079598728
0.861441408191183
0.740415204134159
0.675782036765349
0.980998990908899
0.901410427898857
0.736886424511413
0.965154238873478
0.766916656736941
0.942852264420646
1.04310093564852
0.860377043847891
0.927432170543233
0.631850987759617
0.884960200697874
1.05497609655584
0.812427441606924
0.846234434287332
0.861005422402039
0.926665084828038
0.816469164937285
0.871532425147456
0.959270733429366
0.917818713062777
0.915834150255542
0.955721417388896
0.768715431540331
0.877534299080239
0.97763305621762
0.939717318683314
0.819857703257686
0.805728896247149
0.897491481952632
0.827799337470006
1.03146978086065
0.921258355944767
0.945322263316133
0.957083085512322
0.88237112964008
0.833542033777791
0.920437218919282
0.955250023823715
0.850541860012694
0.92371046183125
0.916066612405247
1.04755712771311
0.843893363646899
0.833963361399898
0.927145518760998
0.957278257490011
0.712559602964181
0.974725608819754
0.827074459688901
0.901644646475725
0.914179927663607
1.00578638163563
1.03198972688619
0.98710038878969
0.838836478643597
0.924384039806378
0.991592478377492
0.808220503625516
1.02273195548165
0.922687818823188
1.00018228871627
0.880316338047319
0.818421461018769
0.859736281309077
0.961360250391053
0.979516041545511
0.851427551806114
1.16212144516908
1.09069605230896
0.937842504076437
1.05610615171612
1.05775611360492
0.86596052196395
0.925025347561995
1.11262610662731
1.14936192262586
0.990049370607113
0.992239482408632
1.10717825665305
1.01412346629931
