-1.01967328009845
-0.761934011470892
-0.972397547116018
-0.847692054262529
-0.966510669299893
-0.910315922864346
-0.870731235934982
-0.927909966280053
-1.00887599670758
-0.939882843079672
-0.815990225510531
-0.880929803942905
-1.05057503871161
-0.961918045812885
-0.933528242380096
-0.994167517536549
-0.858686604128453
-1.05791992280129
-0.865869513701246
-0.920696120498206
-0.909000800603911
-1.0854052242032
-0.870386577000608
-0.823170114963562
-0.941531642203166
-0.968539929896969
-0.888964848277478
-0.986180483108608
-0.735947692751996
-0.920303303591917
-0.875576808286598
-1.05953922345537
-0.983694784048889
-0.816361916452669
-1.07923413072021
-0.885345866015692
-0.986741664040383
-0.808183028082915
-0.9187119901771
-0.963493386666645
-0.829879125912241
-0.906951663406678
-0.949693610258572
-1.05326949813528
-0.965847654875977
-1.02567462526578
-0.859486679370442
-0.914132105202512
-0.885846299822918
-0.895698173399738
-0.952451159617552
-0.806035513789201
-0.914665386279811
-0.698707821476037
-0.952572301026951
-0.764443059141391
-1.07637283642254
-0.935478217441417
-1.04024104664493
-0.89251548267762
-0.918346765311907
-0.802071526451637
-0.835289961506717
-0.853467595246412
-0.804247087887965
-0.981497121605884
-0.827268675389381
-0.889569681993933
-0.777185664424259
-0.749333165322586
-0.882678358968613
-0.806813237387042
-0.780262762927185
-0.894885226692753
-0.912885551980518
-0.891561692633403
-0.882670603932435
-0.822287508851191
-0.826122066132158
-0.97241041373865
-0.702788666059053
-0.807937499931059
-0.907539828815391
-0.917285947296861
-0.930287665923146
-0.791840372750016
-0.825467040031916
-1.00326534468137
-0.947596894079671
-0.757558825785193
-0.897771595452534
-0.835328834981599
-0.956417101029842
-0.75976100045227
-0.830256992197037
-0.972393221400567
-0.811799246173361
-0.787779300440305
-0.856784877265266
-0.758719264376827
-0.834694141699099
-0.819516934958106
-0.699738191871917
-0.777201164193127
-0.871608932888373
-0.860930600449266
-0.86241358629221
-0.790009204611119
-0.704317761428741
-0.801784856537449
-0.732074086364872
-0.775968296749617
-0.813748841390539
-0.769895857892105
-0.851315465990106
-0.722969406302903
-0.691519846228049
-0.762084403626415
-0.873158662445346
-0.760922336178362
-0.868865674166797
-0.708618428813222
-0.744505070900893
-0.775632308930403
-0.829471458629033
-0.708289341680192
-0.714292499024841
-0.706675274201977
-0.70962803864479
-0.580377525027988
-0.80701143786062
-0.916847423762868
-0.650200877981825
-0.802036435754909
-0.610724491726041
-0.701932452746525
-0.707776678292608
-0.508663227712777
-0.673988776994522
-0.62971335384289
-0.741390678417895
-0.681143669099068
-0.545031944722697
-0.688158058516408
-0.748888378970047
-0.682952312739517
-0.70336472333135
-0.579387883227584
-0.73652916493257
-0.675690929828862
-0.718956133711176
-0.88699523495651
-0.730027205187022
-0.631889607050275
-0.661753036259481
-0.676376274929979
-0.663584587931798
-0.630106875759432
-0.758823345775921
-0.667791892862732
-0.623941008035707
-0.586563212489597
-0.723993360959539
-0.651624081114627
-0.604949507565561
-0.594187151586292
-0.644100756393425
-0.456259093426281
-0.606652852499952
-0.600790008440934
-0.579102599737542
-0.550883521135558
-0.679382700078572
-0.535433808234986
-0.741140966192561
-0.64202058665536
-0.718575704949959
-0.530949450152664
-0.538110351950174
-0.697210463524932
-0.561365968201187
-0.527927403043772
-0.669836398147181
-0.524324215668699
-0.534903848392414
-0.834296374432258
-0.682932958394574
-0.523084078058162
-0.62998516955677
-0.521761133451768
-0.630949724631904
-0.613877946479555
-0.638185166388175
-0.748981296126476
-0.68496672365149
-0.701339841054278
-0.555863400828461
-0.761045491253984
-0.668975625872363
-0.631693225455347
-0.750043891637988
-0.680433541200624
-0.538035167391391
-0.527125972604809
-0.698794625679238
-0.618961421055605
-0.601601854114768
-0.598915770395084
-0.536076283392719
-0.655487422625921
-0.62127278640962
-0.503453958895311
-0.466517794540923
-0.497003192054342
-0.532068886634044
-0.551817482483848
-0.60277745560936
-0.44345081285217
-0.525677192913668
-0.483124387251867
-0.634068418347288
-0.520422707840719
-0.570396417291722
-0.508800233254099
-0.686437027321823
-0.516004471059485
-0.537510762901762
-0.53156471926396
-0.523776324327811
-0.638735149239473
-0.582128429618832
-0.5910156206101
-0.535638051375315
-0.736396254780825
-0.518481594264088
-0.501019627949858
-0.574703748223384
-0.391674341977229
-0.549499691620036
-0.629776672405314
-0.482311118587699
-0.553347317760775
-0.490067465543891
-0.590416155410802
-0.481896439053523
-0.434004007021577
-0.438574632195099
-0.642234885792147
-0.411087113126232
-0.570726862158764
-0.481426463167001
-0.571773508415253
-0.378688111796114
-0.543455837763705
-0.348162865118398
-0.377152077620864
-0.428765138852211
-0.503065363781796
-0.520269726948078
-0.395819004985159
-0.473549806362337
-0.454617289885277
-0.488790262857909
-0.420126453558518
-0.477745639219276
-0.577610193017066
-0.34714135601299
-0.470900040671868
-0.371041037090744
-0.546140745337425
-0.442170144471279
-0.333667991937857
-0.452473373051107
-0.488273326775189
-0.585681372580094
-0.474296103540064
-0.409381354561104
-0.476505069907442
-0.324771828131227
-0.402889185948405
-0.526275882464289
-0.461537893158797
-0.368348520631106
-0.357616768629939
-0.266008945716242
-0.282537103330062
-0.405860946998022
-0.370820376394355
-0.373955064484916
-0.323867381301198
-0.31215463293347
-0.439942390838937
-0.396242937222618
-0.415967455698865
-0.330347022440547
-0.442221286798123
-0.524878979048814
-0.35480320289293
-0.199209213747192
-0.434382592115405
-0.335934808768759
-0.372736362366177
-0.349370629894287
-0.47137299653757
-0.349304522101192
-0.453728473990595
-0.455176773248356
-0.531225339400179
-0.345016632786416
-0.407803464377649
-0.342665485226343
-0.444923556787708
-0.414456813787601
-0.408768294732749
-0.390523309934121
-0.355144813650789
-0.518793021140715
-0.32580320091399
-0.367374365403829
-0.377714585578319
-0.353094815192606
-0.510197409908225
-0.381976044335787
-0.246655485233052
-0.355389229128599
-0.371455455569444
-0.291488591251758
-0.376589588589013
-0.474486564002599
-0.335145249660723
-0.308934443088872
-0.296649895563658
-0.246287839653683
-0.414880717026568
-0.387864032887251
-0.319507540356927
-0.394059653681578
-0.321603605816469
-0.261283819799234
-0.350552137060157
-0.314613249803593
-0.459154535255621
-0.202850708080111
-0.179937393499821
-0.251737449123021
-0.281203383695788
-0.337423183080563
-0.20082751710483
-0.255722359099689
-0.447088793340134
-0.201686891715789
-0.27743819285075
-0.420075355049179
-0.318078099001387
-0.322990348610903
-0.245196934326905
-0.267590082236693
-0.282627290259886
-0.271749539169276
-0.417694008707923
-0.249154045770565
-0.192211538229708
-0.3089618717219
-0.304005242669489
-0.363743534081769
-0.222515244006491
-0.350476666114479
-0.381519915303707
-0.290954641358077
-0.103392972376297
-0.303701410544981
-0.220834035086443
-0.274229796546156
-0.192661844030205
-0.279143608556633
-0.268245086071472
-0.22757811411
-0.159391276051202
-0.163732095995416
-0.269043068958613
-0.395417026575052
-0.15690027296783
-0.235459087322102
-0.250952992323266
-0.182359097419228
-0.359117617344908
-0.170095762464522
-0.0824006894896397
-0.374396072980374
-0.258062283737023
-0.247799174732148
-0.119028750807733
-0.228376841457021
-0.281434874302039
-0.242098175643231
-0.408339181800943
-0.151990302931338
-0.244022934178002
-0.165855370451593
-0.223565942242364
-0.274335891494534
-0.158330688250451
-0.25314360953714
-0.288021092441125
-0.150507401678553
-0.0938227670367903
-0.254349254921003
-0.126681832799812
-0.191044957707725
-0.0847665735104512
-0.155759288674352
-0.155132795943416
-0.296326240165037
-0.184150911942222
-0.272729297016138
-0.251871171907811
-0.0917738855552372
-0.172134867661754
-0.114145621902637
-0.126889188189348
-0.215488351279347
-0.0535824107186007
-0.186992407146178
-0.203797155619003
-0.0991444526152102
-0.156734225726009
-0.0395385472871436
0.0309343683272423
-0.088939620438332
-0.152990772180889
-0.125783534180025
-0.202853760022773
-0.0428322924579433
-0.118493106215181
-0.151574419097855
-0.117938452983491
-0.125429729514036
-0.0635380931382709
-0.147624379598498
-0.285201507610665
-0.192473472214787
-0.114990835860639
-0.0827718118676493
-0.0615275716761859
-0.263955797927129
-0.0497748588744937
-0.087728321571129
0.0132014735085734
-0.223632488247063
-0.224712942134795
-0.040184996563898
-0.102463594454271
-0.0877151842363749
-0.139719139794061
-0.0908465572150875
-0.140057726500818
-0.0310269086970209
-0.229207826972408
-0.114554740653902
-0.10224375562089
0.0280150928905727
-0.0135497998786864
-0.155009363408449
-0.0891029127516655
-0.165070052650856
-0.111645984196034
-0.26632304833779
-0.0878479850613288
-0.0120431422328895
0.045618302469368
-0.0549143018508556
0.0588632559705092
-0.155309618895699
0.0234066960857895
-0.021573138314174
-0.173842659485496
-0.182656502393365
-0.207701848301665
-0.0289137763501744
-0.152239125991677
-0.0320661837329344
0.0218917528038105
0.00584698511750919
-0.0740117206121851
-0.142608883047018
-0.0414056711632996
0.0301191717705885
-0.140687634697164
-0.0800186778738754
-0.0810117121987295
-0.0976968107450368
-0.00209518489690319
-0.0303609274249581
-0.0732699006053515
-0.0427939592808554
-0.0152784651284758
-0.0586236750147022
0.00734971934185236
0.108545732959205
0.0448640616500167
0.0857425436682487
0.06728743187254
0.275832775140781
-0.0710088651886064
-0.0257224198032125
0.0567839197785129
0.00780351880113138
0.0594267213214903
-0.0185640192931716
-0.0423550013895354
0.108789921375223
-0.0558149851576507
0.0702366979332369
-0.0159449495365631
0.0548256762294425
0.030676741673863
-0.00119220385451508
-0.0650438316163491
0.0947602108739581
0.0215099834233175
-0.00364790721732621
-0.0504448467975346
0.0639486028935169
-0.00334553899563892
0.0410604148822984
0.0594041986750254
0.0155309552063521
-0.0763528428262512
0.0504790647620694
-0.026660302801477
-0.0604167454915337
0.0857198340571685
0.0226353572863377
0.304118082382974
-0.0063642712213707
-0.00545509991946702
0.0875173489638961
-0.00899677845283461
0.00650661872641045
0.171380111234224
0.131919980899735
-0.0346845030005356
0.192803191009008
-0.00290886106241345
0.0193498360222887
-0.0214182549640116
-0.0219667927145761
-0.103148928566237
0.0210513822570269
-0.00168655354035844
0.185565364989041
0.0160713091456475
0.00710574088944803
0.0102607648407743
0.101408044717497
-0.0328231695359399
0.0654130861567199
0.115545792478104
0.132307642361518
0.121420554859037
0.0907669671209387
0.0686621670197458
0.125036908707101
0.139815901341721
0.0543847667544041
0.281617341345669
0.153739468472716
0.100892234608687
0.222117463963091
0.1683498282662
0.249023059733713
0.136738972127382
0.247440322750628
0.284516328449028
0.124205828469471
0.237750310230976
0.125177769711322
0.0780355239207389
0.0770512998815428
0.238309207248338
0.136380900860117
0.0429562004050221
0.169390041877749
0.0319825280158744
0.101931936546062
0.18269392408493
0.161270406639033
0.162058153108285
0.0749566859246027
0.0601949624567025
0.111291605630578
0.164199791540826
0.191946984654313
0.0621495151063423
0.0840383037998166
0.214694041995908
0.346713552782493
0.209137441528154
0.200072392588533
0.208548195915244
-0.0057167761866209
0.236392673259992
0.195368522055539
0.331379761166031
0.23720035120488
0.330274921566599
0.191482413385152
0.298075869947824
0.206245358930472
0.0733526406218865
0.239556865442331
0.282930817922434
0.138304360893839
0.197264402141949
0.136590520008495
0.272746744841504
0.197193614882295
0.387393923362094
0.381500428273926
0.0863075114166066
0.4119914612496
0.275742156898654
0.160891735309393
0.303059163174113
0.348367073321804
0.119234143060188
0.206414923655173
0.166814031485034
0.193114883573072
0.140407966212623
0.258084806727864
0.382405554553144
0.288632282716397
0.310076060400183
0.278665111476569
0.197069454961645
0.275824310151974
0.174020771769925
0.2420930200658
0.151535988323855
0.434922707636495
0.331165518648296
0.190308136960237
0.308362248693256
0.33100308574341
0.242155951185607
0.265397760977776
0.365094239741614
0.158150722379596
0.179461578548123
0.42040884477431
0.342288593925745
0.514951417178561
0.317291969033242
0.383277531185184
0.360142476284319
0.285727806295631
0.288620772947148
0.290924358306739
0.356719688684231
0.483199110908251
0.294560294103427
0.374157544801272
0.350560552564604
0.374733549108018
0.406648817571504
0.314102830179032
0.215625555017575
0.437214844933872
0.36235039248703
0.169776954891634
0.552136253631565
0.386756507896705
0.340448229482809
0.334932548998854
0.344547515473866
0.464783099643457
0.400637427989729
0.529118670735106
0.350798379214495
0.399580811317912
0.431499636624847
0.411588854841733
0.444021905381644
0.401133999353012
0.482561519368214
0.462809012399133
0.417440391878667
0.36841131642066
0.258892227059842
0.388467070846583
0.330304241524716
0.381841184815324
0.332376677462228
0.437323202924048
0.272778072311281
0.41246626602692
0.462455260662777
0.433330600647847
0.410646966969601
0.409144957918253
0.267974605361518
0.368236875178825
0.328899368784466
0.481482520495512
0.494174884879438
0.473871168063098
0.429045851046013
0.563005930730181
0.447781167647372
0.436975018321985
0.522309348634708
0.550165041076331
0.503770495954685
0.402963618522127
0.4858632532708
0.342514457064266
0.360287889680696
0.434397612327131
0.450518561820161
0.533879277559827
0.418944095646054
0.44482852183509
0.437086980625896
0.429058759120827
0.468900106927332
0.391742186844026
0.430140866814247
0.554298841783716
0.568860642479481
0.480865376196278
0.43688960753498
0.455822002553211
0.523841169451783
0.37252306448619
0.512022462623314
0.342571798705649
0.539174364717484
0.528756758093622
0.458158211455507
0.375873966507808
0.552983558536198
0.400481394994563
0.63790255964142
0.687150942112281
0.724125712571514
0.410120382368542
0.392741609339514
0.572259496688215
0.450760579533187
0.424041210943072
0.53832566793977
0.355487182689264
0.404631416856785
0.492124977111655
0.443439806746326
0.478393344706966
0.356103456076648
0.502652984270946
0.581485065188708
0.472754968078153
0.392888710039636
0.514638207199954
0.577041212343511
0.431068609600656
0.417922849285597
0.399419377759685
0.572379355355768
0.478789027970043
0.570006894402423
0.565133749306846
0.563159462119613
0.415513354301983
0.410268306438148
0.682947507749152
0.576548201561053
0.616192411393206
0.555616662841857
0.468983097790347
0.700857537034735
0.560713744915851
0.595540772170988
0.38438454071887
0.710026411893727
0.509433706357351
0.622363059745146
0.614174586409643
0.566297156588154
0.508545142514193
0.522060203558461
0.446768391409849
0.654559390778835
0.672078508899358
0.665303818823761
0.547742769366789
0.550313092290129
0.373246921940624
0.57594486792711
0.509965951939643
0.655511166495597
0.592043445927199
0.635937586612175
0.677169391263926
0.620954918215458
0.468001228333949
0.724397150004838
0.742682371236157
0.639005291157684
0.441915392971683
0.738663873720257
0.68244929596792
0.535348876553088
0.710829893187293
0.578106563086486
0.433191069286297
0.562499984407229
0.526175884682768
0.561125438576073
0.62446152046288
0.697808057874595
0.54149590156367
0.68359692890038
0.466402201700447
0.684423578769474
0.689772770755351
0.595733238206991
0.66659087529753
0.596641592697664
0.800994054788519
0.758502509838094
0.701371171015924
0.670694049981901
0.666395897088423
0.565215892880838
0.700139127587348
0.657642849843401
0.394161008701297
0.725757299151563
0.62700750103502
0.622262352376934
0.553504608795551
0.600136989861622
0.701734815298886
0.7502918761514
0.528064826043004
0.675627761837816
0.687344947520152
0.745876035907395
0.616917774319798
0.681199320594165
0.552455799100308
0.795909490541384
0.826882838619531
0.873949278412282
0.692845403014219
0.812688832327422
0.660748409892303
0.833181502419366
0.673620532146143
0.707368434254213
0.779322358003037
0.707277281410964
0.656889265892023
0.762794677895671
0.745802817777058
0.709146587219047
0.659486626690772
0.691422871077267
0.758187640661451
0.885037016039835
0.782875487196503
0.952555264909773
0.881676656531238
0.762261496064832
0.810134865507856
0.814353041786627
0.735445355823443
0.905310502985439
0.848303068035699
0.724136108943707
0.642530802309271
0.862644683875622
0.8775939686944
0.700262364552839
0.774031682669336
0.750919876949862
0.809430028706418
0.84183486433443
0.556637555352088
0.571392209509646
0.777126619959094
0.739662945483001
0.808102494500757
0.73351336886239
0.702954092884563
0.801514016679095
0.734604412371399
0.669620594557627
0.844201019378853
0.775155364118811
0.730577618073058
0.809331380951921
0.744264293058427
0.772088310866852
0.82123667301095
0.899529503678152
0.872622666843892
0.834314298368272
0.810548276643116
0.750778248524131
0.948972911816619
0.843518263856984
0.84084425761472
0.867236807919062
0.677230859676826
0.80880652239888
0.889854481257175
0.853841870392579
0.831271915543448
0.75115999956529
0.825725618071266
0.777865900744363
0.802847928819539
0.856129985493006
0.692143311659362
0.794066190408325
0.810257191192531
0.743180175382953
0.922751003740096
0.763146662232243
0.827034651873865
0.93763154181105
0.948231710483889
0.933281724643775
0.810087355747857
0.932545169620017
0.887838973609941
0.858467561711102
0.80276400651605
0.799581293111044
1.01922758703429
0.955199126388486
0.806460947404097
0.858912282006862
0.934343577375082
0.970199871481048
0.943688052642862
0.916717339401005
0.808662173797285
0.924035198152396
0.976041080949524
0.881688359787934
0.891099260253693
0.930749839721068
0.941299791685192
0.832538716075035
0.972737581756434
0.887808405509942
0.819388180444117
1.02325080450547
0.914112132709711
0.881424262006534
0.963615500457103
0.851740239533694
0.928537998729382
0.853478282723986
0.97131028726366
0.995862421843336
1.00321542141119
0.963413966881269
1.03776667281289
0.949693020499793
0.939221263556933
0.779893233775667
0.993946704573925
0.972330693293217
0.960792969464793
1.01518273586846
0.976464008735942
0.921687692613654
0.974734269810561
0.965958340350282
0.910315020505557
0.944690702524458
0.989955544289636
0.949358672566898
0.929916237744892
0.952769481146972
0.985380713952811
1.1117342923483
1.08752255587432
0.852288386294533
1.09836637155036
1.07847746306386
0.981928310278462
1.10816820971805
0.994249623069746
0.979993793383846
0.966604991551606
0.761317861697711
