-1.04133964078385
-0.764341027955234
-0.960456397003458
-0.846364652277126
-0.960371564391406
-0.916676985903331
-0.862948637625467
-0.910845326594828
-1.02353565604773
-0.907931457241714
-0.839072666671736
-0.871954579104606
-1.05517538960078
-0.951450933140408
-0.936276696369259
-1.01801748756235
-0.875292855484787
-1.04314009134084
-0.873514177015864
-0.898507284978949
-0.908865324076899
-1.06401622089869
-0.87854410265815
-0.810304083611656
-0.912295895873666
-0.98659995248792
-0.890980104630929
-1.00531611440437
-0.737964041090016
-0.934813190812375
-0.848615382473977
-1.05376382145317
-0.993056285767393
-0.818384085690693
-1.08800466080145
-0.902860039879552
-0.973583619553657
-0.833682158656624
-0.939463219762158
-0.959802089457514
-0.856797176538692
-0.912041023331937
-0.958799956916327
-1.07280729290393
-0.952617447181611
-1.035532563184
-0.859893941844174
-0.908568277229072
-0.873646364435098
-0.923723051184969
-0.955495447055789
-0.807256318538093
-0.920437202578297
-0.700242696151283
-0.963290772991861
-0.747470978522239
-1.08591558903867
-0.916258381332374
-1.04173683779557
-0.898034841888768
-0.921036148680908
-0.81457856595963
-0.837732245456317
-0.837786910353027
-0.791343768679202
-0.982579047514955
-0.824867094098032
-0.882533222748877
-0.802361320285809
-0.748996493751722
-0.862217238619138
-0.797184744016362
-0.766746258731228
-0.880282043826894
-0.910630192426268
-0.880738203444484
-0.879096171105373
-0.808351573694076
-0.840851145626975
-0.983873510786047
-0.701468093196114
-0.819127568782179
-0.921000219850096
-0.919790695164027
-0.94363141012608
-0.801369832787716
-0.803935325016203
-0.982513878614655
-0.964975082642197
-0.763116872967769
-0.912597006839374
-0.809882750746854
-0.954660432290635
-0.743361452823617
-0.826482139447439
-0.99156144397058
-0.821394627261701
-0.773686416805659
-0.865458470415078
-0.748875154438692
-0.809943716087596
-0.805327541724881
-0.703865760899405
-0.794391540421393
-0.885087035432562
-0.863148045135027
-0.859517753915943
-0.792309122259243
-0.702897138973399
-0.799642926464176
-0.728638698328741
-0.75278920816483
-0.838613374427387
-0.76350632757114
-0.841189297072854
-0.705163059844461
-0.671487934582472
-0.744577122297785
-0.838035665642215
-0.770688708209996
-0.879919717673695
-0.69379946980978
-0.749306528735957
-0.752818701517902
-0.809829575427202
-0.698003980477035
-0.712000081512044
-0.736733291204833
-0.718334092862079
-0.574368831973386
-0.787379305648109
-0.921863161919666
-0.662523269416355
-0.775981012741712
-0.602087943539234
-0.715286950245963
-0.711329629884724
-0.499680720134229
-0.669056189804904
-0.620114696988939
-0.728677617510527
-0.697866987277769
-0.536873071478983
-0.686069863527132
-0.7407279928639
-0.696962115119873
-0.717762315379724
-0.577387910451441
-0.726071753660789
-0.668143927748073
-0.704987976494901
-0.89008235114497
-0.744518144831925
-0.647863432440592
-0.638487735755201
-0.674367091125085
-0.656704226612928
-0.622305409100362
-0.768830515960899
-0.663236450973361
-0.611860647313476
-0.571838221869027
-0.730759627397093
-0.659931216152192
-0.600853580186325
-0.601029225902145
-0.640994894195621
-0.448259330359805
-0.601332492783711
-0.61578841061739
-0.570309065519361
-0.571531224660091
-0.701371894118088
-0.544979163565433
-0.769194237399585
-0.624156898653046
-0.72972063788094
-0.52914146967306
-0.545623546561208
-0.696878652448819
-0.558869139035167
-0.544479225018287
-0.677276265178257
-0.515823640426567
-0.523340664359588
-0.838641564204715
-0.67860722434017
-0.524579554853041
-0.627489454299734
-0.51086100534919
-0.647893862304595
-0.60487385058624
-0.620157138616127
-0.745517803918812
-0.695549923221107
-0.710568362161044
-0.547774801005208
-0.766242788667927
-0.662542375143944
-0.621261544497675
-0.733341898068685
-0.67076108768934
-0.553866654214429
-0.521902105401871
-0.710671978378175
-0.610886271115104
-0.604761637324769
-0.599905804675479
-0.535220302926471
-0.655235167510647
-0.626422918626014
-0.494242172793997
-0.474816888524558
-0.498785797606847
-0.542978558421188
-0.548194731311311
-0.615946704186387
-0.447301397463496
-0.543976649633466
-0.499824309397421
-0.629491403491844
-0.522424399064509
-0.583655149465981
-0.507924643671724
-0.676020226846318
-0.517780647468392
-0.529335272227075
-0.526802400132004
-0.517928370200727
-0.636741500191669
-0.576269158840158
-0.572985032991639
-0.532146992121477
-0.719708121661623
-0.533772203794526
-0.485819067067158
-0.567550963066749
-0.397837305881434
-0.562302416165701
-0.639865930528782
-0.456396313176658
-0.544856127640713
-0.465734092094369
-0.581466160891582
-0.474510773371295
-0.44370609685539
-0.418139540672162
-0.639210392050651
-0.416334948659477
-0.592053157005427
-0.475429592507556
-0.55653249606247
-0.372525342120676
-0.546948573753044
-0.359901321836672
-0.395383911748834
-0.435190517945384
-0.51819193993572
-0.513541926679036
-0.396667428999732
-0.449607084191977
-0.446053330270481
-0.500438146625131
-0.419285390095214
-0.468486814078757
-0.609328804949842
-0.362872163122588
-0.492172993756466
-0.379271455199081
-0.533332497398858
-0.459980744841405
-0.339545259698604
-0.451418823929912
-0.489499924345433
-0.578227856403228
-0.451461225985283
-0.416639742601928
-0.465711744011332
-0.312701870416987
-0.386691325973914
-0.534440015698854
-0.457790397091141
-0.393251707366179
-0.338164272123915
-0.262617659218345
-0.287062809216588
-0.416099096888751
-0.391099771307235
-0.359681780766585
-0.295693224302363
-0.309573436670752
-0.426683099874133
-0.392908052666625
-0.415689117952447
-0.327377875224499
-0.474418280307276
-0.529167633178187
-0.352001870650747
-0.203363208454991
-0.442361457974295
-0.332350858489215
-0.364331050607926
-0.390819244094038
-0.465276299402362
-0.349288823637582
-0.451545214189025
-0.457695386232013
-0.522380777104833
-0.353191009426856
-0.410884727012383
-0.336065606885965
-0.446452042664554
-0.431988438485945
-0.420786585677319
-0.38996460116049
-0.363935706790826
-0.520516317326275
-0.320610966580684
-0.372231953993191
-0.381978373966935
-0.354468337046689
-0.515423644516333
-0.38769709978768
-0.231378603827526
-0.338306539251184
-0.399408264020593
-0.30297634318718
-0.35920982242817
-0.50024573364676
-0.311971732932737
-0.319464662802806
-0.300248206236309
-0.251996227993689
-0.398850398897406
-0.372156489906486
-0.339559564096766
-0.383530047293336
-0.309876702084078
-0.270197241735712
-0.345988069019983
-0.333598176592964
-0.457203377271315
-0.224707378428094
-0.180332229664056
-0.243821087262731
-0.298843654707104
-0.339502172832328
-0.209355301182253
-0.26202341554206
-0.444977604392252
-0.203478223565511
-0.276745066457617
-0.435974882281358
-0.311823676307494
-0.317155309810647
-0.243159147570093
-0.265020210448713
-0.268403615099698
-0.276260759961483
-0.411854559459879
-0.271459823422227
-0.188105589548153
-0.320257963318284
-0.288496356009137
-0.344123424788516
-0.23913167172355
-0.356407918811674
-0.380353290420207
-0.284856978960999
-0.10715581517953
-0.290945011907617
-0.206776254180384
-0.275107282472026
-0.182378557319708
-0.279441941457644
-0.26409515357013
-0.231938889167282
-0.205517967351569
-0.167172263766252
-0.27835821040271
-0.41034533425814
-0.16667276839097
-0.20811356782131
-0.236663475241006
-0.17808707230845
-0.364012897283232
-0.172950050583208
-0.0943901400973041
-0.376950852320623
-0.235730446377119
-0.236859062406138
-0.135122002294356
-0.247456935491808
-0.296019357953486
-0.244438835148718
-0.408106550420004
-0.154926443860192
-0.263358483473484
-0.158799083725075
-0.205972884225993
-0.273093259029107
-0.1751410439064
-0.266041984024154
-0.267818781154696
-0.136611076811873
-0.102994684872589
-0.258312224865647
-0.121529379166825
-0.213759800950953
-0.0786936591668643
-0.144995363782473
-0.137816413674875
-0.274029319329074
-0.187400690946719
-0.278855940847186
-0.243133178560804
-0.0788067874274318
-0.165610821424973
-0.116271979191043
-0.105109687514794
-0.207793931991217
-0.0705807016499906
-0.195495949226244
-0.232889998857957
-0.0906033573178479
-0.145559491642259
-0.0317983003838473
0.0435377666580798
-0.0877916040498999
-0.15728318799884
-0.120984484893476
-0.197401772300584
-0.0511454584555688
-0.135757252616354
-0.136724939222332
-0.124597274860857
-0.0841889880629723
-0.0733937309397154
-0.158903146662823
-0.298399797506334
-0.174228640379996
-0.103629713924067
-0.0606411313304877
-0.0410975602794756
-0.255521532295453
-0.0693279085381204
-0.0905594651685359
0.0177643789112814
-0.223474319849148
-0.21620342130819
-0.0469116769522817
-0.0988232032376431
-0.0781519805557611
-0.124514922957462
-0.0909476902331613
-0.168590938063065
-0.0480847333857566
-0.188283717732071
-0.125048149787225
-0.130111526422299
0.0451369556727604
0.00367633582644433
-0.158194598998877
-0.102778422268725
-0.179507402456952
-0.09947569753437
-0.258321309184044
-0.0529370535737773
-0.0064036344768983
0.0440935730966153
-0.0482634596982932
0.0722271607993325
-0.168083527278617
0.00479059395056903
-0.0222428940810272
-0.178598416156919
-0.17033470118909
-0.198206080098913
-0.0395852927176562
-0.139975952093158
-0.0282855664787459
0.0228492648717493
0.0104672344861844
-0.049646052788111
-0.165149570478176
-0.0356441385314906
0.0304916878353497
-0.16162024332563
-0.0555369124399525
-0.0897285330694912
-0.0934186971430036
0.000370699263468778
-0.0543561809407762
-0.0718000962342475
-0.0572963956064989
-0.00370343676879141
-0.0684980909012213
-0.00822668236496771
0.141713984022141
0.035767677461235
0.115719854908447
0.0644332155193466
0.296398650358151
-0.080380983662332
-0.0160286626805082
0.0480764634307745
0.000410236607275286
0.0407556621555851
-0.031264473605314
-0.0320438288655047
0.108782487485372
-0.0464676228876896
0.0409089891822299
-0.0109127792187141
0.0654976964608772
0.0467573351654899
-0.0165757903721989
-0.0614583025439917
0.0948348380335222
0.0212223537852143
-0.00372582381631123
-0.0303825208386341
0.0931986809989422
-0.00132004559517228
0.0354244855261245
0.0726352415791898
0.0154188365473315
-0.0797610439777048
0.0573604946433567
-0.0348772803739058
-0.068069868206616
0.0893911094990363
0.0394099301531641
0.32104289944842
-0.0150548737960232
0.00449819946580305
0.0923076736498317
0.00110483581656454
0.012464166913402
0.145360091636155
0.115625006214198
-0.0443623778830624
0.176205722246965
0.00422459491173131
0.0316048792528275
-0.0280970114522427
-0.0223102968174668
-0.101602396949187
0.0249358249502257
0.0283570390132857
0.15150030230947
0.0215923669342326
0.0145423279060912
-0.00691962903268664
0.0944240554511465
-0.0447360955851494
0.0797595813518148
0.0790753157356183
0.124738313176229
0.135134995567849
0.0905286709288589
0.0475483474922708
0.119929577127757
0.128331992931133
0.0517075514224336
0.281171205960096
0.137287384442066
0.116891676818455
0.213580983229971
0.187863257853586
0.236131549394108
0.136022535590057
0.268148883208578
0.248952111290995
0.1438712810638
0.235300027760269
0.119950037437992
0.0656294348593098
0.0732090570946846
0.221853741851897
0.162589896385767
0.0360087023554438
0.178708583362179
0.050525926240022
0.0900412611465619
0.191708829457462
0.194048246143408
0.132866132242646
0.0840341609995982
0.0560102286452185
0.134119469239403
0.158554074637035
0.199294536616299
0.066997775797115
0.101199411966697
0.225900559423516
0.348926752690618
0.217494011150508
0.184297826685594
0.209527840890439
-0.0141386989182011
0.235882831872713
0.206154402842599
0.332062849732707
0.247489137123798
0.335955344281003
0.186198909341513
0.33087479929488
0.236024095757341
0.0814116208970275
0.248312461538304
0.297298091618378
0.135679668215296
0.191415323286943
0.140028707476413
0.258593722167208
0.197932764720349
0.394372050423523
0.399222536960337
0.0785466109611407
0.39635165824574
0.26761736935793
0.153972825489336
0.304648318069877
0.341014243084389
0.108093635754397
0.232336345042319
0.180180615184295
0.182932825956574
0.114668653966409
0.263776972412872
0.370646047293112
0.297086295462491
0.333826631800769
0.286438716015711
0.186712678424628
0.274921007347879
0.161567854476987
0.234304234567187
0.142064265309777
0.420709212438305
0.299043828782934
0.188749727818117
0.296853852973868
0.347882656483238
0.217907376852239
0.246185473283401
0.379072005059027
0.129931765019671
0.185784256280115
0.428523298066342
0.329698952970997
0.506560265920092
0.328031495811937
0.386540984555955
0.351842817941689
0.289613224028455
0.267613582620587
0.269578596728364
0.36927469722843
0.467451758085592
0.287184730024639
0.37917127056624
0.338580846723735
0.366216411628283
0.405499748734154
0.31220227225824
0.196921578337951
0.426253671846886
0.351027090836265
0.152147555600085
0.54092003066568
0.385684289453823
0.373536553888731
0.347417692624425
0.338686827835568
0.478416129922907
0.409684118744467
0.514530287157458
0.366243519184187
0.39825080651084
0.438634333771963
0.41652575475503
0.443559796152376
0.379033839528894
0.489901702538904
0.439143434004016
0.429936681582042
0.35063988517936
0.290299098620324
0.388159588035149
0.32428383036039
0.393713644287288
0.313959465150653
0.444914937854559
0.275831507148062
0.4185927173527
0.451010965897474
0.429647947927951
0.418008514358007
0.411085428461531
0.289133793084538
0.371622504815955
0.310026992497541
0.486858053498296
0.495478472307817
0.478860741828786
0.413706760558901
0.551369909184838
0.447579053140493
0.41207906425877
0.532482855492744
0.538867560415431
0.515902825250339
0.385188976291516
0.476594124783157
0.345657279449139
0.352639905655369
0.433830115854284
0.454200296473055
0.566019684197426
0.409045477159084
0.453134865250645
0.426928260691019
0.410828129177289
0.459547945389935
0.399813636473063
0.443859507395148
0.547333003864874
0.584175261938387
0.486644643238039
0.425265695417121
0.450280668049175
0.507773305516111
0.360403061102557
0.516956065605042
0.332065927680036
0.527741557379824
0.550518471932327
0.464828979157151
0.387417007254601
0.558568027432656
0.395800497114266
0.656042054546358
0.71147466684432
0.715097231373473
0.39129389665886
0.385711121907076
0.566282518934717
0.445740015459529
0.43065589756416
0.549510600315684
0.358308585733132
0.404981598306987
0.512685059707605
0.442219973090288
0.483512640676496
0.349880414310662
0.487662984281312
0.564537446348012
0.502826549756371
0.391953597148713
0.538986646463062
0.578202207156849
0.423393133796607
0.420702733802204
0.399812279956355
0.582173172966379
0.475750395191321
0.555295260032256
0.579001326678245
0.560562367344421
0.393060378910205
0.429467164325324
0.681340612292487
0.588763783362015
0.622484268282066
0.547596698312904
0.468514430304891
0.698129940125269
0.556142762353626
0.600976587582047
0.368397401598913
0.72745621439153
0.521328414846836
0.625353426363372
0.625934590986167
0.590952521734686
0.517011988352154
0.540218027176287
0.446971014041672
0.648137096995318
0.66714604968936
0.662663057128972
0.531514827072661
0.547724163093087
0.395159663506355
0.578393451181201
0.52530631977703
0.668372802610435
0.5971918691838
0.654597126554296
0.677405196814256
0.622696169530148
0.465636737790382
0.728521897663152
0.742795774864908
0.616242324145694
0.43488021912853
0.729581156638581
0.709301246019007
0.549414918389064
0.722195740187582
0.558844331976923
0.432027205465001
0.568803611136104
0.542959300850251
0.557247123392615
0.648861677499962
0.686167589897791
0.525134008048844
0.653198828821439
0.47000280327882
0.657899862440288
0.684000284156011
0.600061175535301
0.665973943691449
0.590788653110905
0.829714209891162
0.755729011220915
0.731187365682578
0.650616230256533
0.648473743476267
0.564144656514002
0.706566680363512
0.625562662152365
0.383666653706487
0.722075524049693
0.62469420452984
0.635721162586761
0.54823620427725
0.601013021982942
0.734732384046751
0.756936269185921
0.518876902393254
0.688700820657709
0.675840159607325
0.745985105656716
0.61837667077186
0.682121153185646
0.568340862369727
0.789456611571556
0.834857717423011
0.861860374205037
0.71815237665181
0.828130029361277
0.653780553026794
0.83106686757731
0.669814305921888
0.718475797379709
0.776536198886814
0.71697705820674
0.661977751648677
0.771165185175916
0.725991026297268
0.697400346367021
0.649708323788218
0.681753401772378
0.758262018542717
0.889707753317351
0.78595174991562
0.975504682736263
0.879033889991087
0.768445410975205
0.802692637659669
0.82075317870922
0.766066266302722
0.918864353746368
0.853763372009741
0.701295254443096
0.652742956645474
0.863416863734856
0.890615600095326
0.695877523684506
0.760060336409788
0.775740970852801
0.811481803857725
0.844168628348115
0.580914755958844
0.557946222776399
0.76548355402559
0.734463005060995
0.81515291679047
0.737337454355042
0.707098051356671
0.799114535151651
0.729816473705426
0.669060153461191
0.832533497922693
0.77615098873953
0.723375728831519
0.801369522336367
0.740796201872056
0.764744082653812
0.815155973010559
0.88304175853286
0.862302145737075
0.833438806606343
0.797783356543092
0.777623586138316
0.949430348379916
0.83951441734451
0.840282237045858
0.839195841557086
0.686793970304599
0.801032198287298
0.884719331449499
0.842376768279499
0.845044738733719
0.728861314453635
0.825767281653286
0.788560537581341
0.789475976269559
0.875058265015653
0.692530658154814
0.797412291404704
0.814413381190178
0.762325145891099
0.933589825800522
0.756392857496617
0.820897154690137
0.942284419067221
0.947120941901563
0.932963407163562
0.834310661635369
0.92125314330209
0.907859863899349
0.867918481601954
0.818310483811497
0.81907657962047
1.02563060431074
0.930792329015206
0.809513070518278
0.838448538739432
0.903616905657428
0.963419688135348
0.931674530352519
0.916595811794651
0.786730351212457
0.913268494439374
0.96627244640189
0.867250231662002
0.881634807942237
0.929968625513818
0.947135264880388
0.828510885655466
0.985881719590812
0.884449475713587
0.819497503451573
1.0206750010585
0.904232073271764
0.863574235153558
0.975395359957225
0.847232546557375
0.946590205263176
0.830957053731861
0.954178341672804
1.00418211148314
0.993406397192407
0.962443210294355
1.04497496573416
0.911821733087818
0.938562081695407
0.783229058407412
0.966794841559395
0.996032471002845
0.934347566537454
1.02273360325497
0.951674260993517
0.91847931716362
0.981562696834208
0.966395765141173
0.919929798503472
0.979542733595938
0.976891855058253
0.9497669629167
0.923050257666447
0.945739785681394
0.989789249668116
1.12495633696366
1.07845060514839
0.85624083662908
1.09562178892097
1.07668800918444
0.980987171671657
1.12681818664672
0.994087498293238
0.980496794516019
0.981329354900189
0.764292712983327
