-1.11479935073719
-1.10218372249349
-1.04101163076481
-1.06700601572933
-0.963129002612318
-1.18759424611413
-1.07837009543739
-0.913361834085144
-1.02119337795622
-0.863894856779135
-0.903900513555676
-1.07318860120436
-1.00637189627727
-1.13012810587453
-0.94940470821639
-1.04771767483284
-0.993186376945669
-0.863875166932762
-0.899518499537731
-0.895266315158545
-0.908671185837478
-0.873876482794969
-1.0196727420995
-0.997829943632237
-0.991139649197086
-1.04766254705854
-0.862633647487331
-0.883999827565825
-0.837454640355316
-0.894694074274099
-0.864402607347494
-0.992177493002418
-1.00169399906315
-0.818805126799381
-0.931159697118811
-0.942000068796889
-0.932897097107455
-0.995769625149582
-0.835845141103294
-0.955434467150849
-0.94037223727781
-0.914215827389035
-0.933693462619114
-1.09367062093209
-0.708161362455224
-0.980812304162673
-0.898689041347165
-0.915038373149668
-0.928986793701778
-1.02669300848865
-0.726147248178393
-0.914805881841816
-0.888030689167251
-0.891675310202178
-0.875684075904214
-0.828070916539625
-0.948563643576339
-0.723511792096597
-1.01456999247053
-0.821999271061556
-0.912527301916128
-0.803443015552961
-0.811472383827164
-0.867775866641524
-0.724987142536721
-0.84739378020542
-0.936984664120112
-0.801708054482687
-0.807015928828631
-0.772220032869054
-0.830405152737808
-0.824926689580923
-0.915309095092859
-0.805893774541948
-0.850821245163682
-0.838369733659875
-0.870104345226108
-0.753603502344974
-0.871660345758355
-0.85346477447236
-0.942206197345286
-0.930261669410382
-0.857007368317796
-0.878367641251734
-0.677660120399877
-0.942473988670755
-0.823219362217545
-0.874556496716449
-0.92388267870077
-0.800041779099033
-0.855483482375714
-0.927218724429432
-0.928385462818938
-0.650822947328127
-0.807196041047046
-0.870984506572999
-0.734663580033164
-0.836467537216695
-0.875013445041139
-0.796011803773118
-0.939743409226935
-0.799621716763816
-0.716086398088451
-0.914108395409523
-0.724932886120491
-0.846381768375472
-0.865989014765543
-0.823815007888841
-0.735939482854938
-0.767840755563157
-0.745730903542775
-0.754132079374435
-0.656874699523439
-0.819742221239717
-0.713364213815566
-0.79752408008601
-0.82901325647995
-0.723706091814131
-0.661834024949587
-0.798552949289704
-0.694308568283913
-0.901912186931063
-0.66136174400079
-0.707220968092673
-0.691441510499068
-0.828801585775398
-0.788965332927851
-0.715018629751306
-0.82115531768547
-0.781775473072243
-0.682634565290857
-0.828556336309989
-0.70618371650926
-0.63005246521824
-0.734362615879521
-0.723581142983095
-0.770301526102079
-0.849848301596599
-0.736483154569352
-0.864937476760245
-0.827988321688398
-0.631457893307617
-0.636283801928243
-0.732219991737978
-0.610163129722302
-0.687344042027748
-0.534143990470867
-0.421272745334748
-0.669600577102286
-0.65726315983519
-0.629630040838125
-0.646178282375982
-0.729941490424444
-0.50261701888371
-0.554494636396874
-0.530647335156047
-0.673899832678419
-0.440907430762719
-0.750326147435476
-0.749486656942018
-0.581937119700609
-0.588721613956581
-0.597577671429247
-0.63404235267524
-0.667668265157518
-0.688940284325384
-0.745894445575143
-0.708665097194807
-0.643026406277997
-0.622046824037585
-0.57263623982517
-0.663074584169248
-0.607181024419247
-0.611356100654062
-0.600857223489928
-0.7002409510837
-0.685754118181741
-0.649215053667626
-0.520969950885072
-0.698220780673082
-0.643534359360058
-0.516572251693343
-0.680017125333708
-0.658870702209663
-0.499796455916345
-0.489405125045513
-0.70341910052635
-0.706440605869003
-0.587451225587954
-0.660652385045605
-0.652205669540391
-0.530389837230784
-0.629623074987851
-0.709357466245732
-0.632359331836458
-0.670155179912391
-0.61680168715943
-0.791157322702518
-0.538252326416131
-0.56094862119993
-0.489944011353433
-0.657290483524508
-0.470346014328511
-0.572534106227359
-0.693641647354863
-0.560498469498409
-0.612054465890997
-0.536188396024238
-0.609403760095565
-0.494514186758641
-0.549792145938137
-0.578493437436977
-0.633728655122304
-0.416210002528598
-0.426673267083864
-0.650137716784043
-0.625465819865652
-0.691951083233202
-0.550507887080885
-0.518336587247065
-0.565307949706904
-0.447611009681547
-0.466866285402084
-0.68644103022672
-0.444128185358865
-0.703399217701181
-0.423889406908753
-0.58752703143022
-0.594118243533392
-0.52096203028382
-0.432704080242373
-0.588136527206434
-0.56007465703566
-0.683320551718532
-0.647539111664694
-0.607452334291232
-0.472962440165541
-0.456504519440704
-0.540003202665326
-0.343704802551782
-0.455746070912302
-0.601454663291221
-0.441411287646017
-0.448809478722788
-0.534056172595525
-0.546679785292569
-0.474883968821957
-0.498725101225578
-0.393070077176219
-0.498689961343087
-0.427550843842705
-0.466288427467914
-0.466067068669606
-0.586217726824714
-0.64793583024877
-0.520234599384325
-0.522429436050311
-0.44210082622059
-0.432072998394663
-0.545641172421724
-0.475764902360354
-0.537074583468676
-0.467287928938325
-0.509485017136496
-0.45758116232783
-0.336343884620954
-0.558554241356603
-0.429938438612173
-0.562458050411423
-0.614443616361611
-0.310961176469864
-0.474725883295178
-0.465564089943004
-0.427001153971359
-0.397380185553782
-0.46527741493434
-0.510967442632129
-0.390322960997456
-0.50406426483805
-0.397780615873877
-0.517614166072995
-0.402390995556068
-0.308335646736547
-0.481693291884256
-0.367970774784122
-0.487864410874165
-0.416129903898106
-0.39659130089108
-0.498511733704654
-0.355573958424576
-0.436116615342546
-0.337543025717806
-0.420726323236962
-0.408465697062747
-0.555284999510358
-0.607658498636402
-0.537664555396352
-0.392281385090799
-0.308095332172837
-0.446599925865255
-0.412180701903041
-0.453334831529711
-0.3469678940272
-0.379467862641956
-0.398731709606884
-0.357672785874145
-0.445189089754525
-0.417615704587327
-0.333634581163819
-0.334990036552473
-0.339308891524986
-0.446935329609429
-0.452344294630802
-0.38468062663789
-0.331167033805176
-0.403423321418729
-0.244127407680086
-0.333138833528313
-0.257528898498714
-0.32487290402078
-0.334727423115478
-0.263673315461036
-0.394936277919667
-0.199023463768584
-0.300357643177215
-0.380551565815844
-0.30066252482774
-0.252696524682155
-0.226416465098092
-0.343166939571548
-0.256642056720179
-0.328846646379799
-0.272881405334891
-0.331649370388268
-0.347631543314194
-0.469492116328148
-0.330978821752002
-0.225574590666918
-0.412285875318817
-0.452730995745773
-0.22329906964653
-0.417086407565137
-0.24973797430302
-0.294641643447077
-0.309056019587937
-0.364507310085494
-0.199781440723352
-0.27352105397636
-0.264715980484217
-0.423046206410177
-0.227596284148658
-0.265918094653195
-0.363306644601981
-0.396130562412262
-0.467343070059088
-0.164075169605373
-0.286571377264264
-0.279176240395545
-0.169500456692309
-0.294590432485321
-0.16207458624274
-0.290389426078386
-0.138711373171372
-0.297960412125926
-0.340061410866702
-0.300418230892714
-0.313557978743124
-0.0883669686790739
-0.246874683751103
-0.234725047672472
-0.280126461024293
-0.273607890239897
-0.285429279164369
-0.0975352443522241
-0.31620886271237
-0.143782378377055
-0.51403978422211
-0.252344433080063
-0.101608064338332
-0.0850423862115916
-0.403057755883471
-0.282622607418645
-0.0173340301947583
-0.360943966362469
-0.217152079663264
-0.247548149350842
-0.0691455715255175
-0.244078625312964
-0.253324493673041
-0.204428897135824
-0.175990777473558
-0.175120808304909
-0.0885283923658357
-0.268864847865935
-0.261375149501364
-0.246156904085488
-0.184158475543122
-0.191527205632094
-0.158626854500739
-0.213796267202047
-0.155113157270849
-0.177052011814328
-0.15697362305705
-0.22382114046049
-0.1339929211994
-0.0945151291054903
-0.209740561404255
-0.324661286837431
-0.157310480804736
-0.0209025868402406
-0.2402840173658
-0.314608274807588
-0.213045128848965
-0.0668978512764946
-0.15092238931663
-0.210082589744464
-0.136826171255587
-0.146914702635612
-0.196398298945906
-0.0831144059904141
-0.202335896940329
-0.0728981455637207
-0.262969037411418
-0.118112491693398
-0.314395081835983
-0.161514617485626
-0.116956022806731
-0.203079471505238
-0.00852762903727211
-0.140889788841502
-0.155632623153887
-0.379549790321213
-0.114615820499647
-0.0371608490285405
-0.20943713521892
-0.014978504711626
-0.255742709714956
-0.0779583495263029
-0.140011675791576
-0.256928345119227
0.0436100031215044
0.0092315383834248
-0.150767604691366
-0.0895441502371107
-0.278449908821968
-0.0460975050744299
-0.118976246619229
-0.143551546183854
-0.233704601652264
-0.11670993707764
-0.113100218370187
-0.0974744546221799
0.0514663199460569
-0.05496237457227
-0.0774197712560274
-0.0896822795173959
-0.0399109122455742
-0.0361649067699263
-0.0956590059142923
-0.0698022214314283
-0.146322908378296
-0.0401571342338598
-0.141292637221153
-0.0405095983000623
-0.1044702108509
0.0456111527199872
0.0178543275685146
0.0488892751995271
-0.121881445318699
0.111766727452039
-0.0626641931368551
-0.142470815216413
-0.000712687059598955
0.00323142541262107
-0.137347777789694
-0.00838586239570623
-0.0382255115051876
-0.000950049961559896
0.00792232786367276
0.00564407361600866
-0.0342773012718057
-0.154196293550993
-0.119967439449444
-0.043925040837552
-0.0161252926050155
-0.00388481641335403
-0.0925415724978658
-0.0468469045368441
-0.116082637413302
-0.0439528962281085
-0.0563538389161358
-0.125883666479358
0.00931047874928762
-0.000709105633798218
-0.0198100710021888
-0.0056715297900979
-0.05362151576253
0.022246358639821
-0.0776803862915041
0.0466060043919422
0.0240651351119891
0.0154153612256618
0.00549847629954076
-0.02849122221388
0.0352323290178214
-0.0354618630598194
-0.103858189272968
0.183677536722879
0.000487001347896687
0.0576297966225649
0.089952060051887
0.0582134360353059
0.182775726376726
0.0110429469104025
-0.0427942680944586
-0.134213016122967
0.0430203641640411
-0.145772366057259
-0.00576615115226077
0.0995358457241341
-0.0147971326688864
-0.0356662569919932
-0.00717381647251882
0.0736267326516329
0.0423410381332263
0.123311549819623
-0.0293377831353767
-0.0675902591846234
0.130856925676462
0.119531847072238
-0.0239367803324621
0.0244178915705412
0.0255817178156194
0.109181446315496
0.0736678630702117
0.0909527197521629
0.140198595720846
-0.109350426782911
0.0170785000008806
0.138357049323547
0.114661468872892
0.0356927326508917
0.0897903387102578
0.114545357507837
0.0644858759121441
0.133996636307434
0.127424248140852
0.102546486686809
0.128146347848036
0.0495945793615176
0.18536420380081
-0.0213500585849925
0.0213640828574647
-0.0464434868620335
0.0892992447406846
0.0350290375693984
0.136869923991237
0.127663845232162
0.0885840735479263
0.14306830182925
0.0615213531882034
0.193044573956279
-0.0282276798445771
0.145508495734036
0.112844494250158
0.15451367766364
0.0541701740327726
0.118686274736202
0.114954356146214
0.21489659670965
0.237487169140093
0.183692018025678
0.205280420804782
0.123709657446468
0.158124893598696
0.287001230256009
0.00780055853979377
0.116995098983785
0.193703051974034
0.250476930454863
0.274975981689898
-0.00415322325301114
0.10637002514338
0.247578163004235
0.198852354058046
0.201569460124072
0.0577879162219635
0.0444694467413081
0.186605901734971
0.28782886917822
0.0950856788770898
0.222665030046908
0.120442318372926
0.215899069393961
0.0734744757452752
0.137437176907807
0.146006536926977
0.327774619382529
0.342363213187896
0.0472335649296381
0.123976177664068
0.297919680885416
0.137715534403489
0.174603438075066
0.188939474038462
0.189492509313379
0.216847943533239
0.105847009830058
0.312351556223809
0.145928054471904
0.208401207256435
0.349195314572272
0.171567315408052
0.336420079412032
0.379252526685193
0.217502096769932
0.203238317388034
0.335764951127129
0.410552883203608
0.195209477866587
0.364950067640228
0.261452742345317
0.0843723875611632
0.198758148013776
0.284357563408461
0.11325803916011
0.258001752159347
0.332248473909292
0.389944510701908
0.237865629248878
0.260569250014753
0.156901836784494
0.288824428192896
0.21195569532406
0.184246532047083
0.186903733329544
0.333205714305778
0.250478785011224
0.456242176012802
0.285664552946739
0.344785580579774
0.173562892754678
0.308971127448636
0.292456391686384
0.292261417686113
0.256613591218145
0.193556362722297
0.21021979493162
0.309196177608229
0.304418998000497
0.371809069054111
0.251868795927585
0.256662549064224
0.277063668889513
0.307600642311365
0.412204960121272
0.315275767460673
0.353353623201096
0.394943995398224
0.317982045975746
0.291544544728512
0.283779339528006
0.290458294864951
0.390256252815008
0.339576497433375
0.2165692498265
0.360348086160611
0.456561374350261
0.444587329883016
0.259762445715549
0.336203595839265
0.234385937182955
0.346288011691347
0.307785005427483
0.446414658842872
0.213115506536298
0.379992110059144
0.230117065414683
0.310787378783362
0.234314388061163
0.356728064204877
0.353016582795894
0.390064260468519
0.415937349284416
0.395228580814626
0.385774875567976
0.43612714199058
0.258643000378689
0.472157117133644
0.343139171710019
0.319743093913148
0.477368753299666
0.431813154180098
0.310644432495233
0.403581774772949
0.334694264186907
0.365796667996874
0.410356634566742
0.491107188212184
0.372541285401084
0.371398336453384
0.530439899213069
0.383872194984597
0.407032212385185
0.450101655713404
0.312083618850829
0.334863521528091
0.386856968490576
0.466536910696666
0.430594368981813
0.453489277188349
0.459680803575434
0.461553129540872
0.538424104391775
0.413091498705529
0.362768257393043
0.514921834628026
0.364714528196377
0.545414751241189
0.511424239747232
0.431712670155745
0.57662025706449
0.365986385457893
0.362454107608773
0.242649873047232
0.461347166043096
0.345710947418926
0.406192224803015
0.501189798419793
0.579748537074418
0.469446313899207
0.40734296891206
0.439025654680694
0.55474636635253
0.472080817829924
0.523390744302086
0.498220611547439
0.485739956459381
0.570578393971388
0.627962241575541
0.424547994027619
0.60230158315779
0.501468188798972
0.511657295883578
0.522786621923693
0.473641519676365
0.524105801647255
0.545535292248003
0.540531002530857
0.579620882518801
0.430075459047375
0.51675615338081
0.51979326329944
0.409407523294637
0.53321991154199
0.448124226633802
0.584216977247104
0.554792776448798
0.645189346523776
0.537433545801564
0.579510538296047
0.408375591540138
0.480415655052673
0.341358412110797
0.502382693427285
0.610473546720181
0.514311594833203
0.69537540205833
0.39139318524568
0.44403739881677
0.535708212424041
0.634212953972619
0.416037042733401
0.539137919232918
0.514750923538568
0.484508303376116
0.555859901355394
0.563864639924459
0.584425367675882
0.621722181220097
0.586432448310856
0.60265166058295
0.628728584044381
0.583316790316751
0.533287326974955
0.594717233400618
0.619724907254474
0.475214010983892
0.747065710041916
0.583606755903083
0.508333684006825
0.566212626075391
0.543440905046107
0.536862613349151
0.635538527682668
0.745031892960944
0.504124768566583
0.596667677071239
0.500506433766618
0.521771864407817
0.540516516048797
0.513338297505576
0.656651699329783
0.568098504324249
0.70372168701187
0.563508118678531
0.568986365513368
0.741675012749871
0.516031925835309
0.611347049744179
0.51013121180319
0.49397014528773
0.561205331761112
0.518375843656635
0.653580434507802
0.741638993089438
0.72087745170137
0.7053330268122
0.657653669706706
0.616173477568888
0.589460166307853
0.728366565601623
0.534968390127175
0.592988524234898
0.680605761265511
0.579203450551805
0.573221359002342
0.607918692010503
0.720947035455133
0.852487418975168
0.663766895234392
0.67913768656221
0.669986909059237
0.71893261362599
0.570737684323209
0.712663701091015
0.571851143767658
0.700809455112832
0.590411094537988
0.647253369689556
0.672570031219052
0.68471977615151
0.85356617754032
0.53489830507114
0.678918682302299
0.725535534578639
0.782749708926887
0.820766705150368
0.61990244975813
0.702111551238296
0.68289565913529
0.857535568277398
0.725119510055923
0.838987996339745
0.750876372573613
0.706559637252816
0.656184527757496
0.82640512202297
0.709022164019643
0.832229717328879
0.691190500205564
0.734763785055602
0.581006443854382
0.648731801080604
0.75018650715949
0.797437613791987
0.707842502984216
0.818875255151754
0.685098906031331
0.728428323757617
0.806285532960682
0.666702564851096
0.746778876417378
0.651456080614139
0.792818956631814
0.732229666243638
0.684611828977341
0.671903935982629
0.706793103513091
0.654902512914859
0.714171660083695
0.673397997750825
0.659853626483827
0.787664480565793
0.741752146440136
0.75419270010364
0.748270459856398
0.648134148725968
0.650071468315599
0.707357239450633
0.891166362976849
0.848127993362527
0.751679944666292
0.765972879788234
1.0119658652707
0.814402572423256
0.747752667372324
0.680741533728206
0.721751527449106
0.841216971898097
0.832312520272251
0.770223651278251
0.899969858834681
0.778492433678869
0.719155374668539
0.723718302527631
0.797298441254207
0.635797849998109
0.875030634395297
0.61389058241138
0.875588956492543
0.781198706612841
0.94695044739077
0.937884643628834
0.929146516673433
0.885356545555428
0.768048145786643
0.884837722136723
0.736407752810154
0.851244210797332
0.75903464567526
0.819986210130849
0.864003134559673
0.82208228181737
0.685002020443952
0.968513014041611
0.843380136458668
0.867523495984093
0.832591771714287
0.907890711567823
0.885951038714656
0.922951883548414
0.939630286503205
0.768795581715522
0.899527199443036
0.930315109693165
0.870464128880987
0.848147807088601
0.975519438545731
0.968159816863253
0.788701716916559
0.900626089331912
0.860988200394869
0.881662937884172
1.04978659673051
0.836032375226255
0.817791634965926
1.0478436413393
0.930014367578736
0.920058473310257
0.962006102795785
0.969084744175269
0.990744099991132
0.834747743292002
1.03658916957282
0.873855421748499
0.870620482359995
1.01355197322114
0.903856858671666
0.978965138016863
0.901779085161056
0.790288045655382
1.00755532106112
0.877489799681788
1.29566854319951
0.88294888115392
1.02834973031738
1.04637240778632
1.01365372372746
0.878927444652673
0.971128935229328
0.872966360450606
0.873717598210692
0.836112391533304
1.04452092569791
1.1775375379211
0.988809798881946
0.998724304147318
1.031092734027
0.941287383033335
0.898964107707991
0.978192060262457
1.05513344266048
1.00343573925016
1.0146189125478
0.948513751056565
0.927692219620214
1.07305993405985
0.863972109487912
0.982332471958248
0.924453711863781
0.896825472856398
1.0134540047032
0.757980073268203
0.887877081412089
1.05688085198686
0.990377154412072
1.10925793958083
0.956042716061796
0.931674445059659
