-1.0431113178965
-0.978037015208266
-0.870097898440372
-0.932722610163618
-1.08208439614917
-0.888023430143835
-0.911232035638137
-1.06984868487817
-1.04958801580696
-0.871592175066494
-0.823937483298283
-1.11264467703932
-1.01399975738978
-1.04858314174334
-0.874699479488879
-0.957524670167883
-1.17499292479397
-0.957895209108261
-0.945280201976842
-0.829861759479529
-1.01309912886256
-0.88345358335481
-0.922976106729692
-1.0458578366049
-1.03268822233739
-1.11725541801388
-0.954610928120284
-1.12431713877815
-0.93744931187433
-0.863088909434845
-0.976913239608857
-1.05241211548935
-1.0239976772086
-0.85880888888201
-0.953890743970704
-1.00292459060663
-1.09413995969957
-0.890533173327475
-0.9409076357792
-0.942988701883034
-0.905434675348038
-0.885275031348685
-0.819240895791033
-0.845615696269735
-0.931660178900184
-0.961264474620816
-0.98893225068865
-0.936717007186358
-1.01284731129404
-1.0295537563974
-0.994942991485305
-0.882802539624029
-0.907806378421819
-0.866135273431496
-0.916809255617349
-0.871862149546648
-0.876055238688817
-1.00369795712762
-0.770814012913829
-0.917185993419177
-1.06685303500753
-1.01124291841197
-0.73083071261139
-0.843297389453405
-0.76624345853817
-0.809253881413152
-0.766846402436306
-0.750922266110042
-0.831334714092827
-0.929266440706476
-0.91932579764927
-0.875186991107334
-0.847050294496451
-0.865136929179166
-0.883352451970456
-1.02134313282188
-0.759537221015519
-0.835113514920065
-0.981405056788848
-0.733706135108705
-0.870969792047967
-0.794811689171604
-0.77561144180428
-0.771641984202311
-0.832410920449225
-0.849997590691798
-0.811005068398379
-0.794733452611505
-0.850119640189148
-0.806799141119949
-0.869641453713322
-0.863470917577177
-0.768026322328951
-0.741305152920198
-0.765353696243657
-0.841103741806988
-0.860096699788311
-0.748935655757672
-0.785938653810711
-0.871754357185495
-0.925503280262468
-0.740017282288357
-0.818764012443925
-0.938281218097198
-0.787724505870024
-0.841475043920182
-0.826670233974849
-0.7624877476009
-0.81562296777206
-0.895440608910886
-0.736020300908678
-0.715141172043273
-0.775230941593489
-0.746814812983914
-0.759562427531612
-0.701843019447819
-0.713670056199985
-0.861685515463091
-0.852893064699562
-0.788167266824948
-0.746366340719792
-0.666162892065649
-0.780433877575917
-0.690441613468151
-0.747191142641516
-0.591808762877576
-0.622824526516373
-0.803446167495224
-0.7365108967632
-0.783955387016601
-0.676180021370264
-0.700946220974179
-0.804265429681318
-0.750854191603771
-0.632484963310249
-0.82315039632357
-0.792838689204591
-0.826380489502059
-0.760027271603626
-0.6747120984839
-0.725323803163497
-0.83346260569688
-0.762478373472043
-0.799388152842974
-0.756805780284321
-0.775538205956259
-0.719008491712028
-0.678879707109223
-0.518117625578513
-0.708735955217081
-0.707579176523736
-0.722329026372989
-0.716081004064169
-0.608931502644079
-0.608930718352248
-0.634295027983828
-0.752744897000457
-0.739886331912852
-0.668778515770399
-0.7487725833279
-0.886447622606251
-0.509398236943481
-0.727653111118002
-0.739926148131004
-0.72109449674525
-0.642957493434553
-0.703559928946681
-0.666934094095974
-0.71611485180548
-0.660389066217799
-0.694147480617169
-0.596078158115172
-0.593087241398939
-0.640383212126973
-0.691089969238446
-0.539697930228331
-0.878429715871595
-0.719552796160928
-0.736320501048535
-0.670867869776938
-0.669676486652805
-0.653719460251521
-0.653243236838962
-0.69708664861804
-0.539611829656102
-0.732719076175218
-0.584854019868958
-0.475153135817726
-0.598821687565843
-0.565259418427051
-0.557252467916536
-0.640965686124989
-0.612437939327105
-0.670645551136969
-0.647687155405102
-0.675372866516149
-0.68606945982942
-0.654461659650024
-0.558935406278719
-0.586061807748285
-0.673090525897808
-0.620138166903962
-0.705795618090483
-0.542746744444287
-0.575710953881851
-0.622444010764123
-0.546681208631899
-0.659725119766605
-0.743564268646721
-0.73411451002176
-0.626965040851576
-0.672978370389112
-0.648226601724049
-0.454473008811949
-0.476867376653564
-0.663466571094093
-0.457084542154384
-0.593592811305705
-0.438933149929043
-0.709795096370337
-0.674150283938976
-0.5644007448453
-0.580580031226452
-0.477435085587046
-0.500832473032766
-0.615341517963508
-0.587835386650132
-0.494096398697553
-0.352096373604611
-0.56103764702516
-0.423486915677489
-0.514463910478367
-0.674652725602451
-0.41662559056902
-0.418897943879198
-0.547267140507587
-0.349114298219557
-0.747021831029053
-0.564757678326384
-0.619920372244935
-0.585453837749842
-0.497362151714323
-0.578077111534054
-0.412268622027081
-0.536628104770001
-0.519047190970914
-0.554623461998877
-0.475793675970629
-0.668330428501175
-0.638056602510886
-0.524602368483614
-0.498788647462865
-0.636656956026681
-0.447554660296542
-0.466236307508036
-0.537352680725107
-0.646592779948077
-0.457163688786952
-0.491968499428483
-0.509518676396049
-0.564118458303568
-0.446116302076639
-0.282337916715014
-0.662460841612124
-0.441714110654085
-0.585420539133315
-0.399651491438624
-0.510116362318004
-0.473610497293159
-0.554680620151448
-0.459940180941237
-0.327055126832166
-0.581316985871417
-0.52521840357517
-0.458813700324857
-0.546104601229398
-0.413808425371233
-0.544581608281814
-0.493470295038877
-0.490803100557117
-0.606681900723064
-0.532960070537827
-0.364628786252886
-0.489685663628884
-0.368513132895179
-0.425217244859538
-0.312197747513632
-0.583824730631903
-0.507245006845839
-0.390634904777228
-0.388063684831905
-0.494509240134358
-0.235597596896264
-0.365494449856672
-0.24175787484257
-0.438968921953804
-0.424964448783313
-0.456007439670797
-0.522760933272676
-0.346010520565057
-0.461477229409958
-0.255787628304064
-0.336234487483384
-0.423764629425181
-0.471886374243334
-0.346677595414921
-0.236456379671356
-0.378776618275728
-0.457980498404596
-0.471683595314233
-0.393969186770529
-0.353671471495326
-0.296228245189679
-0.412667173492588
-0.465391965395706
-0.295718470822816
-0.373612529913592
-0.33827674738263
-0.465457248316558
-0.323877420188993
-0.36426667016722
-0.429162058403858
-0.408553802159708
-0.469337235112913
-0.294766874997971
-0.325253222048336
-0.39824335318762
-0.508867636637403
-0.362887181656755
-0.165698614476545
-0.300755752048184
-0.226299472692583
-0.417593812651704
-0.298804308764337
-0.0158803892148644
-0.34382021696482
-0.350863537470124
-0.383420080023972
-0.307693167140025
-0.348632585809003
-0.301499299477111
-0.298788909925356
-0.127295919567258
-0.330254863623305
-0.155884619433825
-0.332813556822392
-0.376468445184293
-0.270971235043601
-0.312329918738811
-0.243436723037658
-0.3021151790268
-0.295118535056025
-0.29126501789131
-0.371817538231373
-0.187108023101681
-0.239531007145204
-0.317347861024863
-0.365147315796014
-0.351567924018524
-0.326164945478347
-0.315619612641453
-0.34670231807432
-0.415623556576097
-0.160727248573244
-0.279678449775177
-0.258861596122741
-0.227145966456883
-0.277106425175809
-0.203229187424057
-0.300196053533496
-0.174581928407396
-0.209454811046929
-0.275093366282041
-0.242836076086036
-0.223597601541316
-0.192276092358782
-0.278241040174147
-0.330587052969776
-0.201329582691446
-0.241507027835317
-0.337233731330067
-0.331831411852768
-0.117045458002434
-0.215502469526895
-0.143367384273687
-0.220441675704454
-0.194631738525038
-0.189386308374502
-0.24657110090293
-0.337710879149814
-0.264999925139806
-0.270215855959247
-0.23054075859929
-0.144418151573968
-0.168757968964752
-0.156778806618866
-0.297274111384306
-0.293678569963651
-0.189616806251583
-0.298923403072732
-0.0786692254008892
-0.210082154535798
-0.272124578253058
-0.211605638511601
-0.138600628224973
-0.209147704614139
-0.201411465912367
-0.259203831498509
-0.276063301883992
-0.163648279820237
-0.387385412658374
-0.0464391727520335
-0.198832521325757
-0.274691075740635
-0.162984860578347
-0.0193491140208284
-0.271103390161356
-0.162971753841568
-0.159079613886048
-0.22172979450388
-0.424249343058991
-0.0220409599693064
-0.265887445713875
-0.170561722527668
-0.179712478316337
-0.125156157630166
-0.0824040495642145
-0.312686293705246
-0.169538052474883
-0.148692544170855
-0.129019319360552
-0.275585362493186
-0.131366031509354
0.0245183437288692
-0.266925479012656
-0.206194212563454
-0.272700388167111
-0.115074662847808
-0.170924848396642
-0.153881708603313
-0.0931131469212993
-0.130710697976368
-0.140703689241082
-0.0326341839541051
-0.126683849964812
0.0129844693994647
-0.0699406762744397
-0.0291615708033986
-0.166854343330668
-0.15162740120599
-0.269072463193211
-0.13830945443348
-0.101311199791118
-0.11343685977556
-0.0445215427579104
-0.0798556405585419
-0.0808607927579067
-0.0863185589087364
-0.117289526826779
-0.0864973329324836
-0.08864594700436
0.144849816715978
-0.15990737890849
-0.119443725407691
-0.0474961176123461
-0.0869793630254529
-0.0429282735614957
0.0416722875895498
-0.135260923172778
-0.0598117300588258
0.0249463050510879
-0.218323181650359
0.0589219626185032
-0.0722088838486827
-0.0272991932514397
-0.0813110625395172
-0.131699525576376
-0.00609510443718016
-0.206787054790964
0.131125641135093
0.0587782451307186
-0.148780200441086
-0.0982314662335895
0.0716204490058228
-0.133258975639934
0.0386756660884949
0.000777391429926608
-0.151578621409724
-0.0468865808873945
-0.0295126770655679
-0.0385858440498432
0.0688652248497956
-0.0965938853775635
0.0763583047613316
0.0578736381057114
-0.231928228263771
0.0440299139547558
-0.0813803419375648
0.0572164717844856
0.0262619497238423
0.0584306386390307
0.134952948144007
0.0530218310040058
-0.0205479004918605
0.0537934577752067
-0.0346600102900632
-0.0490919497370562
0.0567872136774919
-0.0407940174442197
-0.0400061506384851
-0.0425294605648803
0.0124291597376311
0.0812969403354371
0.0188074013547052
-0.00416894749350222
-0.00110264073907034
0.206974040977478
0.0463594007749767
-0.0281144061728472
0.0125971920503531
-0.113327869345592
0.0434930596915927
0.00231261155868607
0.0379428985232685
-0.0161211917594858
0.114952751407279
0.263664410056959
0.0804903345485424
0.0737399950158826
0.0238474086947834
0.239216644414931
0.102196457185809
0.0688193841254817
0.130805453882676
0.0779035251380643
0.0536396765861827
0.116049492150088
0.110235733991503
0.00965131014991366
-0.0743473946594356
0.00752488963269314
0.0641008125228527
0.112257453525716
0.132014641380341
0.11408864276949
0.0527473547135083
0.158700156005225
-0.0317836595546623
0.0551736448987358
-0.101654338566235
0.249325518098972
0.0904363447416326
0.0211280832632915
0.182930244594195
0.188769325495052
-0.0730202954576821
-0.0386990671508728
0.0863185666341395
0.077807413444196
0.180547587856661
0.105014045417817
0.224416083762328
0.0528547532061381
0.0466154181085857
-0.00882311028610387
0.119521713582784
0.089952632520039
0.178979181702504
0.158801314718391
0.20000096903437
0.120863381491119
0.185767363537655
0.23346218435022
0.265695049180821
0.151952521645725
0.0452512113808457
0.271287931708824
0.288999192284984
0.0830534241266699
0.150440511723712
0.287602595342225
-0.0570948376850179
0.0379289900648205
0.187041212159472
0.116088963707492
0.189962795312628
0.0796783247080238
0.0520249535187702
0.129268728422256
0.223086297987844
0.103368903796842
0.242516153837379
0.0725527212465503
0.193707161477915
0.127558515572506
0.318608781247154
0.270378246795264
0.360154250328733
0.0958776044780475
0.145041083580231
0.119435674164212
0.169559197619447
0.114718379880599
0.244822823298116
0.149410267893688
0.359953639972478
0.184525837015806
0.302577540603536
0.23533307466472
0.220907427837675
0.262704770739211
0.394793846133045
0.0287052608503389
0.211883732923009
0.331030564612813
0.365488118580821
0.143850421916959
0.0854718006935432
0.313892697100156
0.294589358120509
0.20621343600255
0.167756719659465
0.371916587797911
0.299915985139308
0.148736599855345
0.266484818951627
0.336937738414281
0.220290542814654
0.224339869518686
0.182818713056676
0.435235586276393
0.243735544018424
0.147109898017732
0.337449326861676
0.316503793676155
0.272626370841286
0.284252219427754
0.210525403789088
0.169558666682101
0.318306313310508
0.243713934586292
0.166578258349245
0.154305950053558
0.264672626773366
0.291816011248637
0.435492345200084
0.353635448390965
0.193769074003454
0.343374985521096
0.158834740766587
0.277757432148754
0.343363937407449
0.330264107654307
0.276867364909601
0.177859991514605
0.395169581799231
0.41863285688262
0.306683173157137
0.344838335339268
0.307689798879969
0.269594709805775
0.319371633318836
0.336424963898058
0.379592944052065
0.19456325856879
0.394744265388209
0.289627764656237
0.322584164289364
0.200941671977643
0.273805681633653
0.263050636567583
0.454157227223298
0.396597622980942
0.243476063868459
0.393407267356056
0.314290346876921
0.414202749018695
0.363714940765223
0.492114174480974
0.427007060029931
0.303077776138304
0.267798671845963
0.325502957693345
0.48050604136811
0.47368978691544
0.387597486649082
0.132621436016335
0.470407836817897
0.317694559299078
0.370019402731968
0.311257184492949
0.424176507107803
0.277049431532776
0.432757630337573
0.362378922538837
0.40377354680939
0.383111459138797
0.489913296102232
0.513873358305961
0.333007277716929
0.410364918616709
0.496417607279314
0.456587012088641
0.451566121427725
0.466070098171136
0.540304962076915
0.340015832654535
0.325465966848129
0.349917952203695
0.427816074029104
0.43947230883786
0.422616909979384
0.416700772946155
0.42188801718658
0.314208191327894
0.392718960852466
0.452828355426269
0.429409296233988
0.360382178007112
0.541064008376976
0.427777241137175
0.361172363487812
0.480716507123797
0.548254188603156
0.491106860434246
0.380617830186204
0.46996739365345
0.467775754370819
0.593145697423849
0.581156762643207
0.45864793614367
0.385380337058648
0.469866109651967
0.405518888658728
0.347704132774239
0.444486326444616
0.415165215030387
0.647326871176475
0.240371101371785
0.398460990184892
0.528961513523806
0.417252933977793
0.382891501451143
0.434253950581426
0.432864033139567
0.432942926291078
0.645388631192087
0.537639191382378
0.437416706199901
0.555165198305307
0.512952792104524
0.385156787022774
0.607516481653587
0.485195926140494
0.432684547258781
0.65561310730699
0.584484949270775
0.571361304221907
0.457803570276411
0.555390970783974
0.587136927166119
0.536917454515874
0.453026921344709
0.583568981586777
0.44158473954038
0.388005974875647
0.553043068046401
0.502841716554488
0.435481312675963
0.622324658302119
0.381716282586325
0.54400802450098
0.512944962798195
0.617704125638648
0.540614951752117
0.546606504836802
0.501803745749729
0.348874988454975
0.597263100159319
0.674199820056864
0.631104908162085
0.571472718904552
0.63804454372709
0.516532451456049
0.57381010046801
0.612266834607922
0.516105196675708
0.573196402954685
0.600480713856662
0.74613006794643
0.639286600860731
0.634739965575792
0.621440419557562
0.537196748438567
0.76864204299709
0.554954906189487
0.50035957895985
0.363372831348943
0.584742447649036
0.631536312770852
0.546410462534167
0.575634939114839
0.60552068187722
0.616134391542036
0.67730757925856
0.577345632984692
0.557158484359082
0.710685487716094
0.657991213166884
0.428902532086017
0.738975340732155
0.692787763166838
0.628104677880706
0.459225351440791
0.681499334858112
0.695427275908647
0.465029807572568
0.532275317433704
0.553015473587178
0.781265203502573
0.793485068145943
0.685269001920056
0.648782816881273
0.557715148969976
0.676285116720283
0.600062088837105
0.691011989421169
0.51812674807039
0.691947453765592
0.627944637415314
0.613472403298045
0.844134220899647
0.828145113777934
0.726970031214563
0.719147236370953
0.532390361089643
0.680516650846736
0.731941728302307
0.692701275687675
0.609719966054234
0.524205574507637
0.581717254122268
0.779455707327368
0.709655017079262
0.626833018273006
0.668687587433478
0.671255006304825
0.715012784008461
0.565131680161854
0.735018500273849
0.688900340124631
0.819576158071978
0.654916116650916
0.74150035538148
0.768286095343407
0.841346242248572
0.634244257826167
0.801726344947212
0.643284076322255
0.774933918903193
0.819374558520897
0.677462684785257
0.668244394857344
0.678354862692111
0.750484892363798
0.698391237607352
0.777572804900657
0.61793477470578
0.853279009612501
0.710915111493696
0.689318353408667
0.742585869401335
0.602927397255537
0.796831440298378
0.556625102089476
0.704806880752792
0.883470669968796
0.70803230357542
0.758102018532226
0.663871561150846
0.781924967123355
0.723130885213589
0.700357392222847
0.790048579603744
0.795418189245092
0.82001683904418
0.618996903317394
0.800628687190979
0.78806365224526
0.685195958392263
0.716832387158113
0.793261548932231
0.81890067251477
0.847985031919855
0.720350613787721
0.891623070935162
0.804616854093303
0.875555289850383
0.57148056374145
0.800812713198317
0.895063495967965
0.698294771954615
0.790314050904724
0.761051609182582
0.878685422728764
0.823833485704522
0.791469823342166
0.880450769647701
0.82837802668081
0.762504809149453
0.78190720382161
0.907494234442773
0.816952588674281
0.867359344321509
0.866253270879452
0.847337876890086
0.842480927713599
0.911448971285289
0.773288763671142
0.797433097838168
0.764035916692738
0.721287843358534
0.98827082824921
0.892680920806359
0.829231111250432
0.930517563941578
0.949246296927548
0.763514250209751
0.853262822517048
0.910375755324219
0.929644473379389
0.744988422514173
0.866224077480218
0.993797610414614
1.01089159182594
0.801250657303587
0.886569936798758
0.949983258748819
0.916403216002499
0.888036440468917
0.891762923320778
0.78849397873466
0.975294768815737
0.960196033520633
0.921761846350645
0.828165433498319
0.77855163620263
1.04304689224818
0.83878812037472
0.797387372254206
0.989091944176747
0.788329118204376
0.828704096415267
0.924054820188461
1.07900192860334
0.931552856633702
0.928299058798078
1.00710484419399
0.948979216635167
0.910868326088412
0.932892561939708
0.903545966168412
0.997550210613776
1.05553228521767
0.95243834726461
0.885872601137705
0.991593960804199
0.922634607415929
0.911480163587234
0.918753394004476
0.894536185221913
0.916352807327222
0.858092059751143
1.13401969518382
1.00194288617114
0.878773931518929
0.946921739856063
0.978954328163823
0.92129132768869
0.995471859247827
0.91205667406323
0.930434390918437
1.06271817440632
0.95824542431075
0.936859600523895
0.947006100012898
0.871492156828482
1.01143455699511
0.972329948981115
0.96258061761443
0.881759391948689
0.99934342963114
1.02830262890795
0.940550538314775
1.02238878168339
0.928206945206737
1.04128589667074
0.87385589505708
1.05469785944584
0.835584212903796
