-1.07022153755776
-1.00744242457373
-1.06524349861483
-1.05316618202275
-1.12425906365753
-0.845946865841468
-0.811452955920804
-1.07067272908908
-1.02548614612276
-1.07271480101935
-0.990562335602891
-0.964130972445926
-1.07619886397257
-1.07657842397593
-1.06458436542438
-1.02182845774644
-0.850962278919144
-0.978352810954713
-0.892576453062632
-0.872155390954727
-0.947456897675582
-0.957751280770844
-0.86073953768712
-0.878839666165586
-0.880240594238308
-1.07883481812659
-0.949076498984201
-0.923110414477149
-0.721401546446032
-0.874234361734281
-0.916454996399526
-0.787771666880933
-0.866542717634463
-0.984288019816973
-1.00491654571272
-0.869407229618505
-0.868547256910875
-0.844851827888366
-0.952966695458452
-0.81641519784124
-0.854648302651482
-0.990439952894429
-0.934215407129363
-0.921960861173657
-0.920878342492475
-0.847115022921643
-0.896637830617654
-0.958223625632241
-0.856709350135692
-0.986128844936316
-0.718156698758026
-0.963212609166054
-0.920402121160992
-0.808650379023806
-0.817589471391331
-1.02075754943474
-0.883279879356986
-1.06302028838351
-0.990179162318586
-1.12905631676404
-0.940034726510848
-0.882660322170337
-0.821236091022602
-0.875815162260119
-0.991234744077017
-0.902803742377838
-0.773817149441272
-0.948363319644343
-0.890456892768003
-0.895355170434629
-0.873148919956314
-0.775563717660393
-0.727920421499649
-1.07090207052585
-0.814542809101605
-0.720264018026941
-0.771359777367006
-0.88802257408456
-0.934967398824414
-0.601244438220908
-0.717817197455007
-1.01470188628593
-0.67488009968642
-0.827056508398365
-0.886801655456528
-0.877120482090744
-0.777905033955603
-0.727360613330679
-0.863335042343227
-0.714882266947486
-0.839815628750086
-0.812544784054953
-1.03821748557034
-0.758353157000704
-0.942073987698871
-0.734812913580738
-0.732338529275537
-0.65822164687072
-0.712098902423352
-0.975581476671861
-0.714518447049262
-0.837765228892628
-0.757041697301331
-0.704541303208839
-0.755126091875254
-0.730243058671853
-0.798441360997565
-0.852007223255019
-0.70950650424266
-0.755230713005643
-0.705692474635126
-0.862283796691831
-0.801677202034852
-0.671590760285125
-0.675615457352836
-0.707505499363665
-0.89603141048855
-0.830359354718183
-0.734537291869051
-0.850696884916798
-0.756465560888819
-0.792281637024941
-0.759415296376525
-0.737019136847622
-0.799084493159442
-0.65863439566471
-0.824600575833217
-0.875956904797439
-0.74200521794121
-0.597278254416943
-0.73504656805561
-0.673902096248028
-0.796767914333893
-0.611281890626734
-0.637383821256357
-0.727036823846876
-0.61750451769068
-0.720119427547623
-0.803018195183453
-0.767520203976851
-0.895416896949289
-0.637031751154353
-0.667118079783058
-0.514378528079931
-0.66642642104126
-0.718581109992616
-0.696987954515798
-0.716605466761746
-0.756182873931218
-0.696062416114591
-0.73550570041023
-0.55013494551177
-0.682453709205665
-0.641168719977276
-0.678830156148492
-0.764033207855785
-0.703183640960215
-0.538232016191643
-0.697247964690644
-0.805605503508881
-0.721498048044024
-0.813585677381961
-0.847206514665981
-0.81572171663213
-0.608374895550059
-0.499452055645162
-0.838196696607367
-0.673221523913253
-0.720548424331324
-0.757453758784163
-0.585455664136979
-0.71257515706005
-0.53710206795423
-0.656170673339387
-0.633481189568788
-0.612595493154387
-0.561674523874254
-0.697657085919458
-0.679417791609129
-0.691382484387981
-0.583720108844271
-0.489141036883279
-0.718856583387494
-0.587415834265938
-0.6632170156156
-0.699927224133855
-0.706018101931453
-0.603982896734669
-0.671992078818591
-0.644826104528472
-0.612024445037102
-0.58936932443473
-0.683895467137426
-0.619541576987471
-0.733795226345756
-0.712998550904133
-0.600565585660039
-0.657184537784538
-0.612192582572946
-0.635874578091564
-0.657078658535399
-0.640417822586176
-0.609112370628373
-0.646603535944498
-0.530741332130946
-0.44242421751307
-0.471795009644593
-0.636899152980033
-0.630614727992135
-0.661692886495311
-0.576447123045478
-0.681469435480968
-0.55799086918697
-0.664437387206709
-0.575532026213523
-0.697559121894328
-0.50374408960866
-0.560857823012886
-0.608271655867269
-0.479768045635122
-0.571247945791952
-0.587026634395411
-0.575190996541506
-0.49008327328089
-0.659279975529359
-0.528634710857375
-0.502210521532508
-0.463153117272459
-0.395578101179303
-0.570878493749825
-0.625097470262462
-0.496919437349824
-0.734110989926672
-0.501600679934163
-0.577767437842723
-0.535721359905005
-0.387603240708116
-0.519922002980849
-0.511996269016745
-0.486655444989717
-0.529717758986642
-0.551856976492014
-0.68185833316057
-0.611057622105402
-0.534478504087574
-0.469459505693833
-0.707099191273927
-0.497927782546595
-0.60588648655074
-0.565950955716846
-0.44866919883669
-0.522698857195987
-0.404536541397929
-0.39291489550734
-0.443373542173053
-0.641913678314273
-0.521799375029158
-0.422760336119997
-0.516383271879312
-0.515386586909609
-0.520254485025262
-0.458360774711361
-0.494577257825182
-0.47682852250043
-0.629350855507133
-0.613869129755597
-0.499592530167219
-0.487295608514614
-0.460965974912749
-0.522213622943164
-0.698354162005447
-0.439929116324364
-0.466720477582072
-0.394293925982696
-0.37890784887588
-0.41577480405387
-0.553694585681061
-0.406248620127835
-0.300246375431412
-0.524547894129506
-0.291167724806855
-0.509545645454349
-0.414553246100753
-0.582207657556296
-0.485280854188795
-0.456513335980597
-0.466302185918853
-0.463962668981846
-0.554190856826401
-0.295419550603213
-0.531378921836124
-0.437271928962831
-0.273554821186483
-0.47798128772307
-0.39946863241149
-0.518672207735474
-0.345815521901564
-0.354365099892675
-0.327166473820647
-0.419757647714008
-0.45997032961758
-0.345009550363418
-0.256239337205754
-0.329676141401142
-0.423267114295664
-0.387589663594611
-0.377017911861851
-0.431888602571676
-0.48718021913275
-0.452597727077909
-0.469136745394064
-0.415649794945403
-0.320654865394939
-0.592244746229016
-0.298184925114652
-0.377204342829606
-0.447376824208307
-0.372780435520074
-0.409062540339379
-0.420020606797999
-0.367141927480325
-0.430667045130698
-0.335480034630592
-0.345966111718482
-0.364291452316213
-0.190148652428602
-0.32031540372356
-0.518122680399704
-0.422326131607288
-0.388184149083427
-0.309817562278376
-0.296998818280662
-0.424348716301116
-0.324830180131532
-0.384587338854023
-0.320823331712396
-0.207550287451089
-0.0974184178907142
-0.272701798262166
-0.364911267850155
-0.260215041802402
-0.277966295797517
-0.402882088107111
-0.412649244117208
-0.298195291357078
-0.191049477226137
-0.270462524938558
-0.478154119949431
-0.315929778791826
-0.266555984964614
-0.192872388960148
-0.351429518048113
-0.250633043694289
-0.36638359496973
-0.37327172806969
-0.273346085965159
-0.368078732728572
-0.307358118431381
-0.162008062371335
-0.340036250625055
-0.248308896363166
-0.327041561948981
-0.374526946210297
-0.209104358172157
-0.238082607126504
-0.38840500155522
-0.137520987472352
-0.244093626603787
-0.221890649356112
-0.381188831625108
-0.219144005019267
-0.211029641430533
-0.234883366723334
-0.138768449410577
-0.313708638905496
-0.146953059150259
-0.318843137360482
-0.222587585264456
-0.268110848307513
-0.390198786880114
-0.27387579491401
-0.217034393134623
-0.0622455089141569
-0.296899831842996
-0.246971761426137
-0.258296183737437
-0.292330108160835
-0.275349709265011
-0.177718983246463
-0.115167051377806
-0.328595216045347
-0.173366200145154
-0.153380022521843
-0.312393343022829
-0.210940207772683
-0.24461298872091
-0.152721153037453
-0.240094521333054
-0.256691397956598
-0.253893444910479
-0.293913742186169
-0.259337115191088
-0.334017083135322
-0.0164712429914357
-0.0960483513573947
-0.256095340129004
-0.140334119906392
-0.0634771062628111
-0.152803568663105
-0.212260496015854
-0.143607944642543
-0.190825133595937
-0.146301191146718
-0.0788278630060441
0.0234378349640066
-0.188707427858217
-0.140447158180608
-0.240428114346783
-0.164898334397874
-0.117796709252117
-0.22285563001576
-0.0175805772296501
-0.334035879154477
-0.177280237418238
-0.357253246927097
-0.123542259532764
-0.205923005370276
-0.160884677588958
-0.092280927118145
-0.122399001662038
-0.221934217982839
-0.06947016583899
-0.089395908964585
-0.160105003987118
-0.272688255188103
-0.0955723474069795
-0.276850035242196
-0.185009652107097
-0.115124833219056
-0.160906663887809
-0.0658074406520723
-0.279105538887641
-0.180735551442156
-0.0170765069871502
-0.261900768949526
-0.153934557428262
-0.231380644680607
0.00673728405329137
-0.106856438744758
0.0797260653941259
-0.01839421636018
-0.114382394882554
-0.15370126638228
0.017747417281288
-0.203520933940721
-0.0248377031183703
-0.16876906339322
-0.139524978271276
-0.0568454881197871
-0.0756817013128702
-0.124197207751058
0.016149733125646
-0.111758768645565
-0.160255087242628
-0.046369754333324
-0.117405398027372
-0.00286548713559051
-0.143843412505115
-0.110421887584318
-0.133552155622332
0.0467436018791645
-0.00315295035356608
-0.0191254870675436
-0.110203265893621
-0.117051472330931
-0.102276235806837
-0.105748845884444
-0.0957520262771651
0.09325009476973
0.000472955982473294
-0.0127586879556857
0.0672271810713208
-0.158058012746047
-0.105716459568372
0.0140189428885632
-0.0891401336447493
0.014763598131456
-0.0115833513819589
-0.00166407252330332
-0.0995716305507916
-0.0807968218153954
0.014250360063866
0.0284923873735047
0.0274792232963522
-0.0383712064683926
-0.109170598070774
-0.0188076609853801
-0.029110948437805
-0.0508888168403022
0.0812976303822196
0.00348008802759101
0.0374807715242239
-0.175681336890526
-0.00427176674094594
-0.0941960257528096
-0.103697408990696
-0.115349393545793
0.0930993038424156
0.0297656091440516
-0.0113962742618648
-0.0406343155929165
0.161483128222585
0.075647038037116
0.0935526693254621
0.0645791458265092
0.00601887138860394
0.0723944399636545
-0.0601627547969467
-0.130794974652955
0.069282835526079
0.0719357527272846
0.0290069135253677
-0.0410383097869095
-0.00451765597512685
0.0693044054247037
0.0432367761517859
0.0612349342971176
0.000674195639441463
0.000406196012048942
-0.00215958348723939
0.0243861883075584
0.116199522312376
0.131661384812716
0.115686379913582
0.0272610215975033
-0.00977875797600645
0.0438032891896001
0.104701334084346
0.209684778889376
0.0856483818889129
0.097247936442805
0.0250788322642232
0.071962572859217
0.0958021222050522
0.0818882697009751
0.0897147787810226
0.151794151689276
-0.0454760323586275
0.0938789237430877
0.154108115688066
0.0702763770458101
0.187113501621762
0.196742060043285
0.0762029108644938
-0.00271826193589364
0.185643062133545
0.193872467104484
0.0936437225493893
0.131165209639714
0.291170151578982
0.247593181999093
0.0405319383927056
-0.0186311461992148
-0.0399628362357894
0.0979613975202223
0.080235068987023
0.106875549851576
0.116696607881158
0.0405467410040297
0.0397244632795276
0.168600693436571
0.277098149805148
0.100648218410203
0.304235848463644
0.162313237081884
0.131570471683387
0.256519321471952
0.139856283243851
0.0309346341250422
0.300563837582067
0.250583586528905
0.0792641605675656
0.179539331735849
0.261218183686983
0.247590497818657
0.118327848422675
0.173074549818657
0.21855014866763
0.147434744217616
0.128870230879784
0.102298222821122
0.33660737882245
0.267911489260558
0.0633484124292036
0.172481849105716
0.186808786245501
0.238089513478113
0.205056469952236
0.116970980962497
0.197638004587157
0.183338623817851
0.317034322207111
0.270040123331807
0.275833052920567
0.17861383538888
0.281217803337878
0.163825940893604
0.175675331187884
0.245811510905523
0.202891299104603
0.31597984787254
0.260805147742487
0.246973143919546
0.174368242402996
0.240873255421782
0.178714854898588
0.230087483540095
0.0640828981349852
0.308386073411676
0.374696956867624
0.272952518563424
0.142038014057739
0.212734961890769
0.312025906474094
0.320522877219185
0.315266849755912
0.13583419624975
0.193902424514394
0.206222520744761
0.223383419138836
0.229171596144677
0.215935109377927
0.2780999150922
0.213489362845395
0.174934104319525
0.206068951160597
0.344070029477273
0.169220515772813
0.236669533880001
0.326384217184455
0.289881894800405
0.194807782028591
0.206331332933423
0.246262349438854
0.385101217437364
0.313951380188696
0.375366029170966
0.268134950780536
0.395889609142465
0.278716036430977
0.412762065391787
0.379415546656344
0.418286917666891
0.176115856543996
0.350653856609254
0.142779394834388
0.362389779078479
0.354777945214436
0.242647518681333
0.342950377073378
0.306954889868456
0.27562870049933
0.30396641469474
0.30982732485595
0.378513308624652
0.304985222148099
0.261686696959836
0.403926513363475
0.288835243653666
0.349653170047291
0.331811034243581
0.115337073235023
0.455976365418095
0.363710176395005
0.403716239308846
0.314099994402543
0.457535704230496
0.225243976952956
0.335512381781058
0.434669421519299
0.30408720316879
0.208615704365237
0.323964079990593
0.278642871575595
0.369806318428297
0.309254812413
0.404794897621503
0.476481697505054
0.434531870738808
0.463192530708172
0.429008039711732
0.324234082982003
0.326528099945292
0.391492471740672
0.303250902234811
0.539092728338636
0.339967053068539
0.476925183872067
0.547158187863604
0.517910691036146
0.355952905669409
0.525350777110429
0.318284065133478
0.247926275950053
0.314476078403791
0.485252643833949
0.383210432383868
0.316775279621178
0.564109350315971
0.363314295499993
0.386880154074283
0.372017606730413
0.369752046740794
0.255834135474672
0.40759677422248
0.390174674077497
0.344516939936763
0.566111188770385
0.511296052934462
0.383104375861226
0.460191913154005
0.372009674155118
0.450634903207508
0.469684873451421
0.555155054576212
0.504564459333294
0.48643729287599
0.492640721490037
0.56193284010171
0.555841061157338
0.463349524534848
0.612682178181777
0.521881210052179
0.348470381161882
0.369526221087415
0.390917040526293
0.323094426589227
0.501263046884587
0.470185088937849
0.536258323027402
0.478287141653941
0.561722125878297
0.39160959472558
0.411867478153745
0.433274046805396
0.428097025242153
0.557356019620804
0.646972519541771
0.425830425553814
0.581397136544686
0.402195296577499
0.522344135582651
0.484308873332111
0.541710373740064
0.518098497474641
0.446910013322576
0.572342140011268
0.464845803998827
0.605735232532404
0.398964076366049
0.455804964751705
0.522581698580238
0.588273070565534
0.485962798650294
0.540993788508401
0.520288665094446
0.505302727906467
0.282775902456134
0.46272176259084
0.581147981506773
0.397642222373704
0.471285055379578
0.439809824525989
0.593719516882923
0.586642267844175
0.559709999449251
0.50701367865171
0.51117231916184
0.666291682477528
0.480950033884534
0.596462299145067
0.498781109517391
0.546154818360587
0.482416283080314
0.486044893984874
0.506697973520241
0.564384224755931
0.539531823093201
0.566525461446745
0.642081835201908
0.718935367663798
0.561935022969684
0.612972759591056
0.597542485219678
0.674765136148463
0.532150297730413
0.541969398644359
0.636784763890068
0.520888622286928
0.606051908489955
0.740856490598687
0.63971711445845
0.563500338577413
0.657035100084037
0.699585003182575
0.635851411696032
0.457011404474593
0.635849141499341
0.507159470884833
0.654837977044049
0.593163770554615
0.625361133639875
0.737759944373317
0.487302725274366
0.612964238521506
0.574930323708673
0.60866785817616
0.570361721137086
0.80311363207387
0.61618894230126
0.563173903673597
0.599167822235409
0.813543003690788
0.60983003979845
0.569467718612397
0.63163080115721
0.73715690476934
0.597270149929735
0.563611432266131
0.63595447952195
0.655585624221097
0.776339590478001
0.778543131775692
0.691717945511499
0.885734608448772
0.72263588115719
0.565417941499445
0.613609770514853
0.769667078053315
0.750732810279383
0.702139266747587
0.652896855784226
0.654368178483884
0.738809420588368
0.794353753742619
0.965474008693934
0.842765181697243
0.650724505871654
0.725648152179244
0.711213751444496
0.709029658748924
0.72031762146725
0.693052480957881
0.653900910552915
0.702778191010778
0.554053228422385
0.720196767813979
0.682886825482287
0.801112223247556
0.789381395496749
0.694389087634485
0.608322110933859
0.759773410679884
0.892095074857223
0.801242802304146
0.590722523250085
0.625409046756945
0.736959767382083
0.642277017932206
0.663394428214435
0.629622643281551
0.734533416466353
0.592265401069186
0.818628112995427
0.638376709278536
0.802262722897842
0.757000356236471
0.712101366906326
0.783736777450159
0.784515373340093
0.545930896443935
0.566136103065479
0.648983841491147
0.679319995257168
0.866497554680707
0.803694881184877
0.901343827821269
0.831676185539093
0.776169099397079
0.798493825352851
0.851328668270134
0.846367706973595
0.738466784314228
0.779995865504277
0.718214494346937
0.932615465316882
0.765586791360873
0.872122948527175
0.889843476673969
0.777579386063489
0.882781689562411
0.856654679948123
0.856781422189052
0.823811677168018
0.861421240227645
0.799598862067647
0.957509866887811
0.697064509758652
0.784753823315509
0.794742414670456
0.880894870855153
0.959380472012372
0.8791314905668
0.855741844200677
0.899395998890458
0.676500112409774
0.777066897655096
0.870104105331256
0.747227651473541
0.690227625726506
0.987950342129491
0.917232721501116
0.718058433521176
0.966065768105618
0.761681452150979
0.95437640246551
1.04897249586595
0.855585097205062
0.9604389857107
0.622080466919118
0.886382358557383
1.04864989827089
0.807333275009813
0.840094307899487
0.886331020517199
0.922396306298608
0.818836800564603
0.875000231829952
0.960016328447618
0.936415713969671
0.901597888508978
0.944553977216021
0.758209403978
0.907972312666468
0.972567207928791
0.939966012932596
0.818700947447095
0.798021075184938
0.88071782058336
0.831303897605579
1.04249866072636
0.925021902204719
0.950382977934591
0.951296531977853
0.88691724825215
0.81469775679604
0.927625392414578
0.954489688939939
0.843073958318447
0.913086778359737
0.909801028201069
1.05878772001404
0.849748174655627
0.836023002684479
0.910309224771117
0.97069387734744
0.726499445770554
0.962565476247221
0.830614400380944
0.890731914876189
0.909731676850814
0.989243028593587
1.02098475672108
0.989760179813732
0.845517963237487
0.913892119271963
1.00325710331238
0.794819539499801
1.0035586641637
0.927668095899669
1.02167007178163
0.884643239547253
0.848706148276176
0.845863632755577
0.966736994342846
0.976242784582369
0.846664815010756
1.14861687558107
1.10703513905436
0.968859678317529
1.06412599934772
1.06667669102525
0.875824894328572
0.932444020033571
1.11121041827726
1.16017245140004
0.991959367360197
1.00559331283073
1.11696046461514
1.00311180251482
