-1.11521891243555
-1.10518487965641
-1.02033064301555
-1.07206081719116
-0.968272740655094
-1.19140026640219
-1.0561812537583
-0.907930864791164
-1.01005472225778
-0.861816998143025
-0.894327189063897
-1.06153236198562
-1.01510106831109
-1.12689967877677
-0.952134463142053
-1.0566296415144
-0.999999009513484
-0.855524393101915
-0.925725594854547
-0.862658028864387
-0.916812792736874
-0.876327931740913
-1.0141878644012
-1.00041845687137
-0.997395903939339
-1.06357678116882
-0.888230335774518
-0.880537056991337
-0.860019387286219
-0.913544602516084
-0.863289136344341
-0.994851489040663
-0.994150603098108
-0.814350638601068
-0.920320415977294
-0.943237162303486
-0.948682177207335
-0.981376837572763
-0.839754828437001
-0.961791015910976
-0.95729747260961
-0.902451003251562
-0.933678033690269
-1.08732992004355
-0.752115735882016
-0.997948940331012
-0.909742887575409
-0.898250175674007
-0.923970191279386
-1.0256603971951
-0.737878823672317
-0.897110597289521
-0.887536663559741
-0.901230770951656
-0.870221911272342
-0.847628255647327
-0.937991977062431
-0.734202000868248
-1.02410167922679
-0.832474986560323
-0.929511864681915
-0.796755427843022
-0.837546673309472
-0.869686400485115
-0.741577724667985
-0.857298283302854
-0.902835962550559
-0.822672410959283
-0.796260348131647
-0.805582552984205
-0.818823253339411
-0.81906705587675
-0.912236255405292
-0.821194834028705
-0.858385832151306
-0.853649213617038
-0.867127720332844
-0.727600076791367
-0.878602770373261
-0.849540850267509
-0.935266659333293
-0.9260753113232
-0.874686183371917
-0.872480840224277
-0.699248658366191
-0.94685149258304
-0.815639151671353
-0.858363908731887
-0.92865605525279
-0.813051743534436
-0.851888745241304
-0.91858415091673
-0.925213445867779
-0.634183935683735
-0.812523052098722
-0.867318773522057
-0.767639088185013
-0.855461363526274
-0.86859904512095
-0.798555515789782
-0.918957456998999
-0.781398487166886
-0.73722075103775
-0.916061966672802
-0.716984462584161
-0.84705210088596
-0.866862332620134
-0.825981126086216
-0.78285846763569
-0.765602840738606
-0.725114928153282
-0.745484316382935
-0.631098346297261
-0.802328490303034
-0.723347072322316
-0.793019743712352
-0.825620146270863
-0.701693172834702
-0.666792816781988
-0.782671927935085
-0.700359427413961
-0.894685917335143
-0.672122742226024
-0.705179983975035
-0.704148451552687
-0.854107492595943
-0.783634406960332
-0.720543881449126
-0.826111775697855
-0.773265839225459
-0.664027394582134
-0.816636627612585
-0.71670528937611
-0.606201075920296
-0.717284818600795
-0.727498823733499
-0.747697590428609
-0.839934070841255
-0.722027728929748
-0.843809115113626
-0.835173906117248
-0.622535180157304
-0.622818929744339
-0.750086701346805
-0.618686079647517
-0.684827692247159
-0.540434831759885
-0.41839494146926
-0.661227428319226
-0.663382942321728
-0.632231648628654
-0.654052811379879
-0.730828358894817
-0.499162446618522
-0.574462191107106
-0.545764330955009
-0.63452471624373
-0.461190201231982
-0.749682317392095
-0.73940876438934
-0.556724530985992
-0.595343660737262
-0.596415620375734
-0.627797504295022
-0.687431908805349
-0.696880354414409
-0.756110117045601
-0.696451875824273
-0.631983924795453
-0.630757082507741
-0.570714255793878
-0.638632354758291
-0.611244316767031
-0.606994994330155
-0.607082111689274
-0.68269947059625
-0.679023519870491
-0.650241545893838
-0.524678599207404
-0.702278372373461
-0.63301350798671
-0.511238844245135
-0.663168869819764
-0.665959732785715
-0.526636497629153
-0.513365782011111
-0.689397378614356
-0.712874461675272
-0.608152692422539
-0.645555070715553
-0.632831291703396
-0.541870862301127
-0.629988730582194
-0.710083846072353
-0.625402772127493
-0.682878788910456
-0.620425525410048
-0.814250790442581
-0.52767621162783
-0.572526289072546
-0.49025032250135
-0.649603623169703
-0.487929244599006
-0.572490988711325
-0.685581332348273
-0.57132820244875
-0.606908591089201
-0.550215953999712
-0.616926333870177
-0.493605567376837
-0.539077481308844
-0.574775732918741
-0.632819060908556
-0.419415399853263
-0.437601799426001
-0.657231460613337
-0.6522426704556
-0.697547571947233
-0.544084946861549
-0.518042328496589
-0.604856759211185
-0.437627453781314
-0.450818405649749
-0.701582215838524
-0.433266792679628
-0.73110001789697
-0.407279984552905
-0.585737266731883
-0.61407301041183
-0.525818781293369
-0.445331281210627
-0.589811479747001
-0.531807049949621
-0.655786906459108
-0.662113255792291
-0.594973509720162
-0.466606726989208
-0.466447322849003
-0.561715618652799
-0.330351493830523
-0.446943832902878
-0.598046251934615
-0.429360139028431
-0.438258581449339
-0.52901071084944
-0.542445131469086
-0.479832757333348
-0.473314477427673
-0.382703039192963
-0.507822572633973
-0.41071149073766
-0.452071440534512
-0.462821068387208
-0.606519966334586
-0.634721511730204
-0.499611419090674
-0.534498568917431
-0.461950546691045
-0.44734114948729
-0.521693160198773
-0.462095109502944
-0.543467713432389
-0.459875025800335
-0.50616382949807
-0.457538417731472
-0.319453847917128
-0.565993632081268
-0.422669517067908
-0.582885276094864
-0.629106229523309
-0.305585280642229
-0.468527173637889
-0.481443856312426
-0.423343097992167
-0.396280289481082
-0.457752481633572
-0.516746007940713
-0.383444535129618
-0.490970379708796
-0.417135215873719
-0.511806211880667
-0.40556325928222
-0.30982646750168
-0.502500507848152
-0.348148890283305
-0.492092909656219
-0.405448541812767
-0.395355494546829
-0.501412011846928
-0.357483562251772
-0.426257440900504
-0.357703997334533
-0.437139157439681
-0.396255568684407
-0.546879383295885
-0.617505933598343
-0.507753013760008
-0.375730164711234
-0.310732435297595
-0.444946917503811
-0.438685944856241
-0.453076601693603
-0.336392949297617
-0.374390698838061
-0.398336551437102
-0.348059676717558
-0.437528087154553
-0.432800223194088
-0.343866187931951
-0.335721467833
-0.340391971763264
-0.432222431488031
-0.435579395673231
-0.375009439383679
-0.33442455683371
-0.406972983412526
-0.247352111416865
-0.315758455624462
-0.252810678452224
-0.314612262549602
-0.342356955902347
-0.269874512731718
-0.382242185464944
-0.182517263320374
-0.299434932955454
-0.377361249964189
-0.329974893906209
-0.243463494281084
-0.227830664188786
-0.343834876508763
-0.255079823995656
-0.33050106103652
-0.266971153490423
-0.326098401144129
-0.327140200604141
-0.461663579336218
-0.327174937564184
-0.204518059630838
-0.402809780940047
-0.454652647900729
-0.207988250745577
-0.42639878909041
-0.262893263899337
-0.31716271015784
-0.309028859663896
-0.338070443806899
-0.206033894231019
-0.279298616804293
-0.289201396104057
-0.411407638411573
-0.259443974462433
-0.273650313085031
-0.369380278385078
-0.39565634616213
-0.479477892673656
-0.156685573998754
-0.263841822881131
-0.294803956485033
-0.1735377404968
-0.290626602766837
-0.166073153800752
-0.273118933077666
-0.145338388551636
-0.309765342594121
-0.351134150703482
-0.297525951055176
-0.317933111893991
-0.0909942634570128
-0.237475014118138
-0.224149818918483
-0.291709163169806
-0.291931076398342
-0.271977134194675
-0.0782286435150863
-0.317884195295783
-0.140927228333825
-0.508859504402933
-0.254189246953831
-0.11071834623012
-0.0972015331192803
-0.41595686420493
-0.271720880227222
-0.0231498063277869
-0.345064290059872
-0.202868721578681
-0.270360450654542
-0.0622220882109314
-0.234599493029862
-0.237094763575583
-0.169780654376661
-0.162297664337218
-0.160779601614339
-0.0572243254336511
-0.264599456113301
-0.262679774809787
-0.239830336243079
-0.175490843780643
-0.215790597739241
-0.162085222632569
-0.206078536694279
-0.153390304072859
-0.160639832080069
-0.153857335061639
-0.206674300270776
-0.135733565077673
-0.0721782803198747
-0.242032601805452
-0.291096504519146
-0.160081705944048
-0.021786525919257
-0.243006476275641
-0.318152557551604
-0.195967024975808
-0.0778581440541329
-0.176560544263804
-0.203772815461854
-0.134170428355495
-0.139763066421441
-0.192617276306272
-0.064050492645377
-0.214038493018125
-0.0518117481075408
-0.244737580685558
-0.138774602275156
-0.29925666450024
-0.177275264724475
-0.102928053133484
-0.206810301915856
-0.000844706861688639
-0.128441645021533
-0.171328502633052
-0.374298725695226
-0.115154162547713
-0.043119880608354
-0.194707592845059
-0.0195185991103438
-0.254904802328854
-0.0583168524838763
-0.134568838862611
-0.255179947058326
0.0609265054042876
0.00623090308143118
-0.160951652669607
-0.0805922641903939
-0.285910111311786
-0.0597422734515445
-0.133744419417418
-0.159144946121684
-0.245774535623423
-0.0929505734106269
-0.113460805524355
-0.109174778503358
0.0176473353157173
-0.0430111800527431
-0.0918221276480522
-0.113313057699483
-0.052006129692703
-0.0382265290607446
-0.0768223041437469
-0.0853011538161985
-0.139679543099318
-0.0174022426920456
-0.135447904971515
-0.0439476113066798
-0.0812688079135147
0.0455856882543137
-0.018389870667529
0.0679137174413388
-0.0877151334657358
0.0929757416339991
-0.0650915943243241
-0.155960728992544
-0.0371851477707683
-0.0143213674822074
-0.129837049583962
0.0185296923721663
-0.0408304112229711
-0.0310055009273538
0.00474488420878344
-0.00149424801954554
-0.02818411306893
-0.1546890696221
-0.111622945507037
-0.0665644955065875
0.00137370333457664
0.0172208248829521
-0.085087679610554
-0.0586513467235797
-0.107836202322576
-0.0356307873113908
-0.0654723384981009
-0.137635923603083
-0.000126020739575838
-0.000258193668118622
-0.0180288916999782
-0.00874293350326719
-0.0505809318134827
0.00912411244244863
-0.0891278628182755
0.0421413802651256
0.0314272351097568
0.00611566425690015
0.00662676936221114
-0.0251799460677584
0.0344668918757545
-0.0289342442175687
-0.113028647891465
0.192622328981299
0.00902803218029869
0.0435672073550385
0.09647980690732
0.0332730463222057
0.18135424835277
0.00980935654594141
-0.0658195627038421
-0.123764555374522
0.0343180003790868
-0.131530719242333
-0.00473615472654502
0.104507415320646
-0.00969103284582974
-0.0549184006031413
-0.0106210671760932
0.0862032845380868
0.0382884587570785
0.130478360687525
-0.0368379482537276
-0.0539071050599464
0.119076005834147
0.114486251906342
-0.0230602774181968
0.0255048119947495
0.00453809701097726
0.125676324742834
0.0750139667639063
0.107555544538368
0.133551124407573
-0.0792206826323035
0.0149798656966538
0.107332705776626
0.130676441716043
0.0357948595644082
0.0883291412900239
0.1342945432191
0.0908875496547548
0.127029268319112
0.138138596521561
0.101307864181172
0.133384279556623
0.0308881693431027
0.161819030084888
-0.0193615032001993
0.0289085071983292
-0.0743782955627755
0.0862539244950997
0.0490373585887247
0.119071162835868
0.147792429429521
0.0896507189550991
0.135075255666137
0.0380334079349236
0.167302876431708
-0.0268517412759317
0.160090638986323
0.0957000356167963
0.160070594666426
0.0635375017118033
0.137259535837145
0.109963414291013
0.216154128828672
0.232771716401785
0.182109481817666
0.215482968223262
0.137289949553095
0.133818931644292
0.294933130340643
-0.00243496598763916
0.115971622182015
0.210640239878898
0.221980567130607
0.280977913459479
0.00314992815419067
0.116851819204667
0.256166313780528
0.181094844191055
0.205726935168095
0.0582375362111612
0.0515191165193086
0.178439247990596
0.287201123280581
0.0893947739089532
0.224816152462935
0.128317117451959
0.188197804717818
0.0720895526292229
0.131292985151749
0.164909593917817
0.336558019302184
0.359469440823982
0.0373353963170119
0.129183505346392
0.28594017439741
0.123809389637635
0.162884042112031
0.184242664063617
0.188685151248449
0.20412637125368
0.116593132182518
0.319980117026663
0.13036341194361
0.210820653135077
0.346325715295386
0.158372247643229
0.355688521243561
0.394043979132586
0.213039788120811
0.195992508313727
0.318971417397782
0.413383894940228
0.183603459766444
0.374547063473164
0.252451597577317
0.106247001305284
0.207828031211023
0.284528471272316
0.111145994386941
0.26640863245258
0.327721707075721
0.387557056030808
0.24925186268678
0.246787058960768
0.166503327363508
0.295875820595548
0.230440609355189
0.168280854539451
0.189978378761204
0.32910810985495
0.245622819770002
0.420462154477762
0.267822373872155
0.342082267773664
0.193064575641788
0.319008325681997
0.296151409489145
0.283805795132365
0.253685958003214
0.198670077496314
0.244811082009818
0.309282877325059
0.307491284343023
0.364088039207645
0.24141573083872
0.250945717796229
0.263596540414293
0.309620846337386
0.422256325709416
0.302571207985637
0.333446928411956
0.430992000430829
0.293515194537186
0.304806321463875
0.291647502456013
0.302896024500062
0.390248364276347
0.349055335778537
0.227789238422527
0.361991983317494
0.447101195612488
0.452586040457922
0.245721828117653
0.318326154368789
0.248351069879144
0.339078220894921
0.324441492436657
0.469321218118336
0.222100551132284
0.385046600181654
0.241436022251656
0.303064663525155
0.22401389660898
0.333836330269684
0.347951720190234
0.405734248015363
0.427551481544138
0.399005883390051
0.39373239753341
0.440118252140868
0.279754366928488
0.473216737811974
0.342843767176941
0.333640880638339
0.484634641438205
0.441866377771823
0.289280117613574
0.401644156557729
0.32700337108808
0.378753052627492
0.40974908113769
0.480971526413055
0.372945973497723
0.378303405894153
0.519486991475385
0.387538821889668
0.391513708008312
0.44381793188105
0.304707746310837
0.341306337050193
0.384317852726908
0.466518781934388
0.458488360880206
0.456450325636805
0.470673337872605
0.450904554005339
0.542172342038259
0.408970617003559
0.37368702768334
0.524559139756579
0.372337631225356
0.526192136993486
0.509635982667608
0.464345723775784
0.578454524393735
0.378726951080432
0.361018233339421
0.232272121016487
0.471405561814167
0.367580338090242
0.409505193333452
0.487893059027905
0.579032203922059
0.487260165165964
0.383398001224125
0.428224328212315
0.557809869168714
0.454785279788011
0.513654081327564
0.491595887482563
0.471033967781572
0.553485579115446
0.609789147469348
0.406742997325633
0.596972298759347
0.501996796404839
0.527317716372327
0.527215675249783
0.483749854747874
0.504319779375412
0.553542758123121
0.545354943006964
0.564675058807408
0.429313862994554
0.511416287096465
0.520938824902263
0.400654596583908
0.53407674549552
0.439607888958805
0.592355194981245
0.552778221824902
0.639785367152501
0.561251166154404
0.568586216716163
0.421637903273477
0.466903567914198
0.355107448608828
0.503197438308402
0.601748775282733
0.542971315281956
0.675373173454136
0.419264902883242
0.42717537228246
0.545100530415488
0.626149334917967
0.400771218283894
0.538564699041249
0.511253214466629
0.503243085730735
0.55709118191909
0.563095332320385
0.591406977936784
0.6349821007709
0.582256790651498
0.596422173486873
0.600399222931244
0.602563302084485
0.52917694893182
0.59544667087031
0.628490457619087
0.461447230700785
0.719886378855203
0.588587115150752
0.490189252548222
0.564948005066064
0.543675671086207
0.537389053655945
0.660947894507427
0.756139567324554
0.517406365157068
0.578047133374288
0.518405116731442
0.512867114192697
0.549250762628694
0.496724547950854
0.651961404299892
0.55744164806717
0.69569652868505
0.571668185361299
0.576537733049306
0.728087370299667
0.503219636374523
0.624550439433651
0.495962038588852
0.487001469789328
0.560215706357829
0.504801672833432
0.631149747184798
0.738102902968414
0.718673305542696
0.708533591901823
0.67048560119222
0.614775692937088
0.591267539588796
0.733602906683812
0.545652626565438
0.573605940479179
0.674888428996234
0.594657653716795
0.565885381870788
0.602404282422989
0.707946830237529
0.875098512745807
0.661170831727482
0.664726618573636
0.696219200103377
0.742990049151464
0.604849988567139
0.713154402492781
0.558074828538288
0.682411640367221
0.609216279641508
0.656313592498957
0.658354309567348
0.679974181452196
0.840939451581097
0.530307270252331
0.683404039916321
0.708969577827912
0.778648916721313
0.82968708682693
0.592907618435794
0.717101168310109
0.683412314831298
0.837289465908334
0.722768289745539
0.847942467763261
0.766229825951473
0.711597452670285
0.665399497875295
0.812114045888068
0.711626543095722
0.832178724362368
0.706773764802835
0.74596010020242
0.572432946739187
0.641765687274425
0.783653193616686
0.793084495927115
0.724019042068121
0.817238283039796
0.696251089760793
0.725206897547499
0.786319261122252
0.656668352813538
0.746515280213463
0.642773199888014
0.770385384425146
0.757337353045416
0.665434276239578
0.674667960780874
0.705835087998491
0.646737148229496
0.711735839702902
0.66156480740241
0.641545975548157
0.77740528720311
0.729394878908196
0.752897311581684
0.76455327307106
0.656144239761346
0.637653246067039
0.715097174184102
0.886330944304514
0.841083544025007
0.761349823731882
0.745837963941986
0.992240721457901
0.806358176973455
0.73885031889253
0.693095468177304
0.735006636518549
0.860366757938247
0.845702208200317
0.754528581386467
0.879134558595404
0.777271124859936
0.72753640247649
0.725338298106362
0.804577631142869
0.646624990656936
0.882379384907544
0.595373501794614
0.858223546469593
0.790994369726216
0.962261666195929
0.936110766839698
0.929394156171555
0.886491132626528
0.762953389244297
0.881047326988262
0.728790561042809
0.843326414828835
0.766798655361539
0.817663414149161
0.882531714557515
0.827191982583166
0.68917112768385
0.966996583069748
0.859518981626447
0.870564623399541
0.829476622160564
0.900840941042447
0.871390934552814
0.919868902432916
0.921982962322616
0.777457895384665
0.876216162987573
0.932753383287364
0.891260107916491
0.846608648062024
0.958101278107381
0.945545046483026
0.787284676129319
0.906073299815955
0.862672705564906
0.87485724830556
1.04415849062763
0.829793173204595
0.817766301584471
1.05227430176402
0.936800436337891
0.910083828012328
0.956666351672079
0.95351641353707
0.977693356629048
0.845756778782297
1.03641259799894
0.876504014050425
0.897854748863821
1.02744969127485
0.895024612305074
0.966530182296166
0.908519408446618
0.8062845451831
1.01400842047917
0.886316547483425
1.29396474347071
0.875125346857299
1.03558196227785
1.06199818857512
1.00291808461728
0.87377753008171
0.963570601639543
0.852374108043633
0.890994270377097
0.817545494317198
1.02690850299815
1.19248839422851
0.991494282256213
0.978829083308802
1.02407626024036
0.945878099605103
0.902880775856691
0.984541270843745
1.05708797750918
1.00880519329712
1.0232878843478
0.955526366687001
0.947741034593276
1.04636833783783
0.868135741164043
0.985729467223506
0.931005290927513
0.899470035067624
0.999796476198343
0.777555677482404
0.859663402119439
1.05456374395397
0.952401540008342
1.11025608844362
0.948144137517071
0.91837704909547
