-1.03872825565114
-0.984157122396362
-0.884266305547519
-0.938029561316319
-1.08460109696216
-0.890700620002968
-0.904440720141229
-1.08425790157951
-1.04732315376435
-0.877436400932106
-0.848217608382478
-1.11218900409929
-0.994303992996807
-1.0435199743254
-0.881660996105825
-0.957826938193024
-1.19458129340139
-0.952158362638709
-0.950913084697493
-0.825953134200653
-1.0274530998769
-0.8654365363097
-0.917227601024819
-1.03320625083453
-1.04517263964
-1.13471797666957
-0.938467945608847
-1.13629825438638
-0.947046451550321
-0.86399312788905
-0.981635475271265
-1.06218108620327
-1.02072336554969
-0.864974470945047
-0.942209289315738
-0.993892502275965
-1.06590858821807
-0.871612721294192
-0.914245893757762
-0.961068342528077
-0.913199946832745
-0.904283922760521
-0.811295752441696
-0.849763408095918
-0.9335676661807
-0.944721961637976
-0.992949042052669
-0.897287067296986
-1.03891985919871
-1.04068973280294
-0.983718656915999
-0.86907737278266
-0.892483234324984
-0.856712604026017
-0.93600020091762
-0.891616247564144
-0.848819381260689
-1.00896782384784
-0.789948626721336
-0.916646587564209
-1.07645035808549
-0.995535747753102
-0.721026748779578
-0.84354484595397
-0.751173303833977
-0.817705389478349
-0.772562146270542
-0.743049557042976
-0.853506238878456
-0.927215799215967
-0.940135601041205
-0.886199965226881
-0.85345856181167
-0.85757555276487
-0.873478209430228
-1.01867409331549
-0.755798222654737
-0.839378745981365
-0.97853282953811
-0.737407396312733
-0.867524279310554
-0.809883361527155
-0.774336102532215
-0.788332486934656
-0.838913884617606
-0.841591459759124
-0.817923108195695
-0.820568988054529
-0.852696997914276
-0.826541977158515
-0.872308711594214
-0.856927065522815
-0.755344595011215
-0.738668242480321
-0.772574661055558
-0.850590108121132
-0.850243805381508
-0.762652785251292
-0.791764561848942
-0.871303946086276
-0.929288920239304
-0.756791550385942
-0.823483135181316
-0.937489561373828
-0.770954176407808
-0.865900003932129
-0.792764079348933
-0.771698721774655
-0.799119983666584
-0.901452643564576
-0.717020320935786
-0.711712245643408
-0.786360533243361
-0.7746844994673
-0.742273740192109
-0.676118657233571
-0.709681815674637
-0.834834971273294
-0.859923334355955
-0.77681544996508
-0.745970861533999
-0.678845939854034
-0.794839153368703
-0.685756991591883
-0.724534038015061
-0.571768455950247
-0.595566032968081
-0.778497312031295
-0.730697269414274
-0.768581739516477
-0.705200687706314
-0.712478283408189
-0.806851512922556
-0.759699411841518
-0.671516662339423
-0.811715988603108
-0.811736991814798
-0.827492650842267
-0.743752127668611
-0.676093969699555
-0.750148190059956
-0.851476100230253
-0.750719930129691
-0.818576264815585
-0.742227606984808
-0.790708263986373
-0.703377496762077
-0.666473326339417
-0.519277475325636
-0.745892306624727
-0.707280871700507
-0.715026241286911
-0.714422043555856
-0.649966347553213
-0.610417568140829
-0.635174952839437
-0.756185426081042
-0.729301261951669
-0.677953563777186
-0.730155302103679
-0.883409413654173
-0.528579553607999
-0.730074328305031
-0.728481964221654
-0.709307287496894
-0.637038005401806
-0.703445628320044
-0.640275481717404
-0.702446388114434
-0.661951153366308
-0.679812777196148
-0.61109410661861
-0.589473109547496
-0.630358174763847
-0.694327627358029
-0.554828122653772
-0.853611422460649
-0.724236171896556
-0.72379603816299
-0.674941442697173
-0.666117525157121
-0.644993602747431
-0.647373611617076
-0.685205914865001
-0.525205609178412
-0.700182507258251
-0.563896480543587
-0.467832591376155
-0.614706076005834
-0.557564747571455
-0.551834561196611
-0.662133746130841
-0.633255522046959
-0.651072946011456
-0.636884419916677
-0.708199074663586
-0.683715036362003
-0.661311045660568
-0.564265344431997
-0.582869647677674
-0.660345276346407
-0.608018287565134
-0.698314033414192
-0.524082261420732
-0.594905998212326
-0.622195166031987
-0.522240937322406
-0.641744927239572
-0.74183093416949
-0.732764771564755
-0.625525804422318
-0.655628513245405
-0.668500829618831
-0.45997068589223
-0.474651979880084
-0.651724357638037
-0.450368907200434
-0.606450927703341
-0.436095817031393
-0.702031435591221
-0.656707114392225
-0.540510259685312
-0.586943471060082
-0.470000303506335
-0.487895601111548
-0.619510320157099
-0.594933148544977
-0.492042686297493
-0.37205409919373
-0.56307257100625
-0.417062368104077
-0.49094551032459
-0.685992342868375
-0.402972535954655
-0.423521114044607
-0.550423541564672
-0.360973805875581
-0.746943614845532
-0.574179640610947
-0.641016363628126
-0.55675775249398
-0.482071485988887
-0.57841432240707
-0.395205122860978
-0.541858283099363
-0.532030663700514
-0.578432738752609
-0.45627582031643
-0.667152167488724
-0.653504417209012
-0.521958355459012
-0.500443956179832
-0.636981913123126
-0.436648482049224
-0.439743353634755
-0.540447440455178
-0.643870778474432
-0.457950061155717
-0.493167628346567
-0.485470435798868
-0.569730243763916
-0.46943797705996
-0.292591096289942
-0.661214848487265
-0.466757375923774
-0.575865413274973
-0.396596118179849
-0.511355652151113
-0.484211956011495
-0.540214730708292
-0.459065773222338
-0.310402635793248
-0.59727748961664
-0.550695292705322
-0.470470157644896
-0.5690969648357
-0.435859657213889
-0.556832364390171
-0.485798280572307
-0.468627321839983
-0.614897492836241
-0.538226181880539
-0.351027050678839
-0.47600283921095
-0.364017315571907
-0.440187359294574
-0.310553800350018
-0.592153270371645
-0.507865596622364
-0.41358131664729
-0.401361926146188
-0.476868619623484
-0.236371688892051
-0.351148882297642
-0.2523760640511
-0.441757634206482
-0.427864009416192
-0.457277491527872
-0.510907924372973
-0.337151931405115
-0.450908474176409
-0.265815046689377
-0.319001041768723
-0.431812167757924
-0.461308225202929
-0.356525978565602
-0.239172280772368
-0.383231773662125
-0.43882592618812
-0.475092913489468
-0.41300971007628
-0.347653648460348
-0.305492002344204
-0.421767175868638
-0.490351641357114
-0.301750056519563
-0.385663384369552
-0.365785189553652
-0.453517806281556
-0.335931826372413
-0.370193856932342
-0.415130455851318
-0.388208983690939
-0.469820287656958
-0.304371858634618
-0.310523718990799
-0.356633340945271
-0.484251197831086
-0.365415368896877
-0.175345592560383
-0.289553735109176
-0.219425333839981
-0.448064401345088
-0.288182515970613
-0.0210216477161512
-0.328212296189413
-0.317443816548027
-0.417698199495076
-0.305132569083876
-0.355397910599309
-0.303289476225641
-0.310465523431745
-0.130264121148554
-0.33543393175425
-0.185113529261971
-0.33328568997582
-0.360251140455543
-0.283509004722406
-0.295747134485799
-0.253247620535462
-0.286312643666645
-0.287323586885101
-0.291583968556314
-0.340564161144995
-0.18273770903111
-0.22935152515572
-0.31622707425005
-0.346353669869456
-0.369961590535203
-0.307149693722676
-0.296985547548321
-0.336775330135824
-0.429297568588446
-0.158344258286222
-0.276709394596397
-0.256430308407173
-0.211685586470214
-0.272792844076198
-0.192311492523107
-0.303022870552392
-0.182631261709989
-0.221657502666714
-0.273540705465703
-0.243685588947163
-0.225662299311835
-0.183606612080435
-0.261638018932897
-0.346444245183459
-0.171980184984963
-0.221317884060291
-0.329014237597752
-0.332581353236176
-0.0890871480807225
-0.22311234340566
-0.150494310944986
-0.237496249306087
-0.198823100469243
-0.19024085121164
-0.273133980104085
-0.342486454095264
-0.26908513177739
-0.26645107673827
-0.232313218887222
-0.144797846789456
-0.190290611453856
-0.157613383837922
-0.289091296571273
-0.309060255066855
-0.176535166679809
-0.285956364044455
-0.0912142942762044
-0.209221862305133
-0.26339926545564
-0.195354019845245
-0.147735143856795
-0.203712043917744
-0.207819025270586
-0.274820443538148
-0.284388508522471
-0.16550190602331
-0.380618425835821
-0.0386996739577126
-0.204582811796773
-0.259138865048143
-0.163124618493904
-0.0283439425434772
-0.255505107110451
-0.149451444421153
-0.169411753475148
-0.200716712303038
-0.427748998279305
-0.00895436493951754
-0.255332336554253
-0.192566528291213
-0.171793745111088
-0.121912091938138
-0.0740172132691514
-0.316563707975342
-0.183109978714121
-0.131090003258783
-0.100639733639689
-0.260326311915318
-0.140576707338159
0.0322434253989496
-0.256069573367263
-0.199312213447782
-0.276933873533446
-0.135824590622373
-0.149704276890877
-0.131043429962969
-0.0838556714464564
-0.131171403322485
-0.142707090598367
-0.0377406722072962
-0.130940765477593
0.014432130944931
-0.0463764584856149
-0.0424374698313235
-0.142458503844045
-0.150787577549835
-0.26416072234298
-0.140661363814644
-0.100997992266065
-0.0967819757962542
-0.051646239998267
-0.0829664962174683
-0.0843560706063262
-0.0757233162919279
-0.0817448948193592
-0.0800890737541948
-0.0810854384727873
0.143277128604314
-0.171761494312351
-0.132676303647905
-0.0462293427798358
-0.082838946329903
-0.0403925990094198
0.0372414051749957
-0.144568695832192
-0.0583600939649693
0.0242033664488422
-0.232142051487673
0.0599784794715763
-0.0657485701554161
-0.0356476417616488
-0.0796451393796009
-0.136845824968301
-0.00339707143973441
-0.194256753869894
0.131702319002715
0.032995333832198
-0.13123554371339
-0.0994244222113909
0.0532807355755991
-0.112976121956782
0.0280141395565343
-0.00224320307887779
-0.157818271723099
-0.046679196635553
-0.0273749344655429
-0.0447646328083185
0.0705143941740854
-0.102536200242787
0.0886353194186233
0.0411742800597492
-0.219927613688924
0.0242321492315007
-0.0715409890069582
0.0408725542558014
0.061360715156917
0.0500562157862808
0.117492853579777
0.0361877272481465
-0.0246360032328927
0.0149332282348568
-0.0440840241632406
-0.0203484489945909
0.0561474966452385
-0.0398685071032928
-0.0305371108154118
-0.0311615441652414
0.0217341070801548
0.0933928206046952
0.0177105915644306
0.000498790839296208
-0.0378311923106009
0.224920015584936
0.0481393572525072
-0.0144715417640163
0.0191958883909723
-0.132453971537768
0.0416235367894075
0.00898709647248119
0.0333857941345328
0.0033117612345945
0.0989219238716716
0.269092887928212
0.0840026827698863
0.0878005800924442
0.0298768077078185
0.247919828478275
0.128250840411945
0.0755322346692807
0.136990495393119
0.0958126677452671
0.0915803291821715
0.147249423994632
0.091388945908129
0.00977512643182127
-0.0371904958400714
0.000123696951691386
0.0643352410149082
0.103662134105087
0.140719209059666
0.106401188080432
0.0646601853324745
0.175239400799009
-0.0525621395647706
0.0427491054044577
-0.0935285843230033
0.243497451601542
0.103190099615063
0.0084312152526137
0.170808852094719
0.196505946571492
-0.0945153526848458
-0.0403613863696497
0.0990059679025793
0.0510419612063713
0.172417656683106
0.108245723102068
0.208338484525239
0.0361838467263098
0.0613031202093649
-0.00809900437551961
0.121850102354597
0.0878152024397117
0.169108041299404
0.152487972911338
0.182509312520714
0.0714966432237696
0.22435470313359
0.228416201999957
0.26510041712414
0.143459454496913
0.0274985473705055
0.259683601947516
0.251766712741854
0.0897448593987357
0.161941594696416
0.300629709671574
-0.0777490213461704
0.0422278963732682
0.201456882317804
0.10118671910069
0.195595616526833
0.0758729290934971
0.049552388456438
0.164230596031215
0.234382472029054
0.109108081520563
0.256578351354479
0.0562876625151596
0.181980714658459
0.125031805318471
0.32831590408031
0.261567407459401
0.357846619295573
0.0914749184291036
0.122040122415549
0.129444770603192
0.151621514368934
0.101701220188911
0.253989167629721
0.138965854891144
0.359176761805326
0.187253840669563
0.305783720536368
0.233595838239334
0.217945507794717
0.258052516889618
0.41079761880054
0.0364524673864122
0.203014873029418
0.321947137049025
0.365238465278014
0.127010693689348
0.104983968208553
0.303855436568398
0.277712228698525
0.193269143620041
0.170433549133551
0.37064564601211
0.306697951010639
0.140342188369411
0.287376927069224
0.319923611296688
0.213189682128702
0.243213797803345
0.15962827873626
0.436605245020981
0.237849107306718
0.151473314324304
0.363871455182648
0.313539012416769
0.256929178365968
0.285571878379121
0.221921847428025
0.187224518610356
0.295047098235655
0.236147518874548
0.148815102391423
0.177941159797039
0.255152938224759
0.265628869768206
0.448762332004553
0.341245289615021
0.1812322479537
0.309680420218924
0.187724811533066
0.273588517518125
0.333006571240686
0.313517802688151
0.268977882553966
0.14714931980784
0.392719737608984
0.396387683489558
0.310522101235453
0.346888732287802
0.291069675789579
0.267199480581991
0.307646821474592
0.344121745241903
0.374609470286674
0.187201597616978
0.37598439185426
0.27549680852236
0.326821061583679
0.22063698655028
0.276713944776766
0.260127267305469
0.444901516487874
0.42258086586205
0.252041591550732
0.395017331079851
0.273745640874648
0.422217234215491
0.364523785591004
0.50955471923021
0.445387714126772
0.285204001724832
0.253989873028396
0.332604795174028
0.474290927245162
0.478462012839682
0.387269223757042
0.143948502573817
0.464139186406279
0.296065353840353
0.363660606723695
0.309910269740065
0.413922725314223
0.285504944766139
0.437698414603927
0.367107415986923
0.40317389946096
0.410936928639348
0.45176290039734
0.515974659693002
0.311893761943504
0.42121910885512
0.483552842421328
0.423770392904706
0.459639244568368
0.461509800391598
0.518597869264047
0.373582339228531
0.319716419093178
0.367187871405573
0.436072921349206
0.414128636317181
0.403453159335411
0.405890796032037
0.431209584049546
0.308939701742295
0.390732777103119
0.460660581610908
0.407841264114624
0.349475927432024
0.529591598582349
0.447030007712077
0.350919671598341
0.48873994840214
0.548888180409901
0.493424289447849
0.382545335046192
0.481102982882376
0.480229542904167
0.60032752728361
0.581899514636841
0.449289702952405
0.395568114646466
0.473605978250007
0.399245428562685
0.340642548452511
0.45003984546818
0.428760456417165
0.656940278496604
0.243006355083826
0.395498706456471
0.530353297776522
0.396188933002179
0.391601133814491
0.452453887205675
0.427397210458757
0.432213733747773
0.620565524611694
0.53059240458676
0.433582103151995
0.547776654447067
0.4865183271886
0.389200847507009
0.599754380220721
0.488485258612844
0.410395544479058
0.659294158764499
0.609749575277688
0.545872643591481
0.467886421348174
0.548628676775019
0.573894807737293
0.537721538069848
0.48501449694101
0.581616247701391
0.449728809861095
0.390300532752285
0.562961916527965
0.484592495569829
0.427533439229012
0.636986052001186
0.364439168647405
0.561899654118046
0.506399854153284
0.593157078638448
0.538371254683767
0.531859162282584
0.500611534434326
0.359347883689901
0.601511825980605
0.680235069636117
0.611648061803195
0.562740524686783
0.653086214106477
0.507951778238704
0.589308182964044
0.6036270964732
0.516502710830339
0.568107686164761
0.594192209657522
0.74416295758202
0.648379918961616
0.626754113911795
0.623224054896078
0.534694975933722
0.761204317907484
0.571264425165151
0.507185379642453
0.356662393972883
0.598180074625114
0.637918427397049
0.558409323895628
0.57193082874068
0.597691289017844
0.595534683786987
0.696762762588168
0.609574325176219
0.539423708911297
0.693443343039382
0.670662716713196
0.450238321821891
0.736856216945274
0.697690392245667
0.629460178669763
0.466819329180641
0.680565907936021
0.693411334322434
0.450431893677111
0.513912301607568
0.537428437125098
0.768384059876724
0.802963792357684
0.703251792251959
0.659100961863087
0.527376632763577
0.659774303383643
0.578435457199811
0.674170926617603
0.499677597892816
0.690550781818196
0.620154876668482
0.58880941090584
0.839034727012096
0.841524141121439
0.733137528784027
0.707501236222682
0.550047542699054
0.690077954081326
0.724847620894723
0.694290729234885
0.618710377180924
0.507500908549024
0.602953462627761
0.789078659822595
0.702647631465372
0.636154347170569
0.656205200711813
0.667067923209298
0.73951235605736
0.580915578127933
0.743137172955373
0.668217938227863
0.811911433121297
0.663366340883863
0.739269474046823
0.775628307198067
0.851833654610673
0.634643257314545
0.788059444869042
0.648472427800748
0.789680560628099
0.810437580848433
0.702004075893031
0.640456686594324
0.690196981772105
0.768969779809223
0.709656509213387
0.758691839317886
0.633277592536018
0.835013847131448
0.690839290233116
0.675467911350537
0.754708678299496
0.573758414470193
0.786691274909603
0.567205141695074
0.725242995788004
0.905346874133244
0.733579903190283
0.753794812610813
0.667916146862187
0.776456730649809
0.719661683777973
0.70313648131577
0.78013872116648
0.781241514571017
0.798563706001713
0.616168889733975
0.811093130788695
0.8086596659912
0.699848910501317
0.690308377029566
0.766566326516079
0.83250194638063
0.852170516481469
0.732617456625867
0.876481737401823
0.816995479707512
0.895028965108102
0.569732479734617
0.770944651762069
0.892340822044081
0.677553536498209
0.773400214647893
0.743290359910365
0.889475005990325
0.807010308962798
0.768229281583224
0.88249632664129
0.818979915095986
0.792325325315454
0.780111749986452
0.896527938474916
0.80307304242196
0.885774001163666
0.862876585466928
0.825304562036705
0.835267224917251
0.911544722316104
0.747501958999534
0.800346404648225
0.763548608003566
0.72817396313083
1.00423515897804
0.917684406668046
0.834757871037999
0.912745842747555
0.966235907003532
0.764141729473425
0.830325120529338
0.918524488898566
0.909031836145665
0.758881807746711
0.875353192459812
0.989706177870008
0.99187944119016
0.800634456958687
0.874446153345246
0.946999692182629
0.919833216985363
0.88307267128555
0.908508168108215
0.791367768976294
0.947809160825308
0.962205453721366
0.923179997428902
0.833308663070495
0.775586229311965
1.00885792753327
0.843575399222732
0.789922794476709
0.994884304289587
0.768429284328702
0.834000206699279
0.909447207540368
1.09050990118897
0.946792815117114
0.945659708412551
1.01462369601711
0.952884640149041
0.900951983066621
0.933694176564631
0.87423235578534
0.984092215065429
1.03031219501837
0.949321622123098
0.868281759899541
0.975315606599748
0.942267730531543
0.91942601385841
0.912507872609449
0.878894635551983
0.908943792432802
0.861324122287523
1.12958562075848
0.984664837169211
0.871835899940855
0.945294018736832
0.980371906833348
0.908423882087459
0.991178843271719
0.916061330785775
0.932684400020161
1.08233084944584
0.949197222054032
0.932020588808261
0.966056227989359
0.89278985746511
1.0322775910405
0.969888997847128
0.98066843679981
0.913157453379212
1.01516037226699
1.02365058555856
0.934540609175911
1.00485738839273
0.91701224063396
1.0393914660664
0.884579944637202
1.07423302686
0.825625711349241
