-1.06007401928023
-0.971475507922133
-0.877559568321399
-0.975805096809047
-1.08589572957163
-0.89691960528517
-0.903497049550473
-1.07643207797249
-1.04782047180718
-0.879241713987211
-0.834258037986826
-1.12558584826885
-1.01201378513893
-1.02476170171926
-0.885530922691602
-0.951671343988174
-1.1864359326577
-0.949819125484361
-0.951343721827339
-0.828264892715681
-1.00984015447412
-0.888702297173865
-0.925969892105634
-1.02168331861305
-1.03350403506144
-1.12353915698722
-0.953048889364675
-1.14225927134781
-0.93497064106326
-0.834943969563265
-0.995964623724787
-1.04534044523505
-1.02680422460015
-0.866212407311376
-0.933189121582578
-0.990267850455402
-1.07348058801362
-0.8791887699216
-0.908801641961618
-0.954798018289767
-0.89879416062218
-0.884101153796897
-0.826520171877507
-0.863601919754255
-0.93204754878943
-0.9342945153437
-0.983057930078823
-0.900048388108198
-1.01726131424706
-1.04917307913429
-1.00790592508499
-0.846574792146058
-0.899244812536232
-0.861414753576425
-0.931772389069677
-0.887259914320883
-0.859284761638781
-0.992722083523341
-0.787707075148652
-0.915063158428654
-1.07639914058661
-1.00087043354551
-0.723050970518449
-0.860635860533149
-0.747194090902482
-0.819624771989635
-0.78689356380258
-0.767814790281322
-0.847632302835299
-0.928392945961701
-0.92835059546081
-0.890796834832385
-0.833734519040928
-0.871917865538532
-0.895203171991553
-1.02423042043155
-0.742104252839947
-0.828240962959385
-0.972504439197107
-0.73036581976523
-0.870573738357194
-0.803217419836158
-0.78221569613608
-0.766741286007609
-0.846489915079651
-0.848050911205597
-0.835153985891681
-0.809045167146549
-0.87163742262028
-0.81482212035297
-0.866568176331625
-0.868595457024706
-0.725985140720668
-0.746378688243436
-0.761164971214024
-0.830818112627569
-0.843568472245918
-0.734623417167867
-0.799690533132865
-0.863862907330505
-0.923197416781484
-0.73391575625823
-0.839556139940627
-0.957082780050382
-0.79513246613674
-0.815784099546972
-0.822099349349413
-0.736524848466664
-0.789243287055898
-0.906105739720985
-0.742264238133385
-0.715642950000071
-0.781980974193228
-0.780277769984061
-0.773720909186142
-0.696324752761818
-0.706309750725614
-0.834069816071661
-0.858914061507378
-0.786375957943286
-0.74042383211421
-0.670240975781889
-0.790901057355878
-0.683433985168782
-0.733472597510184
-0.603775800171297
-0.61310131453268
-0.785835182129403
-0.720268945756834
-0.774108135808757
-0.702232284634382
-0.705768816964487
-0.813308987611462
-0.761320132499151
-0.651223882419241
-0.808791460676872
-0.788140755503483
-0.838414582327092
-0.7202733172057
-0.696371106178016
-0.735590916823322
-0.836315378234891
-0.752201010318922
-0.790554225538796
-0.743953332855967
-0.785331502576323
-0.695892280916393
-0.681371268663217
-0.514644505175016
-0.707699859792683
-0.713739428105073
-0.698451474869985
-0.72229503832551
-0.641315824784487
-0.606757955100278
-0.635874376963683
-0.743579793831012
-0.754056945364248
-0.715745146947562
-0.756514486465393
-0.86523131687601
-0.516590316849183
-0.706827850354251
-0.752795249388388
-0.72115739528258
-0.633264603813094
-0.683200786945973
-0.664532755139269
-0.717535485466172
-0.668799542920433
-0.678796752595602
-0.593290936133515
-0.604235722836968
-0.63429087966083
-0.695907274240126
-0.548789412010044
-0.864092040703046
-0.702993067878086
-0.737292699669093
-0.658931108578645
-0.677283583976721
-0.636333637021856
-0.665408405704404
-0.705296578542301
-0.543538442877729
-0.734605256027213
-0.569890991811388
-0.464290449917406
-0.608401142508911
-0.580863470034553
-0.571445454446559
-0.674802689786798
-0.616965016306071
-0.652613958103702
-0.632394415815789
-0.691650018776609
-0.681253280762649
-0.648462766949983
-0.571072927631025
-0.590487679872564
-0.662187762317624
-0.623263801409453
-0.691733683529535
-0.559964352644861
-0.570823626727516
-0.634466992730176
-0.544388819466404
-0.657854687744218
-0.750993717271889
-0.733898869174555
-0.629195647774522
-0.667438479490701
-0.64309130685289
-0.446343349427133
-0.481601163578912
-0.649155686499162
-0.44262056013192
-0.580927105229458
-0.439051976723941
-0.71867943524198
-0.655933872372581
-0.559468908206652
-0.572605194280283
-0.477704249709185
-0.480162586954499
-0.618198561305723
-0.582078454485865
-0.491820470566479
-0.360705766190423
-0.551482332324577
-0.442598051207548
-0.50624397867207
-0.669917102331202
-0.404120128987379
-0.419199000868424
-0.546566351948397
-0.357031440231443
-0.736759282969087
-0.54717425022668
-0.632076607710371
-0.565131451171307
-0.476446722630949
-0.566766481275792
-0.371778506905324
-0.51784185869832
-0.528340767594653
-0.579069118016131
-0.472367909668471
-0.667430149282734
-0.647117873907801
-0.518967244598201
-0.502066257476602
-0.64093478115069
-0.445370075856716
-0.466949242726248
-0.551370415019394
-0.637442654386681
-0.461453693373608
-0.483273414701201
-0.47871677940077
-0.5679720036372
-0.468037168915158
-0.30347445897139
-0.648703808500578
-0.459542148245771
-0.562518622632498
-0.411875942611647
-0.51762793286507
-0.475534676333516
-0.536349636666641
-0.455014055992468
-0.29171329488395
-0.594139456341172
-0.526673378457407
-0.450443272564254
-0.568944441017162
-0.438282263156192
-0.562568043118792
-0.485244089147331
-0.48514140399208
-0.619258521856615
-0.524184883658692
-0.343533480025741
-0.490214161941644
-0.373123688321116
-0.418495857170497
-0.296622494966096
-0.599343256100523
-0.502271659147239
-0.404779081000923
-0.389198249241248
-0.480184491095998
-0.244289975853308
-0.354579543924356
-0.248964896540011
-0.435951791180743
-0.41318182499927
-0.468520101384895
-0.518084762972482
-0.33703305727934
-0.470003822706886
-0.266332117569032
-0.3414701286658
-0.443972391404346
-0.457582712745871
-0.34294435789811
-0.237609606399382
-0.375540448416409
-0.438963028393904
-0.467615006335166
-0.415211746065793
-0.356887304598086
-0.292853843407864
-0.415973006454492
-0.440377095766015
-0.282302730598258
-0.393255397289985
-0.349029407735851
-0.449629376275545
-0.319180782646727
-0.3756099852375
-0.435910366642086
-0.42592640377317
-0.458516699491138
-0.296751145939811
-0.318545275463296
-0.369759106390976
-0.495763557011856
-0.33776452825212
-0.173601905149346
-0.285676657247867
-0.23891428904718
-0.463830712555594
-0.272813130469559
-0.0215676180631505
-0.336444621758515
-0.32447054998215
-0.38308535043772
-0.299409543466829
-0.336121859539315
-0.309965554192128
-0.291916482999103
-0.112626631749755
-0.328207748716103
-0.16140349346717
-0.32575175090389
-0.35755580269037
-0.273180344955525
-0.308964369005556
-0.244511201522618
-0.290824888185097
-0.285962417044995
-0.279262703365002
-0.364269421687079
-0.18593023073589
-0.254015390319037
-0.312113189419642
-0.37033938303602
-0.360171363328758
-0.318226206451315
-0.310118427207217
-0.35061730928577
-0.417576677563411
-0.146251403525728
-0.281197607392184
-0.244363106287932
-0.221170004772051
-0.284172827838028
-0.204548493411373
-0.287579709005537
-0.186691946931074
-0.231384259929553
-0.268003391453939
-0.244510663804988
-0.238622625424622
-0.207155522416962
-0.294385456519857
-0.333257567455283
-0.173250423526448
-0.221007245397176
-0.32731241666927
-0.308676182308785
-0.105765060645491
-0.217415814208824
-0.14030205412701
-0.245871362668293
-0.206590437947159
-0.19493413178984
-0.2562837413655
-0.350821476364254
-0.250995788276934
-0.266622092043224
-0.220100771434259
-0.146020018846724
-0.185763787579917
-0.172096659069962
-0.317791965655051
-0.298778645789288
-0.173647415575176
-0.302839422089054
-0.0886187137560341
-0.212128452436024
-0.279574667445191
-0.201626422366167
-0.125898862280357
-0.200006053735907
-0.211673877690358
-0.260672363475936
-0.271492233881044
-0.161601807285535
-0.373450375338013
-0.0717199885987666
-0.205174217995559
-0.255290862451351
-0.179449839373916
-0.0425438185073421
-0.251018495219419
-0.145603484931583
-0.143369701626366
-0.223187440610313
-0.418020887494328
-0.00771548310845952
-0.263574454916614
-0.173823513650124
-0.160040524257387
-0.142255211214807
-0.0784045578129917
-0.317829860699341
-0.173431176280223
-0.135514174153031
-0.100751138193826
-0.255648060441732
-0.148943021129982
0.0329852895581904
-0.244945992139529
-0.193498258523576
-0.281092214652026
-0.118822655433946
-0.178194879156199
-0.131542569852776
-0.0763252426813039
-0.145488150483503
-0.118634700657987
-0.0443946178381649
-0.130647259242812
0.00994488481412626
-0.0501751068669073
-0.0281338250317879
-0.153423062456436
-0.165103351477036
-0.253573890528036
-0.139248264315713
-0.113114359587911
-0.107921062417757
-0.0579603847170682
-0.073370027048282
-0.0679529963925097
-0.0656701220813402
-0.0957889354863297
-0.103273930763491
-0.0760669250428272
0.1221985265033
-0.160298204835838
-0.139417758601813
-0.0456558805757919
-0.0859633281634729
-0.0453545466421223
0.0340131500725285
-0.146795139094855
-0.0426132082393827
0.0196111180430775
-0.233928260012154
0.0611657542150517
-0.0625092618803345
-0.0311034612490638
-0.0797950751692253
-0.146266893609555
-0.0119914669159463
-0.19090001922633
0.126806825049219
0.0624089819389366
-0.140648856011251
-0.0992044376621532
0.0480121923966136
-0.104725347945221
0.0272377362340138
0.00320666075914579
-0.13906198610885
-0.0380620620540515
-0.0269935180131966
-0.0586438951292194
0.0581799881085436
-0.0974206657244506
0.0824951597262825
0.0272702490612336
-0.208223719581748
0.0317748219527775
-0.0661949466603606
0.031995417435443
0.0531716474203255
0.0553705499894215
0.111560085754796
0.0610244016507039
-0.0165808168207247
0.0368957748805817
-0.0490542816373408
-0.0259967416525802
0.0413002113498553
-0.0435834216607928
-0.053701901882318
-0.0522539922551081
0.00492459421790982
0.0827129424893937
0.00787902863379563
-0.0081028428476175
-0.0353502884458526
0.197790848149878
0.0382527474678425
-0.0231440474182712
0.0331214982423204
-0.129405690285957
0.0393704023016986
0.011526540495343
0.0430345912097135
-0.0188278816296363
0.11578814207861
0.258492212584028
0.0970801657575698
0.0831776399632926
0.0272057127894776
0.241860182471884
0.113174583384924
0.0577091596728333
0.166013020090949
0.0945977591112511
0.0571140013451719
0.131220325378966
0.110481073247965
0.0127925148962893
-0.0443450488996348
0.0182921597039519
0.0931073251767258
0.0934511059534885
0.137191223183188
0.102215009010348
0.0554766964101035
0.163561092322141
-0.0168751161042033
0.056048149973658
-0.0885364969483233
0.225285797487609
0.0924486247895036
0.0145835039934185
0.142612202901498
0.188386519887547
-0.0781164330596533
-0.0459227137131781
0.0809721115964937
0.0634679101046572
0.169061155751351
0.0896869882167639
0.201189697370429
0.0394947026495964
0.0503550859947133
-0.00395084502917599
0.131652860294599
0.103903274266756
0.167179444183932
0.156270627662184
0.202243502144783
0.0888140181700711
0.202108523872713
0.216421341030839
0.271296231436424
0.149775359749705
0.0381228314081636
0.249750405018234
0.259338177661025
0.0964860878988991
0.176421813279216
0.298059217097365
-0.0568932477968967
0.0477195827306405
0.185048828059711
0.114749410615682
0.177306065717109
0.0626166950543401
0.0512603518977247
0.164967912614331
0.226595042140597
0.0997741693327273
0.231582194307193
0.0552194214121927
0.188377584142722
0.121274008849842
0.318946395528105
0.262766649268585
0.358873008922751
0.069806421281621
0.142502787607398
0.105057531111451
0.181758694353482
0.105381635410387
0.239872328009141
0.142315714447188
0.363573715837596
0.190285101275566
0.285814828863358
0.24452840415274
0.246050417277517
0.254487284078697
0.423365377295295
0.049540344955812
0.228983976053051
0.335943088349473
0.369470811187664
0.145940652746917
0.111350395156616
0.322747476206996
0.287315594288408
0.206498727866727
0.162831681138256
0.387587572037689
0.296277856454558
0.144834000932055
0.247549032526108
0.329622954671173
0.212117971453537
0.265870423345338
0.161057749994675
0.426932147643396
0.23277806329098
0.156362723634601
0.343570636937772
0.332488086187203
0.250796331144996
0.28971707639035
0.213572986142177
0.175100587364974
0.305826958532927
0.227208328483016
0.18691715857306
0.170459959105404
0.242666489285893
0.285723701750849
0.464213279148401
0.346380461482199
0.181812595603944
0.343307380510146
0.173243544502729
0.271004422477349
0.33391210306013
0.309147463715652
0.293258117599427
0.170560081625173
0.403280151494577
0.397520761851193
0.313657250598281
0.331592413093662
0.273328639296939
0.267943525851122
0.328579551956834
0.3448792334014
0.361433390136222
0.183237862831886
0.40354469009434
0.267335306290998
0.343888616657977
0.22176202031918
0.271475410364771
0.275470857415714
0.447957775271184
0.386650035547291
0.242885974211714
0.388717702921214
0.282437133516954
0.422453530430621
0.374530093195898
0.519631692548567
0.430939155306221
0.283796023951101
0.268200100664482
0.30189941855603
0.465673568892511
0.482486908352211
0.401166866906186
0.142144878139695
0.473330460921549
0.3127376321414
0.367351648832409
0.316691582775364
0.417601329537538
0.276606523653024
0.405042135624861
0.364395153485448
0.412963308278264
0.39381910537602
0.477743491997296
0.536125189925113
0.329342785945665
0.415294996643105
0.486663323018823
0.438504600393244
0.449116764596536
0.473321203909942
0.535252769642534
0.340097255033214
0.327573948089491
0.341493261896095
0.433896463800971
0.430209041018204
0.40692163450054
0.406218792815726
0.417348700756409
0.32826009667128
0.408848616444333
0.43419048992581
0.404774342751828
0.351386082578419
0.544246596755195
0.425935001415377
0.34865725925294
0.523926521449309
0.560799813540684
0.486111880105121
0.387277114039348
0.470401055609171
0.466292403062657
0.587189875343275
0.584643962980234
0.438906121177103
0.390248532646017
0.474092180177114
0.424011404394662
0.357048402874248
0.432127532134462
0.426372452990826
0.636939941460776
0.248109296505391
0.3999012306916
0.532151499286292
0.407913805645233
0.398806869264607
0.448525116681924
0.432190388981183
0.42433621674126
0.607206975259095
0.533031283920676
0.433795560801459
0.544173033499302
0.488487658848311
0.389421538206642
0.603432381472728
0.49363099909721
0.429751671879323
0.657605497405171
0.602475829359242
0.556434635381664
0.457952404398438
0.541547960957738
0.592553758150334
0.526557355515108
0.454652203906231
0.584066404433678
0.452886725818965
0.365601191092755
0.562961612909744
0.496672316446603
0.437943244601787
0.640870801385305
0.376975771318023
0.547319867396193
0.513286496696777
0.593572639672436
0.537343977849723
0.530844462044661
0.508615350975386
0.371160008942749
0.603168520021694
0.666046001530671
0.640115818109928
0.567518653243367
0.649585032890458
0.506861599733613
0.588849811695127
0.610157538598703
0.499250518444417
0.552566238321762
0.583175153158653
0.737030344376387
0.654366645539009
0.6166158263762
0.612963572242561
0.50585360841906
0.764120036342401
0.557502575824196
0.515991684094637
0.364435226189814
0.599175204651947
0.610593238079608
0.579762290952259
0.556796081523416
0.58131015923172
0.612176989146117
0.694982928472493
0.598227581756007
0.553734054219757
0.693222307954925
0.662369134046304
0.424864399747241
0.748348065623286
0.710914143687493
0.62095773306257
0.459608313630695
0.666593318430425
0.701203924331033
0.484567777394759
0.510958413353655
0.546237794792244
0.776290635210534
0.784082238113711
0.683645900391924
0.646732348353143
0.523694690205851
0.671087004613305
0.576055085551442
0.680803859204424
0.50450957517289
0.681448504381116
0.625679758650132
0.62050631358893
0.840763635515052
0.82927110369495
0.738306100355419
0.714169969182716
0.526607164858358
0.69757901054412
0.740972813556074
0.682941039607107
0.622772200524208
0.500680058024994
0.581954913219362
0.76873807468928
0.689028273341041
0.627682451019236
0.649265736964539
0.674488218198832
0.713338765393416
0.576302578774458
0.746013236406446
0.701158156488578
0.799046855030659
0.651992841189187
0.744408707188179
0.78322189726651
0.834192143724091
0.63616232845355
0.802683189334151
0.651827982594701
0.773389818349482
0.779514214696463
0.705047604576536
0.637317218742368
0.702579979506896
0.757547289436121
0.696326986207596
0.760790033607018
0.633417124955556
0.850676547525561
0.699514533319862
0.658933507768028
0.730433135237164
0.611329082552452
0.794482766902565
0.553185533165158
0.685073394997599
0.887592807453049
0.709234232606911
0.761078728171078
0.667220327515914
0.76676644075315
0.72863905277571
0.716913056801834
0.787110924866524
0.782939561080235
0.815451289649496
0.624849700986355
0.809305812535723
0.783589763178081
0.683844634904011
0.720001631096877
0.786526753585055
0.802446460135919
0.844025411220209
0.716909318178031
0.883268348104717
0.816030250956781
0.871784138400675
0.573677432723584
0.765269055944772
0.880370281043416
0.685402777070984
0.784642116901411
0.710012830811591
0.870903140364289
0.81496435703423
0.764817819867947
0.876896863966924
0.823431481086148
0.761443042670321
0.762701423496263
0.898896682662473
0.832349837882855
0.89660249168632
0.864878075442892
0.834100930383839
0.829677622230567
0.909397762273812
0.77067031609355
0.790405466288057
0.754208266367243
0.724516771547138
0.997146666341589
0.913349833977591
0.833699981039256
0.923388233996949
0.953678262410735
0.750949179168079
0.834476068258881
0.924710465564182
0.896863709521657
0.751907611532147
0.860986302299208
1.00143945019411
0.996286870451055
0.79835246719231
0.882368633551645
0.944693638384433
0.948398595553316
0.889502561726114
0.894708659057125
0.774159714217587
0.964357188677165
0.950117352887275
0.946286004297129
0.822322252580209
0.776268045059825
1.02673330135406
0.826186286788403
0.81133702132209
0.995309666871068
0.772840534729387
0.828941480314846
0.911670924823925
1.10038455553296
0.944684434355107
0.941657684208406
1.01417437506587
0.954359952581519
0.9048368485045
0.932492655368727
0.870818990902004
0.986794139043711
1.04226964808068
0.943396079639963
0.894879363054012
0.957655666863208
0.925911350330836
0.91132974259662
0.923344932906116
0.873156282694353
0.898204987906906
0.877578619646865
1.12701598384847
0.993198320622396
0.86756546016487
0.94653188520243
0.960772380074768
0.899826030811008
0.995933602902051
0.902171379159796
0.932534464255982
1.08122492998832
0.969163181303433
0.952243921399759
0.943635594037867
0.887919921777837
1.04413360142525
0.988431029805971
0.966110998251872
0.892316511098614
1.01400133238705
1.02936425009173
0.942771037932318
1.00932540512447
0.929915476701908
1.04282841668204
0.888248855269754
1.06864760975486
0.844595535076712
