-1.08546913152292
-1.0290710413986
-1.07927359131449
-1.06653062035555
-1.09951107042642
-0.842232888702984
-0.798264008090037
-1.08895887418859
-1.0183204276849
-1.06581739082603
-1.00376946939299
-0.954844146663845
-1.09572642439729
-1.06806942658205
-1.04581223781381
-1.02093954910129
-0.832971587480813
-0.990807724666482
-0.881447559454361
-0.871085701524199
-0.926580300385875
-0.958448232683199
-0.853433867259473
-0.865144195451865
-0.875951595238599
-1.08336706889319
-0.937604837734894
-0.932295033589455
-0.72083956653802
-0.866379401099009
-0.937004524213816
-0.798458067182795
-0.895194983726788
-0.97954210563001
-0.99610783673946
-0.861885792647964
-0.872577397179971
-0.850832952064074
-0.96265379365312
-0.829041237191027
-0.836141401970948
-0.991551214445334
-0.935489913017481
-0.918206266781997
-0.926613238584448
-0.810558856131402
-0.895603555146407
-0.949847985587488
-0.853105823453726
-0.993756163731821
-0.695391824500714
-0.950354423875206
-0.900057096742606
-0.802419744982948
-0.841498603350263
-1.03901927779088
-0.879080185321537
-1.07964881634044
-0.987702838167085
-1.14018366343815
-0.931885492967596
-0.866197360609277
-0.815212979678539
-0.869349444013324
-0.99009892320835
-0.906851905939719
-0.792390123087606
-0.938127787886965
-0.902583565040587
-0.874012854572473
-0.858189031034503
-0.786223402110135
-0.734139474153363
-1.05807438093906
-0.809787464067105
-0.74738737727377
-0.743916929461471
-0.869971816302626
-0.947928860877037
-0.594106758461919
-0.728799912776314
-1.01087145562822
-0.671419098611943
-0.844680543640773
-0.88390722249966
-0.882970945273906
-0.78693822517185
-0.714339505068744
-0.845547477059825
-0.715208729688131
-0.841056334931917
-0.813824798516333
-1.05034121687858
-0.753322245815744
-0.956338039007945
-0.739440326937806
-0.760662806306924
-0.668961672417213
-0.706307821228516
-0.951370247796397
-0.712176540977796
-0.834204742858329
-0.760208822621571
-0.678033424814821
-0.753635188855237
-0.720964185173078
-0.803945268264717
-0.859514175945366
-0.709484452046266
-0.72127075483897
-0.719486686068848
-0.83297949804571
-0.777156844717643
-0.673890638408894
-0.6732664440417
-0.72038125916199
-0.883449474486766
-0.830935020816989
-0.742284240733053
-0.849913034037405
-0.741481871776032
-0.787970772699425
-0.753473275148962
-0.72618490143753
-0.808304535520094
-0.654644661405692
-0.811362875731901
-0.84997837599332
-0.756899797490291
-0.584794526461473
-0.722916436877114
-0.690751764172558
-0.793032868607123
-0.622802894950116
-0.642752466648218
-0.744374829827747
-0.647482072252639
-0.721152856659246
-0.812613747176313
-0.751735650613794
-0.868213288690147
-0.623774808826025
-0.637196341423927
-0.498004828306203
-0.687391091998872
-0.721447901981039
-0.708961295960441
-0.733103169518266
-0.745439101011541
-0.700713685869359
-0.744059165280743
-0.533150246705797
-0.685692995480527
-0.655117715717658
-0.672217407889716
-0.750119927480125
-0.714552793480535
-0.519475679971556
-0.698113034799925
-0.826567997152636
-0.706783386688716
-0.816685605939753
-0.827905116522522
-0.833504160553318
-0.641282183090716
-0.509046006179159
-0.825861147274466
-0.678826054117309
-0.714937250878088
-0.738357439949153
-0.589573212603922
-0.732968643940552
-0.567361051340209
-0.663890215701456
-0.637822612578463
-0.611746902228919
-0.558054931089687
-0.695931221745513
-0.685331568963941
-0.682320502149119
-0.597806318980488
-0.50435006870496
-0.721350918967531
-0.534684883202501
-0.657374520126939
-0.686159670059514
-0.708884945831054
-0.610845901389569
-0.695114937697933
-0.660943056789766
-0.587497584360516
-0.581133366286573
-0.67068209150212
-0.630770615951256
-0.728239403880991
-0.713109088794985
-0.614873338504938
-0.664949745167631
-0.618438973340591
-0.629550789905951
-0.655284168559644
-0.660637890725212
-0.601742508099783
-0.637868519142417
-0.511550369239145
-0.453079370969643
-0.439281949530474
-0.640810837895114
-0.61605422294858
-0.64894563950968
-0.568902995720165
-0.659832140308267
-0.559946999852846
-0.663038461744677
-0.556004452750874
-0.678840933825529
-0.526453261177785
-0.566519413152494
-0.612577682117141
-0.464331424992315
-0.570843766853565
-0.580853489985948
-0.559531131175756
-0.509472608254193
-0.653405102330541
-0.537329843124018
-0.47828518751725
-0.45965003276646
-0.401245663519535
-0.583522197505306
-0.607512894804059
-0.502028787866841
-0.721882215824115
-0.49157325703967
-0.577859281774637
-0.514566370219603
-0.397356762239102
-0.537859093307973
-0.496038234088041
-0.49623755681027
-0.519331927431662
-0.535843106340982
-0.66661709773102
-0.600906300826411
-0.549266185009901
-0.476576882295129
-0.688619880223739
-0.517074022158019
-0.605787792189033
-0.577355555408866
-0.443106675233154
-0.547124562716471
-0.414957868827769
-0.380210053626778
-0.458370831254235
-0.639041784752179
-0.535624098750654
-0.433404749969675
-0.522442575302146
-0.515369265839951
-0.521122825533164
-0.46355635074516
-0.492153265201631
-0.484570691625325
-0.635618963828832
-0.593291502623579
-0.495424377169425
-0.467146911946724
-0.467057307706
-0.523108633687487
-0.707919846478095
-0.442805134501888
-0.465633339713973
-0.39958916361414
-0.365783290246299
-0.385783375499213
-0.546943169242058
-0.416521380581851
-0.28262869472926
-0.543642027697875
-0.308276827128769
-0.484841097128633
-0.415076235849147
-0.564475159946401
-0.481746286256473
-0.440312153879776
-0.464358514423454
-0.459129257666143
-0.564864244850653
-0.307357292359294
-0.528606312304994
-0.469819148705085
-0.28719852880302
-0.473208936414079
-0.394509884120404
-0.530724669145495
-0.344892348130165
-0.350644497215783
-0.340375720713057
-0.419605410631096
-0.441805964596723
-0.334464358750332
-0.267126384560539
-0.333064972470556
-0.404904109861552
-0.377212574941934
-0.401611391433872
-0.432893882439441
-0.492633715664391
-0.433881374531979
-0.463744499633766
-0.400014222289853
-0.297513388202942
-0.579355531643783
-0.277220940017501
-0.379378448317571
-0.430218677441826
-0.373078527804529
-0.425133282778189
-0.412737952732933
-0.396746751790687
-0.408112730152796
-0.318685831549847
-0.354347516874783
-0.337437223685092
-0.195956787205933
-0.320706612243894
-0.514976634229857
-0.406064831264305
-0.391305255050712
-0.329320508004192
-0.306253270977137
-0.413320239230212
-0.321986058159596
-0.402944924276799
-0.335149983798125
-0.208580498671235
-0.0935286152007297
-0.265056668217359
-0.388891915844658
-0.258135226041039
-0.303212950706873
-0.403629647068717
-0.421502406220874
-0.304332535461951
-0.211925592422727
-0.287519645863705
-0.478979779769032
-0.323635421237449
-0.277406220305745
-0.180134530136475
-0.369784659404377
-0.255329771270963
-0.389780321103708
-0.355704701906511
-0.255610596643728
-0.385062558229174
-0.304021171670602
-0.150186033858578
-0.372135856692786
-0.251658941509654
-0.336743671294687
-0.387336763014727
-0.216532869891397
-0.247908731028395
-0.360482555759949
-0.128400317880275
-0.256112998985283
-0.219984763736893
-0.384554002345392
-0.210452182995044
-0.236403357839109
-0.213646870564686
-0.112201217278272
-0.307517528832979
-0.163783666843845
-0.321024134779625
-0.227570725839634
-0.280100982886453
-0.365427006982347
-0.279821165821581
-0.203710819217269
-0.0596684765729622
-0.305244693751422
-0.251309624124479
-0.25347015199783
-0.2918189842709
-0.267835178175694
-0.155202105457477
-0.114494285988473
-0.313497074694192
-0.166304021565267
-0.156161789138004
-0.286880996677734
-0.22194038394329
-0.246613870090999
-0.171558875579443
-0.218022481774228
-0.252327129976085
-0.226138597528941
-0.304811646936285
-0.253301252662054
-0.31895262685057
-0.0207430036748381
-0.106979931311352
-0.25627311579595
-0.122381384559794
-0.0707393417202809
-0.184205001159577
-0.231291118742519
-0.117687973650293
-0.199487753442118
-0.148586003147608
-0.0499535698841915
0.024317084733236
-0.191107267789624
-0.12657556143555
-0.255937896764469
-0.185162070468045
-0.0911856712595921
-0.224743488751678
0.00221462622916829
-0.339581371765885
-0.158133624230704
-0.354987438208842
-0.149429971822379
-0.237395026231282
-0.160733130451479
-0.0801987833537475
-0.09952705518284
-0.232767143563221
-0.0799994308891683
-0.0838377470529762
-0.166777416852459
-0.269385793270762
-0.115337434713717
-0.285819461789974
-0.169184585759321
-0.108136316599853
-0.154844701988216
-0.0677934778737295
-0.290856548790491
-0.169267984192653
0.00249708426408331
-0.239839555294859
-0.168074989230714
-0.22724361513143
-0.0135120051573618
-0.101080171159207
0.0776860434138333
-0.0358436939640698
-0.0946709213476513
-0.142084036933916
0.0227619508993785
-0.197283673979985
-0.0469292926872275
-0.172263050848913
-0.10187176943843
-0.0575296656650456
-0.0769619143270161
-0.121792429447346
0.0173717956327352
-0.135634627688525
-0.183409125991788
-0.0519979256689407
-0.127976520792842
0.0106034075821082
-0.13824539265002
-0.117051554598697
-0.129182810355318
0.0275625520773605
-0.00851355607904761
-0.0189649705580019
-0.121138101795391
-0.108229424398461
-0.0965989498974475
-0.10253967744217
-0.0856330574690294
0.0816371222085097
0.0180601841711151
-0.0248596468808116
0.0699268811638226
-0.161357388506404
-0.122805357888495
0.0130218704471968
-0.0803878706438083
0.00817450804497653
-0.0287595511817758
0.00629373442157563
-0.103871987651965
-0.102173921621867
0.0442770699933326
0.0153904033674608
0.0314257529025646
-0.0568260589973138
-0.0978130839039229
-0.0201086037756925
-0.0185026458189224
-0.0502189224877267
0.101507093664755
-0.00409797143593417
0.0268210425897504
-0.157675378170437
-0.00950985368918529
-0.0943672358938529
-0.0842369934112012
-0.0832392900741121
0.0875925695566515
0.057496963222598
-0.00953088815177515
-0.0261320453070429
0.144589492338809
0.0802189170906063
0.117645678749649
0.057056786616417
0.0146511654983107
0.0549240757136474
-0.0724166236234454
-0.122569510834756
0.0787656021987234
0.094059317508883
0.0206892974391507
-0.0353372956928195
0.00138006833879947
0.051275200550534
0.0500333271460495
0.0747166026627261
0.00589373244980747
-0.0092936446028064
0.00782130287386928
0.00193409335886335
0.119369758691403
0.106003018017916
0.110867181420799
0.0502776160132436
-0.0264318546146556
0.0341262680661148
0.0936017230560336
0.220622285009858
0.113015200613585
0.121050177262633
0.0134585864861803
0.0678855065020628
0.0913927263159061
0.0917018368615625
0.105921425005435
0.157663149729552
-0.0543320337498857
0.113627065678619
0.138528577581854
0.076131911026605
0.195726381213639
0.192793109340154
0.0859381560345317
-0.0177357677472139
0.184470083541596
0.190325387306311
0.0949274787203483
0.125975126590399
0.292717918420613
0.236831313807058
0.0518629170002943
-0.0205139468507835
-0.037646468067532
0.0974916698993726
0.0922464721613179
0.140575876193939
0.12844698409701
0.0308079828117518
0.0445839948957733
0.197326316063249
0.265885654680362
0.137643782563439
0.294871451108829
0.163068946663264
0.114567826125148
0.253978648405047
0.143311831726603
0.0360765819452059
0.302693723698866
0.232944811613996
0.068768585859814
0.164362277874937
0.252464566360991
0.243495284910795
0.133162171080117
0.187772949804284
0.246647909342493
0.153836436210583
0.111290214348559
0.0753615915386846
0.349441380432435
0.259078567634979
0.0417564727254773
0.186721372481667
0.190579764598544
0.257577447383889
0.214605833569257
0.123517514576466
0.188062857305475
0.218437124532513
0.292647964187695
0.281065023979217
0.265776267531691
0.18662132642606
0.264955268494102
0.154845332740085
0.178692448523066
0.248176660167774
0.213313264846396
0.281718685014947
0.224850582703533
0.226126379415913
0.184733151248905
0.251081730256394
0.193092856133133
0.218308788114815
0.0472509526521495
0.307564209110812
0.372510148708344
0.289671856962734
0.149598825323283
0.219521426178352
0.294465687624593
0.335913666613543
0.316921699500273
0.119239310585844
0.198921306645938
0.188029144438818
0.222690172722064
0.229906979922783
0.212718227083494
0.281284138296802
0.202009834119716
0.157187926418004
0.22725883093521
0.341823383774786
0.165053615229739
0.204930934719935
0.337716051922019
0.29559886252857
0.194306592813299
0.217502986140151
0.273495524475736
0.383480714306477
0.29431977667062
0.376161156097223
0.253207360707922
0.409411843521243
0.286929317554734
0.405407785492205
0.382636307753154
0.405168377629353
0.199068252372198
0.362805435013826
0.148499427189395
0.361104324460419
0.362917261857075
0.247507681668357
0.346509603050789
0.301075404269418
0.281235979469416
0.297563110185466
0.31553209957031
0.382271043424827
0.304057611476599
0.268874916985956
0.410079549260319
0.292658718952691
0.3191960298713
0.343937811900379
0.0933442737563004
0.423335344797584
0.379435811359482
0.425829685756098
0.317068428983393
0.456264614403035
0.209117017637453
0.363237115154184
0.435303806220541
0.300899915368085
0.242591910407447
0.305235247539063
0.244228975436688
0.375490942860439
0.301608544899313
0.385483894310401
0.478148691017313
0.438475598880964
0.457219396669658
0.410545993832609
0.320019774573002
0.30767109300478
0.381739331540454
0.298429728314109
0.546049829054241
0.326958834890608
0.483939846172173
0.555544913458995
0.513239228167807
0.348453621911172
0.497850564530911
0.309604265666492
0.276290479191837
0.343859318056809
0.481852830419855
0.380824204297602
0.332489525380022
0.531244014633764
0.36853631562231
0.424434140107934
0.360732509025533
0.363719137212184
0.279778375244504
0.412679008274521
0.384078081701053
0.336842084450305
0.560307791438951
0.494081705184023
0.378813624996809
0.448329218220248
0.367407526482773
0.448377481919077
0.470650086378455
0.562245300457855
0.506321821830638
0.471729044568201
0.502330562317549
0.578899941002366
0.566126269434911
0.467298103986158
0.62769084442554
0.536901377207303
0.34256810880368
0.388877851209182
0.375725130862998
0.320973557446333
0.489019151212452
0.505275358295213
0.531859946879143
0.486385184834021
0.530783451786696
0.387102180558247
0.415719629305242
0.432438500233533
0.458917408728707
0.570218800704143
0.644491988925699
0.431101459393661
0.581587943217116
0.409490973197882
0.514876786042247
0.483555041841728
0.550838515416461
0.50348384668609
0.44897197149146
0.568801950712015
0.475813644393514
0.590774640440373
0.40975138407669
0.460561410480736
0.536162645317906
0.568477811502599
0.489792941359174
0.53402463540845
0.539136657486339
0.491643634476733
0.297085316001406
0.447007371826188
0.564496471800132
0.394058927364354
0.457742122834413
0.424870335516594
0.603625285375603
0.572969570799318
0.536961547123368
0.501649804247464
0.505994779807232
0.663252375002739
0.468210394762696
0.605682262672706
0.489073979130345
0.538433241337292
0.49205296773335
0.489819160912074
0.523252758330308
0.542351311204478
0.536069042437322
0.564627270281317
0.645413086997699
0.730407899323168
0.576258716023213
0.597932501514728
0.608964469471013
0.657539739074718
0.544133866285475
0.537417113801892
0.625443338376249
0.530589686874958
0.595591776774678
0.745042050050499
0.63388634879721
0.551426029249541
0.644649918955575
0.677265516703783
0.621555225182172
0.457385623500151
0.647425676022039
0.523350774970686
0.660442688605576
0.591026348497474
0.615212038625326
0.727664668494452
0.46905787677161
0.638589227212997
0.544974596668567
0.593860503725383
0.596775159039083
0.783163633959894
0.590439234144973
0.521189479459131
0.599153354015306
0.836496574061458
0.607260858799955
0.555445700037047
0.623457082394983
0.740643643020812
0.604514357762415
0.554348896721676
0.640751509025053
0.654031379911997
0.795110258399815
0.784005559537092
0.670554985958482
0.883000662022786
0.722848937880851
0.554656985309038
0.620973851265733
0.768634026737663
0.747754489875484
0.701080704445605
0.648321432197188
0.652445864849278
0.737908687289481
0.803171619360916
0.958668538985325
0.817995941353106
0.653225488282924
0.710520979983354
0.699367346873216
0.693686226967156
0.71438947559346
0.686474965164037
0.664838633705405
0.70097402314457
0.546005469639945
0.733128216021266
0.667206742570839
0.786213739845475
0.77899670746465
0.686233570052888
0.624526252313011
0.757873489808498
0.88617008016194
0.823455620669669
0.577183479739703
0.629397630564096
0.741194400686327
0.645486170914504
0.663931663481402
0.607298017874915
0.73264687324676
0.620417867280484
0.802045157323319
0.651813177637551
0.81531558903388
0.759294797632057
0.722437535523265
0.810599248400658
0.781549922857222
0.530494546351425
0.552757787717577
0.65663172586219
0.654047423493889
0.852428300135684
0.781773482307138
0.902698882797703
0.831134442484656
0.777742993920386
0.798710197262559
0.885868295040858
0.866036105157264
0.723118101016869
0.781351963964552
0.715046878836547
0.926583137060262
0.754185570681862
0.896432094528781
0.890101449498124
0.796039073345979
0.884180419503528
0.834373181282597
0.842753479049056
0.830235996808161
0.862592672895007
0.802729213127601
0.976662735871437
0.694680461861446
0.777470653506201
0.795145644908249
0.884596697045212
0.966297881977129
0.882824748282805
0.868543301727139
0.886887221831683
0.673260305747674
0.785871399913755
0.875659396521719
0.749951339407669
0.66112810582184
0.986282850797399
0.919791320844639
0.72343910414116
0.993947625919202
0.766850427204517
0.948343553635389
1.05771296217188
0.852421591960682
0.94445806618189
0.638131793168622
0.886934218470183
1.05136209215696
0.82225257039602
0.841356284038694
0.880822985811673
0.91450252770387
0.80005289709119
0.874252566462621
0.949136323015155
0.92415236021042
0.908080459589664
0.95497912542007
0.770582378857376
0.891354451313185
0.981731785836275
0.921920471832551
0.839389149609224
0.799580161828879
0.894608013608397
0.856702390334582
1.03668161136818
0.909445702832973
0.940435416150401
0.968634834116611
0.857832815016934
0.830478237931608
0.924054926707377
0.964906206913907
0.846727039841794
0.918847582239717
0.91896501811182
1.04867023492017
0.845447520391733
0.832818331649475
0.90578552738184
0.951361398876042
0.719078090358451
0.949535462875555
0.82768543432957
0.870899492436049
0.915290074543933
1.0138506632527
0.989816798288314
0.98328576337425
0.854340059589082
0.928033453726207
0.984813455892049
0.808584485909823
1.01228938602553
0.929576839500038
1.01873926337158
0.910652469712944
0.842321583277554
0.861700710836659
0.968234594234265
0.98666253616074
0.874146886855325
1.15696187869094
1.10255720437557
0.936953253389208
1.06110855387723
1.05354217633646
0.894234459205367
0.946486600071225
1.13557335667133
1.16433522014518
1.00057711047279
1.01268634260593
1.1060269140515
1.00467724254436
