-1.11260464352025
-1.10104872409014
-1.03160489706912
-1.07609898051628
-0.959355080165387
-1.19153538945959
-1.06770130422193
-0.91063113237057
-1.02744018582615
-0.854486852199
-0.90244773483063
-1.06205882133798
-1.02639930998616
-1.1220162865231
-0.94083857610069
-1.04859187484043
-1.01895142432247
-0.865613501605982
-0.91879910697524
-0.858713191728546
-0.918457866370165
-0.86492613005875
-1.03316166215099
-1.01324474858925
-0.96918004055313
-1.05013474983213
-0.880720744519784
-0.886784269241811
-0.825010943862013
-0.891112791461455
-0.851591641240969
-1.00052933392158
-1.0162105759793
-0.835036873760916
-0.927069640391914
-0.937130163991078
-0.93021798500514
-0.990532278571027
-0.853778133867663
-0.960835961289267
-0.964869323504823
-0.920457459231063
-0.948726323951392
-1.09061320080834
-0.735262215912423
-0.983074833707561
-0.901227060925434
-0.905131762297143
-0.912763990411144
-1.02467192440782
-0.74249756215755
-0.927233130067236
-0.877697773373463
-0.88260318603027
-0.888104060666494
-0.84788490565493
-0.92596040046837
-0.740431234968339
-1.02397053290531
-0.814489910929091
-0.931117763714506
-0.827057604831783
-0.845582494399684
-0.888917142834225
-0.730486495132128
-0.853301451295298
-0.921227890154636
-0.820162062094594
-0.801531980406522
-0.782858178351764
-0.827225350864623
-0.811998522860415
-0.917031753223551
-0.820537367149787
-0.853151553441537
-0.855713829081796
-0.875542514821446
-0.746403863323125
-0.87537097413908
-0.85700671521712
-0.941451056080599
-0.928409727245635
-0.854719354183474
-0.869771151973357
-0.686542196164999
-0.947109619886756
-0.811760213740594
-0.861296900513354
-0.93066806582203
-0.800435718670801
-0.854644512801399
-0.914748057667012
-0.928797367963994
-0.659462404611597
-0.814117808309947
-0.863072665685476
-0.729771789876565
-0.825393092906698
-0.865966806794732
-0.789655279165189
-0.953703367485335
-0.793484701598149
-0.730076906872415
-0.910973213151028
-0.737646496682083
-0.862263154611237
-0.851246120133464
-0.821425457270748
-0.759521136694416
-0.770308412070236
-0.718638640183617
-0.737334831009984
-0.639491481600338
-0.81145052187602
-0.712637891686571
-0.774815251969639
-0.829907652527377
-0.720546729502873
-0.654110187904598
-0.777002560346645
-0.709532527641044
-0.920265288362841
-0.658795505538587
-0.67600256690099
-0.700283144686479
-0.837001620622047
-0.775248107936973
-0.731151857969665
-0.829632272776137
-0.751438572007683
-0.663160209459928
-0.817924530558028
-0.708629393230302
-0.61635560653998
-0.725506744409908
-0.735943561836441
-0.773765414781418
-0.853356040432882
-0.727897035755058
-0.846427851085737
-0.826658686760067
-0.618346338468556
-0.627591056515536
-0.756409008321846
-0.609869846968917
-0.684096955093853
-0.547719758266471
-0.421269749333539
-0.651815410130832
-0.675866781158568
-0.628666927584222
-0.652145607407204
-0.740213608945857
-0.48970455262854
-0.579605619696788
-0.539272473661119
-0.665850280874554
-0.445937088749914
-0.746255084886484
-0.772710273390013
-0.577614050743265
-0.607232468428493
-0.60068793822789
-0.613278159458213
-0.677454859712054
-0.702609912947546
-0.740745427915518
-0.696936423413355
-0.635399536729675
-0.63226248559024
-0.577026508321377
-0.65726145679804
-0.612448214889645
-0.60252645492131
-0.615711880103678
-0.683762452980293
-0.693190094444256
-0.666361405889251
-0.530214677540451
-0.704409041626744
-0.627887164331281
-0.51679601875027
-0.677721984273338
-0.664878408356263
-0.514428838206935
-0.508553264754999
-0.705168290257848
-0.707428269338535
-0.596057406055974
-0.644474351947343
-0.649015379275046
-0.540483945114327
-0.613977745193054
-0.708898772977611
-0.634931837484757
-0.668951818262726
-0.605229177367873
-0.80207483514121
-0.545880426873314
-0.581163701418239
-0.46817778751169
-0.649046919727831
-0.489288648434455
-0.583201246275741
-0.660236596598245
-0.555544678679253
-0.599142152043757
-0.538773029321758
-0.604378528028758
-0.506480942386716
-0.538982727937077
-0.56555236725216
-0.650427374467114
-0.419171799928089
-0.435582386435563
-0.636089900965345
-0.664443224591447
-0.711167820687751
-0.547726800680175
-0.514380682305264
-0.578271004266186
-0.434189880997426
-0.482359585845473
-0.67978070474221
-0.451924626417604
-0.732330256745993
-0.424072710833215
-0.575531416842387
-0.60961039316584
-0.512356285817805
-0.444651686101114
-0.577532272719472
-0.543614516724064
-0.661417278524643
-0.668384801044515
-0.626250216803372
-0.466789218246412
-0.482314375881017
-0.554865425387905
-0.354069905172263
-0.450018581322435
-0.616719389624887
-0.42132173766026
-0.433886786475607
-0.531564283299817
-0.527697460337278
-0.491113980942541
-0.507313512555552
-0.383495950406028
-0.516394822576194
-0.439708826699486
-0.46544739585083
-0.474017807095573
-0.595660914972025
-0.656931642021531
-0.514617153726384
-0.514586278735356
-0.443143592756454
-0.452111853697442
-0.538718489408766
-0.47082998669924
-0.556885031876851
-0.477969986602304
-0.514801326285626
-0.44784796015763
-0.325720244912775
-0.570265594590556
-0.429468236519166
-0.563572207679542
-0.607390662079375
-0.304908986880167
-0.468261661132319
-0.474647788250633
-0.413423570452493
-0.389857348920179
-0.474223308281673
-0.503454246508165
-0.394089316182929
-0.492630321477843
-0.40472704176776
-0.514859598356727
-0.406318782468812
-0.303462430036562
-0.496267525709156
-0.364564539332256
-0.488519736989571
-0.416695631525275
-0.396681650835387
-0.505270746134458
-0.346338818186544
-0.423870288230328
-0.341185080821304
-0.438737513527974
-0.413510830799867
-0.542187785044529
-0.592538172740655
-0.515499884471675
-0.393673615996311
-0.305432738486323
-0.44368257039846
-0.433568849731409
-0.473923271750743
-0.347169671502269
-0.360687013763587
-0.404784344293052
-0.346122653129755
-0.443099048170954
-0.434950784007639
-0.335301154729926
-0.319293041765239
-0.355886601643122
-0.424320657189381
-0.447405863095505
-0.391504573006502
-0.335595691442625
-0.401627153275227
-0.21975616932323
-0.34935157407808
-0.250688579723437
-0.342582257475783
-0.355689243136661
-0.262035730682468
-0.397758453836271
-0.191914212321368
-0.305018479542731
-0.387779864813843
-0.318040321776958
-0.237490598025646
-0.236579780967057
-0.342162658181854
-0.249303597551229
-0.33856886871787
-0.265098216618999
-0.326488689222973
-0.358505897228363
-0.467462429341186
-0.334001587397004
-0.239091751714923
-0.411596600665179
-0.457823996333037
-0.225109255188024
-0.432730208482985
-0.276762098280001
-0.302506864112966
-0.313172429013326
-0.349137656237176
-0.224461390671488
-0.281261858671141
-0.27041317458701
-0.42250106315087
-0.262942609509631
-0.28212488514435
-0.360192199076563
-0.387047377915522
-0.474941913494765
-0.159485965904581
-0.252534828445953
-0.280812234003182
-0.190471599383708
-0.285456235218095
-0.153496971587787
-0.292187117826569
-0.137247682402263
-0.293887934144606
-0.372591975709776
-0.306677487434238
-0.328377474360444
-0.0893138164484652
-0.235588047553248
-0.230546399118365
-0.274659220863129
-0.271889545876962
-0.284722914398696
-0.0821624834425258
-0.319064342015713
-0.138394832578604
-0.500507669046987
-0.252067788851799
-0.0833168167279119
-0.0882288805650387
-0.398700183615388
-0.267676871980063
-0.0135227491830928
-0.336823417696955
-0.215080687569395
-0.256509019244419
-0.0796254100161685
-0.246870658356547
-0.24762462628699
-0.184635615239856
-0.176717882299397
-0.142514857676476
-0.0743336701086438
-0.274576219287667
-0.247887255250974
-0.259483357048486
-0.182573035726541
-0.213527709235777
-0.123101886143023
-0.209748703359193
-0.15045608643271
-0.162240182165418
-0.153551123803171
-0.217730108578855
-0.125627774692854
-0.0912808156419216
-0.226177224911298
-0.305686935771955
-0.159790798015799
-0.0218152115471355
-0.254077593129275
-0.320362015179357
-0.190294585555745
-0.0951630800322143
-0.154143348579793
-0.210260328687015
-0.138686590542281
-0.137284993811663
-0.223865175655184
-0.0753530540840775
-0.228433578280562
-0.0601293330650165
-0.261411921840124
-0.130561628791105
-0.300908182358506
-0.165888610838366
-0.0948870667065724
-0.206359410203627
-0.00763113464678499
-0.12987068085212
-0.141881484103048
-0.393178732800134
-0.113444906073385
-0.0550275979531271
-0.203357039844095
-0.0314011016077843
-0.260844592315833
-0.0358609127717285
-0.137412118528216
-0.266651520795717
0.0405854224887609
0.00614311971892206
-0.152273039260889
-0.0837179191729094
-0.272066957831219
-0.0441345449933503
-0.118056126126664
-0.158193695797752
-0.235523460599736
-0.117386600551061
-0.117129753875783
-0.111665557784978
0.04329703031198
-0.0368628268710239
-0.0827474129687147
-0.0807706589062595
-0.0431160329851765
-0.0410403240417222
-0.0686428080632971
-0.0833213512809556
-0.159699923666659
-0.0472636835242649
-0.130313904623152
-0.0674594719231945
-0.0917932846601765
0.0456986590978274
0.00404172943879084
0.0531858195755689
-0.11382450065498
0.0982136397975508
-0.0637143452574587
-0.153388996681143
-0.00589492149215243
0.000736754472199504
-0.144575124452608
-0.00775467237375822
-0.0420898930996729
-0.028880666365782
-0.00478293258808076
0.00432779855589885
-0.00224289239726051
-0.140961296262185
-0.131048999194238
-0.0542678681758032
-0.0319783684746708
0.0110829940556625
-0.0955138197130247
-0.0802053788079358
-0.118289813525531
-0.0173523327103878
-0.0586477505947821
-0.135052203070654
0.00508852854544969
-0.00596877502204399
-0.0240910487657998
-0.0196561093572819
-0.0522281876277557
0.0279672217689222
-0.0861610099934885
0.0601378219241064
0.0132627804241227
0.0107937398780591
8.26227135002649e-05
-0.00908397406808277
0.0564902934482692
-0.0408459372509704
-0.115311412400323
0.194035634729569
0.00376105850940382
0.0536385183067159
0.0817866782334506
0.0682185180750432
0.178879497664539
0.0193556334078117
-0.0490882834842369
-0.117461200085038
0.0295502446326896
-0.158155306754387
0.00661338427503554
0.0912971137155291
-0.00779759892159559
-0.0535224205140666
0.00688782698169988
0.0952956901545665
0.0401777700051511
0.143016469169746
-0.0257023090725918
-0.0559310683690238
0.13541623387097
0.115743792505457
-0.00849683566267668
0.0137729489208653
-6.44094126715967e-06
0.111689566398504
0.0551783690414969
0.102002779544402
0.131208401807867
-0.111336188782642
0.0235933202421565
0.113170395952216
0.114382691884538
0.0223850945179533
0.101768822869
0.143845047201509
0.0853551709114675
0.12119048419184
0.122495307150621
0.0943566574090475
0.125322867520447
0.062629984578858
0.165167749510488
-0.0145275625368837
0.0189763645017825
-0.0359160976120406
0.0708400150894127
0.0301950670453261
0.132029282470938
0.128324779824461
0.0935232395947221
0.137040628055255
0.061031262482211
0.187202674131432
-0.055111078550237
0.156467637513752
0.1129440767125
0.136939896683324
0.0562114967201197
0.115045876526071
0.112728548171117
0.211896614774784
0.233762720123259
0.190569156916005
0.220023082324032
0.143179372604919
0.150369966707696
0.316010820392726
-0.000898179286831738
0.131094929992842
0.196212311301072
0.240354577337256
0.277349183412229
0.0203955950327441
0.111645042711953
0.250946087124367
0.185961124744242
0.205095991783982
0.0535073984207524
0.051655373687196
0.193587940718868
0.276750697624104
0.0935076754622204
0.23222756855157
0.12247413512111
0.199146419373579
0.0754750642139202
0.158265046394715
0.157823827286274
0.326346924154271
0.345763702029983
0.0373424146768786
0.122450804471064
0.300188558939315
0.144611881531136
0.184666041275421
0.201601156520688
0.196110556278474
0.213616368958924
0.110754475945051
0.32484574339239
0.135888772147841
0.189166801365504
0.347498268289015
0.15860860165161
0.352360502158083
0.36863699338087
0.19796604579797
0.196801439385737
0.349614712983462
0.415387891760851
0.198606877414561
0.375938436678786
0.261903554608767
0.086825463881051
0.212684171181258
0.275218837649192
0.127057684043423
0.239801899007023
0.343986595704701
0.380742938565947
0.241543983632838
0.250825165936348
0.17403331913327
0.302848370870375
0.239141316045088
0.187450927302742
0.215222562475289
0.34546103588157
0.260790976451638
0.406513466905073
0.263348348396048
0.34123236881584
0.201962532639866
0.296615825060235
0.304143676951045
0.265708616390612
0.24388630856506
0.207845359162909
0.219455437422835
0.302657892180888
0.315668613384884
0.35807067354475
0.260416764193282
0.245779655585608
0.258702148409801
0.322351810591759
0.398711135013185
0.299998065502298
0.351226171030098
0.412325961127457
0.330550426133518
0.309297754970828
0.301079520934184
0.298387589124605
0.373199478421284
0.323168561551073
0.211256807134552
0.366438366992339
0.475720637652422
0.428037842454986
0.241294080772242
0.321884526436134
0.219586739986589
0.335799655358968
0.319165779189782
0.424798287145216
0.219774770287263
0.376128664977539
0.244634286136559
0.293739273970555
0.224559668869649
0.359171335080052
0.337631303500484
0.388486955898595
0.420170586702152
0.402358523940257
0.410674364208716
0.449394377361319
0.299239821141001
0.472958792259116
0.358481148671248
0.32612148746612
0.478361083885579
0.464615997750943
0.303235572976716
0.441464184190034
0.323082042332394
0.354091252597827
0.412712648766426
0.470034265931818
0.393923811468343
0.348520796746572
0.504957565885581
0.390807024539332
0.411381283716183
0.440460497330665
0.321007091364961
0.324724727340688
0.369241858895651
0.490445046700155
0.452351042740751
0.455863373190362
0.48136876571519
0.472148200746216
0.531363443060862
0.421873119585344
0.376591845062155
0.510589319008999
0.371561454261066
0.514241686578392
0.519654686120037
0.457540050356654
0.601818858894139
0.370424496932523
0.368910477785347
0.243896240694033
0.458983681059339
0.335353986019249
0.404036779467709
0.472938585040616
0.583875876164335
0.467146524618175
0.372079380230652
0.445800700290803
0.532583993490147
0.483488661606946
0.52563106460815
0.460072633987796
0.472529751963901
0.541947567367461
0.622099759697129
0.398091429557808
0.602096384038989
0.489583418687072
0.531268684618019
0.518214690405459
0.476100870256284
0.49736529980423
0.559732308527695
0.509414571842955
0.569634701020145
0.44447473454233
0.516554001472574
0.517044657841491
0.40935201602307
0.541634364048343
0.429151954830365
0.584608016976933
0.569878247898866
0.662710134436015
0.563559137207941
0.591228458640318
0.431972608425698
0.47699120770281
0.353826827584049
0.504724526920585
0.621080439319821
0.511137146067824
0.670850153987034
0.406043164838576
0.454462135014637
0.534306130244932
0.601387516568181
0.411411429970943
0.54433510568413
0.51038687632506
0.470025244333465
0.54995458458614
0.566138464739065
0.592327926263964
0.62372258139371
0.583677283024859
0.599332478538068
0.590767846722246
0.595944050937191
0.535285470702051
0.615668437032447
0.620756511408654
0.493241027083149
0.733634805294301
0.58225671323014
0.518899156368771
0.550113368900585
0.544004891603769
0.532988756993099
0.662236161593196
0.745768957333729
0.523594046516341
0.553798348914244
0.507774519169828
0.522720959528055
0.552344671084022
0.508655735222875
0.680629295214747
0.579507466023662
0.702682660100392
0.569824144092358
0.552889876978409
0.706346302509209
0.502711370863678
0.609007488555457
0.496435670001429
0.488448504776087
0.566552875374762
0.501403535030498
0.656611886097285
0.749574485973092
0.697088650584149
0.708341755319704
0.676650186603464
0.608582021937305
0.602047481043111
0.713226218883265
0.528876323173409
0.572142839502601
0.677249858377082
0.598208094197824
0.573279535096486
0.610174354077612
0.70169264229209
0.857506655871453
0.65912322612015
0.679859134993143
0.681606310868151
0.731585106800199
0.587681491161708
0.721486290339223
0.568623383718255
0.705050853012085
0.610354833183831
0.677052318999688
0.665060433332839
0.668189051365803
0.881488281213245
0.549916020939317
0.678818223865224
0.703847334547216
0.792026279028531
0.820211747002171
0.607095040967844
0.687009412785998
0.692378469555528
0.831065374756581
0.716631818557856
0.822730143306356
0.767982323378131
0.706646458068887
0.662359293258028
0.829810522245982
0.727111553021365
0.823597082068838
0.706324589630474
0.73452962786178
0.599188142036287
0.650769544155764
0.767460308133879
0.796843474919105
0.731676996076893
0.806837259890806
0.670162789112396
0.715513461206985
0.786778400022763
0.663194230573728
0.745262371248691
0.639059726776641
0.800709398771646
0.765423932546017
0.669796267609937
0.67464152460944
0.699779060572296
0.646538170150112
0.690841300543172
0.661673885122252
0.662969122143519
0.780257549420476
0.739358445474726
0.761126920126929
0.749676600559145
0.655578407546651
0.631868087012365
0.714713159902987
0.880640511829461
0.853125721367771
0.740877694429086
0.747576122061329
1.01654847407366
0.799559172296111
0.740786299700992
0.682710879240108
0.726913490888772
0.839344287947159
0.834124054924174
0.766060954198839
0.860022205504581
0.772556063580618
0.756653964371504
0.733495244978239
0.805260036151956
0.66238576134188
0.890665085405848
0.608168109237676
0.878500280358422
0.773594014439881
0.962203564212027
0.943139506006879
0.932577316513474
0.884108901471804
0.777190759501469
0.883581683608637
0.731253758978223
0.864320430293979
0.770790783756533
0.815147719740552
0.881109477040395
0.817444376580125
0.681469062075407
0.953395772408406
0.854236355592203
0.879565096334055
0.839536075024812
0.898090759633907
0.875049767173688
0.918110774710811
0.91784651060689
0.787652941836205
0.889661102292177
0.930701958829908
0.862460960085041
0.841913108309076
0.969889092420264
0.946622972453744
0.789168127946429
0.914052174508154
0.874928531664321
0.88096197626341
1.04867841501621
0.835245664263561
0.820815043149024
1.03951675029177
0.943165212726638
0.92619429622471
0.977946281092171
0.957070501797437
0.966212697435382
0.84502355141735
1.01914940325102
0.877981788024279
0.880000842695555
1.0155074811381
0.912366727644718
0.982654553929645
0.898659652111174
0.805387793699056
1.0199463299225
0.899128732763373
1.30115719063344
0.882138130053131
1.00921882605761
1.03655395868791
1.00937877269699
0.877410379128339
0.955372565010531
0.85133494798636
0.865363209766747
0.825613667566537
1.04232255079942
1.17601992142089
0.983294600241064
0.985883605088546
1.04175635499759
0.951722377439384
0.896903297091413
0.997935735953201
1.05195167318212
0.990888073271985
1.0219711191234
0.947872233001872
0.936234111936702
1.07648559749637
0.888729106493514
0.996711578503837
0.931439401857157
0.88882809596186
1.01147249940589
0.774464531576523
0.880711897320864
1.05949923341174
0.966969715150097
1.11599304503874
0.959525214117107
0.929747655245144
