-1.11060933414511
-1.09144255878714
-1.04507128083275
-1.07102710506972
-0.967510729072511
-1.17691449262876
-1.0638812200235
-0.934290284721662
-1.02142413979114
-0.854782481696602
-0.914033322498214
-1.06928521012635
-1.01230992130478
-1.10817231435677
-0.949218549950805
-1.06969366936442
-1.02290305547892
-0.85153607233792
-0.924986228101448
-0.895331598199611
-0.926539151680719
-0.868695055969859
-1.01089966390223
-1.00190693372591
-0.990866373577662
-1.04218560432612
-0.90453319042703
-0.873973498944649
-0.84539864694981
-0.895598557069858
-0.853270586136142
-0.989212229582761
-1.02205238776418
-0.831688848168304
-0.931457876453421
-0.93180519529637
-0.93280223903974
-0.999366393574352
-0.833784972904828
-0.928687403404641
-0.949291627621095
-0.909319068647402
-0.929763171484982
-1.10320727013367
-0.725079691754449
-1.01013090348839
-0.893110483321419
-0.903073686220664
-0.915878202771706
-1.02648350235727
-0.745599596351873
-0.905188390454654
-0.874090883797862
-0.908834064230156
-0.880133616533235
-0.825938550508795
-0.916078032863153
-0.73555490689335
-1.0116464389951
-0.836002518448136
-0.937556286635558
-0.801640428620498
-0.829742253203597
-0.871625727400475
-0.734398733589571
-0.856478644814469
-0.924683346243913
-0.818830404225138
-0.78956850576771
-0.780653874581361
-0.832580699936412
-0.818816089663521
-0.904306863260901
-0.807155733533092
-0.85046821559645
-0.84195199650959
-0.860589601742492
-0.746819664282156
-0.887398209159732
-0.860483793222002
-0.939541816165562
-0.922772629625881
-0.851827359412118
-0.883830354741539
-0.703871442238272
-0.953428931454931
-0.789000776773663
-0.847686253766584
-0.925604705100043
-0.789219947335212
-0.845345449375965
-0.897818128684719
-0.941060274477182
-0.639042271127068
-0.821711853316878
-0.869404714518314
-0.746000461740469
-0.83556887522867
-0.882072869699133
-0.800143768969443
-0.925531116171026
-0.818637666559464
-0.753592233649122
-0.926892081942659
-0.723277239839091
-0.842140844531359
-0.873288495235601
-0.804323261434698
-0.76526093556707
-0.779799425833149
-0.746206626752269
-0.760181170832693
-0.663122580185584
-0.796609197970945
-0.727570260348352
-0.784236211039784
-0.821782995612677
-0.703874078556363
-0.663552189319852
-0.773927220304687
-0.698980107160675
-0.913606178419988
-0.664299777640566
-0.698014650894623
-0.689420827044033
-0.851216914947693
-0.774542474448535
-0.706387572933561
-0.825814770010878
-0.759360858195741
-0.660897035572945
-0.827919242595893
-0.712295301970072
-0.628493450172369
-0.729697697927866
-0.721902618376757
-0.767048367872484
-0.857210101423422
-0.752741550602131
-0.837876055423847
-0.829894335280947
-0.624729733286601
-0.651015061502098
-0.745036927973194
-0.623464035354688
-0.689374711662105
-0.527947034954031
-0.423418442377188
-0.658931323174547
-0.678696939925941
-0.632271670714868
-0.66384572379697
-0.726213234864077
-0.514386476190255
-0.593384398419723
-0.551641107360228
-0.661904658904144
-0.449007122840216
-0.753200638107509
-0.753780999993167
-0.570428909213179
-0.60382385755515
-0.594643325239567
-0.64075052310533
-0.670727831179213
-0.677265219620989
-0.758827590554313
-0.691589165480915
-0.635719287595279
-0.637148607364894
-0.550170939810709
-0.646820790708473
-0.631277248573095
-0.614486345098248
-0.614250388107866
-0.681341000742572
-0.672999280381744
-0.655322014842652
-0.518386055010277
-0.702057324044
-0.646727838508185
-0.513035762719266
-0.683818152753927
-0.653407721418504
-0.511800439417695
-0.503038715177365
-0.685854754352347
-0.722526092010976
-0.588733531222972
-0.654716061831169
-0.656058056309074
-0.540891750510393
-0.628143520634319
-0.691053117843126
-0.638253146218248
-0.671863829815668
-0.630806572775433
-0.79462830840764
-0.552719884633727
-0.580778428961786
-0.485603195006852
-0.636514502305355
-0.477646474726659
-0.589853180042926
-0.68487222206207
-0.541452711127356
-0.594405724436133
-0.548198185038708
-0.619621015859008
-0.520882264091513
-0.540709061255692
-0.562239496557542
-0.631408551381824
-0.413586306301843
-0.412880045573894
-0.64493554411631
-0.651707553606486
-0.698314271658302
-0.544680753461521
-0.522165170939885
-0.586182902255377
-0.452120611647579
-0.461206867915077
-0.665489942790102
-0.451361712238444
-0.735396127556847
-0.423867481084092
-0.597989871679568
-0.611796773556085
-0.525612704403316
-0.450740350888037
-0.55849342201972
-0.554226184321467
-0.659026206567954
-0.643591191002078
-0.617151710317873
-0.460620937524841
-0.450973809964265
-0.558797796903187
-0.336548526117895
-0.440237404077571
-0.613705269136332
-0.457531994527034
-0.460074356341397
-0.541560573975231
-0.532418158920864
-0.48314819475763
-0.50712148977539
-0.385787937382651
-0.522444288799176
-0.416955994989778
-0.465125394458159
-0.464875755727571
-0.61788054150978
-0.634635605221039
-0.509997425986829
-0.52861298057533
-0.441982742298913
-0.429374317740427
-0.538509676931874
-0.470509942862148
-0.541283375929292
-0.491043337410262
-0.525853171925932
-0.475875072072594
-0.332819046207927
-0.565946780052396
-0.441338378172404
-0.582393871408327
-0.612288730435567
-0.320429598870471
-0.480696234189314
-0.459053175577812
-0.421565448992961
-0.391748278621931
-0.468324951313391
-0.4834776224408
-0.38705633784763
-0.507038911779146
-0.42546603355342
-0.51477235092809
-0.400890414533818
-0.317915481895203
-0.485946583963333
-0.349066318934397
-0.478765374984918
-0.433275380592785
-0.411527534882475
-0.500606395374078
-0.355406442850079
-0.413485626210794
-0.379235074403809
-0.42991875580021
-0.400790835389884
-0.55870733377833
-0.601092635647751
-0.519605702088455
-0.389344783468356
-0.317799354879135
-0.456654896485536
-0.434350807823143
-0.469636568404851
-0.331513856792688
-0.391503732683759
-0.401432933359426
-0.354550836129179
-0.454177236857342
-0.427845501285257
-0.345828632063846
-0.348360675811314
-0.34868690042608
-0.436087011489083
-0.463258489086905
-0.385491586135447
-0.321554476795017
-0.400512835708335
-0.232937020720337
-0.334550935578143
-0.239613077370285
-0.34378142233714
-0.328365343417749
-0.261322691243159
-0.403860294926184
-0.181019581876223
-0.294771838364543
-0.380969322575621
-0.321411991485809
-0.244401323977575
-0.240281358987713
-0.350468544366267
-0.234050330514892
-0.333189288040674
-0.263598332388178
-0.344130390661697
-0.343746279269805
-0.452416431493653
-0.331891769798885
-0.209252804011267
-0.417183397112943
-0.447364178654139
-0.229238331442469
-0.420959989264175
-0.267148417534119
-0.306240299245813
-0.326119100010771
-0.362359198971109
-0.207019636980193
-0.274110522396946
-0.294299420272998
-0.418282397485293
-0.260989219841962
-0.257602217805401
-0.360957418038064
-0.400054018186364
-0.461978216694953
-0.157508372891093
-0.273406969378233
-0.291071851822062
-0.18464891500136
-0.298317031812006
-0.154369749937808
-0.288858410730459
-0.130327630098376
-0.295653586574709
-0.344132772857237
-0.288174527300347
-0.300859226428601
-0.0773278842875808
-0.245645843270017
-0.213415905781749
-0.285155887509291
-0.294209395267828
-0.284180247887383
-0.0897210716417315
-0.324633551328876
-0.159818461164967
-0.496695864664426
-0.247421213840844
-0.0904542606890983
-0.0854775370964253
-0.413424921190171
-0.268149828518721
-0.0245211040817939
-0.339993258094872
-0.219442420075578
-0.247789849709278
-0.0595212481539484
-0.258758358905319
-0.237473076435959
-0.175135343479024
-0.172590699686661
-0.160435393559636
-0.0715577748028033
-0.28655336779722
-0.26232139484153
-0.216172710269032
-0.192891508011239
-0.216440605508024
-0.153172184745876
-0.211088450295563
-0.152601050808459
-0.161880382184064
-0.161746150286443
-0.206121345061884
-0.134761179011672
-0.0969283816984598
-0.226130895913383
-0.272363022930013
-0.151808694995955
-0.0337397582414978
-0.258927682615802
-0.306257081112619
-0.205480681181383
-0.0817689268439711
-0.160910023491818
-0.196995317821156
-0.134366142884562
-0.165436861827131
-0.19753315208371
-0.0660852406768225
-0.220884783330164
-0.0645761188827866
-0.256286697047448
-0.121671348986118
-0.318719081604233
-0.148113001330649
-0.102065273026009
-0.209324246287125
-0.00408269235169673
-0.137107190355655
-0.146562466592713
-0.374137932959666
-0.11567714286769
-0.034160297284487
-0.205685478650915
-0.000919300476699156
-0.236625092276316
-0.0507468616459537
-0.130567250101081
-0.263978789432731
0.051621299878533
0.0119276560865274
-0.165143013021148
-0.0946258295485192
-0.266898642700869
-0.0499075077978699
-0.134725617053
-0.171574187182574
-0.234807878407927
-0.0997744253298603
-0.120342662500719
-0.0958225789775333
0.0514450449961521
-0.0432194247828393
-0.0746512156943377
-0.0787660564845758
-0.0503782366222758
-0.0193234406599812
-0.0653330123893896
-0.0720809587798262
-0.163998564905008
-0.0573918106352429
-0.134021016645496
-0.0490540346589878
-0.135534401205152
0.041702085863364
0.00688073517947796
0.0685993873243939
-0.111269769356167
0.0974416212892755
-0.0438364547050554
-0.15985615260665
-0.0210592628888163
-0.00833442656172047
-0.152313150553933
0.00139454221534368
-0.0277678236999356
-0.0137337318180044
0.0181498575577812
-0.010169664318965
-0.0176698633833266
-0.148995925074246
-0.120411558757064
-0.0488363118347777
-0.0150197046182054
0.00164374970117425
-0.0807449945539008
-0.0695834198090283
-0.123674695035719
-0.0127036462380926
-0.0601449439351916
-0.127307499964148
-0.0105986567253288
-0.0237743258329346
-0.0235002637659348
-0.00183804798629864
-0.0547399349577502
0.0309910818524509
-0.0738158129943924
0.0375789815034654
0.0224531137995486
0.0180801961981931
0.00629688165794953
-0.021082338801982
0.0439545792991994
-0.0252788027883027
-0.100106120566903
0.190805100933983
0.0142229269127497
0.0570706571038405
0.0932912462031702
0.0575909064677299
0.182614631160685
0.000992324619213804
-0.0491509534014591
-0.119079454481685
0.055393493916549
-0.161991026483066
-0.0119016634594351
0.0864457868003198
-0.00244829324302006
-0.069043079813709
-0.0140524199012675
0.0938339165245183
0.0374303432489871
0.130588810500383
-0.0305582850017694
-0.058686641358327
0.129052941052491
0.119377528652931
-0.0301624357393533
0.0187918411357729
0.0165375371467062
0.103735739906563
0.065769785036951
0.0926293685722161
0.143756384020393
-0.0892272753286031
-0.000489453171626114
0.113779325475614
0.124319075403801
0.0375985715111143
0.093939698348104
0.120242412007727
0.0789130620318916
0.161213757144793
0.12248499704031
0.0929063266323584
0.124049236441636
0.0606040906610148
0.153417086428429
-0.0302552577952271
0.0352125861384361
-0.053071348415517
0.0901414629308347
0.0550324153756628
0.119078943907556
0.121311109277598
0.07557469250411
0.142552410330726
0.036917242519525
0.168381077929427
-0.0296332246665776
0.159300217788672
0.111058916342486
0.130994259369903
0.0662861456356977
0.115528508540967
0.109369783149837
0.201075515894662
0.241459967393229
0.191595743517118
0.2242788308281
0.12313174422653
0.137316595855823
0.292064716590404
0.0082534703731997
0.111742132507205
0.189912703894396
0.248917840341851
0.272405693914969
0.0146315051212787
0.110140208333772
0.243004515187624
0.193760616645146
0.203990424269264
0.0535141015133263
0.050960279646489
0.184643854924368
0.288184546500374
0.106010418295276
0.21826088204613
0.123324038291329
0.196134066319609
0.0566280134022671
0.142301660500192
0.157066515064128
0.336581292247207
0.350031364211322
0.0206024054166078
0.127465423375006
0.290141517480817
0.132562634124963
0.190907428613031
0.193138480460766
0.187888849185398
0.217593829795269
0.129015459982197
0.316218588319545
0.154069574452396
0.208764739536353
0.322265163973224
0.149275938170008
0.350468205318537
0.389326721364401
0.206272923040771
0.186374594762595
0.330418215459745
0.407514995224851
0.183578954371745
0.349676443213143
0.24592707410869
0.0967433693166813
0.218158167417768
0.294897021146973
0.116106103423937
0.261374169809531
0.333492488152671
0.394300854289159
0.236874555349315
0.246791591116156
0.171428731031563
0.283746764169709
0.220082707882636
0.17951385598703
0.21342426617103
0.33414198446554
0.265730465797463
0.448088743275485
0.283499625840083
0.340193840099117
0.181976256305671
0.298456098224504
0.292149492311813
0.271905711112947
0.237792613810454
0.208939214500308
0.214113627940997
0.295188959678179
0.315925343221837
0.361363977960172
0.245062831056438
0.255890423729389
0.270055711327197
0.309587220022907
0.429901686779919
0.30511537832728
0.357173110246213
0.407194091419148
0.30044857374389
0.292694499393209
0.298184828444016
0.275113215567625
0.403685863487483
0.352969365917463
0.23511758099161
0.368446582438801
0.458428066163068
0.441843097463951
0.245281099271352
0.329368337607023
0.226541314216308
0.342539904774411
0.313697526593244
0.439669721105673
0.23337001869956
0.382587725136456
0.232125110670777
0.310447569091938
0.244201325424377
0.339123160013032
0.345322641155093
0.400402863642957
0.423370625682224
0.38635212520586
0.402720726436076
0.424321410296765
0.309935354136606
0.479396974395603
0.362048656348453
0.354711467312741
0.487391967777741
0.452221318898075
0.285624825499688
0.416368465078165
0.333009042318307
0.368876331955072
0.412710665100385
0.474721485562024
0.391746069122594
0.356476896014353
0.523227713951178
0.371002758077722
0.413099594568971
0.437782164674629
0.331920326530979
0.340721939800702
0.371708603819631
0.438567996975939
0.437902965622427
0.447512301517013
0.454160684153765
0.46014389368084
0.527730152551502
0.403789772970819
0.367680189343871
0.502118873416734
0.350027643741087
0.537625506230873
0.51282657221792
0.437490861524956
0.572620541960989
0.335981997133325
0.365773746454378
0.25695514017315
0.4631721381692
0.333925335514809
0.399738268562697
0.482212694280157
0.565476724209091
0.466848435855224
0.389959456572938
0.44836463796592
0.534313422898837
0.476864188557273
0.514770904374003
0.475243015106206
0.489722857854543
0.546241041488131
0.631848234251068
0.404435111329801
0.610766855919365
0.481359267891171
0.522837249310072
0.523841361821088
0.472470162953088
0.518349344932941
0.544630599068376
0.528291615312049
0.58183424953171
0.434980939245997
0.506119499405441
0.515919033790393
0.408526309042971
0.535839676130342
0.443311253229102
0.594775095708955
0.552766082374948
0.644513009098784
0.531706179096012
0.567299577228354
0.427617009665767
0.475847805032677
0.355691360824224
0.50199299493381
0.608672091808533
0.540703295050911
0.682538913065468
0.418108337044725
0.437779692640261
0.531321160979362
0.635350376922874
0.424111069613062
0.542222175874581
0.517398404562242
0.479835929604905
0.554246785271666
0.564838702958328
0.597204072372332
0.613330458968246
0.575078483370085
0.603107006148074
0.602524872092517
0.593824635829466
0.538918047720811
0.587260765545554
0.603136618280523
0.482475299990969
0.724119189342017
0.581034129998743
0.489771658799801
0.579802811666875
0.547731822900807
0.54651408033059
0.646765364521533
0.745523998207829
0.534216380906155
0.577555274761258
0.528175672265994
0.516326227074014
0.556494524891978
0.517122783426731
0.671026987933576
0.586091841584029
0.714983404569782
0.572171584520894
0.580839004241709
0.710708024185614
0.51950699045994
0.611940772786953
0.488798336510292
0.48994126274216
0.547810804458977
0.509455357613909
0.648660772841114
0.745892916764468
0.718542382396012
0.696309423838572
0.663168921888451
0.613089945148771
0.591653668179225
0.706392579976859
0.529130387779887
0.590222088372705
0.686306261640103
0.595925859776105
0.592104749240513
0.628201491948253
0.721146804731558
0.858210883706481
0.642890291292721
0.67967534717774
0.677337119778608
0.729319827125546
0.599370324801925
0.71674657971358
0.558584979987343
0.702478456580878
0.585292457803657
0.662327019929543
0.658401823112853
0.675388842378721
0.861843262379398
0.528521088893194
0.670748370361252
0.712542847722551
0.765825052183518
0.808178861716589
0.61104964517722
0.690810519582036
0.669471390608735
0.824730173237374
0.689826260426949
0.819027980509939
0.740658082243932
0.696841221067755
0.663906629438348
0.828681872465533
0.717051103614222
0.839386570542018
0.722158310997472
0.74229885156493
0.584930870200809
0.631667646054881
0.772347623383625
0.785096447766784
0.714144337422185
0.816917046799336
0.674563533184993
0.74456852198759
0.785521934274548
0.650907499849794
0.760000580432546
0.650175426392972
0.797449570291783
0.760219336523319
0.672506463832234
0.681595752547758
0.70285977061632
0.66265604099411
0.697341284848218
0.658890460504617
0.669472058648231
0.791983948222788
0.730071358185005
0.757841074554886
0.768473159882738
0.637570987596393
0.625910104514791
0.695333048728514
0.898204326802322
0.851390145320537
0.750905623027408
0.75516349813198
1.0106268688844
0.796116894751865
0.730221601056053
0.66499821421948
0.728721173520246
0.858274174102087
0.841195479495706
0.779986242678706
0.896173195113588
0.776497578627104
0.743844702595921
0.734319506621804
0.806802037987409
0.664611513452632
0.863415305104612
0.599039010566808
0.844136897530616
0.778470030300548
0.949973881641871
0.957895885382392
0.930787840508097
0.887195570243508
0.779844586125882
0.876941576860348
0.723851655586678
0.837279460931455
0.769952438906105
0.81072008608453
0.898120807147892
0.802894344200969
0.679053216435254
0.968145811578745
0.849859331489091
0.857243253287881
0.838062026549368
0.897873543497
0.884030721678883
0.910776143715276
0.91057917715143
0.793870228594306
0.911171386799682
0.912538099569627
0.875060246402762
0.864166938989364
0.978577275399054
0.96527034804245
0.786128266462766
0.924243395993522
0.847151242098527
0.891190909965321
1.05049870986927
0.830014100827139
0.818381195233385
1.02182353413879
0.936662001419935
0.931209967890775
0.959203740544166
0.96070796700574
0.980283262383447
0.842646987062229
1.0226446292519
0.869814599805956
0.877366350157634
1.015678098889
0.886923709930262
0.953404028856992
0.903921310478145
0.793437769975278
1.02881035760528
0.903892040309963
1.29361306870889
0.878143447726609
1.01480519468062
1.06320160338868
1.01450832023582
0.871204488957102
0.952546850279133
0.844908320353744
0.865456148658305
0.839813421135174
1.05398682341418
1.19580072670105
0.98202842612043
0.977573800667748
1.01455841637666
0.945410238768786
0.901457979872199
0.974661889117508
1.06085516710231
1.0044390012995
1.01945651060641
0.959371586266587
0.961742841639478
1.06581938498729
0.869656166327534
0.990566159629139
0.934440205732533
0.889971522050526
1.02339470903611
0.772692867869297
0.873506966831226
1.05179216350323
0.963202984759458
1.11135386300396
0.946816351172049
0.944714363549228
