-1.12082713179531
-1.09035108559114
-1.03776886476591
-1.06873662205991
-0.969106624771914
-1.17079760518255
-1.07033643060975
-0.912689957282972
-1.01440732697858
-0.84696887040934
-0.897345837657744
-1.08440322053103
-1.00938140165258
-1.11991875073421
-0.938413978736528
-1.05970446462429
-1.00374756474852
-0.856912958653844
-0.927056267216605
-0.866100588509902
-0.927085971970591
-0.864348918717194
-1.02562984108686
-0.997105003447047
-0.980220555577081
-1.06578442268322
-0.874887039510242
-0.889053695286788
-0.830458321991083
-0.881234140611666
-0.845950330370148
-1.00224482093868
-1.00680541425511
-0.832246021321771
-0.929455786961253
-0.933702066190672
-0.923683052080092
-0.99330996833165
-0.851487964891129
-0.953900067620518
-0.958401683574763
-0.926658680730344
-0.954753252748782
-1.0902885797096
-0.736708846691462
-0.988229612774481
-0.89918621227067
-0.905902503836799
-0.910513960393826
-1.01523272465751
-0.738365834035126
-0.919667195200566
-0.896553320634995
-0.888665318081234
-0.862681850407678
-0.843354614564655
-0.928422643697249
-0.720493033848125
-1.01996802471617
-0.833253136693779
-0.923736711923301
-0.802887131910296
-0.832536638222819
-0.882934805388756
-0.739851966675175
-0.855185075727582
-0.904360474181565
-0.813747974679388
-0.803561133684727
-0.78774422051614
-0.816154352731252
-0.828010459529214
-0.908326790241262
-0.822713710845818
-0.848163860904407
-0.856658406873589
-0.87611479795313
-0.74224687202688
-0.87034616086146
-0.848206544912511
-0.949596109127089
-0.933416124161348
-0.869016958133502
-0.893948625262363
-0.685411341712522
-0.94621494630692
-0.801564371240276
-0.863924207153445
-0.910635263423228
-0.779393908292448
-0.850496128704378
-0.90423653718332
-0.959747833588859
-0.630693433227626
-0.806284123514243
-0.847326645595421
-0.752705743246054
-0.837469169287649
-0.89431030632458
-0.805976606077538
-0.92970035022107
-0.785272258278359
-0.737866525101948
-0.891324740374897
-0.7251021941476
-0.852554589010348
-0.8607941627505
-0.815695372050402
-0.761936607387648
-0.762053557900756
-0.72955412363066
-0.761768379887301
-0.649921276099584
-0.817295111227847
-0.704255213577082
-0.80372803113652
-0.818965450936968
-0.719717885937317
-0.669960202298507
-0.795096735806001
-0.70554748743023
-0.931607149903711
-0.665226159032328
-0.704003596132911
-0.703512727325139
-0.868332726781277
-0.78553755813166
-0.712875731200419
-0.823288355225338
-0.781081672781269
-0.682506905136994
-0.821294316369981
-0.695384248503608
-0.607883400979393
-0.717847238151313
-0.714775230983226
-0.771177897555446
-0.852796314957184
-0.741101966643617
-0.836056720123306
-0.814239548445915
-0.623485897089037
-0.628781925096971
-0.761457416589546
-0.622973444876609
-0.693529516146905
-0.538657016476962
-0.41432907852984
-0.667753083799004
-0.681699993066779
-0.630106548179668
-0.640430931670347
-0.746143504045474
-0.483208266003308
-0.592649909798576
-0.539181823307139
-0.652290668892288
-0.449124732436008
-0.758959538258711
-0.786858936915493
-0.57971325054666
-0.584684914827303
-0.580290189754204
-0.636466919717499
-0.6661949037613
-0.691026361653152
-0.745272793632907
-0.685283540109843
-0.624872603984951
-0.626251883546927
-0.551117395624266
-0.636158056599242
-0.611422235924106
-0.606809391024458
-0.607505418253525
-0.679881461084576
-0.683631819724008
-0.649720795996173
-0.526985553217301
-0.683966165952344
-0.636402799840876
-0.503172443504148
-0.676670018436938
-0.672072380746912
-0.501289815437351
-0.488370744613113
-0.688150037039327
-0.703099383414084
-0.598150158296923
-0.672966990855338
-0.675264810881962
-0.542972702376452
-0.609103283956729
-0.71429882315064
-0.628009923816059
-0.681772304547454
-0.628663359766147
-0.812716234208997
-0.523460036361699
-0.578571458337723
-0.470907515800961
-0.64694254089307
-0.487332747655168
-0.581314302695861
-0.686561295686208
-0.548792309233838
-0.604391242532472
-0.515719393628467
-0.630663814122991
-0.499762626790612
-0.530316268262599
-0.561067276835297
-0.640683959212623
-0.399930921185484
-0.423179561763984
-0.64000450501466
-0.65193990394312
-0.686585489166208
-0.537957352276197
-0.543748250630699
-0.598222065425549
-0.444580496953304
-0.47424182085678
-0.673727015776116
-0.443284224944605
-0.729617084086704
-0.408744863000901
-0.593677374664778
-0.625396505160059
-0.49934741102267
-0.44120242898665
-0.551096451505254
-0.57112677724152
-0.662656544952755
-0.653453618023709
-0.616029154293293
-0.462809171967476
-0.457831938655124
-0.563768180630498
-0.33252519289722
-0.444223821986009
-0.592519143972173
-0.432116935264427
-0.449504622709209
-0.536574834149159
-0.526065216593415
-0.493954121271872
-0.490253944287451
-0.384428462232547
-0.502955239818019
-0.417341474621382
-0.466487781924358
-0.47438994997037
-0.615427258011702
-0.637568521109041
-0.510222478628937
-0.512048092203507
-0.452754457534274
-0.459503009529701
-0.502868285982445
-0.459136629826063
-0.537389172497631
-0.479060029817692
-0.507161884937573
-0.44407724632992
-0.323483161874307
-0.572046767001131
-0.415837482052356
-0.592438413172967
-0.636647152081212
-0.31035535828433
-0.469641880985488
-0.462661169296288
-0.421211667052679
-0.409412620710945
-0.445317363110096
-0.531871141923342
-0.374131330257797
-0.51687163311508
-0.396114682047983
-0.519409317291397
-0.389767173236952
-0.298701040081697
-0.492247175637989
-0.373382603367895
-0.499950780851208
-0.4168783493421
-0.391810205464325
-0.483877981714087
-0.359573810766641
-0.410361861448199
-0.358796579466135
-0.429820168039618
-0.408921936513099
-0.54294348945139
-0.587860080107856
-0.522428839091859
-0.394839787622756
-0.3080810246989
-0.454630817908813
-0.424372549475697
-0.473428441050221
-0.346350741746898
-0.366056296105426
-0.39725058155202
-0.348134633738795
-0.446052012299853
-0.399137611309434
-0.339068213384425
-0.331668952207858
-0.34089848338635
-0.427759328327473
-0.44041244279744
-0.379730473150562
-0.332788164048696
-0.396363777093628
-0.21440441958605
-0.362403120453962
-0.239992452213466
-0.32378074801076
-0.36466429888599
-0.267963591851856
-0.422025374337146
-0.172013558395722
-0.311356816691347
-0.392308431856433
-0.331243348642769
-0.2521693232819
-0.233412583587129
-0.322590522955217
-0.248522784358286
-0.328885668338623
-0.249947424532744
-0.342873795182008
-0.351177875390373
-0.478221482499203
-0.326089308157853
-0.207503196617627
-0.416061311919151
-0.449397137812309
-0.221304720012975
-0.429091079796941
-0.266102799887351
-0.292851183191418
-0.319184028416064
-0.345655910186941
-0.205751176857089
-0.269271216862343
-0.278726123619668
-0.416987504626124
-0.248909849329564
-0.271191936588955
-0.356452053271413
-0.400645311484514
-0.469707933878235
-0.157764400045243
-0.281236482723153
-0.288165162275919
-0.196709672018482
-0.295453455942684
-0.154254153887252
-0.275244633230202
-0.139379515958669
-0.301395038559565
-0.355173398240267
-0.297132964866877
-0.306221344425551
-0.091682416144539
-0.232577207037115
-0.204871572030847
-0.282191092345992
-0.286428844931223
-0.289696393127927
-0.0832167463597038
-0.306849236181696
-0.138020605952347
-0.4938733523953
-0.24343359298364
-0.110594554473152
-0.104334601846485
-0.389724936054306
-0.277194392044362
-0.0247535584063357
-0.326272492756079
-0.205394210771138
-0.246110713014089
-0.0601538440743415
-0.237771972912728
-0.232722414107265
-0.213630361862793
-0.182298718368434
-0.167135222444601
-0.0778070750535176
-0.264644152840154
-0.26152543037275
-0.230297863943946
-0.185130737798519
-0.222518806898928
-0.136272723993271
-0.211882574924295
-0.161820630986179
-0.173753916259205
-0.144595763677383
-0.217576854511185
-0.130391898524994
-0.0982191187320304
-0.231917637582842
-0.301588503802636
-0.153672923225895
-0.00410827019816537
-0.250855182171777
-0.306623505368969
-0.191285818138833
-0.0807835566644651
-0.16468046598432
-0.202221037140851
-0.126083958660973
-0.151584659513498
-0.209577302363573
-0.0793876613543283
-0.225570125812863
-0.0435553285788924
-0.260208099036039
-0.135942732406299
-0.306072966646002
-0.165017931548593
-0.128231669899814
-0.1972919631138
0.00549475368078333
-0.116372302927633
-0.14719146303656
-0.382149457406158
-0.0934538014001636
-0.0478304879426558
-0.203651786472709
-0.0236490927342886
-0.23429026440752
-0.0663152449695577
-0.124456629352415
-0.254524330414362
0.0554549230273138
0.0188906148249727
-0.155320872000337
-0.0864064305545924
-0.262182636193329
-0.0654264613392847
-0.100732986804109
-0.177549493936512
-0.249310182603738
-0.108424671774185
-0.116212351794373
-0.11085957170739
0.054098876399394
-0.0438537067507433
-0.0763701500066826
-0.105255083046668
-0.0457050637168936
-0.0286862462818395
-0.0737395719698022
-0.0948600711071326
-0.150586228771825
-0.049356698601541
-0.115051220918443
-0.0455916378888498
-0.0998917153226118
0.0347228414379362
0.00864836973090925
0.0747421451448179
-0.120928301783226
0.123660668755978
-0.040946796497376
-0.15881367366788
-0.0191713040485045
-0.017764966109201
-0.138243105839838
0.00793976037844566
-0.0392991514467436
-0.00774767740484205
0.00850737699519862
0.0104639388316555
-0.023994276025172
-0.164444602399826
-0.11145528617746
-0.053770437241707
-0.0118500522761008
0.0103459192252574
-0.0778092947980907
-0.0627698017455973
-0.109591890648661
-0.0215984400654637
-0.0583814555549476
-0.139583032100394
0.0125654485650355
-0.0138980940623453
-0.0125208346424469
-0.00813530049376145
-0.052151403910122
0.0227667410097487
-0.0851456969854248
0.0364437663167666
0.024646373449539
0.0177721410446821
0.0100033808031164
-0.0294321395258299
0.053571680559742
-0.0360922855030885
-0.122304952432213
0.21259859176518
-0.00226252035591162
0.0570971288176973
0.0826389543201312
0.0479718110146408
0.177774780681126
0.0099709130075192
-0.0542106941024301
-0.11787176111366
0.038402613743635
-0.136505528278336
-0.0033005137198688
0.105721253591823
0.00173482133889349
-0.043702934898314
0.00794491661787328
0.0941002892026736
0.0389019939793078
0.144999711536914
-0.0291548028090598
-0.0545167581844814
0.133118232415988
0.114143760486701
-0.0602985475085447
0.0189059778322692
0.0308906395768855
0.105214160932282
0.0682500568222167
0.122206409046768
0.136192879495103
-0.0737538162561859
0.0308447266276116
0.116511147486428
0.112126077600942
0.0245440942263247
0.0912935193635128
0.144501602899349
0.0996248337263727
0.122910390894513
0.118444476928166
0.0916843870041171
0.125002589327054
0.0607286674705957
0.170244874516949
-0.00393140661142272
0.0273724842591591
-0.0425422399319411
0.0901363762179443
0.037431971764008
0.131880113617636
0.124384097684857
0.0894527760736545
0.1303662946431
0.0544181084527309
0.185715741369702
-0.052597143950507
0.151179658604362
0.104716311640149
0.159188614798279
0.0581178756139253
0.124278635284794
0.121649849134834
0.20021431755367
0.233089713664327
0.196632262823596
0.192693673883792
0.118311752393684
0.132976571541275
0.302141554816769
0.016396354696932
0.12282057786099
0.187843234187851
0.244142789153699
0.267634681839166
-0.0150508470908347
0.0920363920104152
0.22621417494297
0.199551017466845
0.191517667008577
0.0669327900544509
0.0756251517672397
0.181762974574874
0.271813886864866
0.101495342496499
0.239748876924499
0.135467821871048
0.20961013078157
0.0497682341830117
0.141825650008618
0.186747374500114
0.322249123673956
0.3505949573707
0.0335058874775167
0.119106697033057
0.29962787492306
0.148472918120805
0.187014152347208
0.192099546822616
0.199167291064178
0.203679853505731
0.107420707822526
0.308758537954813
0.15580606486495
0.203962401055657
0.342223609126412
0.169772667017437
0.360199639826076
0.386107273078372
0.193430616164224
0.205691013352697
0.328052365937634
0.426112864129659
0.199778192233624
0.358682927855489
0.24482055122957
0.104613391022695
0.199443270770126
0.295652100306524
0.129329836755233
0.253878251400335
0.330481741379377
0.391033517711268
0.2542443237059
0.247402382665919
0.163252797506796
0.291665834130412
0.23384473937695
0.190521118451577
0.200739588955845
0.342784738078861
0.265645428577543
0.444811908771076
0.262761369442033
0.345533584774793
0.185009251300055
0.291664787158015
0.294436170225448
0.274222844415949
0.222063042947874
0.194459271387347
0.211872483289018
0.306753725694729
0.333879122415403
0.367081693245335
0.244804802740845
0.251860843242292
0.261119672803885
0.301318621122579
0.424945150919387
0.318095691267362
0.354456456394214
0.399820802042021
0.306176987660186
0.314878401415127
0.298972823146328
0.306410899440223
0.39521751431379
0.332867018193973
0.218470968669286
0.359247885849438
0.468413878101007
0.415571052620921
0.277053295520137
0.309075439221611
0.205768186222882
0.339137264915366
0.320616838121708
0.450422917570783
0.217449160030166
0.369757156286909
0.236431381885495
0.322432844715499
0.222906516569508
0.345510862014981
0.362993283151343
0.387740077917939
0.416003529823585
0.400874774968599
0.396590940576921
0.436553946982076
0.300047087018224
0.46303627012744
0.360014258181751
0.340271042947324
0.470919202296399
0.434939493553894
0.309605622996773
0.401622870457612
0.331887164481537
0.349621995005479
0.402174331902361
0.497532720933699
0.399028144091862
0.360314298720096
0.539268186919751
0.375860118281119
0.384426657098623
0.445374029126331
0.303371249686942
0.335234024356348
0.364323889345348
0.476613244422398
0.458290511250224
0.458096110969493
0.463062719446151
0.470058771423537
0.523333452492194
0.400988708585545
0.361805274703995
0.503327531637541
0.373635190539682
0.533650181803629
0.516108575643965
0.441146296843003
0.580999868697422
0.371141337291663
0.362074496996833
0.225252743227331
0.465849753719139
0.354423600443373
0.38475735471125
0.498296120842205
0.586669870152624
0.46898435329272
0.403317479063713
0.440321378497723
0.5321347610562
0.484913249758596
0.515953547456332
0.482560908786804
0.462317316439357
0.562483578789781
0.630371390886161
0.395277371109249
0.605545659623475
0.481663977439381
0.535436996431281
0.528738973411646
0.464769569829664
0.522591753144527
0.549315026988829
0.520014667426917
0.5784289740386
0.424409656792769
0.530278984693269
0.518537688872407
0.42532486926617
0.526738559551252
0.429671912411636
0.593566488456788
0.561153504510063
0.650606457284309
0.530551601426711
0.561214361236042
0.419933432725717
0.495975273743201
0.335529452737331
0.516494568490124
0.605946290073811
0.517110646106407
0.673546307821181
0.413150987229143
0.44316619614591
0.533975510528252
0.6406548054293
0.412173961866336
0.517257824804586
0.50985273502544
0.480479029520034
0.552194676760564
0.567979974304666
0.594241519850864
0.614445081781594
0.590558705392058
0.586088116718128
0.607382543975323
0.579402133907606
0.541485923046072
0.613949905677261
0.633737172290104
0.464195990367439
0.73261047587503
0.598612830120763
0.480525465907348
0.580152685669538
0.523396434931137
0.545401271648125
0.666060492603129
0.743355634955981
0.525166128932169
0.579682001047852
0.524351917638507
0.529939308071987
0.537477021838936
0.513065481756325
0.666852296610882
0.579711784690257
0.704230267098227
0.570488913759937
0.558787752841384
0.732345955683312
0.539298498679214
0.628555569011832
0.505395471245201
0.49533626667889
0.56540137873654
0.505919535777306
0.632485014496174
0.729420333975821
0.716813632009515
0.717825475420818
0.656484810813695
0.598490925905559
0.598030269960499
0.716611718632152
0.523303413938018
0.583577520649427
0.670420178624642
0.593145735359148
0.583261120079201
0.611555077224213
0.715014213605677
0.834790769750993
0.661095215199099
0.669517817697545
0.67974226269997
0.714642285951163
0.587800974983057
0.717883819413624
0.577336341331534
0.685960307729918
0.603949919461088
0.667086008367811
0.663424693434689
0.684627689803433
0.851380751883586
0.540578805032798
0.676421715614495
0.707594000215591
0.769604050317959
0.845152004115505
0.61054439848677
0.717017247095453
0.684508154284468
0.845613176891784
0.701139904997871
0.814106917688942
0.757560555923288
0.700305645915526
0.671655274616459
0.826729137027415
0.723081529970924
0.831732177791708
0.704008640831909
0.737982417606072
0.584478532594449
0.630273411595521
0.755683191802427
0.780395744763055
0.733567566177136
0.814531261596507
0.697993774328264
0.728044693032781
0.813618196905852
0.671289804732353
0.744326885291955
0.638653997499537
0.778492832400816
0.750464645241423
0.689576266961241
0.675413354745318
0.700702979222593
0.662441769916806
0.677731191520156
0.658708999786472
0.657018587128112
0.813216903916828
0.73653806853122
0.762915814530416
0.750580787905273
0.662670093763293
0.647712998133942
0.698028334974495
0.888144884102722
0.84318366364382
0.75773525490816
0.75752315609695
1.02547434823859
0.792619954871814
0.733705610522843
0.673275657334203
0.742856846713094
0.868542701272381
0.834377844324781
0.761810868629004
0.859702500203973
0.790918955173791
0.715174975763475
0.722329176883582
0.807474167694791
0.659618733365925
0.888003345870042
0.609978984216406
0.868598016150713
0.79350584670542
0.95484380045841
0.955427844139607
0.954767710480584
0.881667410944113
0.782348270579204
0.885683527073952
0.737967187511565
0.850617786676994
0.771605862932253
0.825495936742099
0.885369725087089
0.812148091371386
0.698754570703745
0.96523650350905
0.851246212838905
0.876897679511285
0.854600248933195
0.90452812556973
0.864364291488372
0.933442017265762
0.949885431089768
0.779534533470809
0.893461326226222
0.931391655791142
0.875832379038733
0.855520096158582
0.966609523098939
0.945463236437781
0.786827200060274
0.899990874381497
0.851779343068033
0.894727733505883
1.06240760218367
0.832484609165684
0.806372895565822
1.04282785861164
0.942408331211293
0.928136941853806
0.937558253785937
0.970760942697873
0.97915440933098
0.827248658591881
1.02996157013461
0.891264313340086
0.870432616646748
1.01156232700476
0.90335562422159
0.975252488614218
0.909464401405989
0.781310649887534
0.990760041631206
0.904139543400779
1.27819076120355
0.881801428826185
1.02997963432341
1.0643013608581
1.01369887755155
0.87141891913898
0.960229699959874
0.846990776148743
0.876397056359543
0.835997752527535
1.01859122948791
1.18127268526835
0.990440260103225
0.985298057486172
1.02531556326619
0.958542297759446
0.895559177038851
0.971218993480215
1.06345630926004
0.982758224576418
1.00578931629721
0.964692317083927
0.950181111516406
1.04347158342822
0.867728191362174
0.984958889705167
0.943897267741733
0.889949457572155
1.02328989071434
0.769220278562302
0.892459900848458
1.05320464871299
0.973595574112387
1.12876821122181
0.94040942384529
0.933579104599296
