-1.08917831250101
-1.01903262294356
-1.07495122278519
-1.06122511222307
-1.10422986983841
-0.851970812952189
-0.807345549355628
-1.08763002911196
-1.01351404728773
-1.06688730212639
-0.976905544057595
-0.973636711450147
-1.09722162710674
-1.07687757835537
-1.02915514791977
-1.02788376255702
-0.843522973392895
-0.969899350250435
-0.882503554796829
-0.876816903720534
-0.937142549689252
-0.976084066609815
-0.869484625592274
-0.848305505889909
-0.889578497908345
-1.06325756323891
-0.941780406823355
-0.922242211294883
-0.732109347223535
-0.878280611473205
-0.936470701702331
-0.797723388651089
-0.877634454209843
-0.977174178897476
-1.00753102679933
-0.88550884915656
-0.895814621710549
-0.857170531037237
-0.972732163805273
-0.822171433989945
-0.842185154179086
-0.981921285572661
-0.936430676547177
-0.917893375775688
-0.91892401626337
-0.825887601655264
-0.881701205970191
-0.947156614751095
-0.871613026558134
-0.961448923685554
-0.711823761144068
-0.963274377458595
-0.902255045708542
-0.813674150485061
-0.832262508011863
-1.05686092277929
-0.876646456489151
-1.08609244703829
-1.0149108248633
-1.11808271305856
-0.945361759766569
-0.864710663216407
-0.787203843063049
-0.85874541886415
-0.999161340663697
-0.877762228215677
-0.767447581203003
-0.925103025089296
-0.876612288583507
-0.88906019921711
-0.861492421643918
-0.792505598866269
-0.741298541156949
-1.06541707739595
-0.807825445275271
-0.723616630160725
-0.758170168160465
-0.884301496726972
-0.942062616722646
-0.607802302114688
-0.724642633850642
-1.00222814272573
-0.687976760143914
-0.821057418460404
-0.900771559833625
-0.872756037915757
-0.787540994342128
-0.729311925968
-0.85282815789172
-0.730923562047149
-0.837517692774321
-0.797149501608666
-1.03254715673905
-0.747566141175002
-0.94977078514145
-0.752594616863706
-0.771605133115938
-0.645020907388606
-0.701078952539762
-0.960127242684234
-0.71537368398187
-0.836956656096383
-0.750872234904943
-0.704718110393447
-0.756876851344722
-0.716874297823505
-0.81161196337603
-0.863900892370011
-0.714649440642817
-0.731480672012229
-0.716979178480081
-0.859812785279897
-0.783833860868236
-0.671379332092238
-0.679740657315832
-0.740635682704201
-0.874289803365961
-0.835043820798532
-0.750202774464554
-0.83817475397531
-0.728304300839966
-0.812607665030014
-0.741722647258255
-0.722084673714051
-0.786127589702564
-0.648403443659002
-0.815490642365335
-0.867032983333375
-0.75750249022558
-0.59390073532015
-0.713610763536937
-0.681589190570658
-0.800932904768062
-0.609759080382923
-0.643160065729876
-0.716448693668577
-0.637511477378367
-0.73032992133022
-0.809080352240246
-0.768886180413816
-0.878540899517448
-0.631959926550836
-0.647222823595286
-0.526728967745611
-0.690935756680753
-0.715402433348154
-0.698118894037796
-0.738669058562887
-0.759970560460951
-0.687007828959235
-0.739151462853043
-0.530581282984687
-0.707817448163117
-0.641209538784905
-0.678188192047469
-0.755841806037484
-0.721078471793506
-0.50556102325057
-0.694146745492916
-0.791533594668494
-0.720692302999676
-0.831289965005339
-0.847076959599058
-0.817776580371281
-0.618586965545344
-0.502446335708342
-0.84844824646649
-0.676417540795001
-0.712771087865944
-0.738572845598207
-0.596553655502681
-0.718195415566644
-0.560757805273668
-0.638773958537677
-0.658987250857747
-0.607736734825541
-0.575402408592888
-0.695278029399293
-0.693002337211906
-0.685799428119251
-0.57988390309252
-0.488237643366407
-0.722914552094228
-0.56865097093695
-0.672030513896383
-0.718247773774949
-0.719192426993231
-0.597211394956247
-0.678435477135078
-0.670558807147698
-0.609329192411204
-0.585076981842811
-0.676726706341854
-0.62554632490216
-0.73761889076539
-0.688336071549634
-0.602298321123022
-0.65555550582077
-0.618163373296887
-0.623417612408448
-0.657336894515061
-0.658990315359051
-0.598760813521969
-0.637986778437469
-0.518467658206789
-0.461212263966611
-0.487605679162287
-0.642221140171211
-0.615369040321539
-0.665244671575308
-0.565093912820204
-0.673115626903013
-0.548502610398967
-0.665797494706494
-0.57494979217311
-0.671459994432104
-0.502821152478955
-0.563278978980493
-0.618658895044322
-0.486474364757327
-0.555231292668698
-0.58815204767868
-0.566633358339702
-0.509394587088893
-0.649425513745689
-0.528098498347043
-0.500463211229254
-0.456246616258759
-0.399364668356483
-0.56940755696427
-0.610464363801961
-0.486934415124971
-0.730435027415196
-0.501069170310491
-0.566431105049248
-0.510258273779362
-0.38862047512092
-0.543607620466906
-0.478682514908385
-0.478853960358126
-0.527582718160359
-0.537804956121679
-0.674665618738654
-0.623801760896883
-0.511086468434408
-0.480119038548412
-0.704756082850905
-0.482989326035745
-0.612745629369119
-0.581227989407298
-0.458390490786547
-0.548627532063034
-0.404701090769259
-0.381215021980798
-0.482819814671137
-0.635945707844816
-0.51522911250178
-0.416426750373027
-0.520208286889733
-0.530748059323513
-0.537709970621702
-0.46859554524025
-0.487480134021031
-0.471009144834451
-0.625595009636675
-0.602989649785136
-0.504776396602074
-0.463360418075246
-0.472305695126746
-0.513014712055996
-0.706033461138087
-0.445427166039167
-0.464587891059703
-0.399205005327701
-0.393481256130713
-0.414417219871705
-0.54005789660955
-0.421159561180531
-0.291946690904518
-0.544028889445678
-0.308568723078954
-0.49402854666029
-0.406854715938444
-0.565226720112778
-0.483533273650104
-0.440500204116812
-0.461437486573758
-0.489220495429266
-0.559740584805223
-0.311144118992506
-0.535173342768806
-0.437688602603256
-0.308775790381948
-0.455853409174617
-0.40756324275679
-0.506990284440449
-0.334046801828318
-0.345874744593314
-0.350595058024722
-0.41572391790581
-0.45226793579617
-0.345006841859056
-0.25673215403047
-0.300222887344235
-0.441432454081564
-0.375077313742038
-0.411024427867935
-0.427043509111634
-0.47966623295353
-0.43855232998591
-0.462918073256262
-0.413915826292435
-0.302192596188385
-0.598458029371867
-0.301818771784529
-0.391002459735621
-0.447533498953605
-0.378289165432391
-0.401790978871882
-0.419787654706153
-0.389080293297461
-0.422647068021364
-0.315048457096825
-0.343473543058002
-0.342947725482846
-0.197323869455439
-0.313531124342862
-0.5074791308149
-0.411781619917006
-0.396692797792568
-0.328612646355832
-0.304911662895431
-0.410466900340566
-0.318453515360456
-0.404760691263495
-0.339080921275106
-0.201676035012123
-0.0923866054405807
-0.288499419336492
-0.385276324596445
-0.280566324848518
-0.28073058225566
-0.399662310371227
-0.402406196405916
-0.301019389565832
-0.198599828697756
-0.279843897791962
-0.455626489744194
-0.296909105682484
-0.267958683253653
-0.189161439735844
-0.36715146673019
-0.23655440388451
-0.378157878793757
-0.360359735162539
-0.271549230082262
-0.368563153612215
-0.287967693843546
-0.159539403871969
-0.379568819997247
-0.24283472011856
-0.311046377945757
-0.38450664439984
-0.23803442920509
-0.239562511984156
-0.395534776159865
-0.139234002376852
-0.245472262356211
-0.216210625623013
-0.391700124855731
-0.186358902841596
-0.22415023887792
-0.236383761779933
-0.122315538573056
-0.295618578655347
-0.148962506603547
-0.312416647456483
-0.206193575078956
-0.266459592262757
-0.38533391246636
-0.276631997307377
-0.196118344376502
-0.0685094847197781
-0.308867832982127
-0.248145793270564
-0.268351075881021
-0.282867020518971
-0.262679751224824
-0.192384269853165
-0.117271938771237
-0.301522561361895
-0.155220145553553
-0.152300606315564
-0.324899503306581
-0.239446567977218
-0.249479870091042
-0.147942397261314
-0.223257888707757
-0.244268593870272
-0.240367708655733
-0.284983840510822
-0.258965108961477
-0.324709077904078
-0.010444518291083
-0.106504326903166
-0.259446129121808
-0.131655810135036
-0.0796583559690465
-0.161910693770382
-0.23242424507355
-0.126730528073525
-0.193310827304639
-0.160968147869815
-0.0622468014950549
0.0217277567099435
-0.19503017465112
-0.151837531319686
-0.238130942073978
-0.18900179020226
-0.099072108627287
-0.225427632888817
0.0119342073418845
-0.340936465594609
-0.173258308958934
-0.353056051684085
-0.132941612526035
-0.222286364587684
-0.164829098073887
-0.106017357159805
-0.118449166687082
-0.220612993326073
-0.0773383479551609
-0.0995169028246977
-0.151927009934532
-0.252099894406832
-0.106014055917814
-0.278654426129778
-0.192493830493096
-0.113121359751107
-0.161923899832043
-0.0829231644656423
-0.292439233329181
-0.169855676911949
-0.0152538362216431
-0.226245858794423
-0.146084978328902
-0.24412038550804
-0.00498155059637082
-0.095201576649541
0.072438971240009
-0.00869807363199042
-0.117639704116756
-0.144496773968072
0.00293191805209639
-0.194245332014445
-0.0403108362634363
-0.165652547506535
-0.102814770459032
-0.0621829459561518
-0.055317806425141
-0.131206820961852
0.00680076422119851
-0.136698030848319
-0.171616294363044
-0.0389206416250057
-0.130968687951705
0.00965279262937119
-0.134058403703685
-0.12268715685725
-0.132101724901527
0.0364892748076619
-0.000341315029382652
-0.0211685656811357
-0.108146997589015
-0.0915872181415969
-0.0865021638330256
-0.101275050542203
-0.09175034297432
0.0817885207312995
-0.0120880539516514
-0.03346235538645
0.0712173150061971
-0.154347496038655
-0.129795202078087
0.00459617361836545
-0.0851379734036258
-0.00126268233096374
-0.0198557893845581
-0.0312417986610549
-0.097350096912002
-0.0857993125220668
0.0299927672198963
0.037978744685475
0.0376360972854719
-0.0723954493075704
-0.0949059256265831
-0.00157853782885572
-0.0137682881635975
-0.0533034366895849
0.0978490543451746
-0.000221178705520616
0.0473598148874497
-0.177298631184392
-0.00743530136421665
-0.0596276937128568
-0.0737796736018845
-0.109823534338099
0.0726657312522434
0.0624892302897601
-0.0283194753257338
-0.029277298280313
0.149550414501296
0.0856865143887703
0.116293194461183
0.0563614646979486
-0.00276442625545682
0.0797206783575267
-0.063999770537768
-0.131710282515407
0.0940639730908123
0.0781642378582716
0.0194316257232106
-0.0395741106972703
-0.0126377250480488
0.049997407038224
0.0522198215177459
0.0794069358873832
0.000600270304873872
-0.000369075945035013
0.0111450716774288
0.00510555456029857
0.131982476520022
0.128216990351837
0.125906838305624
0.0223918898170118
-0.00628861694439772
0.0545094592451343
0.0807241585517562
0.221244020842857
0.0882118995965102
0.102774177202167
0.0209340261703831
0.0561327078471423
0.0791085635676532
0.0875181807206032
0.106008986327331
0.129644610435402
-0.0565345024713226
0.10841285126085
0.141508581958645
0.0890251761448545
0.201702259525167
0.17891456578943
0.0913204989125373
0.00159149723745009
0.195131350787888
0.201806420833997
0.093928655805291
0.122472292033777
0.286926799999916
0.244805977140985
0.0462560009500214
0.017885312531337
-0.0366947026633254
0.0772679592745251
0.0771792435463502
0.102213254571807
0.131905456818381
0.0415243681983258
0.0510745375445344
0.1774737332046
0.275853496269335
0.131276134647611
0.28703854029049
0.161489603542044
0.124159032191408
0.2624423277065
0.138933213054865
0.0268421495353748
0.305516924560311
0.242227917554377
0.0832674259655967
0.170013825367385
0.265877894451187
0.252009611789944
0.127837388032326
0.165083120828455
0.217784229136975
0.140241203618822
0.125969179073791
0.0982833759888199
0.334904826168292
0.267226165836003
0.0605759909239835
0.198386401300469
0.196181901777893
0.277830357329583
0.213652028875556
0.12058525077859
0.201815147082264
0.182525307406176
0.30490307263586
0.253753200623976
0.266380310846281
0.181840948335639
0.263053850945497
0.145798421084001
0.175133637438461
0.260846019457233
0.201301164141939
0.289330457311113
0.245337100306288
0.231344494131006
0.163491080699595
0.224071396902857
0.193524541507317
0.2282403056922
0.0717106371871409
0.308291937012727
0.373892011427431
0.273006869393848
0.159619976954976
0.227152351352863
0.313698676446496
0.33455615719323
0.308085407933457
0.136397637699073
0.185982797060623
0.196614944471011
0.21795078514469
0.229247715279026
0.208429308042462
0.2712979367228
0.229469142012604
0.15907449044493
0.226722937452914
0.315515609459071
0.166616936004516
0.222741760728894
0.341852070304998
0.289322446037263
0.184430239253977
0.212083360501554
0.263409299038298
0.369431231522459
0.284582891451131
0.36219496703048
0.274633615149344
0.39886974288305
0.274822549429321
0.406053509226949
0.367454787937
0.425789574690643
0.187838403909036
0.355689116758567
0.14895758224908
0.373361048202015
0.366943738829097
0.259944024068578
0.3372350617536
0.31335222674171
0.271498168712472
0.301960626858687
0.298786463711434
0.383772759489003
0.312076378040333
0.243346402844313
0.401535985112629
0.284574365414243
0.349762637566174
0.341352317202884
0.0877578272870757
0.436294871619703
0.357345357895567
0.429360725034177
0.311425755384599
0.453006062009615
0.218879762409183
0.334756338653831
0.436579359597567
0.309317929761858
0.243482757154021
0.311534829952502
0.269283278582783
0.366116073076782
0.324571381535445
0.420528870258721
0.464424198747071
0.449640646663903
0.46829806222782
0.409029730164247
0.318731064628885
0.314801567465962
0.373762047434146
0.312379371092115
0.531451949414053
0.325060492303621
0.47486738819388
0.549215447867013
0.513292154930773
0.331579177336874
0.504389984289821
0.311144259158012
0.268895921972529
0.341816334021825
0.483130470014735
0.361463736366981
0.295720892762097
0.5478856007781
0.358361695362981
0.396347729598285
0.364757977258426
0.374341438387178
0.264119719963199
0.396008621340639
0.390021773328841
0.34087888272626
0.576432534179461
0.504874343862856
0.365798891639222
0.451357311300213
0.357908912902232
0.442103940905157
0.460689679308425
0.549882943756106
0.505554968884352
0.47540987116593
0.485914066891143
0.578740478782061
0.549860366889897
0.473874137328658
0.625352081829729
0.519047940706199
0.348941155199111
0.371935664981185
0.384593973765972
0.324768891283714
0.487643478557385
0.505374646208815
0.53146939488464
0.489666004759803
0.534466807507206
0.408579260386749
0.392813482923356
0.413632671027683
0.448530012535522
0.562499920719383
0.63892287349714
0.436402275682771
0.578060966925144
0.425422780450042
0.521263032375715
0.477622925551201
0.544358373464094
0.509083299061522
0.416123064240813
0.578212218195582
0.468698952546138
0.612062990030325
0.423605344313717
0.47556336331368
0.526890154480403
0.567289164315277
0.479386344511686
0.519337331057605
0.514657099821161
0.479572782059585
0.273222970350423
0.448118603645435
0.577179615618367
0.405630556532351
0.461772045164062
0.429444920061723
0.594266889868443
0.557937471147833
0.546795668801375
0.516576145839577
0.513008564055524
0.65303014662124
0.474556314196643
0.594904147646338
0.491114474348254
0.540568212207105
0.479669697687799
0.503656830401119
0.514133687670979
0.563677392236238
0.509948618876381
0.578892384725389
0.644119011965922
0.711952232314079
0.587048183182992
0.596671030533087
0.609416254797399
0.670119464363611
0.551162126546333
0.543660307508598
0.623194878505296
0.524590373463197
0.60523107998022
0.741614921661527
0.656570111096541
0.572914141625068
0.650110096564472
0.673151850480896
0.645218361579255
0.476714386224802
0.641240678195178
0.504343013635366
0.650306486149182
0.59458134972513
0.62593091589315
0.735982443538491
0.461275006689598
0.625027320233742
0.55438681908738
0.600239833987202
0.561564988547721
0.808436901264858
0.585189512377081
0.561514031040626
0.60506613303768
0.802534244137942
0.605200414671283
0.577608482625135
0.638869957194825
0.756756828981886
0.614426069802528
0.563702643750873
0.629769572347922
0.651051614930092
0.79357531331181
0.776171299476686
0.681920362962465
0.888628084183034
0.712381887995026
0.567280882880427
0.617339972737661
0.769419095844974
0.753690740240179
0.679085724907223
0.645805555802626
0.636208874507916
0.734036474465692
0.780422772106654
0.975214996676667
0.820368561673625
0.668486938051244
0.703926443695524
0.688080829086858
0.716541924987426
0.718744062861177
0.687489298462005
0.653762778247146
0.712845856614915
0.540368479384974
0.739553780179003
0.649165949552424
0.797170149435374
0.782134501719802
0.669106301436691
0.615347891840131
0.767936367970666
0.906171048113364
0.819253957136083
0.576626040052507
0.639409758635446
0.741403662090086
0.647095027250099
0.683801761962891
0.614566980011479
0.740322904847986
0.6240145410398
0.814554147813081
0.649919046413935
0.79210890271126
0.762530555925827
0.722681666326608
0.810379852058069
0.800300687819644
0.549409200910225
0.541653331357363
0.67348708145941
0.668598745346556
0.87210843912978
0.767346590719673
0.896808835768852
0.834082254462306
0.754116182228907
0.793571435825174
0.866872701265587
0.849152768063413
0.742668932439552
0.773459083778274
0.71360043565363
0.916771067754261
0.776396952597805
0.879820647654164
0.868917639178043
0.809135947790835
0.878769107378674
0.845662073037583
0.86143586315084
0.831576392631989
0.878501527225186
0.802920718217506
0.972247144258761
0.683951912100387
0.765672267268841
0.797416224610323
0.895029197727042
0.941460985072987
0.873075247343384
0.86174937142735
0.892166054119112
0.682266877072441
0.785321199189371
0.860220585052765
0.739373821815208
0.680822779026893
0.974049185469989
0.900543487633312
0.734985267442525
0.983154588846401
0.770893770448836
0.939185805265168
1.05875030499404
0.850707883249805
0.930588371797256
0.622473666554937
0.869200997866658
1.05417024936923
0.823678991921351
0.847184917275704
0.874192365676016
0.926336351870121
0.812755782885409
0.887874697971374
0.964741414938932
0.916169832487693
0.910278371292655
0.936217906635686
0.778757570851274
0.881696402531918
0.985281401208182
0.939223436378058
0.83122354416816
0.80283184928056
0.896947283714715
0.830528368515535
1.03225033366603
0.921023725485067
0.944683643591376
0.955151366714359
0.86918445383649
0.828389564920583
0.913954576278216
0.966757489745459
0.864344661185243
0.906757321903446
0.910608306625898
1.07050314914385
0.831109250195672
0.84028878703933
0.925162412148495
0.965016209543684
0.724125733216933
0.980327115418267
0.822173640748331
0.878305094701359
0.90826402787357
1.01913360444881
1.01835079885473
1.00929747516375
0.866039828405362
0.916141968816011
0.991089890964301
0.807991826406703
1.00577248841924
0.935640228161692
1.0020087744198
0.895456252633256
0.828565048566806
0.873183197440612
0.966488489805803
0.97233604785166
0.863114468217796
1.16964999339267
1.08644784306541
0.95353376395614
1.06038657359219
1.06043699237893
0.889341662405239
0.928485340486788
1.11888769751095
1.17945676396192
0.996147018735823
1.0029676065488
1.12410315161005
1.0102615349353
