-1.02299418282061
-0.763325548050977
-0.976189480143613
-0.840995779781467
-0.970163291320402
-0.894933701500098
-0.891280962251832
-0.911581969808665
-1.0270305917365
-0.924933739093924
-0.813985339743779
-0.890912480314595
-1.04898472279317
-0.963807219644697
-0.921193638610349
-1.00507292697481
-0.856707025116226
-1.05217842141045
-0.878185395012285
-0.92437611772051
-0.897023028367313
-1.06119839947497
-0.872504725067337
-0.800711150898954
-0.94060163586949
-0.952329514831331
-0.895604556947882
-1.0200144890081
-0.730239438132624
-0.923230948500232
-0.845377300875334
-1.06192407014246
-0.988526153658042
-0.822783094329765
-1.07878832108919
-0.892214139584067
-0.970276489399129
-0.842112560477327
-0.943068491801712
-0.978644885093506
-0.817463931478765
-0.905343028888482
-0.95121209230178
-1.06311206836934
-0.950414228381907
-1.01499051675008
-0.872796799457175
-0.903794774684893
-0.883311762978686
-0.92153756052712
-0.959029694040712
-0.83167636838909
-0.893993477391966
-0.688615439860141
-0.964662091563395
-0.763200929461429
-1.08546059462536
-0.917759664533745
-1.03230662331366
-0.871833207988687
-0.912617126989844
-0.825378435773964
-0.829675155005726
-0.869310116219378
-0.800304013210029
-0.97956445530376
-0.818322251974912
-0.864235505013031
-0.793886388719528
-0.734309494797015
-0.881434401496963
-0.801420222409689
-0.768359613094925
-0.885942168252043
-0.899675964994697
-0.884186444075265
-0.881286270263794
-0.81794668080732
-0.849085518347717
-0.965160352922715
-0.683660878551453
-0.799135972849219
-0.929144844435695
-0.907443514869537
-0.932813825546947
-0.79281093125336
-0.804981066637063
-1.01965463974314
-0.960956213293158
-0.74619097862184
-0.892121226305573
-0.82852720071772
-0.950123742149084
-0.758754475687448
-0.81776435252492
-0.96641860896246
-0.830601709827362
-0.772258337802468
-0.866237391284249
-0.769424570246522
-0.817904265761968
-0.79095126529864
-0.671771247273593
-0.795877258095351
-0.890258738630093
-0.871876666003435
-0.857934287078885
-0.803901811192264
-0.708608811863404
-0.803239148844527
-0.73765601374769
-0.770495257695933
-0.830997939950989
-0.780147392493001
-0.811277348999628
-0.708137336160575
-0.67949502355369
-0.751634276747769
-0.839857252276216
-0.766827899006333
-0.878549790384734
-0.68622066325367
-0.744638728493374
-0.760471436398856
-0.84206500426574
-0.691140212536658
-0.710901916162774
-0.717100317387905
-0.714470326535715
-0.578203032262551
-0.829941831347016
-0.900300409091931
-0.654756138837508
-0.789239844353687
-0.589914671920951
-0.697248143878648
-0.712390082651117
-0.505759314007884
-0.66318039495169
-0.630421619057577
-0.740945870814922
-0.683323439359289
-0.556779055414578
-0.687802512506851
-0.737384777310025
-0.688698563121843
-0.701648647691722
-0.564371775384484
-0.746338479456786
-0.664953038830662
-0.694774948981289
-0.910112456044903
-0.76739749128124
-0.641764231612035
-0.629248812528425
-0.67623587383621
-0.659574761991902
-0.624668335626932
-0.760946035392382
-0.645268881801388
-0.619819848572216
-0.559447540488889
-0.692035239415314
-0.649505338049375
-0.598086812898665
-0.597323250695083
-0.655708863910879
-0.45973993712783
-0.607159463650045
-0.61833299913108
-0.573055395823028
-0.564937467025273
-0.67422210829944
-0.533822724206508
-0.750830587991147
-0.611579027012372
-0.725909706579352
-0.518451495479858
-0.542137248208751
-0.691907241210461
-0.537739541528827
-0.51924256512724
-0.679981631320143
-0.515604946315999
-0.522691469562347
-0.842586970894064
-0.690818826589893
-0.527550996039793
-0.638446569566376
-0.509545033340563
-0.658828436246031
-0.596592925518587
-0.635276873965552
-0.769643304309711
-0.678646317856688
-0.709349705385767
-0.549022781988589
-0.735902141186297
-0.66169547203703
-0.641984150319892
-0.729841027987322
-0.677100162918291
-0.528067470562294
-0.50967006961607
-0.68582293937733
-0.614891268848
-0.594263792779766
-0.618048860899675
-0.539285758977753
-0.673066561726477
-0.613534195514176
-0.500645022948161
-0.455537927395741
-0.505815555280252
-0.539626516830349
-0.551336922796091
-0.608776787184843
-0.455364715673189
-0.524377248252272
-0.514806428504633
-0.620906840320966
-0.522339176887417
-0.573359383164051
-0.498166690753342
-0.685530433616662
-0.489850373069677
-0.536995687793459
-0.540346236934782
-0.520048267120963
-0.646566299023691
-0.576394212630842
-0.573502557602592
-0.526750404071646
-0.722812293118323
-0.525751058979318
-0.496651974418099
-0.568739456883746
-0.39344577104965
-0.546495185650082
-0.633390002540103
-0.477946507607006
-0.580384140377775
-0.477383796485655
-0.575927280556006
-0.501540421299074
-0.439852875043537
-0.422346751653445
-0.629580461575391
-0.416206572993006
-0.597600538217857
-0.491644473331701
-0.558556303755219
-0.393262641543548
-0.532585728278605
-0.356470370026935
-0.381069830029362
-0.443455082741725
-0.51858415354879
-0.527675897115311
-0.381631830975946
-0.447526763278951
-0.434539915127969
-0.498804801825416
-0.419866847220928
-0.470588290208892
-0.597697256830093
-0.331497538477263
-0.493576417428585
-0.384901826409583
-0.522394935554005
-0.438916506815819
-0.330687181515561
-0.447566985710109
-0.473787206310474
-0.569846307798488
-0.448049692344849
-0.424219348655353
-0.474456684538839
-0.299788352099289
-0.401034102730891
-0.500697778666461
-0.443165558663986
-0.383972983120175
-0.338161518889202
-0.278264403685927
-0.294636780082768
-0.422497834788439
-0.373160369283637
-0.337167061583482
-0.327258257947242
-0.31657270797347
-0.46312396362944
-0.400219605908831
-0.420287916340804
-0.34537122216545
-0.467920963414434
-0.533058964543502
-0.345323582777773
-0.191552592636999
-0.451132814497954
-0.341556853465145
-0.364532564735942
-0.362714519057296
-0.43960357657776
-0.372158456484595
-0.450023811193137
-0.451889974546284
-0.506266713551915
-0.346963155825275
-0.4285884875585
-0.326034423410449
-0.439939954969296
-0.433876615852352
-0.423800142685659
-0.374033776878473
-0.363217982213655
-0.51038742321701
-0.315283233508484
-0.358703514837435
-0.375909022601203
-0.356346550237127
-0.509560137140932
-0.400183470266575
-0.240681688608499
-0.343800635397323
-0.370944916950021
-0.296448351433767
-0.366902892402969
-0.485524151614918
-0.334760358994978
-0.335728080846148
-0.295466631518255
-0.237812423394898
-0.411899051644142
-0.384893716426511
-0.316464132179005
-0.367025067832097
-0.301956570762187
-0.25374481921797
-0.306780317944745
-0.328007830597427
-0.458916192289495
-0.226987013437946
-0.187494021369742
-0.23398813813275
-0.300902260650539
-0.330381922832767
-0.210975428315578
-0.262017730790808
-0.472265133293738
-0.208332398375819
-0.275481808200424
-0.425398112176125
-0.309161336542025
-0.316492491923529
-0.222601206219111
-0.262377680652849
-0.272637841319665
-0.290378360257978
-0.423521713566764
-0.251163968975374
-0.169909022721035
-0.326414427167955
-0.295277003035571
-0.372354415835832
-0.231389282796362
-0.345466956785414
-0.395871522643721
-0.286034271256971
-0.106516204049216
-0.2997707539666
-0.205864210149261
-0.26262565076814
-0.21200774109342
-0.291517894358975
-0.293532139416013
-0.23352849210824
-0.185442103049263
-0.169098052283451
-0.284118466995719
-0.380059089892661
-0.157794704895803
-0.226610375084076
-0.235276799837305
-0.176860339623086
-0.350769160258114
-0.153718251337127
-0.0798158259963643
-0.370194105241215
-0.23534136426769
-0.247023505940058
-0.120207354671099
-0.234052826346909
-0.269451046557674
-0.260291609192476
-0.414022529094236
-0.149490832405968
-0.24935717934873
-0.158265239146365
-0.21062942878613
-0.288221824139577
-0.163261608018744
-0.26415648310971
-0.267334461426731
-0.164367496605542
-0.114672709759946
-0.257718193477289
-0.119669881019746
-0.192870741879619
-0.077325807849872
-0.155815138258085
-0.145705054343328
-0.30469205819762
-0.190388585192895
-0.273461125611166
-0.236038531501367
-0.083630559200908
-0.155275270029226
-0.106522975109868
-0.109430537348074
-0.200885232423428
-0.0463418591935064
-0.206268671037673
-0.20619269281563
-0.0990432678141523
-0.167268014724953
-0.0306023143013353
0.0238621360073675
-0.0768472195708668
-0.153482446439891
-0.102452166824497
-0.203112408180209
-0.0465268349662485
-0.110038572033142
-0.127910517779227
-0.132024625004564
-0.129759985043891
-0.0820917132052094
-0.155449361835927
-0.273480822333003
-0.202629743701842
-0.119053777283117
-0.092667851190036
-0.0695139242783673
-0.258123121963554
-0.0462482543896017
-0.08924844337203
0.0337092362628717
-0.212596247577612
-0.229341645191936
-0.0427375145937419
-0.0879555129620644
-0.0883755329266205
-0.144098165435734
-0.092119953771697
-0.147857892778059
-0.0471324912920391
-0.212021537266093
-0.137377834194649
-0.0948102999385391
0.0401648416797284
0.00101197466395962
-0.149530552143949
-0.112050158303726
-0.180861573280961
-0.109881507389442
-0.266878641324189
-0.0792853978907372
-0.000538751742502489
0.0415433569682687
-0.0514554149062599
0.0574159191955342
-0.176262356292807
0.0281021825542056
-0.0105223277253401
-0.158451155477698
-0.17948322935418
-0.195155835480139
-0.0258519165676365
-0.152897604166847
-0.0308916763949833
0.0374342557863807
0.00232548848771198
-0.0593084640606153
-0.157156059611936
-0.0368441328193359
0.0108394645716601
-0.163104220423286
-0.0757197229316109
-0.0840552117747011
-0.0932648111328709
0.00290175030125924
-0.0396764275066121
-0.0689660499746576
-0.0618597037073859
0.0092877302666723
-0.0789645664597675
-0.00437537308448998
0.104030577864913
0.0418428534643003
0.109661696858428
0.0827051507254725
0.296479969824267
-0.076201843533569
-0.0272147666038324
0.0394274770276333
0.00345142920763312
0.0354001467282251
-0.0205244594076889
-0.0050309737892214
0.114555156541264
-0.0495966072050863
0.0622948209851816
-0.0136437732050759
0.040085344584425
0.0281204363513443
-0.00117334419889711
-0.0479125897146074
0.120418130902496
0.0252388249497566
-0.00351890700269818
-0.0422839504530355
0.0821676304049531
0.00078383037849691
0.0372926217646787
0.0680877092716246
0.0231451948335236
-0.0846117626401708
0.0553706100276858
-0.0409209154890045
-0.0623010550713444
0.061728377851087
0.0215124500827767
0.331484069460474
-0.00350688347972385
-0.00314967921403817
0.0951186853056199
-0.0106083541516171
0.0154020066649564
0.171506800233769
0.112899215835633
-0.0327007242746976
0.174324410484666
-0.0251475255924195
0.0259307003635733
-0.0181652886544851
-0.0228608298279028
-0.114003405167788
0.0362733053062264
0.0284237541654634
0.1543479688899
0.0407230657886364
0.00888350697137289
0.0155431937886873
0.120231637597488
-0.0444089801830494
0.0654356038052613
0.100237754519312
0.139242425060433
0.148401861588067
0.0887305290579688
0.0518790905159908
0.122986589854487
0.12628303730969
0.0548294125134752
0.283572968464511
0.146581342293727
0.107676023706602
0.215551293070825
0.172230658717484
0.241914140078063
0.138992630956889
0.258705511513114
0.262989233660528
0.155856903435271
0.234792325999871
0.114668176222036
0.0715902353187377
0.0750685714011358
0.225115420599843
0.179112600159746
0.0626743561135042
0.182375988580699
0.0594597289891327
0.0796099212963305
0.180708494713262
0.191677837025239
0.14501244579827
0.0810886163138038
0.0616528436761594
0.0964078658455696
0.17985322012231
0.19425609437534
0.0623387833935505
0.0898094929055845
0.216941276863592
0.328720829973627
0.199925675601855
0.188798486019391
0.213490675185195
-0.00672680900198986
0.253778752829226
0.224104685644989
0.3343742214735
0.247107047364454
0.323839683597901
0.196256920866602
0.31837515840824
0.206102488613103
0.0844408753894584
0.275301742534559
0.278296185683174
0.146037947497601
0.206151294400804
0.158478185810762
0.248116255515542
0.201172699130812
0.389045902833485
0.38477128140639
0.092016549966507
0.386968150963254
0.275939007177372
0.172088870173739
0.304204338530617
0.335333670328633
0.121102626494909
0.226289545261162
0.185092009861629
0.160157046496895
0.120064040667475
0.240122786422147
0.368242006639326
0.284121098909338
0.318398762818169
0.265124443280094
0.183624768379982
0.291882396299205
0.16459577736699
0.216207979092983
0.165786435697273
0.439081942224847
0.310283063230476
0.182321799514456
0.309580462184749
0.321680425695534
0.239884546454096
0.238332306483566
0.369810279670337
0.139834909162215
0.168600544004161
0.419709918996571
0.3274084453471
0.504584343024114
0.32358968711378
0.38007803140039
0.350153502951049
0.297063181538301
0.273240811837653
0.315674047355315
0.367671766300537
0.462799951371896
0.297593278798217
0.364965699580964
0.347721624761047
0.340214123383642
0.405028885237669
0.325154937686384
0.206246774556858
0.440935790336642
0.362815766318563
0.165942001597194
0.536433563357879
0.369165603898017
0.350957544533149
0.338307628519245
0.376157473577503
0.46496780948727
0.420902249559659
0.504271151098856
0.348908150132873
0.394902392107084
0.443088248173959
0.426935169269532
0.444108122636387
0.398524042277831
0.50041744035284
0.437161076523978
0.433503317273463
0.34860237521397
0.270021679439918
0.395385134328757
0.31118679684908
0.393463817084639
0.336228539982825
0.458867935802679
0.269204572707527
0.405372720959313
0.464385303368316
0.432299261919659
0.406419280372081
0.433915133630156
0.26298561977038
0.350751003240383
0.31004821228385
0.485979603202664
0.469418288905278
0.484841175956805
0.428472313914678
0.548210738023345
0.453938364322555
0.409077609236187
0.514270253699861
0.554491011112731
0.505726571965986
0.40808441686607
0.46963608148499
0.324231956310519
0.355171457464426
0.470117483735223
0.444922603678585
0.568791104700834
0.405905668422094
0.452807877255529
0.424473991417133
0.419960603469449
0.463336803446089
0.406706544150133
0.438235145754576
0.543663775394566
0.562288417132836
0.475122941633703
0.421002021841961
0.459945116842227
0.523180833551896
0.381848611304759
0.505347400665542
0.339802582237727
0.526737896278664
0.543207831711419
0.466684422529868
0.358993830098432
0.570046459856592
0.381874356572237
0.678218733287108
0.695215236212651
0.727002305053033
0.394332500639359
0.369632630183172
0.589500839975132
0.46970404480469
0.450541495516747
0.540886538445349
0.353145738059916
0.416704265446562
0.50959878812579
0.444819139442827
0.468711969397703
0.361804989087219
0.488358453201907
0.578708936664706
0.488012999810756
0.397092772759978
0.532550960398786
0.592238459857619
0.426320378746369
0.421880655479402
0.385386723590024
0.563950049071406
0.464507219865335
0.573506845393866
0.562467130092301
0.576127664772973
0.4102852763949
0.427415185958401
0.674028718583352
0.57686878674069
0.609129900909557
0.553979156104552
0.464441102802128
0.704268328725723
0.558387302673295
0.603758622955307
0.376344833266729
0.726971050773464
0.512721851783509
0.631140089097032
0.60159273943511
0.573469335027917
0.508594196735301
0.540903152169909
0.449216727638209
0.64524628876238
0.678172600347015
0.658641293068203
0.540319862724756
0.56481169622878
0.375985095752805
0.582503010304652
0.533158936298401
0.647638644156376
0.601301212420248
0.637122365675103
0.672279423664296
0.620396888436058
0.477415234687294
0.729620119539681
0.750280219764295
0.622810273656712
0.445431268790647
0.723579983265339
0.671346393950764
0.536131365509563
0.723865946288634
0.551478240569492
0.417677194522663
0.542819017765233
0.52915474661493
0.577423241377155
0.661502507643103
0.675241093480678
0.519141414431273
0.681325762662202
0.469188819015099
0.661888427676194
0.683224129212441
0.586214289108445
0.668708484116613
0.585391472091292
0.832458108670706
0.744906002968301
0.723261046099777
0.653327454327363
0.673178017286
0.557263813802881
0.691239270995793
0.63332753984726
0.38665043376936
0.715820967015964
0.63244912921246
0.615934695568618
0.53901644865734
0.601386895635734
0.719219273532601
0.740981653448472
0.519008280882101
0.687354507319287
0.677054265558814
0.747423726243695
0.615995910705328
0.67461472175347
0.558435242240407
0.785104596692454
0.826029435919634
0.864136411441024
0.710618833931179
0.819809943360312
0.667898981239024
0.816116661240175
0.677853667937588
0.707101191948446
0.768606932542328
0.721248894934213
0.664025296040295
0.756273849542258
0.727514304735487
0.700653470456467
0.644235768316936
0.658133888763099
0.774432638305991
0.88324955617256
0.791620574703776
0.962821862765555
0.888785687160541
0.764022840339274
0.80712935476278
0.824028563832646
0.760673179736936
0.911412047084075
0.866714444367081
0.721587124314229
0.649313997070561
0.877556039378197
0.887016375015171
0.700565999186673
0.772516189608639
0.747243874502294
0.816572269522275
0.847395642138565
0.588968022128072
0.576419374567913
0.777132305255738
0.737385737559111
0.810357733354033
0.745384167565906
0.691508523405922
0.801750436863809
0.749442227681539
0.680535325249183
0.851997233775179
0.746708696966133
0.72193923970801
0.80936499892093
0.752605768885786
0.770570651993197
0.816270575447462
0.883092111819435
0.871831628832519
0.833939329611119
0.8047722802966
0.746896161675986
0.935998953704969
0.809554086287387
0.843433595666844
0.850829328749981
0.666495391460189
0.817907473133751
0.899148524502443
0.864663297459502
0.831268596367537
0.734366570523042
0.819494028770065
0.775800377182694
0.794649426334994
0.862071395712194
0.68384658592391
0.820010365501542
0.829326973870283
0.749057208428876
0.935274912800384
0.780419277869545
0.83442649863278
0.955881929549231
0.939096183237188
0.913350670786529
0.828673065731633
0.915446746831165
0.886887526609186
0.860642548856103
0.810570028761345
0.80462937724758
1.02850078079484
0.923804397699782
0.817776719833618
0.843839588371629
0.927419017909948
0.966038428573172
0.945269251702063
0.909199396566786
0.802526183578937
0.907912829441132
0.955112486482685
0.861351923256606
0.893055998782843
0.937978548540252
0.933020386449901
0.827826728111729
0.979424980940138
0.884831537281287
0.820355258349167
1.01288271711064
0.912416427378049
0.874513138734253
0.943711460731077
0.843637545463841
0.950574718074547
0.854879603616042
0.964350991442002
1.00262764451681
0.970377905992672
0.989825862640622
1.04463864122634
0.907784933596642
0.926280778160703
0.77075167570983
0.972574939791217
0.990405099465069
0.949138856794189
0.995694261246869
0.958714685759344
0.928611524050344
0.994036366496406
0.968225805710512
0.938740992262294
0.955531478921906
0.985898631869695
0.956286338304624
0.937002145305776
0.957820537977173
0.983463894234895
1.12205895125158
1.08760540166172
0.846294790054835
1.08928246124786
1.06442758289603
0.99928176050915
1.11933953464627
0.993527416255576
0.989514706033818
0.980611490981096
0.752676565903556
