-1.05714849287375
-0.977256695665933
-0.869253663793192
-0.941262532437233
-1.08840362600768
-0.88569348245768
-0.902174304945771
-1.08665272963086
-1.05469884734125
-0.882940154616359
-0.836147190811015
-1.11405806641991
-1.02064425649916
-1.03636736399232
-0.900036028643547
-0.950292804864469
-1.17114390018224
-0.975669349490668
-0.950985485304399
-0.831694956186885
-1.012115955053
-0.884319949863772
-0.919592572596196
-1.02208356169463
-1.040546663415
-1.11884166702258
-0.940193202645113
-1.13809694903359
-0.946623968921109
-0.863275471288496
-0.991598707830301
-1.05252567529768
-1.03761455478619
-0.841436441904182
-0.949749637085958
-1.00255896628654
-1.07495732495379
-0.886335913457469
-0.926669366177145
-0.96285969622443
-0.91650912570579
-0.882751947666509
-0.818399108611774
-0.85298219058754
-0.941357351891614
-0.933295405513781
-0.978476912611023
-0.90661429657632
-1.03721956944617
-1.05157715102077
-0.991684971617795
-0.857630777249016
-0.910371836756503
-0.871295998086213
-0.904507041025532
-0.903760439926983
-0.885056914419669
-1.02102446076878
-0.767813453190559
-0.922032462265409
-1.07233679082853
-1.00548331165043
-0.711481783577109
-0.848546999830403
-0.752771060002684
-0.801032096967447
-0.780953341875319
-0.741256540544246
-0.833027192529322
-0.925236715211902
-0.922126389683905
-0.87127341324766
-0.863433545032505
-0.856609370818459
-0.864559587269579
-1.02668421553134
-0.735010893396134
-0.825799610157978
-0.957094138319476
-0.717903572860518
-0.8708329265398
-0.815659359258964
-0.758107474475242
-0.76889537912286
-0.8189011022518
-0.851703073563907
-0.815420667710309
-0.807667566256496
-0.857270915331142
-0.822429305719711
-0.873456373280126
-0.869270814458186
-0.761569748625146
-0.749792390595484
-0.775606933558634
-0.843085318048964
-0.867382824098081
-0.762497351372454
-0.787497469796347
-0.879080969338301
-0.922792160405546
-0.752935356761183
-0.82146429842843
-0.94656411681227
-0.781493445121314
-0.857556870667396
-0.819346111822763
-0.736585269191734
-0.778609250607258
-0.907512095097341
-0.725742265486043
-0.696493668146558
-0.780822689904337
-0.791540337471438
-0.753599782819156
-0.676394221900547
-0.690363521643633
-0.835155641871214
-0.874189896550789
-0.779042022397736
-0.745234721413247
-0.667574611772622
-0.794127405245064
-0.681213743042498
-0.74294781353374
-0.604147121686517
-0.631131485257208
-0.780525236409131
-0.726976761822474
-0.777316051885254
-0.691376552822201
-0.715198649225857
-0.806190513573732
-0.748075154788962
-0.664365982029986
-0.809897523476207
-0.803410990531039
-0.843436368257725
-0.727577060311214
-0.685188032804579
-0.739815430123455
-0.84557493740003
-0.760396520721373
-0.78286582826301
-0.731319595816549
-0.77632422129279
-0.693731051892293
-0.6603817182237
-0.504090305368607
-0.730253923438373
-0.694888599057815
-0.700945690687634
-0.72163878398587
-0.630735211479985
-0.613780465609578
-0.606357844649947
-0.752581391447009
-0.735497690394334
-0.674498083020435
-0.749123994004124
-0.867183465869038
-0.519521415123469
-0.729927234609101
-0.735407049749556
-0.713882555118193
-0.645197425718633
-0.698586054532442
-0.664257106623187
-0.717642918565974
-0.685066855036554
-0.697707464754693
-0.588810382864781
-0.598666637345736
-0.63633657684156
-0.677046309648096
-0.560974377062396
-0.86810157318639
-0.705454388127845
-0.750661289059357
-0.661820893048612
-0.658541260043683
-0.638245196682641
-0.648877286093157
-0.692855466070124
-0.535293438071786
-0.738657311243038
-0.577998563865968
-0.478660612754924
-0.611066404109547
-0.561276829699445
-0.582338251118077
-0.674627454720645
-0.635276143638653
-0.653086312831163
-0.647808164746666
-0.698722429255992
-0.67701932214567
-0.666572469945477
-0.585941307425704
-0.57743610351567
-0.658545291306591
-0.636916282817206
-0.705353568631102
-0.562531875613846
-0.585564200856837
-0.604710429856353
-0.529369835359728
-0.67081674162474
-0.752646745153265
-0.713404056256606
-0.630237458178617
-0.669943509724932
-0.662706500391051
-0.448278369906186
-0.486519286467001
-0.648657460877444
-0.46687958551226
-0.596025692817662
-0.44727332062543
-0.705927322801501
-0.639212088560009
-0.530506481944612
-0.58107417443213
-0.467093174029852
-0.475968992954126
-0.617173363387971
-0.587462284220406
-0.483288113659318
-0.351354117335878
-0.565722706965523
-0.423450077057161
-0.490979649019749
-0.684863503061865
-0.41402153112062
-0.416396690128837
-0.547754851303785
-0.359322621735255
-0.745769939049572
-0.532162596301454
-0.62933364948984
-0.574673628186205
-0.51857117893794
-0.561690158053748
-0.391525784753119
-0.547913941563512
-0.512962593440734
-0.579195419878347
-0.462305027072351
-0.646725363781601
-0.668574667195471
-0.502933257418766
-0.495856386239384
-0.644733028155219
-0.466582350698846
-0.462519282262346
-0.535590920566529
-0.643329439557901
-0.440517933431697
-0.489400292800514
-0.474067960008787
-0.558977351349964
-0.44950633001798
-0.264725051460848
-0.635286939433435
-0.460558832094395
-0.581682430291196
-0.41764332948854
-0.531169033696266
-0.468045400749622
-0.551526706587946
-0.451278319986072
-0.310922009906466
-0.599108168115328
-0.558692591286635
-0.480493404346394
-0.558624407016383
-0.412482087874916
-0.560798274863739
-0.509411824247628
-0.501932345909977
-0.637606036629501
-0.536024793563169
-0.349251786281771
-0.451094477526615
-0.363265268512645
-0.431635707926385
-0.313617061548428
-0.608750470893998
-0.528564645442576
-0.40169662802225
-0.396074423040125
-0.475891364801912
-0.231524241712169
-0.350047210048031
-0.251055235488858
-0.440201470368456
-0.41132733412679
-0.467327452693992
-0.503106155620871
-0.325344081185611
-0.4871070131126
-0.25476105198278
-0.345873605803089
-0.434256285406236
-0.47236673409922
-0.342899920263234
-0.242305510636055
-0.382349601166086
-0.444447147251304
-0.463939371410189
-0.424638422891381
-0.334167614176239
-0.292593559887037
-0.408229328484696
-0.463758319733313
-0.313110350299859
-0.390134146641799
-0.367803785051899
-0.448011819612697
-0.318546230554514
-0.370788225534698
-0.428909330494066
-0.400235304484244
-0.457312492941047
-0.311090562325174
-0.32009263612705
-0.379873201762873
-0.514867546983276
-0.382235534350844
-0.15551732459753
-0.282577275680282
-0.235093425154967
-0.45295578243621
-0.284050727642118
-0.0249032388885983
-0.331900941594877
-0.328540329615587
-0.403276437094084
-0.307496120048354
-0.347231730361786
-0.293284845969615
-0.298030293111281
-0.117716784261014
-0.351622443377901
-0.187023012712204
-0.340085685644175
-0.382993476920501
-0.285293834949507
-0.284210183042476
-0.263710695028823
-0.302215618644392
-0.276019417032533
-0.268371669593306
-0.348763695355426
-0.194932346695142
-0.251013848984353
-0.336909107898839
-0.35861414393954
-0.363643062687375
-0.329884264532967
-0.301314997152622
-0.357069168684606
-0.409142645126485
-0.157187118699115
-0.257296819799295
-0.279226020163332
-0.240216982955885
-0.285782032753755
-0.208311516243975
-0.278543043065824
-0.164052815714397
-0.200276832788235
-0.27176652296706
-0.227399440000765
-0.241676553921362
-0.208161570809797
-0.27513213453308
-0.34804713092413
-0.179967099108856
-0.22880836229681
-0.340296214677716
-0.344658354474385
-0.104024861380122
-0.230335341142017
-0.12726548938378
-0.231037382282161
-0.214170282023626
-0.191460723517278
-0.281268358661183
-0.353355486478067
-0.280745607976942
-0.283984126157504
-0.244392245200434
-0.132373258012118
-0.180408767627049
-0.153484870278819
-0.298975864763211
-0.293065321624636
-0.188660281596034
-0.295293567530556
-0.0821376985689871
-0.215010280437191
-0.267210244147043
-0.206983517009348
-0.142109062618301
-0.209475834347164
-0.188983368639492
-0.263985992417796
-0.269695676335157
-0.167034947990678
-0.369497961486917
-0.0457256203157972
-0.213066534067822
-0.261964543562679
-0.166569979218271
-0.0381776246088152
-0.265039743274057
-0.157579135478347
-0.168877533968892
-0.221322015711062
-0.421766842685539
0.00656880550303214
-0.25764061710023
-0.174244101246347
-0.16703464488438
-0.141111053129428
-0.0767926925228548
-0.322234673840269
-0.174015456812317
-0.123594469808033
-0.111349918656507
-0.278043911322616
-0.110117286550614
0.0271762810602685
-0.239939029624459
-0.198485532918716
-0.28653315055801
-0.114969992345419
-0.175889218996822
-0.146194749495162
-0.0765461009283652
-0.118984917545269
-0.111826007481971
-0.054465372453824
-0.121060162818738
-0.00161552083446096
-0.0597288836405075
-0.0394151543268409
-0.150150455641526
-0.149236322550125
-0.276412161452862
-0.121823647052479
-0.108964112415463
-0.126550650092977
-0.0511405287540839
-0.108744485466246
-0.0697311102867733
-0.0730434570128321
-0.0920071422889659
-0.0986490688884637
-0.0908771014469283
0.115941406620039
-0.15421184401168
-0.126485151267313
-0.0620112689765132
-0.0863767516423146
-0.0468112090132265
0.0167664870635983
-0.140975361487251
-0.0514786641277757
0.019078336756904
-0.231875600371287
0.0552178580810365
-0.0626086413513871
-0.0347587053881135
-0.0729176685475779
-0.121914410581613
0.00542506494312271
-0.185964934218976
0.110188077101071
0.0607084595822274
-0.144091119300239
-0.110605937324689
0.0422881835492395
-0.101229398171367
0.0327884488078985
-0.0160086656509428
-0.156158200028226
-0.0444202458707245
-0.0398991768020479
-0.0361943833961096
0.0758244997398069
-0.0977553877138733
0.0735675594310957
0.0425801868681592
-0.215572002166057
0.0120595397443223
-0.0477043221554818
0.047090508184514
0.0358631372313912
0.0632359303574768
0.102846457363196
0.061404272088576
-0.0206864667832308
0.0308453159322017
-0.0302183956531271
-0.0547081788407586
0.0420299270225581
-0.0373857427465418
-0.0425021308064654
-0.0497238296541374
0.00692315223259805
0.0922941636594429
0.00403107048239308
-0.0112238303944837
0.00343747131644817
0.208388539138673
0.0516343077321131
-0.0257400007873155
0.0431135875984515
-0.138072046286131
0.0503521343268381
0.0071529282023236
0.0299597246552035
0.00694739422670813
0.0987643363742193
0.27441178229226
0.0976150752882298
0.05956175668701
0.0262510136058829
0.188701541288426
0.101336709231051
0.0742717380495547
0.117160820116691
0.110890249247291
0.0796077564401174
0.121753989324989
0.0960878429043008
0.0243913763161776
-0.0364381123203575
-0.00701923977756979
0.0721485371898775
0.113207580908329
0.15188388208538
0.105388903942025
0.0647229381543342
0.183609010755141
-0.0410308895337009
0.0621236866761169
-0.111687083339931
0.242016864012954
0.117848021838556
0.015386219041695
0.168946250200773
0.166747637141697
-0.0739859849896644
-0.0411109617274751
0.0806170725024569
0.0688833461703142
0.177009005016422
0.111353327497089
0.231879013802333
0.0678814323090354
0.0628015179279425
-0.0113242512888775
0.122766489431315
0.101122603548449
0.156515253427405
0.154351566092161
0.193781809020841
0.0879006811787914
0.189239656204163
0.244016059926247
0.279153944324546
0.155664774961206
0.0449106881644015
0.271578376159428
0.275087792759594
0.126444568064931
0.152898780348562
0.284729866072321
-0.0465824884407061
0.0404636873859558
0.182943962175222
0.101556907960127
0.21958895219377
0.0835675692263707
0.0339972998950637
0.157682728763178
0.231029025875864
0.108188329697246
0.249831995249044
0.0747400398277209
0.174405576158488
0.137414810220039
0.319911796600347
0.275302920408023
0.366233541745234
0.0871090552742723
0.14286757286586
0.140998879587278
0.171487615912572
0.125504129010627
0.258230128724609
0.143203784767318
0.354924477048733
0.207114884510918
0.285039730421298
0.240389981304631
0.220381171393172
0.266750320148945
0.420875901547749
0.0486411994633437
0.202735148962525
0.329051147062382
0.370286226386389
0.13239937448313
0.118929433206069
0.326904443356681
0.280997553025206
0.207208397980354
0.172272004207129
0.374793840364895
0.300067148064732
0.166238503811625
0.271944606529866
0.317714837361318
0.205485020164277
0.2292323323825
0.181635840279484
0.408865806558157
0.228649704080117
0.155890697480817
0.35062767525476
0.330793449005942
0.261730390367378
0.295239935417375
0.228543243042333
0.190578787241521
0.308111325252487
0.240469905075122
0.171756509270895
0.154807378811259
0.267566435793075
0.288465238954479
0.445104603085206
0.367308324671914
0.19881315211462
0.330232060073279
0.171964622995226
0.2707387975181
0.334754355320867
0.316768197549158
0.269166106351076
0.159359700730483
0.392494274064308
0.398912091670013
0.319887755397401
0.328093943597406
0.280807938113199
0.277843389085905
0.323286869604473
0.349912263134348
0.367003102936634
0.148794763679567
0.372275534487116
0.278118186809362
0.336312033751559
0.201633449074863
0.285664525421982
0.258792381615503
0.460212034934974
0.40540019111345
0.236626305261738
0.409913119355427
0.293711454593291
0.425241022673871
0.365747247268852
0.514641425046229
0.413873256391139
0.263161428745925
0.270439413968374
0.330117823027814
0.484899072728028
0.475597689545507
0.379994349380778
0.147962270538656
0.46674904411013
0.302816875937451
0.377959885086391
0.306415739007382
0.424467496185151
0.292886564475279
0.407317521081456
0.349628164402823
0.390570408817718
0.417985929370474
0.464582096713812
0.542720843371799
0.313995455145924
0.428530982454979
0.489193191240499
0.446283982399313
0.472080761031121
0.463457214044771
0.529632234608171
0.341004024437686
0.31014750325006
0.323258054828584
0.419644942209643
0.441239757341536
0.421459598359457
0.410679020511326
0.433058947527823
0.319200819855987
0.401161055900921
0.460983335463987
0.434276421636074
0.355415551987656
0.532308302245528
0.435265983122604
0.337946437550843
0.49139678095352
0.551982054026215
0.467657853037841
0.384906559452932
0.482090050047092
0.445853876944809
0.610458102214425
0.564168696741112
0.449185903010268
0.397472696238291
0.469480754045853
0.411962596432151
0.354748012643969
0.437558326037897
0.418586289600975
0.64799056300955
0.242627382928333
0.396086101266023
0.509671497354562
0.404940542632211
0.38375069381464
0.455240319959117
0.433909725676167
0.430001475923259
0.637631106065273
0.522123231955891
0.433015759629979
0.563035339216212
0.497366181794134
0.382390052522316
0.59984937617993
0.492206097181705
0.430208513246266
0.657596511789349
0.603317209294413
0.56124193284646
0.455827119962849
0.543069964248386
0.585418964338445
0.53299765589504
0.466695426441634
0.570998137785745
0.463095675628655
0.383756351624265
0.552556476372625
0.494882739312332
0.447781491153321
0.615004328644695
0.368327288384506
0.568543964524541
0.499272562678392
0.591038926535734
0.535539273856355
0.543125077797544
0.503915487543608
0.370575948245727
0.609620179586738
0.699368490982788
0.625649172216176
0.557882100015656
0.658287324580199
0.511572088328917
0.588098895203897
0.608962905520035
0.500700468258224
0.564050924880137
0.610538963134675
0.752091617749203
0.637552485469233
0.628486148892861
0.605401333111297
0.529447046966186
0.741557738926936
0.542849109099295
0.494675119277291
0.370017139901789
0.599752472208484
0.659653606254517
0.547876389130692
0.562942258078522
0.577578860942221
0.604632445051487
0.694881414337482
0.599487793666454
0.55365451667181
0.705936761100597
0.652693534596564
0.411925080606935
0.749854397155993
0.712856915275907
0.635011906938624
0.486342651769711
0.685611437321144
0.683826787122409
0.453389344599733
0.515274454965481
0.546039508897398
0.775692276746627
0.814820771827112
0.683540914810647
0.648747875643945
0.549392270488848
0.681902977620363
0.56959456664427
0.685031225331175
0.518281254329681
0.704362951135391
0.626703116213533
0.594221045427496
0.855709913609784
0.814204401220729
0.739792773746591
0.696401027123692
0.532052140123808
0.697846667234587
0.738251951098679
0.691001901036245
0.624898567078176
0.506562073598402
0.60040908554639
0.781946717454
0.700289496129787
0.629553725176338
0.659209421572226
0.667538929415491
0.751661415916635
0.582891409534607
0.762802421076285
0.687130458712774
0.804590586664492
0.654905389879761
0.730787788548577
0.778110586345412
0.834224825538143
0.634026726050396
0.801534265528373
0.655789842605562
0.79762148751019
0.793081291315469
0.692562724848377
0.677949551168606
0.696581421788314
0.765843241049561
0.683470470749205
0.764500165770764
0.627675559723734
0.839112482521013
0.716375189177809
0.671723113837332
0.736336521253156
0.597433959567212
0.771251886672175
0.561290476942429
0.725039752373496
0.902767122410911
0.699869451949378
0.741190878772451
0.643046997054013
0.7736013883813
0.711475514117348
0.711935036793397
0.808078582761919
0.802236203459142
0.803203962898755
0.593214416545129
0.807844289610119
0.811163760618321
0.679476959347385
0.713564015028309
0.769504843957705
0.827879801749721
0.845282512247268
0.718009938368786
0.871757772611461
0.79463620981906
0.87507524081246
0.549939592293431
0.798278986005499
0.879907361847128
0.693838577333539
0.768570641325586
0.739564573727257
0.87505045438892
0.833913524718568
0.753996886343468
0.873439089954101
0.815172777285631
0.781608020051305
0.774201054386824
0.898638463641196
0.816728309753554
0.877425425831152
0.852559899604211
0.817713524237073
0.839743004097037
0.921999180292192
0.753510806792354
0.792940872273615
0.753232419583777
0.731401310969465
0.992954360893074
0.899387506593647
0.823538331885414
0.953368294063098
0.945045589009524
0.772704943669031
0.831624683523056
0.908972064462198
0.903248077407016
0.756872170345425
0.864260318465977
1.00684470307096
0.994546273033006
0.795615217892092
0.872210958116893
0.938797969079883
0.928129806892746
0.891318235312779
0.901779989883071
0.772184424787093
0.989890770437289
0.949895732295179
0.910352921190528
0.824917129790263
0.792457843473375
1.02602751315972
0.834561338075185
0.801190858406643
0.973757051743541
0.781191698856503
0.847210764478946
0.905915800078163
1.08545043396351
0.940615613456751
0.94064096753108
1.00250060087466
0.915298745882272
0.893107567223996
0.926541750522375
0.87941446519822
0.994398486073292
1.05002476182329
0.956818299621285
0.892554502023466
0.983162285506913
0.934093904549881
0.896227972590059
0.924607506330399
0.863448955995082
0.909613132268129
0.876003275977151
1.12454188958973
0.991984366557815
0.885354803324924
0.947441003925456
0.958239610602635
0.908532039068585
0.997317136356341
0.887168365904807
0.93591853236865
1.06612921616489
0.928364599663276
0.956299769737455
0.975664639334507
0.877614859099851
1.02809999996259
0.981328023946958
0.987270484314455
0.891505981042421
1.00459493465679
1.01469269340345
0.935424625726934
1.03045478636256
0.921748083079586
1.03292278536039
0.882561612205169
1.04473233889101
0.816812623965111
