-1.07352693376543
-1.028809961758
-1.09082535556064
-1.04200702734786
-1.13261285259102
-0.851218623144454
-0.804592145447349
-1.08206747186636
-1.02326289000641
-1.06945096033908
-1.00058182996252
-0.967610783937921
-1.08582151145332
-1.08353736973057
-1.05951015762497
-1.01789972078872
-0.84063409397146
-0.966966893299354
-0.890859291900869
-0.871765267587994
-0.955540559846462
-0.949335488410891
-0.857269017413929
-0.901171148928405
-0.894696661474757
-1.0622376402544
-0.944847383051281
-0.915773523354251
-0.707493155801847
-0.882992131147743
-0.937649930033928
-0.791900242724563
-0.883398365722893
-0.974733925626657
-1.0004438405915
-0.879439884443757
-0.882321990368489
-0.862025692362032
-0.959945604839454
-0.829003294484988
-0.858052732212498
-0.985274861146267
-0.938028168729914
-0.907768262102194
-0.908134543244965
-0.819248080730442
-0.898349869604948
-0.945284074395182
-0.872851444118492
-1.00321059509163
-0.685909036722106
-0.952764297360389
-0.880825944585139
-0.804067130369102
-0.816189493419876
-1.06074593349117
-0.918046200973751
-1.06276591683557
-0.992003562791619
-1.1118858159625
-0.9436400505776
-0.883093848482515
-0.811511155210184
-0.849056098026139
-0.987609784285487
-0.90323679281572
-0.783194571979553
-0.925115953637326
-0.894763571226525
-0.888333392218704
-0.855233934473508
-0.780893677720519
-0.757298293032985
-1.07286909604618
-0.799069655467505
-0.739556189049385
-0.752497015529987
-0.879039266426518
-0.947459767406969
-0.579501419470865
-0.730448612401371
-1.03718479179146
-0.683096121874157
-0.833509123943013
-0.891792005462635
-0.869542054045381
-0.782779245427017
-0.725505348092083
-0.845369729833019
-0.727815902861036
-0.838065299904313
-0.799382614648066
-1.04058802038169
-0.753358749566469
-0.945226852788054
-0.749379580323724
-0.753242020112212
-0.668629642268717
-0.712772041131168
-0.951712515389262
-0.697543320435822
-0.855112983335251
-0.747982092246958
-0.701290907487686
-0.74182393412721
-0.732124954489915
-0.803741280433811
-0.855157127351175
-0.690213484445768
-0.738804328169839
-0.714158252589419
-0.840798048990673
-0.775445997253637
-0.672456752417977
-0.677270806593566
-0.714028687259209
-0.880464384348281
-0.816722675860078
-0.733605294399058
-0.840603214913537
-0.740931108673454
-0.833591817021746
-0.765585405707244
-0.732340966655556
-0.798910566815411
-0.657116023243029
-0.815263399011817
-0.863087287843859
-0.74347441918735
-0.582067887811301
-0.715328156033764
-0.705938524988992
-0.785265309241696
-0.614861210015908
-0.647353308805294
-0.735758884406717
-0.634045935867512
-0.719176414154432
-0.810360453891166
-0.756903964863105
-0.873749855170253
-0.639527055248117
-0.677297356244625
-0.517904821896611
-0.658764325833547
-0.711224895278454
-0.69306550082293
-0.724407330505387
-0.753601818682361
-0.67339941411177
-0.74150415612538
-0.531887042567355
-0.683976071935334
-0.646372264639757
-0.662670148559844
-0.769478630043367
-0.71987030707772
-0.517131830038248
-0.704029986594722
-0.819796641223449
-0.700771398627848
-0.818660980208874
-0.819640115319322
-0.825627957262691
-0.617779060526169
-0.502186721411583
-0.836774269297134
-0.673390112775329
-0.735599692502787
-0.740547545858744
-0.588804890862737
-0.698743136080606
-0.554974720170325
-0.650599929892105
-0.647814027199827
-0.613903541491323
-0.554184516158402
-0.691560499042966
-0.698222622042634
-0.68464097974823
-0.570026355161787
-0.50216404905888
-0.720620392636385
-0.579651449177494
-0.662664895385336
-0.707923756732167
-0.719581293725747
-0.608954579462306
-0.699905422876988
-0.641369867405724
-0.616277122986446
-0.593715992748676
-0.698924532456338
-0.639333385461661
-0.739938602364578
-0.691791976026702
-0.585324108484449
-0.663651576719334
-0.631851360370758
-0.613652108172688
-0.618077296607792
-0.657948802506739
-0.606839584467245
-0.649084579229118
-0.529989138046253
-0.448682370697081
-0.451033897316786
-0.644107616750236
-0.608221308744242
-0.666601993720279
-0.573720568850158
-0.661443702105034
-0.545740212471787
-0.656209213792342
-0.57775773938169
-0.692157780172196
-0.506698249258019
-0.546679948889485
-0.592934586332776
-0.489489755266605
-0.556544948148209
-0.584095276630523
-0.57776754745589
-0.478704864288715
-0.654178443453181
-0.518709291715322
-0.508554195778266
-0.460574609680365
-0.398345599790212
-0.557058822755322
-0.61142503459689
-0.492987238048388
-0.707041472740309
-0.510948985484364
-0.543772442609658
-0.543749945940081
-0.398651884044145
-0.517941699463951
-0.50605524495367
-0.475381851374882
-0.503343308193268
-0.546850936464617
-0.638591729803312
-0.605297669254693
-0.529347213258428
-0.464376101686651
-0.699204689014356
-0.49148953986715
-0.609671465275942
-0.577726569095249
-0.460113579875976
-0.530416443227181
-0.42485753877609
-0.38226533087547
-0.48123981516785
-0.625600477551355
-0.528980290981675
-0.423078372609939
-0.539494417820862
-0.534116898488716
-0.536785508681149
-0.464637065710212
-0.470667333550021
-0.476579495220379
-0.626235716926528
-0.605474681502904
-0.484940706610945
-0.476727991638973
-0.461311884232595
-0.519169595842966
-0.701438831276468
-0.44953544099798
-0.478859849115792
-0.409278078853413
-0.3646424959777
-0.400982300569681
-0.545083545548093
-0.418860970576605
-0.287111346835224
-0.545699175942795
-0.303593335677917
-0.490798299882021
-0.398329956159691
-0.572446951356316
-0.489608413834403
-0.432861630740915
-0.466543104902653
-0.466767860462347
-0.574787930563398
-0.297824766799752
-0.530103819861716
-0.44855389724975
-0.286508690842366
-0.454514660630698
-0.406907335128099
-0.501557425923712
-0.371483033384638
-0.377318648775396
-0.347117825559698
-0.402877716908206
-0.449290377077495
-0.331956134300724
-0.237403358005997
-0.301490622738531
-0.425408460456514
-0.361848902330351
-0.413136933474927
-0.445412370608642
-0.49812019702548
-0.441886555472383
-0.457873624581788
-0.398898708423461
-0.298091065636649
-0.587426889656157
-0.263316527495726
-0.398280968804893
-0.45350498310923
-0.381405225374778
-0.384200662040961
-0.427232272067596
-0.401114302042296
-0.423427444314395
-0.330780888227605
-0.343576306320456
-0.37398315337408
-0.192686615788999
-0.332569338371594
-0.496876579302338
-0.400784268779474
-0.389429693721056
-0.333552825165949
-0.304663635872442
-0.424542441297433
-0.319801724953294
-0.419210695963977
-0.341072252447793
-0.202522350381546
-0.0839703496867219
-0.280716238105771
-0.379534176797923
-0.255985493862103
-0.303585877828831
-0.407105469583211
-0.398278262048097
-0.281835944982773
-0.195421398386359
-0.26768520870969
-0.443908007822234
-0.299043063202754
-0.266864541187935
-0.195851600308293
-0.360133771703411
-0.260652748497288
-0.377562287367211
-0.348445342592934
-0.258920992235553
-0.375735430951537
-0.3197955817486
-0.155812332863592
-0.361208635308356
-0.246946124826051
-0.32796041078609
-0.382947190070833
-0.207230189151443
-0.237284989836822
-0.370987508955434
-0.15443472278068
-0.262386624274186
-0.241340632765659
-0.396394113858526
-0.204833950399396
-0.209917925322136
-0.22425023497839
-0.0980037041856727
-0.299015701245504
-0.159644283297967
-0.32393180615009
-0.213947565699761
-0.278541806278018
-0.365076753829624
-0.276063837147556
-0.191859754751375
-0.0677828607290447
-0.302770507725488
-0.273141416749987
-0.266083038548365
-0.305409977620263
-0.271648590012101
-0.170229560889516
-0.12070221559405
-0.298028548696683
-0.158037790115409
-0.1591973382467
-0.288967712307289
-0.220078904451432
-0.247817325578029
-0.168509266374545
-0.220640829958707
-0.274259396025187
-0.224313515693311
-0.311765160464523
-0.239408766020314
-0.348126181401819
-0.0223283283948314
-0.082740854245978
-0.241981024180008
-0.136135246664131
-0.0786521309552493
-0.160679823546511
-0.232670980891219
-0.117470627794503
-0.178935628934143
-0.167795538491866
-0.0633174071539032
0.0159180315003961
-0.196032631527382
-0.14782872049697
-0.259007717370687
-0.173205299525718
-0.121708284222118
-0.226873551119445
0.00559148478867666
-0.350856212765577
-0.164079549607669
-0.346221823048073
-0.132046106418457
-0.235929786647448
-0.168125628508922
-0.100257792521545
-0.0990042630920682
-0.216151531781377
-0.0512322824902059
-0.101293237675988
-0.174671539293174
-0.264979085599583
-0.103169391826311
-0.272959873850985
-0.17779169362203
-0.100542419850459
-0.152961993357791
-0.0679598580246818
-0.299804562649014
-0.169222422301097
-0.0141373428236564
-0.251361652247425
-0.142597856946803
-0.227347755986409
-0.0132254210272582
-0.0990836189244556
0.0751782099209277
-0.0341362796745501
-0.0990524472997377
-0.141758674224215
-0.00334922819102405
-0.207224428940911
-0.0137977519191091
-0.166184770775348
-0.099436551483991
-0.0692957926347136
-0.0718424877925145
-0.109820124162565
0.0191527451211109
-0.147172537840474
-0.169178461611186
-0.0395239249227891
-0.131870830419696
0.00845678983578433
-0.155499836079321
-0.118043049095506
-0.138347588140194
0.0165501562563744
-0.0216405388956571
-0.024988934693236
-0.118044527781645
-0.101415951052512
-0.0761341101896913
-0.0910337912215481
-0.0840569219820908
0.101754497726064
0.00149345132684476
-0.0234122072764723
0.0674321865955547
-0.15857764635199
-0.126354002874648
0.00373367731575139
-0.0925221186016771
0.0164853061136345
-0.024798659842867
-0.0174313309391442
-0.0992825897034808
-0.0828266581955795
0.0372105880019786
0.0389479247257988
0.0352751271632949
-0.0950810742021713
-0.114186451672589
-0.00642451793190999
-0.0261698923607448
-0.0583465891305173
0.0908225348694224
0.0264362013900805
0.0627646861980512
-0.170597275418832
-0.000954020209488747
-0.073311109970393
-0.0921111782171975
-0.102716688234554
0.0856327627895959
0.0445633397399589
-0.0333424366500899
-0.0279817838625934
0.138649140319143
0.0967143012201795
0.102342557578261
0.0673366963066176
0.00725496965274191
0.0729262737043918
-0.0805809202267345
-0.104078099867209
0.0628988776990535
0.0827521421251725
0.0137795015263331
-0.0172850268136601
-0.0117466203023494
0.0691764213050579
0.0473777134710934
0.0710071430812938
0.000126589463626649
-0.00978020396187994
0.00174785234961476
0.00283636245657778
0.121909692802565
0.121577822117642
0.102069200818221
0.0317510488457278
0.00329662337924899
0.0265912428984088
0.0904889304436548
0.202381100199362
0.101463706570231
0.113547205810282
0.0278625135641571
0.081852233949967
0.0896274255764661
0.0822623883673163
0.0939092816710884
0.162160372020477
-0.0632159431172924
0.0975860236216693
0.151860075298353
0.0825019378878339
0.19600759563263
0.188913807938368
0.0833222781762713
-0.0103352064980637
0.169273686735881
0.190939744549918
0.102308293243724
0.130863532043077
0.294697064528149
0.261080418910385
0.0504843551276758
0.0140547319189756
-0.0437298435555241
0.0921144576731356
0.0789505206999622
0.115407190347532
0.126200754111447
0.0565609926670872
0.0505046339223395
0.162347212988027
0.256700097345799
0.134191062497868
0.305207696667287
0.174844958708794
0.110137418696796
0.241468928953724
0.156650802195323
0.034553089076304
0.319714704918094
0.247552443513489
0.0809361760303392
0.199880431415726
0.265516561043927
0.235659468503632
0.117508387804098
0.199864687783948
0.223600838843871
0.125181934822425
0.126616534665369
0.0896739303522118
0.343592159740241
0.253145560083742
0.0534488668076168
0.199404141950522
0.197591095429327
0.276783629958181
0.207870123144202
0.123291232505242
0.198775209747872
0.167662042704688
0.314671592509636
0.266560448553543
0.254049063904447
0.168488689889067
0.262725479887056
0.155861674957096
0.187212695043116
0.23885904899308
0.203978651060395
0.274521212766119
0.237998667428717
0.223789213869891
0.168611288684291
0.222396876327351
0.19886189226171
0.219500057277739
0.048664804436012
0.321025462625196
0.353793412174766
0.27679587164701
0.149856977772609
0.224282485358752
0.295672384994904
0.330674067028392
0.311281176434695
0.135240395760915
0.203868750720592
0.186258552779446
0.222833447501618
0.209000322574434
0.230386756229001
0.277251840836449
0.207765864242699
0.149133008027457
0.213999979687717
0.333770149736024
0.161819869652707
0.225376174899733
0.337355761102306
0.288559804743044
0.207420433339378
0.194006938401851
0.253497509696441
0.386113310818506
0.287361503341065
0.390299541926499
0.243062428359275
0.397572280114598
0.270065125407582
0.424230297609592
0.363166638113486
0.409412880971639
0.178869955674126
0.37407117307218
0.15188969201665
0.389684790246763
0.355163316951615
0.27056469556329
0.331219698864071
0.316312853606742
0.277516255104796
0.309273773559434
0.318794509477605
0.380454253676421
0.303948361809507
0.264891089241889
0.397189780813822
0.289184181706179
0.324967264951611
0.329811236586974
0.10969232062014
0.446352939269042
0.386117767111028
0.412786279662927
0.316951647784733
0.456630728270819
0.226838901668377
0.341684867480508
0.449009937565626
0.299675895030652
0.220557440931549
0.304483034280047
0.262614855967748
0.359427085118937
0.327739296577184
0.394251484555442
0.468430004634182
0.424613721864087
0.478325925900678
0.415854496813136
0.328234756361395
0.325932921241154
0.420989726804607
0.303364745415674
0.543540916828341
0.334510634239965
0.473557194049688
0.558570363738688
0.503222285607894
0.331676241752063
0.511525597876104
0.309556190256805
0.248530910772664
0.324748090819102
0.477652337687632
0.366714631522768
0.310910833096999
0.55691429957798
0.363652508407358
0.405592712204733
0.371880298459701
0.373224347184248
0.275670999178177
0.438115428197758
0.398972279184639
0.326579662239922
0.572328057121796
0.497964627494224
0.38569602912026
0.421049011032841
0.366364798849636
0.445471320597234
0.460042874504207
0.549137025890031
0.511248952254686
0.497229750576612
0.496645843737318
0.559086982519652
0.553047081641331
0.458145524494808
0.630053767899613
0.519565491720442
0.35684234251773
0.374284235865679
0.366295158329417
0.340839340382302
0.490311266182973
0.497127084142115
0.524344767251385
0.469314587514635
0.558125119791747
0.390365598094602
0.403483700160431
0.450511124462661
0.441243263432332
0.571650398770548
0.640396201262818
0.442689679321637
0.579207072936479
0.405641796087518
0.538677357613158
0.47972818295301
0.57955451057779
0.515505139606035
0.437492237468302
0.582064426072266
0.463446653161697
0.58427072901217
0.417274914035501
0.469732583315723
0.524810295443858
0.57663573791812
0.471867206371014
0.544778649428944
0.524857627694271
0.502805633876261
0.25498141276234
0.463265108497247
0.584992439602544
0.404065601669218
0.471022937977001
0.407374868516584
0.603406638148749
0.573122570870546
0.547404795290376
0.537303302444757
0.490802331430429
0.64184909790591
0.460217813954038
0.591991904502749
0.489155436908153
0.552947814885641
0.490095138432121
0.474422282452521
0.519871177983671
0.55123472452701
0.52988676208258
0.582850159870079
0.655186550126102
0.711866707897148
0.581324834225592
0.599337689488827
0.584601075275867
0.67109580116402
0.56427624409082
0.537267631229744
0.61492105040087
0.556721247098377
0.611309931363978
0.740808011058434
0.666592324210994
0.557842386539513
0.641107933836767
0.678654952007428
0.653212894480907
0.473496139029112
0.64427990936516
0.515217137487331
0.650036682188648
0.572323804906252
0.616821909524912
0.741112784907119
0.483747491668077
0.620890078095613
0.558086459572569
0.600669335139363
0.590946685084724
0.818015415695072
0.603077366359048
0.556655732426036
0.619548980065225
0.824940235963164
0.61679220153123
0.586173844175316
0.638466870561024
0.75855172223646
0.637682494689077
0.571703117884849
0.637175432025082
0.647238500731929
0.784862464418278
0.76585905504068
0.685934520553749
0.887650358324524
0.712633459820317
0.540763397209916
0.630033428368859
0.760351094096526
0.760935574539447
0.699415492167038
0.635548019881414
0.641442885900273
0.759671195744833
0.782997758104384
0.96174721147321
0.815730832606786
0.661238238852755
0.723144894310962
0.708917678050447
0.724110477961804
0.716842911984123
0.679780904626877
0.664175041374753
0.714303203933183
0.55631806048688
0.72862893782433
0.677310891091657
0.807944916630584
0.753766568873252
0.675941553416124
0.610510724673218
0.758026698407993
0.877882590338077
0.836705058022832
0.579419185612287
0.62398224295442
0.702762794544354
0.661651059749095
0.66658832530867
0.620425460666271
0.715155214072774
0.611598612225818
0.817876312618821
0.642777936173574
0.800889206034015
0.761630666277567
0.71466161362809
0.815984413876182
0.778278298737294
0.537081156594584
0.55434432334808
0.664656125713936
0.662578251467203
0.873721450838398
0.758439741578628
0.894123245143569
0.836091067905777
0.762108206779106
0.79366168331801
0.860052574989657
0.840454468036729
0.767074194447143
0.77208051410823
0.722752198535028
0.939466294588124
0.76148825671642
0.896449403684782
0.872736500605384
0.813884768100141
0.891986623109159
0.851101633130612
0.856079466854887
0.835452041414781
0.870369424502842
0.808040909792
0.976601748502057
0.684722583151835
0.78924681926757
0.799409365981228
0.864042794938653
0.96675895478407
0.890994353916824
0.871404088495863
0.902160596634411
0.674242873189319
0.790508629000448
0.879540661653548
0.729667707879629
0.680722710534029
0.998000836883731
0.906005135508548
0.751712638715243
0.970876071075615
0.76211075627175
0.933415406187262
1.04759089746345
0.838369087957493
0.946529651050213
0.632657190264173
0.86724961184238
1.07692341464414
0.815157212745423
0.855002203826374
0.888393840726451
0.908325064593266
0.815462341644026
0.871760111691607
0.974104121303812
0.928760223416584
0.898369795002879
0.949035862158037
0.769034479400041
0.88689799755757
1.00038353924429
0.911825394437525
0.814784379348429
0.80565460655215
0.885464766434386
0.840668000620245
1.02823604050022
0.906619466870512
0.959654500330869
0.942120728045373
0.872339559610808
0.821197547279352
0.933806463729471
0.959259071729348
0.870753674902396
0.907769137324338
0.926053868091455
1.05843906745485
0.831784055346096
0.843385803928163
0.920701435891326
0.936903405526312
0.742989042679072
0.969160473415326
0.840320521834838
0.868496186898124
0.899290894387659
1.02097793930631
1.00831793149699
1.00445672757741
0.865242083599965
0.939626634263907
0.993852075530544
0.794228927895419
1.01710653984491
0.942083374635291
0.999536238664936
0.905245660072058
0.830592349937157
0.849378034323765
0.976352927951054
0.973606324683681
0.851935989145599
1.15344913475242
1.07423496701461
0.921381559005994
1.05905248562723
1.065916122203
0.880273250859685
0.943075070079361
1.12936299227001
1.15528243472077
0.988560778851708
1.00208493380477
1.11395166311537
0.994319246190163
