-1.02253764523369
-0.762246626013822
-0.982451967635233
-0.847542874107845
-0.967657192511901
-0.918165235087074
-0.863822278835271
-0.924741068673754
-1.02151621211611
-0.92910549020265
-0.823959928169714
-0.894806424315328
-1.06254868963134
-0.947611745653442
-0.925363368496956
-1.01482555144918
-0.857836926805895
-1.05237613213562
-0.891303270113383
-0.929967770013237
-0.921799041697974
-1.07193659539853
-0.877933073328962
-0.817123246312409
-0.930130181117122
-0.958607324520909
-0.887943183950941
-1.00416135579667
-0.726744648561859
-0.930331669300694
-0.868633435596401
-1.08030342059818
-0.987802618872276
-0.846170611807283
-1.07540242559944
-0.889148455386125
-0.983332504393654
-0.828192048466319
-0.929807326318569
-0.967910772733957
-0.827618052474499
-0.908785173234055
-0.935039920650723
-1.06361108080239
-0.911981085438536
-1.02172272210164
-0.852893808249074
-0.931395842333866
-0.894171623871561
-0.914239646078605
-0.934573039759952
-0.79253978613746
-0.902071701908564
-0.692997750028709
-0.986991763858681
-0.759409392001266
-1.08428066353435
-0.919538152875351
-1.04517887330605
-0.890809221244099
-0.89452973363838
-0.80635493922416
-0.832226712583738
-0.870647179216687
-0.812109439299617
-0.987695065416216
-0.827352599811303
-0.870185616167451
-0.799841873726881
-0.718498427372146
-0.892574638754294
-0.821440768254319
-0.761022766322788
-0.899917234794224
-0.886868822396915
-0.876059722144535
-0.874687654427518
-0.809045000978638
-0.819329663814509
-0.940563631426862
-0.7043501798805
-0.812464394966837
-0.897391047434612
-0.92306838446051
-0.932871064134663
-0.81201152467904
-0.802153374515152
-0.995736383336992
-0.946917825409287
-0.756868548426884
-0.884559502421831
-0.815141582163636
-0.946496344154013
-0.777168786593378
-0.833283673673498
-0.961741725181946
-0.809528294714552
-0.77918885065987
-0.851027371205041
-0.752076003712481
-0.841836028612447
-0.80787904197887
-0.678771192793339
-0.773263989819433
-0.861342018804738
-0.849414180296221
-0.857011059494826
-0.807324988829206
-0.70336240513012
-0.803171273406339
-0.755864474872367
-0.776472204739411
-0.821744130670748
-0.779638749129853
-0.833145637428404
-0.712164965594438
-0.679350804551546
-0.766470739631094
-0.829263658203683
-0.774094776507854
-0.868250964293415
-0.694226924789067
-0.740246710612708
-0.760311961894425
-0.803922308850871
-0.692765610795848
-0.682514321869045
-0.710272058290917
-0.672755965465622
-0.57795157323996
-0.804545595120061
-0.924579964466629
-0.672348271710555
-0.77689476439997
-0.603283156511279
-0.704963293413795
-0.721143769617478
-0.516885431415311
-0.678029605264029
-0.623364521348468
-0.731147839493086
-0.658524337561232
-0.54519478342742
-0.688723977765701
-0.748434481700876
-0.682314800234734
-0.711488124953924
-0.568421088688041
-0.735589246639177
-0.665899233377044
-0.701936514883877
-0.905604266005755
-0.753665232373098
-0.645802348824056
-0.644395149160279
-0.669148749720926
-0.653631027250309
-0.646837164682106
-0.762622763243657
-0.651236610618433
-0.604501428975953
-0.576399319516939
-0.698712365984591
-0.652083282169353
-0.6063386504815
-0.602592713686221
-0.633983023063916
-0.457619302070977
-0.609273985504969
-0.591989562611416
-0.581516424125902
-0.55829317257379
-0.666552438683527
-0.557313402985416
-0.756879883033486
-0.611747772987391
-0.715924090238234
-0.519399007846598
-0.547364649787997
-0.69618346906994
-0.568257905966702
-0.547711390795367
-0.666283756419115
-0.503792203409297
-0.534832616311691
-0.84724378188726
-0.673385695360866
-0.527635738318306
-0.634845281943713
-0.51710990970433
-0.642035163720131
-0.598239969247682
-0.64586654859827
-0.746390560926986
-0.683026150436556
-0.70677193376592
-0.534255385094845
-0.790177801689138
-0.655187999076424
-0.642588982568015
-0.729936656971158
-0.691182978928117
-0.559412774068959
-0.514364006143773
-0.71054383470036
-0.616204882343202
-0.594593195719119
-0.60608950561848
-0.534961453213386
-0.671818506783167
-0.621745291041969
-0.489117349969591
-0.492065441434228
-0.483403216774318
-0.516224591374565
-0.523724178655331
-0.610437813648532
-0.449688172247884
-0.528318877266871
-0.509798159871495
-0.62956447097786
-0.505054020010541
-0.584029917196112
-0.503493404586917
-0.677429444893371
-0.512828663861998
-0.53616802946649
-0.549250955765034
-0.525190441268734
-0.661434571291782
-0.597267950725786
-0.569475452980011
-0.55281521980409
-0.721946428535548
-0.514092318012566
-0.485574731956724
-0.56909664556349
-0.401279033737141
-0.535954278891582
-0.646347021664564
-0.479594461444685
-0.557202306741256
-0.476778978610567
-0.604409665342556
-0.492694980973335
-0.450451503496796
-0.399431444974105
-0.658285975576641
-0.403496609743031
-0.571264290902166
-0.480726616130475
-0.551889259268419
-0.371463817727915
-0.54204850595483
-0.357803320290617
-0.371014315647946
-0.452304208580815
-0.500873430400801
-0.509090786281115
-0.393384767563821
-0.476044673627319
-0.448948825920006
-0.492905156407582
-0.435696132644033
-0.47966837578229
-0.596134215428979
-0.340443496506018
-0.485952581982288
-0.380083778463981
-0.522836217092437
-0.463520060881251
-0.332057027824934
-0.443585563849309
-0.489280317569487
-0.577544723675594
-0.46799288262087
-0.430676951698114
-0.473936899454492
-0.31870331523468
-0.387149421409526
-0.52491647325673
-0.445713566133142
-0.371639260421438
-0.345565211405879
-0.26490273935491
-0.294892291602505
-0.414866237561232
-0.372556423286544
-0.348564521665285
-0.318806980065846
-0.295366568310326
-0.441286451466512
-0.389836153258644
-0.412259012944833
-0.339414670255431
-0.447969156268507
-0.515440226536116
-0.343762514603318
-0.187282228081786
-0.44604593484644
-0.334722637983995
-0.364594157010082
-0.355576276880459
-0.464439476623942
-0.362007845964779
-0.446801532517125
-0.447955746625405
-0.502243010879648
-0.367393201628389
-0.405767484515442
-0.348412729756097
-0.421706219171099
-0.419239218673282
-0.404233247761997
-0.404664126729951
-0.359746120520336
-0.514836728346513
-0.321785617391113
-0.367759257550335
-0.380470942623852
-0.330649631005235
-0.491208216455013
-0.377475716977493
-0.243369472767694
-0.341409443356986
-0.380457045747654
-0.292053439263936
-0.366290159432899
-0.498550530843163
-0.321173678312104
-0.314429047653096
-0.287654549839943
-0.247148466377199
-0.407840524411933
-0.376264394781416
-0.323942905209912
-0.403246537605576
-0.315117914833195
-0.242418123022937
-0.325431565068024
-0.299213346873337
-0.43451447094147
-0.219327544344971
-0.168426678091209
-0.252455130911132
-0.289820591627945
-0.334001054961783
-0.208021463273673
-0.253931523332131
-0.455970294036779
-0.204980437745332
-0.272057498591224
-0.409065326919863
-0.321483079989481
-0.3078813093285
-0.242169784031286
-0.252690418553197
-0.260282059078648
-0.282545837794316
-0.41751104421612
-0.260433717717791
-0.181424004058148
-0.341953871222259
-0.27275254095514
-0.354491479522088
-0.23292737962482
-0.346155003176278
-0.373122741728919
-0.294534812149
-0.0870805444803853
-0.284495654959187
-0.227903830629599
-0.285744517310538
-0.194053405933515
-0.301392748270997
-0.268305893374234
-0.214719901198605
-0.193418005556135
-0.168413747067574
-0.260649781972744
-0.409016990928966
-0.153348562345424
-0.220109542000663
-0.232295673821429
-0.182967578956701
-0.335930414619208
-0.174845968139263
-0.0977908927927356
-0.379171320222298
-0.251510960106867
-0.229269942292259
-0.14025769559168
-0.218071720582925
-0.26422209212696
-0.247173094268591
-0.419487238381039
-0.153500971058454
-0.240669714403181
-0.180137648936234
-0.21222479492173
-0.268986916408725
-0.161273688724743
-0.257294837705261
-0.257576137070293
-0.161723961190553
-0.0933330663576046
-0.246060784647025
-0.131133656378932
-0.208523417378038
-0.0774075658010488
-0.152726912085939
-0.138525978716983
-0.279253114548176
-0.194229492485292
-0.271853062707279
-0.219635635888187
-0.0626553917386966
-0.148411807262454
-0.101618121677174
-0.122179194467272
-0.222036970365573
-0.0533939718107635
-0.194706602723326
-0.218394099213698
-0.0994851094359721
-0.153341397728493
-0.0231119582542443
0.0535038160175028
-0.0721708788740775
-0.142004563591047
-0.135399588902515
-0.193491495303961
-0.0349942096782748
-0.109459222208868
-0.144316781924648
-0.129113330086823
-0.109881603512113
-0.064059224165597
-0.141821470872114
-0.298987829270758
-0.191914588797939
-0.127354638318991
-0.0546278764327144
-0.0589692660645886
-0.263537290058688
-0.0661063905242197
-0.0798290458063157
0.0204846674460603
-0.224682274082387
-0.233916250337504
-0.0330995576656878
-0.0710931605547313
-0.0958353076807774
-0.145832460409264
-0.0835343102202738
-0.130589097024018
-0.0368417830035289
-0.216572669023249
-0.134128534945545
-0.0912666090458037
0.0525535606752304
0.00319155961223143
-0.154039833691917
-0.105513295953466
-0.167330407666681
-0.102638839208091
-0.251337370663972
-0.0860699613301657
-0.00221801851864284
0.0592863376176046
-0.0568297232263527
0.0574370803132566
-0.164024823242192
0.039557306028947
-0.0271300985484814
-0.16489961783435
-0.191000251051919
-0.211843583507521
-0.0309028476301325
-0.147875803410981
-0.0431403313960249
0.0311180809378139
-0.00232294288122943
-0.0531512552215267
-0.150414235946711
-0.0503209323562194
0.0118369488405482
-0.142947333643617
-0.075998584183623
-0.102148822246014
-0.105901716999778
-0.0202619713098113
-0.0453081909310799
-0.0950551756702462
-0.0447247126665975
-0.0144924690252843
-0.063181137274114
-0.00377314040738561
0.117738540731921
0.0326463715335394
0.0949109974255644
0.0595403324402838
0.285770631370961
-0.0637142697210771
-0.0285991387281298
0.0587583868139544
0.0068627858124351
0.0485628449391152
-0.0358945694050024
-0.0273287719617184
0.108537253675291
-0.0519901686888269
0.0663154553049738
-0.00642767523240799
0.052908544315246
0.0275425201453812
-0.0153733293170514
-0.0694207411675814
0.0940889369803086
0.0383971411037163
-0.0102001065568284
-0.0508690782680889
0.081479536906885
-0.00312568310421942
0.0303231172164222
0.0515048296478809
0.00208899640703396
-0.0928900927535417
0.0565095786280054
-0.0409329371059115
-0.0579223250639149
0.0923130459626053
0.0192608397376828
0.302690637963939
-0.00100497414416646
-0.00614268196730607
0.0937291444898012
-0.00713401087385638
0.0223297569323658
0.16634567137452
0.108632678795704
-0.0425806315340662
0.179885517901301
0.00852732435384166
0.0305984846616055
-0.0126243781121861
-0.0222045312553953
-0.0980989484582812
0.0334619644437438
0.0143141305497552
0.163700168143715
0.0125432235357705
0.0186757334864964
0.00099620596051855
0.082678127362639
-0.0401025806478575
0.083470866691591
0.0919041612412971
0.123333492282296
0.119410620832803
0.116475665520941
0.0509011134086097
0.137490077956433
0.148498887726747
0.0535391389963821
0.28673625650374
0.163932178290211
0.106013552343458
0.214754069908514
0.177220653991793
0.265937058476245
0.12908451352447
0.253070039104155
0.241899141074462
0.157452451732775
0.214702635448738
0.133405663413315
0.0896640360652466
0.0716147925806074
0.235011454164893
0.159072929053167
0.0522948574532906
0.180856771423122
0.0453349625195331
0.0726695142146199
0.208291965223527
0.173546595520016
0.147977412135816
0.0943893324801428
0.0773761036708994
0.108267777237117
0.180171091647465
0.191242196111896
0.0686013042852633
0.0912932254608687
0.221069605642373
0.346087524535469
0.216852361309698
0.191607715599177
0.213957249072665
-0.0227868182053859
0.246757934756978
0.222460193184814
0.328363546698047
0.242164726369851
0.332286488721558
0.186938748835564
0.318389100375795
0.214960270436962
0.0808040929208549
0.262922185701941
0.281651301916705
0.146298256554714
0.204230513178459
0.153087743770749
0.277588724918878
0.194024195969506
0.397114367479657
0.384103830730144
0.0942374635651741
0.406606562875219
0.276526086935759
0.149711978440044
0.301192236061077
0.364378552931203
0.113971366067084
0.211879970721823
0.15499027666521
0.177679262662516
0.129054365763838
0.250650062461204
0.364011307789807
0.288634837441715
0.317638809630039
0.257428102313227
0.196512368969906
0.249642522139818
0.184397916834569
0.210702951673535
0.159540110296388
0.431308384154663
0.301721810201635
0.201027743171398
0.306279761688864
0.350176511733356
0.254138146856193
0.256505661349951
0.377020434294471
0.127806508627476
0.178653340502571
0.425977196735522
0.327349546825713
0.524454621936773
0.349750373345753
0.399017794771886
0.360329104670973
0.293206631450792
0.283897354283604
0.2976970197189
0.379091455348316
0.472923992772484
0.286831529396724
0.372595629254012
0.369295703614683
0.38010152816225
0.413756195828763
0.327532292321854
0.226727842697915
0.424000720928615
0.376828187703597
0.180745867307912
0.536339157702193
0.384472382226149
0.358481707547008
0.338040776578531
0.360127571987088
0.475346421032284
0.426795311028978
0.507258207353713
0.368840436950013
0.398997125482449
0.454613100724679
0.424760232185456
0.432426656850798
0.378001020669859
0.488635507089618
0.462141368717421
0.422711235479615
0.354482566924701
0.275716313571103
0.392853851437274
0.323293314969274
0.384923311349616
0.333231507263693
0.443989146041226
0.267942377791321
0.397523240712933
0.465326014434976
0.422658569593835
0.413093868069418
0.418456095926967
0.275508377288538
0.359172009947753
0.312670155323472
0.48893149078518
0.480662378211345
0.473655850701936
0.430848576397129
0.571765144195298
0.442578185103883
0.455018830835447
0.505878477427292
0.541687013681316
0.499050218933398
0.420786587862822
0.49070271337322
0.356301282693422
0.365109522733933
0.44783933435396
0.466849945413314
0.539887756676022
0.410141624762113
0.438620882975629
0.429906093265022
0.405373667336372
0.461032315688686
0.408854267611357
0.442588051719833
0.539251036492091
0.583476386465149
0.478996046917535
0.420330540899519
0.448021283834537
0.520425649714944
0.37073245304891
0.504426501214549
0.321255847275753
0.558087652987372
0.54107802113463
0.47064993958178
0.393097186695676
0.557411250835961
0.39963803623554
0.644939795725057
0.684911294859039
0.718778063452659
0.395194380964466
0.397646221274403
0.571363443312771
0.451417271214972
0.438042383183301
0.549503191977822
0.375109928284155
0.396225384322646
0.509349794074797
0.441917854078316
0.50570392058161
0.364734563666111
0.494797239809305
0.580091194751769
0.487371016361063
0.390345085037197
0.524447791218723
0.583285075250339
0.433039300479005
0.436018499681733
0.389587366203678
0.571593505751939
0.472803459411124
0.553634191726537
0.588552705651522
0.580923589170573
0.396675824366394
0.432750403061873
0.67014418510781
0.595627041338622
0.611103932092208
0.531096859606193
0.445590877600295
0.703567753241952
0.558730303718499
0.602408864145026
0.38084918841871
0.726503623630343
0.50452705068222
0.634989734652329
0.613391629131124
0.581910752239682
0.510546718812068
0.542437503107967
0.437429122125036
0.637262877679466
0.669326831290646
0.659548153430023
0.532637754607278
0.536532208241263
0.383160836518016
0.586876431461454
0.523739046001015
0.652388232126574
0.599321555789886
0.658088273712316
0.692017512568666
0.632147251859134
0.468321288938781
0.74403143036504
0.730795981873259
0.628075475430779
0.452351348941687
0.735451489500901
0.667171649396522
0.554726713296712
0.697653717608919
0.596343458526054
0.429497603933695
0.538779796646311
0.533089103972026
0.566657162076921
0.643101015332715
0.69739090088706
0.527642675796285
0.667140461938521
0.460938523464751
0.679606823794428
0.692239966778126
0.575555724028652
0.673092089330926
0.592220449561421
0.816538173694851
0.74140966192246
0.70556613961676
0.656843710042201
0.689089617591384
0.557475647386208
0.71028171379157
0.652469924457588
0.37707260132535
0.716949536947321
0.626937057053502
0.637992935481895
0.554033255275732
0.62001784573091
0.731523704733755
0.755812953078313
0.524495338426443
0.676992444408361
0.681693586316026
0.723772650976295
0.62734120944478
0.681427699812881
0.557638044197132
0.793616131996374
0.844747729700934
0.879744873199161
0.711664359646566
0.811331120032364
0.666329274996594
0.853988549919214
0.688594992662725
0.699992849966902
0.764108279748445
0.700520380097148
0.672271785406789
0.780446478868559
0.743499392378579
0.710905214846079
0.666423415886798
0.671661942809632
0.776046503131906
0.889869834123631
0.79537143927152
0.988782804553564
0.872872539008427
0.790871468499857
0.786215383952688
0.820556929736603
0.768728211992022
0.900203708287406
0.859526681438093
0.719329927468194
0.627730950870186
0.846156181233078
0.892000548185061
0.689067685798118
0.781920713937531
0.762023758665828
0.81129102759805
0.830625882333437
0.568489420233587
0.561594575345524
0.797627201459657
0.75072913407365
0.78846877744408
0.747813112719959
0.698076329551179
0.78273729586406
0.732262007340615
0.650917752164269
0.832692736325444
0.77882337795551
0.723471335285265
0.812350892413231
0.757305011213642
0.759968417735839
0.830891142583669
0.886741261687874
0.866846723535057
0.822308695837019
0.797917907615935
0.756542958678483
0.963306210647038
0.836549771393654
0.83176246313545
0.876709825753273
0.67277294051656
0.806832703325105
0.898110432572326
0.853761057339621
0.833141161234131
0.756138718390577
0.833316789262734
0.770824183313902
0.791812417224269
0.865216583062372
0.702791182283895
0.809441933926486
0.802134521354596
0.757456316857811
0.920374435892207
0.741446228846395
0.840456294920152
0.964545932283852
0.9226202673411
0.934183437702623
0.810048362429404
0.922538876257336
0.894304720445513
0.880340038913191
0.806346438800956
0.808912419661243
1.01915794642291
0.932037884415327
0.827970780926767
0.82844701387414
0.927974168281288
0.988484496127045
0.944612498966593
0.944660119036678
0.804495015909039
0.910509612879173
0.980298557892933
0.868141028476193
0.892375917622534
0.937263111707352
0.915656754396913
0.857449543873888
0.958696318484365
0.894732604642222
0.822657993661189
1.01686908482714
0.908903402075352
0.854216469448876
0.939453359664374
0.866529491699406
0.917771960672277
0.835628836802057
0.96819140260133
0.994478527663959
1.00557170479162
0.974396919254366
1.03719887834053
0.931033034497605
0.948991944702451
0.792353004079284
0.995517651731261
0.988546372328634
0.934202514482473
1.00333920616835
0.978480384751323
0.913009683871985
0.977966537786735
0.964264029542229
0.931448322692776
0.946501235781561
0.987368347150221
0.964023699802536
0.923944699433247
0.971077086538757
1.00673358827145
1.10679312890469
1.0899059549455
0.874175128072544
1.08296863692605
1.06944863810847
0.990697884206073
1.09737096137001
0.985486843211493
0.977188666886931
0.985013690562129
0.769266918270869
