-1.12371064934708
-1.090394940003
-1.02689023588615
-1.07231653789598
-0.956433283268377
-1.19682338568933
-1.06109158224543
-0.923339714453486
-1.03906008066849
-0.856949829933577
-0.91413257369173
-1.09016422908445
-1.01524647705529
-1.10839973553959
-0.928715670400613
-1.07026309690317
-1.01838667653499
-0.862251284567363
-0.935181998597595
-0.871297993942929
-0.906758856011295
-0.863326931040557
-1.03006685236974
-1.00699679793026
-0.976468697867782
-1.05378722945451
-0.883266813604569
-0.883733419291488
-0.84064600934599
-0.882675488915662
-0.844954744574973
-1.00370282353871
-1.00853115328035
-0.835881216545443
-0.930472022401621
-0.927116419994123
-0.936840717956877
-0.992460255219336
-0.827284373475671
-0.947327236307214
-0.961260872359122
-0.917238708990291
-0.920723347459768
-1.08487823088986
-0.718576327923243
-1.01018460594195
-0.889047602279493
-0.917492134474348
-0.924028107189994
-1.02008674762905
-0.722770976509757
-0.905798363719397
-0.869140177432558
-0.903732332363206
-0.867660848879012
-0.841939859116944
-0.918107417867387
-0.721411142091243
-1.01288943436179
-0.85369948009269
-0.920064136634528
-0.799314798332032
-0.835911247601401
-0.890439748833364
-0.735707700348513
-0.873999795999802
-0.918335956727224
-0.794015517986754
-0.806634755734792
-0.783573861255588
-0.819593784308937
-0.807684698564298
-0.910555057931157
-0.811299055810582
-0.850882172182311
-0.858047543234306
-0.863971172446383
-0.744118405860445
-0.884376309698895
-0.851560012345202
-0.935873842706893
-0.920338358831043
-0.850834254645298
-0.859209925844869
-0.682018529333221
-0.947019879559921
-0.816461244693343
-0.843836618191891
-0.929536128131322
-0.780690625542761
-0.851025456390421
-0.913375712089173
-0.941048309954673
-0.654961040562188
-0.815423677718672
-0.8565177680164
-0.738957144293129
-0.84047080138133
-0.88173125930324
-0.782180642008854
-0.9287949449377
-0.799509602540886
-0.753241486201241
-0.902930848885776
-0.734274656895907
-0.868425520305367
-0.857396246471426
-0.821429669775634
-0.764574416096004
-0.78892683327835
-0.752622177278296
-0.735284193617071
-0.654231198979971
-0.82460703391589
-0.713718071952832
-0.793152276885362
-0.824520126962399
-0.720740155314375
-0.651125424202383
-0.784610626189274
-0.688730306464268
-0.914007624413215
-0.672202246435949
-0.697142570118695
-0.695009874630386
-0.852054476262898
-0.776138848636042
-0.714493982189181
-0.822919629357084
-0.784510927900275
-0.67158516340006
-0.808872628640716
-0.701272799155064
-0.633006629117433
-0.723711691110813
-0.726918617996877
-0.75543813318746
-0.832272000010575
-0.733751616587102
-0.844221355397866
-0.832385649255986
-0.624778407765539
-0.634105606425991
-0.74941333943116
-0.608899793774965
-0.69990845215547
-0.542743885963664
-0.4121882099614
-0.659040403644078
-0.701925149768029
-0.62787122823491
-0.669993687278091
-0.717309576916189
-0.507408057455643
-0.583520319523725
-0.538587543827554
-0.657442903468888
-0.442422969363127
-0.765801260222102
-0.756506529195832
-0.564684225565531
-0.592121555837211
-0.591143229238167
-0.627900793970725
-0.678842602306096
-0.673866415792417
-0.753972110595264
-0.717682199462674
-0.629965967423238
-0.634215254418656
-0.550583033479845
-0.641027952818154
-0.623943571356011
-0.619043601252135
-0.614672109928124
-0.686485491751084
-0.699539431034884
-0.646093981531515
-0.530430710265875
-0.687182447568852
-0.645566338754785
-0.501229433789544
-0.674967730353672
-0.652959923685464
-0.513277984820186
-0.49955686447805
-0.70585478006827
-0.712270841481325
-0.600691532505059
-0.643950131560748
-0.63628988023226
-0.534959496669692
-0.64308550422345
-0.71081338243825
-0.639034453923137
-0.674230264581552
-0.618855976241093
-0.796878772748878
-0.534350293023322
-0.576251796521168
-0.495850279551694
-0.659891473558678
-0.47608088153814
-0.579589595987723
-0.690467348623559
-0.570080189063112
-0.601819667995545
-0.547405846584145
-0.601077417848202
-0.499159951951352
-0.528224783913349
-0.586691199957552
-0.61670364446923
-0.393347855112847
-0.425125599442212
-0.626335327067064
-0.639361902833111
-0.704133233966092
-0.53186863177138
-0.509933964523828
-0.592634770924339
-0.424048859487086
-0.46274078543195
-0.670080711152847
-0.458196194252706
-0.721555674758349
-0.425888715679358
-0.592212758613954
-0.601788250580419
-0.50629434023954
-0.441065643021517
-0.576366086750369
-0.571460146488624
-0.678927458616189
-0.664847594244895
-0.621331465939326
-0.465501962952647
-0.462497376840934
-0.577341300266412
-0.329616174573476
-0.449876713882684
-0.615130049301244
-0.417993869586954
-0.442358007069024
-0.539250709314526
-0.53251766991456
-0.489505068406236
-0.501222659539349
-0.373641427922767
-0.520268105990062
-0.431602955740242
-0.482291377228864
-0.474110868770672
-0.625635104931682
-0.635370935568389
-0.491077644457343
-0.538717332429356
-0.440800893812661
-0.434561610247018
-0.523222815583144
-0.465068868540932
-0.553564877139379
-0.467872860971945
-0.533109375624385
-0.468457240300465
-0.329618548367964
-0.556205958899254
-0.439178425170003
-0.598135055522488
-0.601089322269617
-0.311203672328401
-0.479257391255157
-0.47448591529361
-0.425131517336666
-0.40649529387254
-0.466978788608941
-0.501568732857782
-0.392088331801429
-0.477616823839247
-0.420170447066462
-0.513193388992637
-0.400089667434425
-0.316895604245
-0.476751038490223
-0.345169932109449
-0.484028384633455
-0.416937848375599
-0.403549462306117
-0.498383503630279
-0.33634594340674
-0.432341685796986
-0.357679931693655
-0.446596052357493
-0.404486337519708
-0.557194410727055
-0.614907810141182
-0.532249609574327
-0.381983519743829
-0.321487000705558
-0.459315095781185
-0.426597018717381
-0.45245701015824
-0.341885052380794
-0.344336594398562
-0.401031037897623
-0.34326398756414
-0.446738209452107
-0.430042031951346
-0.336453000933462
-0.331481349827489
-0.348842688518356
-0.424529372184312
-0.42745303651644
-0.40195880859373
-0.315175146913272
-0.384413103870977
-0.224167353270657
-0.309120604015966
-0.24690300220123
-0.339628549762319
-0.330627311658442
-0.24668969428971
-0.39835896581602
-0.174869207453003
-0.316670184917922
-0.38839181024617
-0.310976309197401
-0.248545538299017
-0.249189289045774
-0.34669701905177
-0.240257512041436
-0.335973996185134
-0.254360065238644
-0.345518185397281
-0.339122429736895
-0.460495689264332
-0.331023061130364
-0.199180218617903
-0.409287027742418
-0.435269139654915
-0.212779832148179
-0.434068084404452
-0.25924266489986
-0.306680989549324
-0.326569632239517
-0.35432140893067
-0.217965057577847
-0.246270582709115
-0.272941550950561
-0.404239193006803
-0.261858817192089
-0.285880460245555
-0.357539708275984
-0.402154787826835
-0.479162563564962
-0.14058963793855
-0.266306792472059
-0.285896959375641
-0.184164535454188
-0.273026677096315
-0.162142569176296
-0.27425479103979
-0.139401066250814
-0.304958748046598
-0.352023313154327
-0.303722467730613
-0.310825899655075
-0.0711149377154538
-0.235170155433482
-0.24273450594994
-0.280424090175487
-0.276137356045241
-0.272296360612012
-0.07918734248465
-0.32760168503589
-0.140152527800032
-0.483403551389603
-0.232701132467694
-0.0947640346972253
-0.0944836444797226
-0.400722412070664
-0.275562841813705
-0.0441024837952528
-0.342654370403049
-0.228331347744595
-0.242427825532021
-0.0711070868814963
-0.253852953029397
-0.241496119071169
-0.199679945564142
-0.170531540858541
-0.164158224857608
-0.0782307014447484
-0.265032164304079
-0.235233318935977
-0.231932510228975
-0.160016108089314
-0.206464354094382
-0.152591001959992
-0.232482742363394
-0.158907282487873
-0.150298430460173
-0.148563253097794
-0.20858992723154
-0.141028351478627
-0.0972206391766393
-0.212045298360245
-0.30810542007764
-0.164961105981313
-0.0222780262945079
-0.237386506950722
-0.3187225707377
-0.210039066810377
-0.0812514202740628
-0.162829501720084
-0.212180287588199
-0.126648619460886
-0.148025817334964
-0.201173494146815
-0.0796264335108674
-0.203723212725068
-0.0464411941518246
-0.239937712537711
-0.112775399646448
-0.309278173616718
-0.172115291408558
-0.095277024082431
-0.199226936205015
-0.0184179347111801
-0.159869858028286
-0.140370221270985
-0.373814224884892
-0.106463219661404
-0.0551141097028241
-0.216248047930017
-0.00429940476922785
-0.241042650522349
-0.0613274160490256
-0.130376374984475
-0.263759892567495
0.0461618190584759
0.0277399953368392
-0.150475960487131
-0.0979614859836405
-0.285686544121586
-0.0388390157332481
-0.11596306464443
-0.170525928547705
-0.246331237518222
-0.11676152200004
-0.115232169569146
-0.0931320540606955
0.0548828653940862
-0.028687143821608
-0.0907789361655006
-0.0727407363390183
-0.0279511654537936
-0.0370389906929126
-0.0750370789418385
-0.0904824682610052
-0.160414458726549
-0.0395575034212751
-0.143134557207681
-0.0548939084947445
-0.0991185819930839
0.0528701533210777
-0.0108720507141214
0.0768061752437033
-0.11252381256093
0.107850261913707
-0.0664565378254186
-0.144428309285282
0.00998427614603755
-0.00323330826279546
-0.138732694853814
-0.00194788191121305
-0.0124369645638242
-0.00652470592999013
-0.00391927983589023
0.018603542407809
-0.0135904064469582
-0.149164344820313
-0.127415167573546
-0.0673578347584518
-0.0072544572885488
0.0190920177408433
-0.0741101844404205
-0.0649717799603651
-0.100488700670722
-0.0455795474738457
-0.06361592505487
-0.112725109484365
-0.00109211955661693
-0.00199861335296985
-0.0283638861658854
-0.0210744722183208
-0.0596507758298952
0.00376952130815703
-0.0903563013404648
0.0522232168701458
0.0343992821826777
0.0128544750873825
-0.00802691658145645
-0.0270817336759623
0.0517770713307286
-0.0404228499562886
-0.101275415779477
0.173009850735617
-0.00364186984638911
0.0505943437700316
0.0834844717900712
0.0617403686805427
0.196560799220762
0.0214005208516693
-0.0581920129321671
-0.114054040928411
0.0417156785170367
-0.155785359778728
-0.0175085613632194
0.0894343151553859
0.0168406744926654
-0.033011052229958
-0.000672535509732965
0.0921376029300136
0.0266377265198655
0.127613828153752
-0.0217907783014918
-0.0670984147668963
0.127728565829435
0.1221474927734
-0.0399556335251524
0.0181930131828094
0.0131413827570316
0.118183637063898
0.067518512810026
0.102847320068151
0.124388486943696
-0.093955067800557
0.015978193457724
0.128833621009036
0.106352456237032
0.0320084335282156
0.109185828317596
0.133938493758904
0.0650918786813204
0.133862344812683
0.117941023219447
0.095495192293563
0.109979609342215
0.052830115292288
0.178844217870329
-0.0282991089728718
0.0135954300965311
-0.0651871214382663
0.0952753815331101
0.0470688871970217
0.117389328020423
0.132307103804986
0.0810567135606177
0.139138573611197
0.0440815586526928
0.158329375371994
-0.0518284791275703
0.159736495790785
0.0989932289785442
0.140363098720636
0.0532098263410158
0.102739947969419
0.101150110078809
0.209735250726039
0.242163331634004
0.178916590574328
0.215621299960245
0.128450347388311
0.145706281901003
0.300886713061286
0.0146547698938671
0.1223410053182
0.181248445589416
0.247906718277109
0.287342820846327
-3.12528661647943e-05
0.101989992660121
0.247094182394416
0.20448570228443
0.202940619647153
0.0542612875738803
0.0678358827870302
0.178899332556934
0.304556357279468
0.0938826666213047
0.189999511081335
0.132836410053019
0.189566512475725
0.0652400318070979
0.149132538742533
0.160386492831003
0.335656898699229
0.363197026668299
0.0518462085772217
0.120424957544011
0.316700630639765
0.140347060687846
0.17862069500783
0.190496425814659
0.19539354382423
0.192686331952716
0.100510918445019
0.312213013702622
0.143500088112916
0.200694244739989
0.336669574832937
0.160696065261586
0.335846289081667
0.395380969070384
0.198294008384204
0.200401845318169
0.329437702633328
0.429693433237383
0.217015679693059
0.362374828196009
0.273726255921048
0.0912947092884998
0.185741630226543
0.276516037061472
0.107343039231218
0.252194089725689
0.344577457964933
0.390874571155169
0.256885134056871
0.231420679462991
0.169665806394278
0.307427924641284
0.222929754877014
0.212876222507777
0.206175259761853
0.343827457702247
0.252051149459779
0.430604938545034
0.284305796594748
0.339465331681162
0.192581647368006
0.324743914183691
0.31026548613933
0.290949912618924
0.24493180379463
0.220690763107295
0.225098815278218
0.289952657743752
0.296426526227494
0.369444438282657
0.238507725063936
0.25441749162193
0.264259071782534
0.31488081134671
0.420377571037187
0.33062410936248
0.35788065581574
0.408709656203235
0.298311462426051
0.304380241047483
0.277830832592913
0.319520926781332
0.396086029288346
0.342610202293678
0.211693350570076
0.359659302407137
0.468500512333907
0.423505941269471
0.255558933113969
0.336721120530989
0.23444825263509
0.337293159423212
0.306535818371579
0.450436886737084
0.231762113434172
0.38031484992068
0.226667131699142
0.309309636911964
0.238958021239432
0.345194775211741
0.356669703089278
0.39485725417999
0.423646562258566
0.384425593291076
0.394143493938725
0.452278262039751
0.309897058205607
0.455347463701322
0.359582371519312
0.361415964714021
0.48212972530079
0.455761463407423
0.305644724495073
0.417198749313916
0.342613761282328
0.384601777149981
0.404973156589298
0.500396739596606
0.387075517306713
0.355323849451575
0.516291968283908
0.376027298595319
0.417561119672786
0.425982774069369
0.317423730724833
0.33117567238976
0.376017176911866
0.465433204756042
0.436757660148423
0.47030371607158
0.465500783275935
0.45721393577774
0.522539030550345
0.417827893707324
0.370616928889547
0.521751640554412
0.379578898916398
0.519124693459553
0.529551510974947
0.477560652327707
0.586922662811508
0.339734774491397
0.38007798415413
0.237601330939166
0.471409804442984
0.374860953756919
0.404019757345829
0.492865693331376
0.577902671949072
0.46615374691624
0.39476252637256
0.442889310768126
0.536133633138145
0.492761941391053
0.514814722153982
0.484465967102113
0.468333992059023
0.57191399129324
0.648245529552128
0.403272558028751
0.595917352936711
0.48445786258265
0.525107610085652
0.561837256107838
0.480907998530804
0.507462855953588
0.546687541021576
0.521504505618079
0.582071665670968
0.433076708507751
0.508749659963073
0.528788974635698
0.398148150235377
0.529710092147281
0.435038680524418
0.587428092945855
0.553448490454133
0.653410277956299
0.531299116422211
0.557582900098092
0.407835555845654
0.491277205811418
0.368619322233835
0.503290748465821
0.601032157945141
0.502263271112664
0.682839083233747
0.408133946094564
0.444466203921994
0.538062076804075
0.654551365734388
0.426493299689819
0.542892911130412
0.535182327032059
0.473141766541187
0.538765709967203
0.586007287873734
0.601044765257907
0.610334853365613
0.585562192023545
0.592192003425515
0.614104787958795
0.584632385506981
0.536065972762512
0.605595853191901
0.617030475269098
0.473932667660253
0.747180361289629
0.584757413390624
0.498390110284673
0.562306609108292
0.548399027100657
0.537949548454755
0.655457400286814
0.758099787203484
0.506778545461797
0.608440664943368
0.525856060365829
0.508222608413927
0.550590070182555
0.528722230296122
0.66737828310069
0.568336301012121
0.713419277343762
0.565185745889755
0.588302111883921
0.713171058441301
0.5111727870621
0.609949658916808
0.494419555553365
0.499243033134628
0.546310274963651
0.507798594135222
0.629644518467777
0.716404901566944
0.712736458256989
0.701853118787514
0.652476547209379
0.616912757971487
0.597089234070459
0.736585411031586
0.531803573497945
0.583663610949281
0.674923710577516
0.587430723571502
0.577342832725956
0.617198057974684
0.71673060186414
0.86331657028939
0.656841163255445
0.660971840844631
0.695279007529625
0.72185031995412
0.582337451545944
0.71270119866904
0.585908552409475
0.698826085409466
0.579331794249366
0.665160354293255
0.645960603473859
0.694459046444153
0.860874742606435
0.526790781938957
0.666834959586614
0.693610207428181
0.782392835993881
0.833693962072273
0.599310696761065
0.719532874323409
0.69880232277455
0.836577437966867
0.726708035952554
0.837644491696565
0.760188898075839
0.726998577158046
0.669949188188439
0.827841316202238
0.726024999467849
0.835472540038614
0.711908279323064
0.74196918887598
0.58213213774644
0.628060567708545
0.762961239177741
0.770215778176292
0.714959390832353
0.813791783176578
0.677912860233408
0.746294929241181
0.805071064151082
0.690609854686927
0.7236801038361
0.640118220812256
0.789418216702967
0.766797437874124
0.684272627886666
0.672265056670065
0.706975631880077
0.660216949662814
0.703566051216655
0.646573220074488
0.640880188157927
0.788172304605629
0.724626217165975
0.762104696107657
0.765188160913234
0.64925673793543
0.642623697366521
0.698858363833077
0.903371226367562
0.848156385388092
0.738473022491121
0.756353550692357
1.00382553003367
0.783953501742413
0.741629913154527
0.691423663493059
0.732702239173129
0.840979633509418
0.834990926099262
0.770660114619815
0.894005938099257
0.774341518872873
0.755993836508495
0.732538026565406
0.806869298576359
0.649579560033979
0.884969462656485
0.618123657570749
0.865532260682133
0.76078641927376
0.956016433623572
0.953005313813205
0.939040798749437
0.891486675189977
0.783790174713447
0.873740949254674
0.722444956629158
0.84981206680684
0.778759843653299
0.813492921667506
0.855167902339115
0.805945525643283
0.690633319140944
0.958951338753331
0.848276657056496
0.890483250082413
0.842790506548829
0.879702045895333
0.87510547470935
0.916530175509341
0.933515161874793
0.791465650650716
0.884425730956739
0.919574390646941
0.873143820932366
0.861296527364173
0.973555968839138
0.957589315542697
0.789251182901638
0.905297677066349
0.862500789281259
0.892629828838048
1.05449972368549
0.84368875292883
0.802503246135324
1.02145540286339
0.9433792650925
0.914744341448365
0.947719189943827
0.978002476664682
0.975808924435898
0.855609243783587
1.00513981873183
0.890196424502297
0.875671329512702
1.03367995778759
0.886798233746723
0.974939538146701
0.904803569758708
0.799441907863475
1.01335905074955
0.915921854961658
1.27979176173652
0.881298564935354
1.03194434686947
1.06615205482838
1.02149759385154
0.869494568717739
0.951583726139149
0.874529041698659
0.881640886799081
0.818330181540017
1.03889415144085
1.17324279580471
0.979002683749396
0.985214631727365
1.0395423028913
0.961447954191048
0.893493910628014
0.958574504161692
1.07069244796858
0.990169576808281
1.02146698475323
0.971632412665403
0.933505484690958
1.06054953481983
0.869931067515646
1.00290036346683
0.928716449160912
0.878791325583529
1.00338625456938
0.763003067869027
0.873089868564417
1.05631203338708
0.971781586477755
1.1129323171815
0.960759598757365
0.951544715851369
