-0.998783573687404
-0.876662692423673
-0.875012370991365
-0.925064488895415
-0.77951551641218
-0.977689831215364
-0.973473448074462
-0.964143737637164
-0.960614511302153
-0.93020503144204
-0.822891495830136
-0.898646833442498
-0.903333859416163
-1.06769964903917
-0.923257056727827
-0.932591993602909
-1.01699118287419
-0.918956237928195
-0.86878461486019
-1.09738316355724
-0.953372548829879
-0.953299081369039
-0.805678127821445
-0.942341134592206
-0.919821708901965
-0.997387199021103
-0.907084558365631
-0.910937974927362
-0.937656455799013
-0.874254014211455
-0.978013712489594
-1.14881729594939
-1.00369258193574
-0.928570153053344
-0.960745311147675
-1.00861233553793
-0.93326271430087
-0.886028621135792
-1.081340719661
-0.908697326016148
-0.96878860463849
-0.819397525820353
-0.856524374622209
-0.890551597970525
-0.829689867711211
-0.980856261955324
-0.967351408781078
-1.04360873744173
-0.928093055188391
-0.845997336077911
-0.926985429861387
-0.927969373071747
-1.03313146158275
-0.962101673926906
-0.695567946074413
-0.795738387112858
-1.00473999673772
-0.851029549429636
-0.899674138196424
-0.784674686533326
-0.793816125117038
-0.932420263486233
-0.675514932235652
-0.995826831240981
-0.998222549788324
-0.777445821327447
-0.793317335537246
-0.867330730139882
-0.871023608676057
-0.838885552502218
-0.811728248814456
-1.05202928970366
-0.945210893003152
-0.818990407821761
-0.887345775371568
-0.769590133582049
-1.032236695269
-0.761467839647171
-0.780863183429733
-0.749331531342375
-0.787649451506219
-0.949281689177696
-0.730571019922222
-0.783496351757059
-0.906751953658343
-0.875742349732749
-0.667157608574066
-0.821849884382503
-0.778722581290361
-0.774972663360051
-0.941106826990746
-0.603873021858506
-0.780421733354906
-0.837242123356316
-0.703287999461671
-0.823712341539674
-0.863164181889588
-0.872909665620535
-0.86208697927504
-0.584347792362418
-0.870660702244902
-0.70588275258165
-0.700774810912712
-0.75066516653583
-0.982857633770098
-0.904477551906558
-0.798687356964993
-0.675148367926599
-0.723671097830866
-0.906525319045842
-0.627980368007411
-0.698030402064548
-0.779977480723094
-0.787785873537132
-0.812269304585578
-0.758899181668833
-0.751509891195786
-0.744350315235087
-0.822171108318676
-0.869632482410316
-0.717956424162154
-0.782491456851396
-0.789568369259016
-0.937422305574936
-0.787153446787669
-0.797764611277579
-0.748987389187987
-0.758056446447599
-0.643652284444124
-0.797927666738211
-0.760437926419628
-0.638921936178387
-0.967807529267663
-0.741236236913523
-0.725724415518959
-0.814998286207085
-0.54970165814933
-0.653304723300736
-0.820193710646787
-0.689920611163514
-0.794005137069076
-0.720207928893155
-0.754270273867359
-0.714891454059348
-0.733545498699516
-0.740442538028314
-0.501902168963034
-0.702537293083456
-0.767710624698968
-0.677047151250497
-0.676761011192343
-0.566567082800152
-0.71945690897978
-0.869853291110687
-0.605456531051925
-0.664612157416952
-0.593780022213293
-0.62609055993409
-0.79578339501897
-0.711258588446594
-0.775111622863418
-0.647855922292217
-0.580815915132464
-0.596121795271751
-0.66316174656745
-0.672004603960645
-0.68006138995705
-0.689865876332674
-0.603689779378684
-0.640820776220133
-0.529286572254752
-0.620033698241898
-0.606825887510453
-0.68494798204928
-0.633104045166536
-0.763005161614984
-0.503245270561853
-0.606350550121461
-0.686692061183593
-0.541949732192964
-0.661521380404805
-0.653704373698013
-0.638076598603947
-0.682978247363519
-0.574763903764904
-0.70064349572207
-0.757282140997064
-0.425863088289265
-0.556459275855491
-0.530777769669665
-0.620911442768617
-0.655772437823695
-0.664198208070137
-0.641449445807916
-0.561201278123587
-0.67997910640431
-0.684331804894066
-0.609951922142103
-0.646278982658254
-0.685872697212356
-0.655974472606817
-0.521087593809413
-0.611066392405643
-0.437180238012622
-0.665327699764638
-0.610137445685786
-0.568854868702097
-0.699598231891465
-0.570697788909581
-0.549140326140479
-0.488207729620002
-0.422347543325058
-0.456264134058736
-0.509001992668073
-0.557167590132675
-0.724637974046297
-0.50035404579795
-0.50468642726079
-0.457489005368851
-0.643040140308031
-0.693608561410247
-0.497239591086341
-0.606187511703405
-0.579031321083409
-0.546228184707498
-0.566371679010391
-0.561836113456566
-0.639909049170405
-0.628060760781802
-0.535067383330381
-0.405323066487746
-0.516485064069431
-0.362865322383553
-0.579625553831184
-0.52580673898896
-0.579019320278285
-0.398180865054267
-0.71737402650646
-0.66650196932536
-0.527233755621169
-0.606977052143953
-0.536570725331336
-0.505505488197179
-0.485184179344169
-0.473382924876973
-0.564442569885629
-0.376994274565988
-0.529633247010379
-0.477780114955732
-0.353795634384476
-0.573066420247435
-0.440958989605856
-0.463956911263955
-0.444355818185235
-0.577896013880284
-0.512557672802758
-0.555560544444677
-0.458820870462707
-0.652975410659532
-0.580925584818691
-0.408839968207183
-0.431250302010044
-0.549640229122369
-0.41211253160452
-0.428536652592506
-0.546744611985606
-0.527313127157921
-0.368574071142784
-0.659943547417629
-0.518299095976079
-0.515407348907658
-0.438687639496229
-0.441233256637036
-0.418544679965932
-0.379349797860383
-0.417449854434041
-0.516961869217042
-0.397797122751672
-0.514944604671537
-0.626232620541089
-0.400432250813561
-0.490286846437969
-0.439994340491128
-0.373766739882248
-0.490261868253817
-0.535348325280145
-0.479455710601571
-0.429890325631354
-0.441559845421159
-0.584841013384041
-0.387443424123502
-0.421112400272509
-0.495551905137201
-0.465352310514661
-0.469035881460142
-0.332419006848914
-0.568630189775218
-0.244355389906278
-0.385859908497057
-0.469687209497034
-0.407563058879384
-0.441363603808511
-0.538939768314127
-0.350672604086478
-0.411798594700899
-0.425390135249849
-0.302128318736539
-0.549241019109999
-0.402642750788134
-0.41997500077601
-0.372580210460655
-0.406515012581334
-0.441865225874478
-0.350946035412427
-0.369417306015313
-0.371729094523312
-0.411426290366349
-0.408286590200086
-0.405030122831979
-0.347357041276619
-0.385306874328098
-0.410650675759414
-0.309453470223728
-0.363571541669231
-0.392447024236008
-0.568244736157681
-0.344870493209097
-0.247453998645697
-0.388999538246647
-0.315188409842955
-0.381691945630167
-0.376069051668227
-0.391513190306796
-0.437367794406741
-0.456672710217804
-0.443766924196425
-0.310901722953822
-0.324881831028568
-0.41581261038025
-0.404141375116418
-0.307646197055898
-0.167813917742354
-0.529564780681649
-0.23788270105161
-0.310814974721669
-0.199962908917356
-0.157224362206705
-0.257323693786114
-0.319470343497453
-0.328060717177506
-0.371959488093603
-0.352536520226731
-0.343323390483447
-0.151800986392716
-0.385575379618208
-0.475232390298638
-0.330133892958374
-0.318057842044526
-0.339299825680886
-0.401372766895653
-0.134771543789892
-0.371623342478174
-0.366864806602544
-0.373968068061906
-0.190998118568804
-0.299149445494299
-0.277600504709636
-0.28283715039901
-0.336873597398887
-0.297738503007591
-0.13744268918741
-0.294096810885873
-0.234309290851985
-0.305147810215173
-0.371791881493492
-0.227167253295133
-0.279194061661237
-0.293955352681499
-0.217213608229779
-0.31168686961675
-0.229132152330584
-0.0725504482619587
-0.0957349691773656
-0.165510646954626
-0.325584236353983
-0.253228317835148
-0.182034197838369
-0.195083352910491
-0.0589396929312797
-0.25303740232395
-0.211814540755542
-0.30030056896413
-0.219728918308778
-0.216888407065697
-0.245016524670002
-0.251568947306776
-0.237683824310236
-0.229943085045993
-0.232318390265802
-0.0940902218323112
-0.31441782967459
-0.255486417743791
-0.189738940273906
-0.224929863594674
-0.20282119466163
-0.177061442612832
-0.152397988192124
-0.389748570615496
-0.222743064027477
-0.161197034885334
-0.138585100477989
-0.149270411470231
-0.224252828440694
-0.174783198382425
-0.147522891567745
-0.137503857652426
-0.200742767662724
-0.217145677531938
-0.136291852095451
-0.211115503867199
-0.211488916763767
-0.0750936066580623
-0.0986491729590815
-0.142379360085691
-0.12698899188457
-0.187333212155821
0.0463740523218565
-0.259261678297937
-0.234802928464858
-0.154205762938282
-0.0892803132858984
-0.202020582169577
-0.165211043911921
0.0787130425209542
-0.0664030418293207
-0.212072423665869
-0.210442291120261
-0.130496391150764
-0.0447536239035687
-0.171054166767833
-0.15287432443711
-0.196720977109522
-0.036772898155642
-0.0032216813324081
0.0138371131839015
-0.169197266937408
0.0310058767251315
0.0282802500679945
-0.088671710959509
-0.183477191277636
-0.168621141318317
-0.120094389393445
-0.033533783827833
-0.0899197798037491
0.0870665844134343
-0.120620985353485
-0.138668252113122
0.00284091899102106
-0.0400857698882428
-0.0719263791736087
-0.0473904462792369
-0.167193494585203
-0.206079523768074
-0.0655266258643994
-0.161654374933405
-0.0764014010432057
-0.0880878995604704
-0.201795250790441
-0.0434709698511381
-0.19019227477159
-0.0014977620604786
-0.0308513128101541
-0.0363549432997122
-0.15337013081994
-0.059237802510751
0.0245648174813748
-0.0893794354475876
-0.0203515406281505
0.0817188134402607
-0.00129555549902456
-0.0569641724843005
0.0223766118830156
-0.120187315075997
0.0128627063880014
-0.0383981443216474
0.121807300953452
-0.16184265680999
0.004814785965613
-0.0786393581109417
-0.068855826991746
0.0284192588968054
0.0378563515120584
-0.0563553034833672
0.0243698620577215
0.0533801398863753
-0.0837742502976039
0.122725882407898
-0.0417321095599128
0.0864066256985072
-0.02959298783749
-0.0190034968387985
-0.0294984724141171
0.144759031771114
0.0407538588769852
0.0135376774936666
-0.218829824123532
-0.049711081927961
0.0660744955073003
0.0041524486551392
-0.0546588413879511
0.0801341609795812
0.075614480315063
0.0744235599554104
0.133903113174063
0.00903696024909982
0.130876353210039
-0.026828981692294
-0.00929938321563822
0.119757151843419
0.0808206045299688
-0.0326053228693586
0.0365473331156736
0.158187047963391
0.103243114467717
0.0587934108878245
0.153879206251245
0.0115747802836185
-0.00729277433642517
0.00260092189578635
0.0737255290337411
0.0554205562989867
0.1286478927656
0.235087059686508
0.235811177252203
-0.12091394944864
0.190294627751533
-0.0154170451463701
-0.0040597845479846
0.11557631379448
0.204877721492891
0.0199289041575644
0.237684962341886
0.00279263738016846
0.0459054835189397
-0.0798325465939738
0.162963445417194
0.160570024759599
0.130684368888366
0.0310783274842403
0.0974485530639235
-0.0564103479522042
0.000180678007868139
0.0652566799665137
0.274224940396785
0.0980052441720972
-0.0072690159750279
0.25334372441706
0.0763162753143981
0.0821574420699471
0.256049458378016
0.138094012489537
0.163095620912689
-0.0322686322801099
0.0271333741604562
0.0152596788760973
0.207627783574347
0.0864668833392093
0.184023201523171
0.0224602591528435
0.132845244691212
0.227716830341681
0.0667217602895078
0.0999027655337626
0.208183961175879
0.230937842423041
0.130241229484476
0.161188802440735
0.124431281809111
0.101546675296029
0.189384508179603
0.246538618130462
0.202911194211041
0.0888907604797369
0.13668266989409
0.0872871355440113
0.0855947616168492
0.17139438854793
0.274358451380942
0.176126126459096
0.195282489464188
0.0260889590471052
0.230863412289273
0.185540792917205
0.161718655425523
0.150794565576116
0.0823002751791846
0.20244764820837
0.203662867327365
0.299895310250184
0.286513005512363
0.249236829070315
0.142879245924865
0.147825657323029
0.14054431777815
0.152395960366208
0.305267769650617
0.195235397917663
0.319297630041452
0.349906875598769
0.374365293661457
0.130390268588424
0.203190516257862
0.248473186793554
0.239045100046584
0.0916208154668442
0.241032834340688
0.203057203321098
0.0635448624966933
0.285897813899895
0.136050820273651
0.147574046035569
0.250132170385701
0.261796581084457
0.28270474188132
0.410739210293517
0.122171772721181
0.321534128173778
0.290622759443864
0.199542653078135
0.131785433684587
0.195260388591034
0.262133466752863
0.214681634029223
0.324911783637283
0.220886058873909
0.271580008951717
0.40032160208651
0.276591513273747
0.120314705849319
0.201031314285996
0.198809018071384
0.340013283588391
0.268541450990524
0.359500881547442
0.220546491723377
0.300606295571922
0.303934638433937
0.146424100779985
0.260947584575272
0.315547844138048
0.360350661675704
0.130753932628892
0.269905100261829
0.27133137662141
0.470528223531372
0.360430024785292
0.373540135594527
0.501696289352263
0.363656842298543
0.301708078047329
0.251970901888798
0.353167665961974
0.46761277665103
0.288809688450068
0.165877684232399
0.408658358285193
0.407016069128289
0.364503573811531
0.344307414295308
0.228221663254497
0.260802439524555
0.374702331952516
0.343805620348306
0.260911398309014
0.325997636019003
0.503562510004007
0.471005619731036
0.269486720284235
0.303997356617394
0.31058995825505
0.274989539646601
0.350022777263175
0.249186111055842
0.429676368417542
0.365580014708687
0.332804516700624
0.442022595798638
0.422695530262736
0.407872382598676
0.486592930656235
0.54432816784344
0.426760018856544
0.287854633789666
0.3610685307571
0.362774894957705
0.431195654950315
0.348432658335935
0.22146073578847
0.311156243685163
0.44672082731517
0.381255232485971
0.431540681830762
0.438396381106787
0.456021319462321
0.350319148158551
0.441121628044227
0.276828994718817
0.415452568593595
0.376984515623889
0.593977012516902
0.54730694872786
0.372752314315204
0.274398455322223
0.362259968667895
0.454651990815874
0.445710863817455
0.409385308994499
0.394308080109101
0.480407098516946
0.604416726710825
0.456182388598267
0.538134566848268
0.42943296437601
0.279437120702686
0.535984631373328
0.52934374151815
0.475232177026669
0.42074001672301
0.29694356851862
0.290183869638765
0.382617161813347
0.504948762220505
0.448416227461967
0.438823520760603
0.35117997654659
0.354432663802569
0.45528806298542
0.551305939378616
0.49078570512542
0.336597975001258
0.480708256826851
0.377105527383476
0.387440966383473
0.391978664729983
0.550326754129124
0.560274461036247
0.301438969077887
0.395407471648643
0.526928792966262
0.540361680192701
0.498118156171903
0.510735343570428
0.432038453905129
0.460817322727718
0.609438842631123
0.367138249370814
0.625020388679663
0.500098942775593
0.377853935078634
0.445435214725311
0.605241810914391
0.5760706782122
0.558086894958476
0.484315558001183
0.488069523830101
0.621044178625857
0.538194930593481
0.621681096447046
0.600417567349222
0.597535377713556
0.476972097296225
0.518480692139273
0.506793228634956
0.506279359088764
0.775629848491173
0.587843226893948
0.498311279272166
0.410259001210619
0.532661361631
0.661797468627149
0.504840202274745
0.66818993037846
0.481869637761015
0.588134404056166
0.736370168897959
0.629981027467694
0.591751582230505
0.68045772934147
0.622969529452744
0.569940892848512
0.766789673178551
0.501460839653419
0.641433688338141
0.545091105170381
0.579682614195649
0.551671141638542
0.672113465723839
0.64889713411819
0.613831549047
0.543052737223966
0.599720675530483
0.485046593272744
0.593748002015367
0.715044075707998
0.578685422751213
0.618995985226882
0.582287645254522
0.499845645307648
0.657647124163522
0.589865332925048
0.800647441386738
0.623462076551517
0.481313132849763
0.623739918212564
0.573664276520397
0.723247289287097
0.580682342609063
0.707115173550326
0.650549327886146
0.773731748504743
0.678837759382344
0.726378830311403
0.639244777852429
0.726353975468707
0.633787520958621
0.559528355615066
0.736511357406075
0.605081212553251
0.677867441971538
0.783469521516999
0.737658423790274
0.731132338565034
0.716412937628405
0.622308389813117
0.500279576257392
0.716727754295232
0.59732313781823
0.594531645141254
0.813188178956844
0.693889264403844
0.547741140488289
0.533655716912612
0.801117560580244
0.527551851758497
0.719504394833109
0.604095613155529
0.868991839311782
0.739167315024122
0.70236345583934
0.72866512974336
0.680292245160756
0.761558742034896
0.844382307182801
0.624963195768785
0.738396272424207
0.837926237074142
0.862513459757758
0.72376397003144
0.785521092787534
0.829945377072113
0.67021046235209
0.816561857988393
0.703365712889994
0.688104029786231
0.721205262170764
0.805715409781473
0.795611515494741
0.671943874228684
0.755627053304541
0.708379504025225
0.701172678550834
0.683469531198516
0.692112909081485
0.899087930899577
0.836016643734255
0.721922490730021
0.791973271615745
0.795827732359639
0.701972870337043
0.787385958699755
0.819943482364874
0.754312733510472
0.872884344947306
0.82267654966713
0.876543978112031
0.862893538717185
0.654586281088342
0.796991598102548
0.826377657450308
0.729732691778295
0.906041898575285
0.721799654743176
0.876284190686521
0.836607811020153
0.948951188470782
0.874628078835037
0.856215954076729
0.726243035222517
0.738272690365838
0.75363884530746
0.861182028965438
0.878614701376885
0.721510188740484
0.89320496914117
0.743419918876971
0.960974025675378
0.895031957529725
0.690367073975515
0.898757197112632
0.756129893417215
0.680489300377227
0.729555867514118
0.773620848136332
0.943701841948834
0.964995953147775
0.917786123319019
0.793278140043181
0.778297548418323
0.740497256940378
0.964973751128866
0.820137202049015
0.873479158744852
0.810570256522431
0.857721602513215
0.792413572272203
0.866335918344192
0.860624885550432
0.803631541003057
0.800328339128595
0.975458624291486
0.751259703159401
0.982556087901886
0.8806704581805
0.833013197140389
0.80821199154539
0.719016600030686
0.730537594074828
0.896010770452723
0.876959572625327
0.871743054769753
0.998370299546156
0.8640976220736
0.903851490591728
0.962310720535594
0.870359442462051
0.776775402900679
0.909918092179791
0.875758579616175
0.941288777604747
0.988535608198884
0.969211013086949
1.05392652596887
0.973619475487071
0.979160463587586
0.879569809519464
0.967721105237073
0.980420482011639
0.897475815238124
1.02369309091773
0.843765641289619
1.16324458674626
0.977200635512387
0.779033027063991
0.965579962348938
0.912074754575263
0.75650681670832
0.881985751084518
0.952407507846297
0.914834973177144
0.789837358873183
1.00267867191249
0.97409353161442
1.02761620250211
0.932241241844409
1.09281600955221
0.825963400855354
0.995774727629205
0.901643718243938
0.851282724609256
0.866384323540525
1.06119634661111
0.874210940987406
0.974657842366499
0.993278408598362
0.920760863824413
0.947589725450962
1.079456784956
0.965725888668327
0.924831876805334
0.925112613196221
0.981938898464534
1.06000439211392
0.992719882000016
1.04741939762786
0.902642618605476
0.94402306772823
1.04995148747052
0.989519453564317
1.03854276305783
1.01131694648288
