-1.07074194810799
-0.98931555816044
-0.890441963098247
-0.966250767860957
-1.07193319733654
-0.892405203025154
-0.921617555570609
-1.07024093200693
-1.03959474725271
-0.891733572187955
-0.826301818448908
-1.14096818958967
-1.03102693890216
-1.04808437352162
-0.880147430388143
-0.960520827730212
-1.17813485329118
-0.966492596787352
-0.944101988759668
-0.827339154791748
-1.02225962983005
-0.868216486652575
-0.933807671781098
-1.03988522442819
-1.03775305433959
-1.11892667977916
-0.92928119117808
-1.12356596983348
-0.935701484076929
-0.860557127255916
-0.992345273931195
-1.06100793850924
-1.02324447974193
-0.863655715502012
-0.951812963768275
-0.976139307317327
-1.07345983926961
-0.895146807797461
-0.926949039928414
-0.946877222664549
-0.907046294452037
-0.889301590923873
-0.825556515053963
-0.841005054885848
-0.925969871136049
-0.953306294278904
-0.994729027231316
-0.911511502160579
-1.0268838144807
-1.0321418605567
-1.00196168435591
-0.864791959599033
-0.896089435673899
-0.870260998711838
-0.928769298960102
-0.896974211133575
-0.878292606677327
-0.997674117250974
-0.776533709270811
-0.912389779201665
-1.08042984253953
-0.999898989057193
-0.717792309528215
-0.861786533103208
-0.771288983328349
-0.812830006127686
-0.786437172863444
-0.750633496349727
-0.861559965473102
-0.918719441664919
-0.936858073347578
-0.886110504533316
-0.848300038901769
-0.865710001871708
-0.892363712974432
-1.0362986470116
-0.755752527466561
-0.830914924144623
-0.992210054528232
-0.720448848589371
-0.874534703520659
-0.816247541126926
-0.77404785148975
-0.793250728979287
-0.848038965133292
-0.849451933521457
-0.79784206478621
-0.815812518557055
-0.860703257065894
-0.807712457603918
-0.864155557570752
-0.851299452167392
-0.759286280196319
-0.74134340201579
-0.764885981383983
-0.849211159002297
-0.849157603080916
-0.746506392644915
-0.78468738622482
-0.872214713521138
-0.931627240058798
-0.749111994231741
-0.839625871031112
-0.937807815131981
-0.760666643403449
-0.810568337296743
-0.815330400996928
-0.760555506424411
-0.804498416655622
-0.900799916717821
-0.739367025814515
-0.707725968265371
-0.797139507056172
-0.785337502059392
-0.758661848631274
-0.695317564248707
-0.713735556478935
-0.848815926539412
-0.873885278259354
-0.787352790936794
-0.732439202821594
-0.681041746633385
-0.780384055529676
-0.685743338391632
-0.741803514522141
-0.593996622826604
-0.620102546100936
-0.791668927714049
-0.723955796759191
-0.764219005282739
-0.72527377320162
-0.700767384564801
-0.808409158606015
-0.749252322787286
-0.652049271788161
-0.819378382687719
-0.790997078110714
-0.803403863108295
-0.71217995363116
-0.665550859707147
-0.73366849026962
-0.856593477451094
-0.770794443205488
-0.79787464039577
-0.7462124438619
-0.790158904093163
-0.684035885009867
-0.653592002637162
-0.525361102997302
-0.717738449549302
-0.690392296399303
-0.706799703980872
-0.716362957533108
-0.624153768589895
-0.598567993996712
-0.626340968292198
-0.773678971786039
-0.759930473852087
-0.700533525017037
-0.749506464080042
-0.866905087915722
-0.537590686383907
-0.736903674430783
-0.736412197122343
-0.713464539348242
-0.642324509727592
-0.715725675234323
-0.676149384613035
-0.712796381872357
-0.681295442982889
-0.693939183795229
-0.579164169914073
-0.601034162390512
-0.650516631523512
-0.698769659003864
-0.550071281282976
-0.864556974700036
-0.687513481162807
-0.720984614056036
-0.675486406234976
-0.653281398216792
-0.644962710912965
-0.6582083261195
-0.681878289744322
-0.522852380513807
-0.715234634216547
-0.561744171008327
-0.468000109243275
-0.589558090027064
-0.574903584497361
-0.564579396258106
-0.654684570153795
-0.609361830332475
-0.662112061003137
-0.643613042115102
-0.68005247616555
-0.64399395705765
-0.632453153030358
-0.551792795894215
-0.574303694133249
-0.658089531694143
-0.611260839882356
-0.686379244787956
-0.534846208013018
-0.611368573115912
-0.628699536172318
-0.531404271773975
-0.663514153992341
-0.729855850625054
-0.71896716310097
-0.623516952459307
-0.658818100055945
-0.6633512612198
-0.450289663065442
-0.481149593734946
-0.652091771111353
-0.449473889847499
-0.606341881880779
-0.432994837269166
-0.706118106480652
-0.652247233649645
-0.535443010422001
-0.599873067736462
-0.469998310838531
-0.500749826549404
-0.628571861198809
-0.589315787611966
-0.481357539472749
-0.347860410552675
-0.566391902207093
-0.416018756321459
-0.518607890888492
-0.679294292623465
-0.40915416525794
-0.434445915859143
-0.555716889675095
-0.363381735960026
-0.760468534692545
-0.561461927064771
-0.644701652482056
-0.580562012309319
-0.503929982136819
-0.581437356143292
-0.402716138427762
-0.531877154650968
-0.513276193185601
-0.578556184010568
-0.487860842286612
-0.65592437211401
-0.648763774058838
-0.51562970488827
-0.509376626622163
-0.637385214535671
-0.45773874564603
-0.466571160813277
-0.513720040922083
-0.629083021672991
-0.434019194797834
-0.475352839161037
-0.476357722754621
-0.564620318596883
-0.455480721364356
-0.29809701659099
-0.663423503773466
-0.468271625249937
-0.577789844312822
-0.408580116506357
-0.507171013285775
-0.485055061008026
-0.544910051188734
-0.440891031504589
-0.284810009604005
-0.585127114244802
-0.534498520896431
-0.475795079697496
-0.549561030378598
-0.418646717677443
-0.555269423054578
-0.505372369560667
-0.462130144812132
-0.618646750045421
-0.537098167273124
-0.336681504099505
-0.457313350919179
-0.381209807781518
-0.420669685113797
-0.306238548017865
-0.597049328207898
-0.521331981487172
-0.400812141376558
-0.411329956360402
-0.509918404850385
-0.244159132319082
-0.358828930259741
-0.25422984825633
-0.44624818489585
-0.413601508495647
-0.488164522451629
-0.513999681701485
-0.327416984600952
-0.466639543968819
-0.278661762104076
-0.32624024375677
-0.431637705178092
-0.465603001959637
-0.363873460136323
-0.255385737292085
-0.402110090669698
-0.434917317069386
-0.463759177324614
-0.436321528060746
-0.347010224546191
-0.310305149630322
-0.399044649288322
-0.456899687853128
-0.299331889414774
-0.387576456471306
-0.331461782415565
-0.452903105065711
-0.323109086956112
-0.35701675977387
-0.445187495491593
-0.400802884109211
-0.468080419513641
-0.300179611007495
-0.330255140887363
-0.384901269782663
-0.505130246974543
-0.355611436663064
-0.177705969822682
-0.317775521793439
-0.214116808243966
-0.435451098547192
-0.279597163087667
-0.0304374417665465
-0.336944346125644
-0.350251824217364
-0.404337947583563
-0.304554208312591
-0.345539397925426
-0.307833975253075
-0.304018482820233
-0.115584037629548
-0.331436315190052
-0.162844390152664
-0.339209252667344
-0.376676077715913
-0.262890510764979
-0.307961425149199
-0.25727779354572
-0.289184311642389
-0.288001448639376
-0.28353891010173
-0.364949680901755
-0.1799368839956
-0.233322169024985
-0.328266734927502
-0.370283778507703
-0.372444330085955
-0.331344069106947
-0.324664618009695
-0.343577134399691
-0.425819567085236
-0.144933290961424
-0.274026879602447
-0.268313637946406
-0.221647039549917
-0.266488274621931
-0.207999753322292
-0.31590597378371
-0.169263598531306
-0.22988212412624
-0.274916769356967
-0.251019769731523
-0.233155530965282
-0.193984463594858
-0.286488783138407
-0.341722082307751
-0.173102486008741
-0.215905836841675
-0.335887244515601
-0.319732689203314
-0.12726022728753
-0.218281425025204
-0.139516453929772
-0.235580942476661
-0.202106271753226
-0.169352526354998
-0.270949931584164
-0.339777038554288
-0.280555588502604
-0.264814756742046
-0.215884238928344
-0.135379288774857
-0.186131403933605
-0.155087148476
-0.30287295840452
-0.320569961357008
-0.182430308495232
-0.301232826833096
-0.0870884422717186
-0.188235174380155
-0.26948453009331
-0.20003513243386
-0.132904861449723
-0.192249450095082
-0.21625778067633
-0.258736554804838
-0.290213237656706
-0.158638753094142
-0.375638060397227
-0.0501267672107626
-0.198633163743657
-0.270927449875019
-0.167655379475252
-0.0236186948737203
-0.259436403184483
-0.156345811555736
-0.12958283096674
-0.237328572221625
-0.417757882871352
0.00699004833174625
-0.260006267789786
-0.177661143349978
-0.167168135953794
-0.13689430911097
-0.0632465190429754
-0.316360972688276
-0.191285710220882
-0.121602360157948
-0.127644174718418
-0.272063679250236
-0.134594031895673
0.038051143003205
-0.241402334495201
-0.198912140827564
-0.294377956733772
-0.120252296726864
-0.158579554223576
-0.132631112508075
-0.0869929143145713
-0.139312088217936
-0.153135446405625
-0.0370243223522343
-0.114851627054842
0.00580891876888995
-0.0382878589242087
-0.031548514301299
-0.158250426793213
-0.150459080506343
-0.273585086115025
-0.132315343974622
-0.108202847204566
-0.118004427876763
-0.0613203545407298
-0.0774860803351498
-0.0710392444111447
-0.0576795681689838
-0.0933140821215473
-0.0948998407492373
-0.0991147241906681
0.135707086955848
-0.160139530681
-0.119658550903872
-0.0556348238709571
-0.0916850210957457
-0.0468675975252226
0.0251235152955158
-0.12612184320915
-0.0367289554083938
0.0265305078604594
-0.230883830478082
0.0567737330944596
-0.0587379033877283
-0.0382249204969652
-0.0846443124320864
-0.13966051917259
-0.00477332027676129
-0.183916732892447
0.138060881150421
0.0629935480930375
-0.157295119946506
-0.0923733494876744
0.045704365088719
-0.108221456760927
0.0328354555901568
0.00792118665504915
-0.164546617653669
-0.0432400014131244
-0.0558517147149478
-0.0467472489993493
0.0787753455122916
-0.111410115694628
0.0695101946259117
0.0249942628688527
-0.19963001570494
0.0375351484989381
-0.0768709475800488
0.0428331097537824
0.0525703795834044
0.0637815359159958
0.117999533730423
0.0631259714657276
-0.0324349835473333
0.0395032847215156
-0.048579073587619
-0.0364604052027869
0.0460834534182438
-0.0499359196300277
-0.0342116523427777
-0.0382993642325898
-0.0065283184650214
0.0845574000296383
0.0136759063161637
-0.00406922947329765
-0.028890713839575
0.211256669880863
0.0495846445648235
-0.00688141794330724
0.0365685239108722
-0.132588170484192
0.0306206901641196
0.010857553770919
0.0273956688355152
0.0111859496628619
0.0982736964095422
0.258132871604209
0.0856215313274883
0.073914654942993
0.0143738008377949
0.235180479293553
0.114484824119145
0.0832667042059853
0.1433054775143
0.107529931172376
0.0888572763730603
0.119955216707112
0.0983264620268753
0.0412720973221177
-0.0544787136939037
0.00763910667752377
0.0867839065390831
0.0927956007415433
0.132974505287304
0.111503332272874
0.0537191036583414
0.157352661875413
-0.0276148962564468
0.0518765068741618
-0.0990149315451205
0.236264189983055
0.104669205892667
0.0126035003583408
0.166744114488738
0.18117855639838
-0.0688809785553072
-0.0406437737502064
0.0871545133065891
0.0610846305555204
0.184887241526201
0.101058838029627
0.232392218706534
0.0538052646441279
0.0683665710234277
-0.0118702979726131
0.134768467472334
0.105472340614984
0.157759019621073
0.140142096419634
0.200022572756601
0.0875964873828276
0.195729777304571
0.232848344153464
0.264787868019952
0.169136829767013
0.038210905328451
0.257076379354059
0.267873811247987
0.0986367753293369
0.166282120987106
0.285116116992409
-0.0519237927793949
0.0449443594368395
0.181132181763406
0.128201046064428
0.201945070015713
0.0750559795164078
0.0455038480184912
0.146174582517571
0.245666254141326
0.105911475956168
0.226595546508604
0.0748632645733915
0.182792720698055
0.119185406276614
0.320487088058841
0.26950942037762
0.345651118744593
0.113016593453289
0.154431082696125
0.118506960869662
0.172986250762031
0.117959893819202
0.260246340469511
0.146683273922156
0.350693113678803
0.168431413628529
0.307869243633556
0.260958124722987
0.236662667261959
0.255529073229947
0.413651670014931
0.0247817960992169
0.21353187050362
0.327556416243109
0.345321284472001
0.141966968108307
0.0903159488236307
0.306112818512474
0.281496910261052
0.20210662692555
0.149260915762518
0.350900297410293
0.284895796249388
0.139332757137604
0.265868631062364
0.308895814492131
0.199173526576419
0.225166684829542
0.169678136984191
0.425045122640662
0.239140193191665
0.154677818411589
0.351291929486977
0.318505470615593
0.278922196441191
0.272583667107718
0.217053199252517
0.189989115109981
0.295492653140115
0.237437237316131
0.158731616690428
0.176746374390155
0.253470611258806
0.280959754998685
0.449884229156182
0.344203629522397
0.199305690878416
0.323290868376839
0.157768641700477
0.291158792517113
0.337279224530922
0.316488000136767
0.290448488414295
0.167999569404956
0.386196025375994
0.381170368528586
0.328824782862828
0.338493092278464
0.278644567416283
0.269209049894431
0.319399816126996
0.360270640256266
0.353738724147957
0.192495612554412
0.397784667918878
0.256861278473379
0.345025373266157
0.202998546253792
0.28410171096551
0.264582902536703
0.444707618021622
0.400903136989204
0.23032616271982
0.37456620824062
0.289575203560111
0.430405301850206
0.375943735704411
0.491240605940631
0.435502137567392
0.288268516628031
0.255616225676762
0.325124621584279
0.487083410823073
0.474406335958338
0.378442870581742
0.144786310005688
0.451378851434967
0.314879899831048
0.380674864227882
0.300976314142859
0.421714882994601
0.299986366915209
0.410376530922917
0.360690574109956
0.40526432848968
0.39492562028258
0.48722612941421
0.519500612653923
0.332387191692071
0.444147905767374
0.499322519326998
0.430307508193952
0.446371611250928
0.46230906970861
0.540155790664304
0.351732933109781
0.322655837614858
0.355087605409686
0.418984292700005
0.4294610181504
0.418179702949403
0.418186774169832
0.444977435548369
0.318307815916871
0.388111697807551
0.443105750995179
0.415481265719306
0.357151100218396
0.53065203095748
0.434552732637415
0.346946715532865
0.490660750120612
0.568659877841928
0.488761529112725
0.371280390773237
0.460271266345132
0.44154878720746
0.597248211615257
0.58268517913901
0.458306235993633
0.379895761355389
0.471267800761546
0.432082048610188
0.358240501375016
0.457298863237809
0.422517641363318
0.646245214544872
0.241383159423702
0.392379502907566
0.528064298970392
0.409650154273766
0.4020046490759
0.450873293979522
0.44398330460205
0.430970232636082
0.632672682763773
0.559805352203907
0.448488701693187
0.532848360127641
0.480439432473608
0.417414844868323
0.609444891239604
0.479192801378074
0.426261726683835
0.667159145382822
0.588832399013517
0.573816391115125
0.46622246052865
0.540120265733091
0.586779124365667
0.554396274155704
0.477942117609009
0.579318783724214
0.467928784247888
0.374905987398803
0.568958717199203
0.508684755005663
0.448553620530604
0.630863118147974
0.385155236154416
0.544625206191315
0.523851938306542
0.581418519849585
0.522933767426394
0.543190315128478
0.507839505141327
0.366627269228905
0.598849505439843
0.679307021995875
0.610522078990227
0.588957985137996
0.647062876115991
0.506969059816347
0.581672801068506
0.609200038590848
0.483877018122351
0.568715257697712
0.575010162554328
0.737885372629268
0.636851297621795
0.640651151863227
0.600487715993702
0.519606933443984
0.765474782654631
0.567504215611048
0.475681214121376
0.369942392553658
0.596884513167306
0.626899490091429
0.568558116252464
0.56042984193143
0.589957524329022
0.611488209602521
0.692379265581726
0.60315704773495
0.538601066630138
0.688511939606915
0.662382229422182
0.416426507429335
0.725287338225881
0.711441531868195
0.632239814612725
0.473803075778537
0.667211381933659
0.687406414895387
0.46083562018212
0.50586446630975
0.560441868260785
0.768135757679585
0.796325006411216
0.706381699540441
0.663524593566807
0.535665270710337
0.67102943786538
0.581908488251883
0.692937463769537
0.5255781610494
0.690153322765579
0.603844231396156
0.618087407326717
0.824072231629569
0.828394718361036
0.744472978762435
0.715788139446711
0.530261412342061
0.679178667660603
0.725104126024043
0.684375654439682
0.612661398477693
0.535565750658821
0.596151652259775
0.786799416592717
0.69404128645932
0.631561805545731
0.682775599821783
0.656029028831529
0.734764792732575
0.59062280988069
0.744529179624053
0.695625688377411
0.802029398213355
0.651323401753351
0.70994267190596
0.76613451681525
0.82958718145575
0.651853849966772
0.806537189838162
0.668218764352184
0.801502271409509
0.783270076655503
0.687937228964265
0.654330978232354
0.706376153885866
0.772376825307155
0.697306964874257
0.764109778515988
0.620839301471888
0.822721936649114
0.688793786242018
0.662753653101708
0.750551658446957
0.573071348891074
0.778113730203103
0.558584363374396
0.712460333779511
0.888075257681331
0.706703561464727
0.757709158806381
0.65948846296452
0.77203925965909
0.734852156435962
0.712463707872232
0.810680454910211
0.808213164312389
0.786142188144014
0.617222272632443
0.824034002690334
0.794787346247576
0.695790391065839
0.723336338440753
0.796049283511631
0.818751071281212
0.867511913807467
0.723675356185422
0.903203438361113
0.812738027122658
0.90012430490484
0.560972139067013
0.788446757950864
0.888271470100593
0.673519920632773
0.763695512412906
0.732038002813875
0.891674474903896
0.821200610979559
0.773866751589184
0.896363961512889
0.832778529908928
0.780296890615297
0.778947970937323
0.875900128097747
0.809437921469506
0.88184117753872
0.851224135432615
0.831282667159244
0.820470862548261
0.906719697423204
0.752349216730721
0.800402396763291
0.767884954662332
0.725254735990016
0.998580902167395
0.910157080287049
0.838121267463813
0.930691742503775
0.943561914550788
0.750000737655792
0.837917428093004
0.910238287987354
0.912839520586893
0.747583582359247
0.8628845202248
1.00962610269361
1.00349961078096
0.800063784736379
0.861408902543126
0.948394888073676
0.947049231471383
0.892028135805209
0.916246870889295
0.774925308732692
0.966070553372099
0.950701687260401
0.911600939943501
0.846888171237853
0.784810099280034
1.0346316931801
0.824457016618631
0.804184346139718
1.01156807953441
0.769898125819926
0.82224062428084
0.902591528326457
1.09007838221045
0.939397646201413
0.955889625075118
1.02413771201726
0.936251485666773
0.92946840598853
0.922778203312922
0.866393335422671
0.99560141373182
1.03395394060715
0.960703528161563
0.870629981613239
0.98109916929033
0.934702084557595
0.893774334206312
0.901526760979251
0.867886962591446
0.919745967016131
0.843193916951112
1.1322653955013
0.992252568994604
0.889049304748845
0.933439698785892
0.973558054511959
0.897457678071242
1.00300699343002
0.900618510180551
0.914376930034318
1.05762428890801
0.972749119284879
0.938072645741473
0.966414897367543
0.886088519971843
1.01672428589106
0.980690624989091
0.98031150893346
0.897307810161306
1.00943002927703
1.01186641072454
0.952870107057781
1.02825562822879
0.930759921408783
1.04480376626993
0.896596369552743
1.05933710497445
0.828563571264068
