-1.03297630585063
-0.952038709254839
-0.875822613376837
-0.962658632366183
-1.08532167864397
-0.876210904270685
-0.897110833923339
-1.10217662601396
-1.04987433006307
-0.894823575798711
-0.84048231589479
-1.11776042384813
-1.01051614584888
-1.02676747053655
-0.873246122677287
-0.972936300974247
-1.16994521698168
-0.952000570232514
-0.944285761200961
-0.829686830892014
-0.992301217388778
-0.87460643294107
-0.917160800163487
-1.01666005105766
-1.0598691403419
-1.10891908071179
-0.955968379862768
-1.12474528471426
-0.953215682783431
-0.863230893571959
-0.964207449950539
-1.05980859581199
-1.04459876098265
-0.857347088434077
-0.92437749735763
-1.02415076483739
-1.09317109283158
-0.908885153273619
-0.919671428671548
-0.926472814941306
-0.903551702234924
-0.880254562598281
-0.814853729310674
-0.845459709947562
-0.92318503615645
-0.94861927165215
-0.982470372688779
-0.881270753647525
-1.02966266757975
-1.03396377555112
-0.983825767558287
-0.872355689260495
-0.907616075006611
-0.87390375556102
-0.920312179895405
-0.903181528332289
-0.868894419528342
-1.01690524344045
-0.766411147941536
-0.930296512731619
-1.06519766947554
-1.00671279325046
-0.722536541271145
-0.85301633381106
-0.775496153397548
-0.808870041868052
-0.775065202394651
-0.739587235776506
-0.875853808212146
-0.929944648630286
-0.923533315126294
-0.88713299351476
-0.832425384860463
-0.865864920083254
-0.881097281713771
-1.03125624266026
-0.752141317438014
-0.824821230683822
-0.979677928912171
-0.728043406665751
-0.901056175431024
-0.783357241823778
-0.75827525237366
-0.794362205067709
-0.841333857526224
-0.858337007236395
-0.800442385211477
-0.80897694904743
-0.863656589839503
-0.792882689071847
-0.874543191989777
-0.873056465549093
-0.72865911247437
-0.737853405145593
-0.763574045077406
-0.841714784854031
-0.865424153124414
-0.747040047488116
-0.78003123545979
-0.874291501725891
-0.928511259132009
-0.752383534661003
-0.821296906029951
-0.940679011220518
-0.786285788200919
-0.862894370467165
-0.790937561340056
-0.74632589807571
-0.799813698996223
-0.897938233822009
-0.712432777140148
-0.717399813421598
-0.774960482459685
-0.76843948587546
-0.773587890802941
-0.68595788554609
-0.71174064709345
-0.833320014936361
-0.872562581027343
-0.788786983857175
-0.745126377921598
-0.655575143530675
-0.794014959134905
-0.67787613007922
-0.739006679201634
-0.60150796989655
-0.604307635764031
-0.789301030167639
-0.737968379445465
-0.768135146148905
-0.715109457522171
-0.718400757827694
-0.821290667765554
-0.73244849946635
-0.642159427897213
-0.837595766562997
-0.785693472130674
-0.801007298021508
-0.722724819537157
-0.682918887407741
-0.731737950751545
-0.854221304451541
-0.751976682450426
-0.806136559237323
-0.732250999007829
-0.796841845301576
-0.709217000959855
-0.677248581134804
-0.510584069459612
-0.69744763379903
-0.702687982127127
-0.680062548370987
-0.719372392401034
-0.637552846707109
-0.615189000494483
-0.631553879802385
-0.756199211256274
-0.725253901541415
-0.667822285433955
-0.741023801876362
-0.853346101231778
-0.541989858153061
-0.721369427676442
-0.743241166226787
-0.701919315232554
-0.641556133412469
-0.686646011003719
-0.659766114478116
-0.721914610488692
-0.674947227480469
-0.676026385819398
-0.596835653498075
-0.586866018846625
-0.634499487142933
-0.686570000891697
-0.548631106319709
-0.867745218351181
-0.687033581636738
-0.733077229360072
-0.66435628856608
-0.678014302187853
-0.651117275831711
-0.639597775839397
-0.704204783099171
-0.519042823631384
-0.724515167807669
-0.575095496201603
-0.459220433910085
-0.614535642030635
-0.575673327420848
-0.565938937023261
-0.662456080598765
-0.62306681744145
-0.668588518807802
-0.646003464049351
-0.697786872312147
-0.686910124146056
-0.662463256744806
-0.577300715630556
-0.58107292540377
-0.658343815011988
-0.637667136948215
-0.697963736860625
-0.541267448839118
-0.586402002129335
-0.610518162315983
-0.543928617288003
-0.66909657575292
-0.738671579535719
-0.724287145871838
-0.627426905043844
-0.663213790667991
-0.657526988413142
-0.456178538020201
-0.494730601838415
-0.644701858836926
-0.447067096689566
-0.605826208954475
-0.445310143457544
-0.713788614345465
-0.657929143617479
-0.553674552096555
-0.59121218349268
-0.465186623043875
-0.48291657101466
-0.602186153838896
-0.564447692469476
-0.455379139029985
-0.344063521190057
-0.559263913786575
-0.41529663903537
-0.496249516189588
-0.665678614879575
-0.411048572790188
-0.424905027895934
-0.556454278692357
-0.352672641434311
-0.742169305554483
-0.55899522845096
-0.630803180377099
-0.566610507341944
-0.501370137131066
-0.580841344794393
-0.379932864328097
-0.515363932593795
-0.5125058046534
-0.585787691239707
-0.469964330749023
-0.650816989178942
-0.652818872695739
-0.502739028772193
-0.498129546121921
-0.618304607992658
-0.444041299093621
-0.466537068824708
-0.554285257357501
-0.637421331343596
-0.449512916112085
-0.498395211700782
-0.482555749134365
-0.57999175165089
-0.439911207276345
-0.281482343047083
-0.644088157899563
-0.456162002025631
-0.572216788450805
-0.398253887235952
-0.505647970634386
-0.454517969765501
-0.540767365159266
-0.476974572126634
-0.293451828942722
-0.62787512420013
-0.540145479330142
-0.472917470029498
-0.569954837873322
-0.407688100688368
-0.540250558228787
-0.479462223246502
-0.482712842803636
-0.621155715323857
-0.526855146819554
-0.359739727582185
-0.474417984449739
-0.345616408610705
-0.426222929759528
-0.303634022271773
-0.611523207473344
-0.514042668392089
-0.399109745266506
-0.384584604489535
-0.498936675500551
-0.230448305082446
-0.360939711316553
-0.244776387036843
-0.441875469606858
-0.414653808003113
-0.498914788982856
-0.510843202493291
-0.340525646836189
-0.464553553754099
-0.270764018510969
-0.324610522440773
-0.424921346933571
-0.479635354608312
-0.375217030191404
-0.23902703382042
-0.392603428813307
-0.460283033892987
-0.482377309266705
-0.412316943637414
-0.349469777349488
-0.292493248203992
-0.407012667275258
-0.460059919139377
-0.283689596282329
-0.390847523666538
-0.345687644552557
-0.456326252414618
-0.326591987533669
-0.361044578094009
-0.427283721704313
-0.39583791747484
-0.464597064041006
-0.310098545967013
-0.314318434100527
-0.39220475934721
-0.494181959540842
-0.359226538159558
-0.18212860253995
-0.307466179474857
-0.200812405987769
-0.435901155885938
-0.309116076735088
-0.014134413109909
-0.353188197876167
-0.32752025268939
-0.396322062775704
-0.29138736412146
-0.327699655331707
-0.29574746562947
-0.315061984079996
-0.102331112998666
-0.317537047029695
-0.17543052058253
-0.336031467921357
-0.373344190505443
-0.269394808327359
-0.297470722574891
-0.244184120440365
-0.305798532752637
-0.296594834553858
-0.267489796670356
-0.353808556756329
-0.180161367323102
-0.223397587180099
-0.343122890645277
-0.370367924656431
-0.377169660021209
-0.332451194313015
-0.318036571166051
-0.346959371572885
-0.420922751747174
-0.165877124383732
-0.251755523974239
-0.25669508711253
-0.237063463855289
-0.28180527269097
-0.205928835753757
-0.297166709830533
-0.173137462333999
-0.220220542353701
-0.261361178940961
-0.258944782825726
-0.223391557335153
-0.190421271104944
-0.277851462963831
-0.336693291559945
-0.177638763651777
-0.240244358235214
-0.318356486031345
-0.338093424082222
-0.117131626374083
-0.208709367442761
-0.137436706134641
-0.23685623699197
-0.216396580206423
-0.179003399347682
-0.253697392571494
-0.354920317221169
-0.263923387122399
-0.270060430309072
-0.238714179538617
-0.13141274933279
-0.17596883507542
-0.151375751296679
-0.296371794445089
-0.305767972888319
-0.200447404077228
-0.294298595457564
-0.099140686826508
-0.20642527936899
-0.2679098050897
-0.216607111557323
-0.130872072272278
-0.202949328417072
-0.203790935194586
-0.246548229264418
-0.279386930783733
-0.171792798431031
-0.375574445982443
-0.050209194616142
-0.196796434640112
-0.261043038131783
-0.167295620773329
-0.0313876859338521
-0.249045117748344
-0.161460359965012
-0.163859551290625
-0.212719163718032
-0.41724168317834
0.00566490627034431
-0.261513049042857
-0.163593684527662
-0.16545503411688
-0.123431368135875
-0.0945671006537439
-0.307358885880128
-0.163654553291579
-0.149934422958531
-0.114908372668471
-0.263872682013531
-0.136027486467218
0.0387506371972468
-0.237682652114214
-0.193532313788169
-0.296341003322335
-0.122578609987087
-0.159823411897305
-0.146668233145716
-0.0800054702666847
-0.136628539548724
-0.121362012832684
-0.0537662951367324
-0.133711566061658
0.00936122789681904
-0.0562579815640689
-0.0299834711069278
-0.153177637429092
-0.167239975247396
-0.262003092883901
-0.138188150927826
-0.106560814099942
-0.125335983637468
-0.0694000518405345
-0.0873189086017159
-0.0653677870377808
-0.0642737686522869
-0.0946872518340311
-0.0636773906840135
-0.0946306250323771
0.148959012916555
-0.152295806232824
-0.139726614835082
-0.0444100614355895
-0.094734019035769
-0.0369224062189593
0.0246585532981607
-0.146508556766445
-0.0399349972498162
0.0133629532491516
-0.24086674820414
0.0463815504491366
-0.0544240645826766
-0.0157221523613043
-0.0710209997828691
-0.126299181641346
0.00331049294704218
-0.193466300429001
0.13603098311302
0.0604921899483157
-0.170341312779318
-0.0941438764966922
0.044823451937327
-0.10409925906971
0.0332035104595071
0.000765985564401522
-0.138780702283915
-0.0396276677840811
-0.0439385525576465
-0.0371286805592514
0.0712471222551148
-0.103415145699144
0.067205294816647
0.0381580790870334
-0.20474443434334
-0.0029262728740306
-0.0533249746847764
0.0283860020866879
0.0349068686460327
0.0660371458610685
0.125598997613213
0.0563801862056231
-0.0182522892688404
0.0347121375433965
-0.0499993763171786
-0.0354015964362146
0.0441237696541619
-0.0502033387629907
-0.029170606362283
-0.0418589187588563
0.0183313745058317
0.0884311536480608
0.0284752765450128
0.00556226792773337
-0.0340601742809218
0.209286938753144
0.041727293184462
-0.0208704905897202
0.0270260905448307
-0.142459087645247
0.0316144332264141
0.00221817676592848
0.0287412823106756
0.00697561216060119
0.116609046087002
0.268181150241878
0.0641813316372301
0.0762472425813941
0.0141296337420894
0.227629263742113
0.114378447591497
0.0544669320400645
0.150388208259166
0.0949056280541818
0.0564553639382403
0.138945143910943
0.113736585636737
0.0207821107672759
-0.0142986442387441
0.00958633330205168
0.0851672972784725
0.0935400799764
0.132895886078811
0.104982846012578
0.0632361588267545
0.184252610611511
-0.0298518418126876
0.0580280502457791
-0.0925931538406074
0.242187795566741
0.092013885539859
0.0139332619410467
0.15856689736302
0.177806089779646
-0.0767615574802289
-0.0457276601058011
0.101803900477258
0.0720179277734596
0.186039158604175
0.10845969765623
0.221387680619347
0.0348918471528901
0.06198394216065
-0.00694713969818178
0.120624039974671
0.110992280926467
0.143936920989983
0.148703145276939
0.194573888704675
0.0907673619096339
0.20879649155018
0.234551337070278
0.277551641640644
0.153337866146007
0.0209976300105078
0.244487309811471
0.248062957887422
0.108228296963163
0.164666896279198
0.262495259532987
-0.0564892175940953
0.0573646497320278
0.182290578254366
0.122989786011656
0.186145308640402
0.0715289218702995
0.0539835892718388
0.152523442610698
0.22444684125074
0.117437963919484
0.252418930077591
0.058351421899959
0.191447194996104
0.127680753408719
0.339060593799555
0.284291011782423
0.356792596553801
0.0989449561954792
0.151881595072233
0.12645254593421
0.159055382571412
0.122295767785962
0.248553680534103
0.13836129606736
0.355569279918411
0.185627944637088
0.285625593620534
0.235127522633485
0.229768136941928
0.246089748353939
0.421485063410288
0.0174436714999574
0.201813076225961
0.326740829586866
0.363184261142913
0.148938358309758
0.111403005322888
0.301982560290471
0.26123727117071
0.200290337355717
0.17693894224089
0.3826274707473
0.28844450662349
0.152865835663268
0.263882100186704
0.302179074773426
0.212774893180151
0.21320705016314
0.177209107009223
0.417991973758848
0.238573496576997
0.141902984881736
0.353795284879822
0.304335558097943
0.278480057240917
0.293650457444998
0.228918629974609
0.187807007608373
0.306888249023939
0.233888066980261
0.149813595804944
0.159163302073221
0.259292540434716
0.274008031307993
0.457207543979623
0.336298192679756
0.181541806782392
0.322607227782683
0.180254675258692
0.269554381082141
0.334214093906187
0.326968597715366
0.276855779899585
0.13849149531823
0.390318870399015
0.390923264163781
0.317790248071387
0.319177363743096
0.273940138763
0.276405210299454
0.316986878258998
0.333269604391576
0.354022311728066
0.163667803021971
0.385482051654136
0.272918171962926
0.353900870473611
0.201888186546527
0.274961171713095
0.268176907753139
0.450317573736105
0.418568007828489
0.253468798256805
0.368987484617345
0.300489014875099
0.420831462242938
0.365416444759921
0.498546400127217
0.445843517561825
0.289428543223379
0.258049153559476
0.331381337797099
0.485737638227212
0.459767193830824
0.36985820581362
0.153947319419792
0.456450953521105
0.322687569814623
0.387710756859386
0.320644003050878
0.418324615521334
0.295783731287406
0.417918112394676
0.349496770907175
0.415496608311136
0.385727926792177
0.489635997403894
0.51668610116213
0.314220398990776
0.420470789882115
0.47783794799823
0.423806494042256
0.467484329453863
0.451880666160132
0.527687085580871
0.360612774884788
0.317944147554005
0.347969075837099
0.462220911425684
0.439439668061041
0.41994207888483
0.415620803101117
0.44538515903349
0.292563362116249
0.404128241390415
0.453958820261451
0.410683060641091
0.342688974806188
0.538015675112374
0.436706671944686
0.357386085514565
0.495007582058509
0.532900062461124
0.48738143336689
0.374062735101165
0.479246948457265
0.443486545482093
0.600928959911334
0.587404013458704
0.463731121707068
0.397601373919412
0.46777258660061
0.406613286552613
0.351281825447471
0.447031098030669
0.431474290656909
0.655304209631375
0.235562199919989
0.410162022619656
0.533069333675222
0.409242112220746
0.387527122518557
0.427762780423612
0.449155211472417
0.415944516660223
0.629289902544592
0.524764588588949
0.441715952780737
0.537051030965724
0.499780343453866
0.381106552859115
0.618228444801157
0.470455310195527
0.429947155146085
0.641390591561555
0.604571748072194
0.554673634627513
0.470032886607329
0.549049600862397
0.570752541082544
0.530370819100503
0.475443810521144
0.589789448327345
0.461117942950552
0.367557996791768
0.563430337243741
0.479979583305447
0.437646796932929
0.647509098886033
0.376615494895136
0.564232160695752
0.513222326039522
0.574500559035138
0.52770703201445
0.527764260866026
0.497500049776459
0.365447989870966
0.604689080005916
0.666272349523616
0.613385477768458
0.570608027012638
0.641863748589446
0.497496735331569
0.567609391172217
0.604535936632806
0.510446081022497
0.566569729047615
0.595775998671569
0.733232421336744
0.631587028252475
0.620552195476139
0.616278286566112
0.529977828560089
0.769634620045458
0.557507460704531
0.501417271051473
0.357344338670264
0.611559842234435
0.638588026594958
0.548824917722627
0.559760455423463
0.589974624820589
0.599753308794486
0.70550699938992
0.607561001970434
0.546060148285798
0.685389609782669
0.660039511386885
0.437551745518825
0.756556977683657
0.696226052953444
0.626008517943591
0.465775622234706
0.66274881208134
0.696422521157445
0.455221568851336
0.500329123838447
0.53144411901926
0.76867452356753
0.822837454264279
0.673540844179373
0.648044178707259
0.527899768620334
0.661573052572384
0.57291627209432
0.679795648737965
0.514165861048616
0.68457131093707
0.612289226160841
0.621166567689026
0.846496968574073
0.837943431030006
0.706645780457224
0.709851658323725
0.547365730210382
0.687055064691645
0.715286461654854
0.681566120893536
0.618447985139848
0.507199375601039
0.57721613818546
0.772511402247857
0.715309927934245
0.631826078599901
0.66011405407301
0.644152560987514
0.732925902915043
0.575221102034761
0.740849984178946
0.684585818256202
0.801603729250292
0.657474163877516
0.730203791346028
0.793728714837921
0.825221446793554
0.628573163234344
0.805087971561799
0.654384792145521
0.774910437410312
0.792811829581742
0.70581775688314
0.656529406771623
0.707581430525958
0.778917102086943
0.673141874394231
0.758782199290579
0.636187599974126
0.825343524785191
0.685570770019784
0.668932387950432
0.737065782109129
0.588745341145998
0.790159120400943
0.573713001374824
0.69366915923649
0.897257442132126
0.714446410653592
0.759247200403541
0.666081263016055
0.763671224578503
0.739085904018732
0.730513867418259
0.792760352630241
0.797552677759864
0.801699588698541
0.606335222113776
0.806556641952257
0.797970337771878
0.686956534943933
0.703669697569051
0.779867404100009
0.826363976251063
0.848365551510856
0.704696978145391
0.891386704871327
0.803937226069834
0.891211518448107
0.562248010309066
0.781644351825887
0.870950418232142
0.692332289556551
0.773972636735682
0.732336727288955
0.901218164174984
0.835939111769339
0.779254438004601
0.879451673615395
0.81773747169128
0.775726376728305
0.767695748712812
0.874744558183748
0.802091565977547
0.891967831150178
0.863709564864559
0.844280821809314
0.83449664190196
0.908881892636146
0.76890608070855
0.77074981763666
0.753146826467736
0.755135065840563
1.00615602722541
0.908782366701183
0.850653764844378
0.936342121008719
0.959236918545634
0.781422607268467
0.83590491339399
0.901342696247818
0.907722711033678
0.726359596139241
0.865958817436687
1.00131602416339
1.00490825808228
0.795420017289954
0.871263374373079
0.95282511495696
0.933368956430498
0.879009400164873
0.895291579005594
0.771245899791606
0.970242636479288
0.958361712187308
0.925002976541676
0.836326752315111
0.797576383258149
1.03821962330824
0.839556112615601
0.823833318587271
0.970412231002971
0.783295084401582
0.82161146450272
0.908719960047385
1.07959329218056
0.925725617030912
0.946979684972792
1.00975495713148
0.938601948643382
0.927459489515597
0.922140002718568
0.877139994942569
0.984704059614693
1.0361466641525
0.946929242527414
0.880053320357392
0.982479052218914
0.938460331015758
0.927742235385281
0.915480801621552
0.874737906394594
0.909325527516934
0.849355209402696
1.11865806397516
1.01094811508797
0.859292662601875
0.924450038607597
0.974820265306385
0.883591869982285
1.01127037857329
0.906843128226121
0.927366234914278
1.06679805432647
0.952749179447282
0.964832157424738
0.957864359428034
0.895078930560665
1.03082754661901
0.979482305931379
1.00159805137509
0.887172413085646
1.00962374763458
1.01974391028327
0.944420427041538
0.99464178867277
0.931030040878044
1.03662707842806
0.862591815664378
1.04977137928898
0.808099706604003
