-1.08166190241645
-1.04359608224869
-1.08859358681714
-1.04921984824241
-1.12113208682689
-0.844581391273178
-0.795042223385836
-1.0883916034046
-1.02359132355346
-1.05708510287523
-1.00567434686473
-0.957365187312258
-1.08838928926707
-1.05914571965543
-1.05558877337439
-1.03231974106268
-0.840332221880307
-0.974984850845013
-0.863278056827312
-0.883044935560694
-0.950495508802258
-0.947464560196993
-0.86567944734214
-0.881305413904828
-0.904989477322379
-1.07746037376428
-0.940540632476243
-0.932694515297228
-0.742500604339577
-0.880181915185108
-0.954438292804945
-0.794533309073416
-0.880268695353974
-0.983825858335203
-0.999227877033213
-0.873643248613738
-0.882169937229497
-0.863626593026661
-0.961965035697791
-0.825634168193336
-0.864749595264145
-0.985775051357876
-0.936470643474356
-0.915923084302517
-0.912200764884958
-0.839801721798654
-0.896710783382656
-0.956237112866354
-0.870110778792406
-1.00219795173327
-0.705061071614264
-0.955395864626291
-0.883352979466908
-0.821937546315552
-0.834180001352419
-1.02642679240492
-0.892626724037713
-1.07655241578885
-0.992696003102484
-1.10938069466897
-0.92893322822434
-0.892287395022775
-0.819802724196224
-0.864648875300027
-0.987220065374314
-0.90517703487358
-0.782858372676522
-0.94350424236707
-0.882547833792226
-0.892685440614659
-0.84166847783059
-0.786443222813672
-0.725796686713217
-1.07956929415965
-0.814107778653233
-0.749436481807926
-0.726625466808421
-0.880233889009792
-0.942517959629351
-0.589577017315601
-0.703565334629387
-1.02181990937201
-0.678432036379752
-0.81089207548376
-0.888578964963841
-0.863777424019707
-0.785497971582473
-0.727037609757704
-0.845798079279444
-0.721843930393801
-0.838812028154265
-0.818374310982651
-1.03385532017259
-0.745533503609895
-0.937180633591028
-0.749666649527285
-0.745409823446712
-0.694068465433606
-0.705433163393642
-0.95560779558232
-0.693422260725467
-0.85131184027916
-0.74162499658103
-0.692570345366352
-0.764217272211499
-0.727498430529736
-0.799218632228038
-0.854109442269193
-0.729617738208386
-0.749230843772455
-0.704330356060163
-0.862676039729842
-0.795502549111415
-0.670789101518393
-0.673048773250306
-0.730231390132403
-0.895996345621583
-0.823301920553627
-0.731623618592941
-0.841065129208511
-0.731070256699277
-0.794027060471624
-0.757210790610668
-0.725575030100439
-0.787257064411673
-0.644573553468168
-0.808498565863157
-0.858357468805448
-0.742321898875524
-0.582008247921864
-0.728981591870283
-0.691749185448162
-0.79379133296177
-0.627522867105321
-0.650158246966461
-0.730138075736765
-0.64264073673533
-0.717762683397988
-0.806645576163524
-0.761248135612579
-0.871220915195247
-0.636670673975332
-0.68144230312403
-0.524442518843966
-0.657225360825509
-0.701454677147292
-0.686825624998988
-0.734240112527648
-0.777307845960483
-0.695655917277577
-0.725818856631095
-0.534330055180582
-0.684177853838516
-0.666829658855493
-0.687838253114701
-0.737950578950268
-0.728375063806197
-0.538279517418655
-0.713345454107688
-0.807249035145402
-0.701329956767346
-0.802917311854708
-0.836803502637269
-0.806674778763112
-0.630122650190036
-0.490524218843807
-0.824396584508204
-0.681401612731689
-0.71426475254609
-0.748068815307193
-0.568558897955698
-0.705922485371643
-0.562569247820835
-0.646315961253018
-0.639248523340034
-0.603074251356108
-0.564012211378244
-0.696034965827426
-0.692450021673765
-0.69342257575133
-0.558990541907995
-0.50927871361071
-0.715593994944716
-0.575113422887937
-0.667213357451617
-0.703874570118754
-0.720343259468571
-0.6298910317493
-0.678290676511449
-0.652320634246393
-0.601942483320624
-0.585556657705752
-0.677783851627719
-0.644619415458578
-0.718443158577451
-0.702470316613603
-0.589800952894564
-0.65594792188767
-0.619402655162462
-0.617216585190192
-0.640595735593863
-0.636403706415264
-0.607571385589261
-0.638475338923047
-0.534886952885759
-0.435433102473504
-0.458811552168597
-0.625154324256333
-0.607336245372807
-0.662430404876275
-0.596219131466594
-0.697405884094933
-0.545914296481055
-0.649003667892085
-0.570876152768027
-0.6877988203522
-0.498934803331439
-0.573355679418841
-0.600737245774187
-0.475724029985082
-0.555818790899658
-0.596420680551193
-0.578746948256111
-0.496638761309301
-0.647558394937843
-0.503997970896854
-0.496014364996846
-0.471653615929821
-0.404682704314825
-0.568551570558392
-0.592731590092294
-0.49730763857471
-0.733483471844338
-0.531076916515848
-0.56646484004346
-0.518639409181407
-0.378183031111667
-0.540994662519319
-0.49508267585287
-0.468923984202744
-0.533949538655263
-0.5325883496839
-0.654475538245683
-0.585149658001498
-0.514721173407173
-0.486663699189498
-0.696053451127373
-0.509334714511931
-0.604065640418728
-0.563870378798169
-0.460610380845798
-0.549684906619548
-0.419715584723342
-0.403340467985852
-0.468236727224116
-0.627930212251496
-0.52895806668524
-0.416525474889003
-0.526307956610747
-0.521635501006855
-0.543019742130859
-0.466462560464623
-0.498248461963942
-0.473081380399184
-0.636734511978543
-0.59074695231145
-0.489925765724792
-0.465348315427069
-0.472315618324484
-0.510989926124948
-0.696332736732437
-0.444183449574053
-0.463984785673683
-0.37166449336855
-0.371413865765428
-0.400619020127493
-0.522681235800085
-0.408290094578231
-0.277639577403348
-0.532054440145058
-0.306394134261598
-0.507413715039123
-0.409317757779239
-0.552937610273267
-0.47557051186607
-0.422054988021689
-0.472083511248929
-0.477452302279533
-0.550730933440134
-0.290838244094456
-0.507730993420593
-0.453004438471895
-0.320411559042632
-0.471710246976583
-0.394958540192528
-0.498263306422079
-0.358624843985426
-0.360774818577542
-0.33909214362204
-0.419169044933938
-0.444597796445516
-0.338446351318953
-0.248866707731406
-0.310508818257431
-0.431396374711448
-0.39184890111793
-0.386887082770981
-0.42406750322231
-0.483388844704191
-0.444989027525163
-0.474691073060575
-0.402968273913393
-0.28793441713907
-0.578738975125539
-0.288234835283008
-0.374814191935798
-0.443480139345276
-0.380230472722359
-0.397140421017601
-0.400302520814753
-0.379804878588462
-0.421503125426957
-0.310088372529562
-0.350894828218897
-0.351740634628498
-0.20314912101143
-0.317221523615305
-0.511137999551488
-0.413465291475326
-0.399802119127847
-0.317762264050205
-0.284133733095635
-0.424708406162873
-0.305082971566333
-0.397220875386296
-0.30450110920163
-0.216796468844653
-0.107816646503674
-0.293921722979322
-0.406754248590263
-0.278445185018224
-0.28800346709069
-0.406375561511698
-0.416066896861806
-0.293375866657297
-0.21037173688928
-0.280185249744749
-0.466133974917545
-0.31745206653519
-0.281460114764203
-0.183754407730253
-0.353294079589364
-0.24671476836075
-0.359320259584037
-0.364905648513253
-0.249711997240506
-0.38108744891812
-0.298961349483289
-0.171463132763316
-0.347727135431733
-0.245995270758216
-0.333713098752068
-0.382397222702445
-0.214933796463514
-0.228197337423135
-0.385023224349678
-0.144120911355848
-0.261022750393198
-0.24297733468855
-0.38559701312418
-0.228499857821633
-0.199412884607654
-0.235626078443365
-0.113557557995732
-0.308689654791622
-0.164258885730995
-0.33058675908077
-0.21667093257647
-0.265274467241829
-0.378425087174421
-0.272867854473463
-0.182298116087642
-0.0653714815548634
-0.2998324780002
-0.276127647734277
-0.239476637888531
-0.304403005752726
-0.262032151927596
-0.166262779145632
-0.128341858131166
-0.311499603753475
-0.168310992899253
-0.151929301055807
-0.316408214446145
-0.228064912995164
-0.239813617452155
-0.154910419542215
-0.232763277178458
-0.250758069101125
-0.247622605734576
-0.296229103972011
-0.254241310697857
-0.321374409697558
-0.028327350305734
-0.0908067948447385
-0.272289291223205
-0.147122358876497
-0.0723813690485638
-0.180709060512194
-0.210739040442238
-0.135847416284962
-0.201085640756046
-0.165167967569193
-0.0530060634086058
0.0138707177353342
-0.184943889070454
-0.135297096446772
-0.237399296048934
-0.159906052417444
-0.108620534181414
-0.224234395887981
0.00208510450284902
-0.342938042473648
-0.177148170522141
-0.352936254633948
-0.134479125981175
-0.210464647141373
-0.173716442064769
-0.1006932901994
-0.103048122329927
-0.220766089066296
-0.085613950492505
-0.0862195736076111
-0.160917967636936
-0.275834607090962
-0.0904383214195715
-0.280374223558187
-0.18049620814144
-0.108583879876367
-0.159746695571108
-0.0723321976988213
-0.283468376176683
-0.194197445694651
0.000132636565330475
-0.238531909536174
-0.141841299319425
-0.237260203681468
-0.0236247839062078
-0.0962748145200466
0.0808896973777228
-0.036093385929275
-0.115301659450922
-0.171728267476083
0.016409660740405
-0.188727298873618
-0.0301396035288344
-0.159832408129708
-0.112595049455016
-0.0398004462835652
-0.0637026946134106
-0.136188058093818
0.0128619571794947
-0.141406139001942
-0.160992000532
-0.0408423015243647
-0.123363740979619
0.0141599674360565
-0.132310464918828
-0.13565704551619
-0.14314719080104
0.0370650322056324
-0.0161302112602817
-0.0264458294579812
-0.113725027551868
-0.106152386458957
-0.0857756638579139
-0.0900598631639221
-0.0959933821422743
0.0990559843827075
-0.00280035648417604
-0.0377719414179742
0.081250768356523
-0.160669013342179
-0.1391156736755
0.00814324330782314
-0.0963901479561287
0.00174874262897025
-0.0108424081710323
0.00193833510674991
-0.0936954550181192
-0.0837840137991513
0.0399626341214092
0.030685877850691
0.0183611257453914
-0.0492313336770913
-0.124264943983934
-0.0190544947547181
-0.0215825109431751
-0.0528519523351007
0.0971455457752913
-9.61460511948154e-05
0.0439646539689121
-0.172032191703772
0.00927662098547999
-0.0765779198475926
-0.0625297142973394
-0.13491400981198
0.080502362698809
0.0476719642601329
-0.00404710967812478
-0.0252310603119464
0.154601501318327
0.0922279723305981
0.098507030792236
0.0674886227236265
0.0136038182728591
0.0832962943367899
-0.0673277492871578
-0.120350493899227
0.0649582367427048
0.0945380601513448
0.0384391183833352
-0.0292470640556171
-0.0161081216954203
0.0545735349953415
0.0401275788119905
0.0608463585704761
-0.00473230021770697
0.00418917179863287
0.0121192274198284
0.00532772820973462
0.113059475035675
0.115265903180691
0.151031124612432
0.0426078154656953
-0.0223252694979512
0.0365023009263478
0.105935702083293
0.220840299499896
0.0914596341572054
0.0957385564598676
0.0229082389501746
0.066053129568905
0.0927727811943673
0.0819401197223442
0.0831444546447838
0.157087512840509
-0.0281997313781493
0.0984138983996678
0.142591810403506
0.070690257388168
0.181496430411784
0.19605850364563
0.0923231951526
0.00496238577651575
0.18405657196293
0.197736625285166
0.0987472677695059
0.138851192536552
0.288234410976685
0.237807035778569
0.0549221113147219
0.0149065274824392
-0.032589701725679
0.1093006240219
0.105201357806814
0.0952050897514385
0.128567202319385
0.046158600417365
0.0454589480801591
0.175187649943847
0.270434256455751
0.132405953434422
0.305068734162059
0.173764953628406
0.116024552374205
0.250674365257725
0.136497664284578
0.0484010187728797
0.303373135177947
0.232278076489683
0.0979797028116094
0.189748002324664
0.255638526706624
0.232844884799884
0.140026911982911
0.175489894649899
0.236531043057214
0.126703532970703
0.124786190490825
0.116037256323373
0.336026546397104
0.266306456753041
0.0493703939690868
0.186422515839371
0.183330458084255
0.268025566804563
0.205258644464174
0.137104984290282
0.202201459792036
0.197252757735082
0.292167462717902
0.27355297685662
0.268213799123551
0.161100575945158
0.260122836219221
0.137845357259267
0.161505050705695
0.252044302278624
0.214559603739881
0.306026388892238
0.237407454610309
0.225705097018478
0.171131808129272
0.267546752623442
0.183397612053209
0.230229894381801
0.053314979181615
0.307874582741299
0.357558228532366
0.288977719107809
0.146217608203611
0.204314202242608
0.329647709922285
0.33143816571314
0.297297218386603
0.144363258256617
0.205466985248835
0.20135596633045
0.225987411497359
0.199161800082242
0.204920231720801
0.267689943036967
0.197417035192371
0.155005223546189
0.225664229854479
0.310730140133302
0.172966767295742
0.228005655016864
0.339829013326496
0.279621786995538
0.200527990960914
0.21398757514111
0.258735091638914
0.387870496534251
0.293644243653366
0.394255712731372
0.269819814186823
0.396970376817677
0.284163537600403
0.427666238112992
0.379101227784789
0.411538549580496
0.186945377315481
0.358855538033656
0.162209408386241
0.360835089045616
0.359267716624174
0.252556560741904
0.324620626692825
0.294272182296557
0.284275046788488
0.309894043964069
0.314673327443032
0.408689787113599
0.299253042142576
0.264392461326015
0.406485573876378
0.286192977879412
0.319217844370952
0.322699678320047
0.120754512101197
0.449406940308338
0.35416288769931
0.415193630599601
0.322064129324207
0.465940121084663
0.218276944991048
0.350232092716921
0.412365245082858
0.306602152111686
0.237649954175357
0.313176719106312
0.261765292407471
0.342831836069947
0.30489095551859
0.396822849797711
0.475724294874213
0.416008172547238
0.460489660512952
0.410660226633747
0.3160837991561
0.314914167170841
0.371089435823114
0.312811923950386
0.54856045453824
0.309423640630923
0.465171835340511
0.541368369165492
0.491359987066848
0.347873187697942
0.518145640991008
0.314966538688333
0.263163486666023
0.339901104260588
0.480198642833462
0.371847898454617
0.325693119135065
0.554434575660344
0.368540218914729
0.396975054286405
0.371630086284402
0.38324790489088
0.288281858527572
0.423932299463326
0.375650101973776
0.355354337672033
0.564973485817915
0.507356924063989
0.363409926220238
0.446328951597408
0.366102917770924
0.436768378628854
0.469116668807051
0.554586417580569
0.497678861456458
0.450757244785807
0.487309767771509
0.57293827791705
0.536789586702526
0.472474821991275
0.617429628324315
0.520988996091271
0.351445730364661
0.384275396433811
0.369946209043776
0.332913762155273
0.493089798398501
0.509467117792109
0.532735479874039
0.47063663005528
0.555714668019965
0.39722404180715
0.412709287122837
0.42589432091704
0.456505333715086
0.567216450042111
0.654442873495821
0.43348109455702
0.598381775712777
0.40988651829615
0.518625904507474
0.489951397411993
0.536080408885126
0.515802109875875
0.416444759852049
0.570153040045802
0.469234548451622
0.612645328451069
0.43294837331244
0.477433086089201
0.522227831006226
0.561182148741593
0.493723583063503
0.538187030054261
0.514548822216552
0.50054072359634
0.309231300517245
0.446664513246806
0.568567995748087
0.387584853767433
0.480799687398632
0.408375589648823
0.590869130703
0.594941350901758
0.565456308297606
0.517696084047469
0.514135408122894
0.667722876071233
0.483308787251983
0.608769141874497
0.483444280202123
0.536266859456206
0.483614751329805
0.46428248908528
0.525496712740402
0.54894786411265
0.551960745923591
0.574176167199797
0.637249074429793
0.724110335671488
0.564358181902324
0.605433381460935
0.599716302219508
0.686531796561817
0.532190096278964
0.546714220901305
0.623666952750934
0.535216454683193
0.61829780951268
0.738279826002967
0.630191329969371
0.572145716087051
0.6407004083413
0.69190863875795
0.640685068109173
0.462025416311127
0.640496938660441
0.50920232707854
0.675733064751082
0.606971609578114
0.622760998832186
0.734906808029617
0.48188787270607
0.633744287881564
0.569646070053014
0.599734697960445
0.58356260443658
0.797270370062504
0.59945976556703
0.538474604123104
0.59850386322575
0.809745033824526
0.606267959990177
0.581123423303517
0.62451623375956
0.73625675544773
0.625966059125904
0.580001977364437
0.641650825376341
0.655012908945705
0.793391650720196
0.789439123312073
0.670823502101531
0.863374864163131
0.739154685380553
0.563746975655291
0.630711311445658
0.780784173102372
0.762851712545408
0.699181372970549
0.648323029781562
0.627542269834867
0.722469396369343
0.77827763426194
0.958540132336822
0.837364985267844
0.647939783409881
0.72814838816722
0.681934525023194
0.713238936135909
0.728284374763939
0.675102046690262
0.664298664275058
0.701241275722735
0.53319093369772
0.714817331486099
0.670425565196927
0.785353046902318
0.778001636152036
0.682125152248299
0.605446455639737
0.760434283731686
0.891627288801308
0.843459175211652
0.558805659428021
0.634131925557971
0.731401716644018
0.650398572277713
0.661832192769203
0.629231635306352
0.725490038522593
0.616150035571293
0.802768815951109
0.651213870648184
0.790134962191445
0.735902865363384
0.737955722838756
0.822134524451273
0.795916208285524
0.539422146431899
0.561608072987767
0.649460876695095
0.668420474223482
0.864907815208734
0.784097432921234
0.892670535626599
0.828305666563446
0.745617958485233
0.808189857431792
0.863762075996817
0.874274454815663
0.751624678227609
0.78426352924218
0.718612337257895
0.932643303067455
0.773191002423827
0.884896662746292
0.883565555462619
0.797907003502215
0.877926862312711
0.86149732595711
0.864920487196745
0.83367816914117
0.87059573719677
0.796028908834105
0.964076434391339
0.686328361165295
0.779778786855555
0.79840374965499
0.883931371846414
0.96146745203271
0.888979703574695
0.852328014101928
0.915633980977124
0.685256308084069
0.781987261017247
0.865546112935993
0.759621825460293
0.677207193287448
0.991550613539254
0.914415150183513
0.721400565148085
0.961740131517506
0.762136265637783
0.95328426095315
1.05824449831936
0.847897663519566
0.95851378112124
0.614544372134022
0.881387138719691
1.06701527763605
0.79590085167053
0.862540773390254
0.884023290930706
0.912303801192131
0.82489234177941
0.874080728136837
0.967393898578484
0.944616040288241
0.898113509487238
0.96268875150603
0.759538977162308
0.888860371402516
1.00441146251218
0.925302738750988
0.833439357495606
0.80195221999095
0.905439597240417
0.847356897522671
1.03851626038082
0.926318180378932
0.93886943367318
0.95632014936818
0.871723698017332
0.833812598673339
0.906562528708908
0.963842564504019
0.835350731439137
0.907983080377506
0.917474403581263
1.07660318246772
0.849022866649635
0.828389682079599
0.901214738070156
0.958245415496386
0.738345669792026
0.962161653735754
0.836299246083558
0.894844320864967
0.896946905805197
1.01998435719739
1.00283568834039
0.98063591694487
0.884799442126484
0.914746445994102
0.980851062955443
0.809665327005538
1.02673164898369
0.923927055785869
1.00727033807541
0.885559674577362
0.827657698470893
0.864775244628332
0.957308272875374
0.977483116502247
0.858665504243313
1.15566747710164
1.09171346405961
0.936404264315144
1.0616842150118
1.05322015304832
0.903037869653879
0.934474605609675
1.12975827765921
1.14207083611531
0.989401419180311
1.00732377383004
1.10765854304879
0.977728715881886
