-1.09969032062498
-1.11419576987495
-1.00627689658624
-1.09377424719588
-0.962077297910304
-1.19878727507174
-1.07124232640497
-0.903842595936481
-1.02503505363835
-0.839868375143272
-0.916262326898852
-1.10456374902751
-1.0031863651988
-1.11385391943758
-0.934248812330015
-1.05063339230533
-1.01049189397407
-0.856488775658174
-0.92569794896859
-0.867644972655466
-0.912650949888387
-0.880670698750639
-1.01005962747873
-1.00669013264909
-0.98132992355299
-1.05802699831351
-0.870189729208124
-0.886475801809965
-0.83578728851638
-0.899873554556743
-0.842085527491451
-0.988193918924536
-0.995949119679356
-0.822119745047373
-0.912753163217576
-0.922775890113689
-0.9418219618766
-0.997663017325583
-0.848836119038332
-0.968158636540276
-0.950535804832837
-0.926795572714419
-0.928394477748973
-1.09457910911316
-0.717581334796156
-0.996690243825733
-0.901718753211781
-0.91881905077577
-0.917175395572633
-1.02785538562198
-0.718977512121474
-0.923265576511349
-0.877237873923032
-0.911500035221021
-0.880258600989573
-0.852281503294781
-0.928693166122352
-0.7202093005517
-1.0094527471148
-0.841767368412482
-0.927045817273711
-0.798511897220928
-0.846257811729251
-0.872181107473133
-0.721158320078298
-0.843497744605403
-0.936624716108818
-0.799319437877118
-0.784916061815189
-0.776507408546561
-0.835298188414246
-0.83009954284557
-0.926185641709829
-0.846228223098193
-0.859876279930435
-0.859324405932471
-0.866617463259492
-0.745503577453887
-0.886556492407659
-0.854600648026166
-0.943030330378846
-0.929578627476672
-0.863377884784019
-0.894164642503073
-0.685816335497851
-0.927993757027236
-0.802283476876921
-0.867991878664211
-0.945348016174151
-0.792681625063263
-0.849491011314648
-0.904143023271853
-0.954825921212775
-0.63856115819055
-0.81765467130775
-0.876139373179358
-0.754871102783028
-0.838331970615216
-0.87379181781975
-0.789636388925252
-0.939181736133688
-0.799724056037636
-0.720526026252963
-0.907820448784595
-0.741643238263781
-0.867272159654539
-0.879207978125858
-0.817383495349678
-0.750189544604512
-0.778201935997386
-0.730512111214288
-0.749591188418796
-0.64727445820386
-0.813875811862944
-0.721526342157813
-0.79628358826877
-0.834648742039567
-0.737877715579475
-0.658916075656712
-0.789874229313782
-0.710318037316945
-0.925899735899586
-0.674394425903502
-0.701521439158
-0.685281572921365
-0.855082704100004
-0.767308964933176
-0.718632110145017
-0.822694326645887
-0.769817208898924
-0.654443342030958
-0.82974585516927
-0.699020257210599
-0.649023564741258
-0.717812216306142
-0.716641085438892
-0.767876827216128
-0.839362197170438
-0.736719338250591
-0.84715762668282
-0.833758231438187
-0.634512432532609
-0.635190933207192
-0.747783528094486
-0.629794568696398
-0.683530936506971
-0.556017877122466
-0.42708175358824
-0.642586720357953
-0.672234385716842
-0.632270766853062
-0.658743454653602
-0.737088962355578
-0.496888548130584
-0.580050445401109
-0.509733826478012
-0.680048787779714
-0.424627504432231
-0.764865652871943
-0.768087902982666
-0.592048454507109
-0.61610232603623
-0.595050440126719
-0.624641245563637
-0.680445171452052
-0.692523833441286
-0.747224343643651
-0.695739229107488
-0.646283063201935
-0.628020307767472
-0.565828491280699
-0.656546013781397
-0.635215740195782
-0.586792415507169
-0.595694940558512
-0.707405619731601
-0.669556785221133
-0.654135122225349
-0.505100325085793
-0.68669132928235
-0.647798169736516
-0.504349253524742
-0.677207199401907
-0.656553242321203
-0.524526402704236
-0.504996783282183
-0.695162783772381
-0.684579222561489
-0.593452239526489
-0.657482960780911
-0.648135220939342
-0.535842514927003
-0.625281229633202
-0.689744861806609
-0.632336152746872
-0.670409961324447
-0.616557658656148
-0.827210723193215
-0.548937831308846
-0.586315291516037
-0.496198581006626
-0.643868801444142
-0.489483590457758
-0.58808633013746
-0.675636683415292
-0.539944018711717
-0.626080721877277
-0.556028429769175
-0.614965887149588
-0.494483210328832
-0.552895555345453
-0.573041719722267
-0.643239860901557
-0.407936505525772
-0.419714838248547
-0.64029105922873
-0.652558803868749
-0.703418878845708
-0.547332185696068
-0.514212249747818
-0.586013047369982
-0.425269406346261
-0.461871570416661
-0.668003799449105
-0.44392988600041
-0.711836407069994
-0.420157015584817
-0.591985141083958
-0.604721988801816
-0.522465471459393
-0.428913042252498
-0.566967907053089
-0.551266232811884
-0.653647415016358
-0.656987848524914
-0.620194939095452
-0.462282606019671
-0.467605607204707
-0.559377888863565
-0.349327762599568
-0.447008359063679
-0.600902196407562
-0.4244776418629
-0.436262705990759
-0.529223841437499
-0.548995596680105
-0.481921243214957
-0.512788710540622
-0.384265854101586
-0.520860396135326
-0.424900738593898
-0.456836329328621
-0.463675028951098
-0.597600141807477
-0.637814178316812
-0.516391848243595
-0.522396491084596
-0.451194228555776
-0.440975383874227
-0.54945038415362
-0.454624827327862
-0.532514643880673
-0.467989100925303
-0.495003342002169
-0.453414315549195
-0.321918242028999
-0.562444192501004
-0.414046697820269
-0.576002296695683
-0.608416896620542
-0.311372172927853
-0.497706078105798
-0.456534448889066
-0.423848589369087
-0.392917293859913
-0.460714083210787
-0.52262497922299
-0.39820568281432
-0.497161753299474
-0.404269084527766
-0.522110592397551
-0.403820158711965
-0.314597372159561
-0.483412567903434
-0.360661574940473
-0.47085970782452
-0.422391364791339
-0.415395386406673
-0.49986932482631
-0.347808750204351
-0.425610583582436
-0.346658815549865
-0.442255408254459
-0.399498705911787
-0.532676937029809
-0.599343976627599
-0.526751459367726
-0.406699359699019
-0.297523351311835
-0.444303937514118
-0.424045660574629
-0.448547272203394
-0.364283266290251
-0.374638426793736
-0.393303731007576
-0.342494002959061
-0.442020179192298
-0.422705253899783
-0.333700187997197
-0.33320700359733
-0.354197394698681
-0.429099954149623
-0.45387722834686
-0.374274189429618
-0.344047544813735
-0.399790630423887
-0.222519464121286
-0.341281845947661
-0.231618632549255
-0.344709431987881
-0.33816973979108
-0.262477497552063
-0.394890099709158
-0.180415203037778
-0.305912368678926
-0.390707098129688
-0.313634256269061
-0.262933609429979
-0.23480686010887
-0.340841862948792
-0.255168793629128
-0.330310984889533
-0.272119381038683
-0.338527670567262
-0.333907183247119
-0.48896770413405
-0.326967239126062
-0.218626607929695
-0.403474133338018
-0.449540195311634
-0.225077995330373
-0.422724133419847
-0.270228777127098
-0.297904593370681
-0.33652152339851
-0.35023149794133
-0.226863504844529
-0.275784328321622
-0.287589408322517
-0.422067240852625
-0.260195485839666
-0.278152290598145
-0.36054982689553
-0.400716610408306
-0.448633245024569
-0.139275202793415
-0.297843980858476
-0.282114435650571
-0.17415422563491
-0.274131075451664
-0.147081709900482
-0.279342361651065
-0.129765681800426
-0.307911006338308
-0.361516803845324
-0.314019090660307
-0.307002518058633
-0.0807308258307874
-0.231111547577058
-0.212612219367469
-0.291755890013099
-0.278752844151467
-0.293272981895934
-0.0949048560596471
-0.306440979605995
-0.138684329679806
-0.483184695824182
-0.245763327625059
-0.0975732409927454
-0.0872160695214185
-0.400491633218058
-0.273959508658175
-0.025557536493787
-0.34394378754441
-0.223790760663911
-0.272520883013951
-0.0523892185248825
-0.239885549140186
-0.239595632368634
-0.194997439695603
-0.170672953437202
-0.155303386907415
-0.074625807363882
-0.280921608717172
-0.239702780688244
-0.253736034252629
-0.178963667985272
-0.211590212398842
-0.128149788761567
-0.216199510649462
-0.163225956244708
-0.148848240368164
-0.169413772121037
-0.199585098048836
-0.13498004209274
-0.0827163973855274
-0.217570319603705
-0.291135662997184
-0.152056011730832
-0.0148303512757563
-0.258811962661656
-0.317840110100992
-0.186466154723737
-0.0800093765249032
-0.157397731428972
-0.222974401129477
-0.126296291023538
-0.159941209470181
-0.189785660710041
-0.0659307959991641
-0.2251303743699
-0.0642618688117591
-0.243820115365596
-0.113029131784643
-0.282508596520174
-0.169408221380663
-0.1046786070041
-0.203109601405184
-0.0175273405118221
-0.12531976373976
-0.146858668477032
-0.389720947650849
-0.134429017665784
-0.0445070415054229
-0.201844149846802
-0.0107680010507187
-0.246925224924018
-0.0609630888033186
-0.120397471961619
-0.284329760817479
0.050571019302144
0.0362500203743481
-0.139533058480993
-0.107620211462631
-0.290597422159714
-0.0590062099388827
-0.125027532304262
-0.160821725672094
-0.250933910504914
-0.107348500325598
-0.100380423746965
-0.111835380014151
0.0554034703214608
-0.0324156423266186
-0.0785987638527395
-0.0916735330823229
-0.0482882783359858
-0.0237779406252583
-0.0722746075248552
-0.0848944817381449
-0.129646316988786
-0.0306220451662291
-0.148234680917684
-0.0545957813977036
-0.0908680117243734
0.0408443235664191
0.0138538147798128
0.0570206601877821
-0.101935911773662
0.097238855873386
-0.0819147996188559
-0.13593314981838
-0.0224606838593058
-0.0101232181370812
-0.131522268910788
0.000840847455807197
-0.0405330267999534
-0.0244233643300656
0.0185643665886685
0.00170237048062194
-0.0157795001719555
-0.15844557970481
-0.109348048434742
-0.0755006947779654
-0.0235798878807939
0.0174096962073177
-0.072074438816904
-0.0496991037892909
-0.124641666395671
-0.0309408475504447
-0.0555051974149183
-0.139805852778059
0.00469156095071243
-0.0107743511709834
-0.0206496973062058
-0.0123992798679932
-0.0693608150138579
0.0110025630155445
-0.104802978015807
0.0534838629910139
0.0317825359325374
0.0086260959387363
0.00822169337106608
-0.0224343725407827
0.0644650585164123
-0.0444041112857772
-0.116098905229106
0.180913243486386
0.0162458300756949
0.061625382704551
0.100160846352493
0.0413516501759841
0.183389234682262
0.0116930330502345
-0.0478848249414186
-0.120630339143003
0.0589959850712604
-0.163195622967562
0.0132126002396888
0.0940236901633038
-0.00959283687728328
-0.0539173467260209
-0.0147789384593085
0.0709270062646642
0.0386284108183673
0.144928126270981
-0.0263286338471856
-0.0490992452506505
0.117083697851575
0.123299620849471
-0.0310766598564312
0.0121713186203649
0.017836658525746
0.0927200687817661
0.0627280497427539
0.102711492397142
0.119403358950205
-0.0889732700466268
0.0326266030819165
0.112527405713289
0.122929578111996
0.0403578734617845
0.097156477260718
0.140552969293126
0.0839231504896449
0.146117850045005
0.117051385287179
0.11371731103491
0.155344278296376
0.0597027992878678
0.173300632177431
-0.0256591216888449
0.02541958673112
-0.0535928750451925
0.096426419654074
0.0381630717994563
0.144288518232842
0.117298507333834
0.089469946935781
0.133809492169428
0.0330375969106469
0.168869609058511
-0.0254197227161522
0.157270031580485
0.0885526780305125
0.162652705773095
0.0649989163657297
0.123321871432908
0.11274772721581
0.205721679632149
0.223662077974267
0.181923155074217
0.202218419225515
0.12705112961578
0.160142138585877
0.301229771554262
0.0131576863336167
0.119027489003249
0.212356768089637
0.258158668751871
0.275267447874989
0.0044187620488696
0.116624040427359
0.247972470970845
0.205544639941237
0.199486034847571
0.0530399344049416
0.0356622656901847
0.181630385059518
0.286765332616978
0.0811217792092137
0.229727366302741
0.130948971043971
0.197392579830606
0.0577437367000387
0.149030298921576
0.167807954633539
0.344185318088298
0.360346150010479
0.0323193393780953
0.126295415989911
0.28562272284656
0.143578443073999
0.185727676049672
0.198170035558247
0.19553128830485
0.196153791569031
0.0962326825563845
0.315485813121416
0.14913738731982
0.187339238576626
0.333727163127868
0.192611578330532
0.341030072431148
0.379308871971452
0.209761963840016
0.180356503670265
0.349984935021418
0.409005851577308
0.185574595496898
0.36278363559115
0.26647831732616
0.0998344808219723
0.226116531318652
0.278743257333957
0.123975950024248
0.263323329127156
0.340794483431057
0.39399425851457
0.243241559611312
0.245698923194846
0.167485005315966
0.295883850244991
0.21294472717134
0.193198768502043
0.207995830803031
0.32862372330583
0.265322671281575
0.425952777028901
0.278719411943335
0.339345516029781
0.18832224648224
0.314336534754703
0.295654476058488
0.279497912183868
0.242004452043205
0.222151871775566
0.202335139734379
0.300905065095956
0.320275240877417
0.335827431968078
0.266476440946578
0.270782723267751
0.266465943088918
0.305049092456865
0.398776142381309
0.320398289567316
0.349060899638773
0.418342150099703
0.32884926094685
0.310052247896015
0.268644716696668
0.298317037433754
0.374208520956898
0.35064027524015
0.234377522369679
0.379658857195437
0.466027256154503
0.424083944508948
0.262237005085089
0.317831020896003
0.193721175583298
0.330293145083715
0.331307330738827
0.434453384802337
0.21353592956821
0.378646812461113
0.237750856367548
0.317832302122298
0.230742710171605
0.35774300044726
0.35449537709026
0.405030015281388
0.409302078167312
0.40801347050573
0.392619249704361
0.440100472542945
0.263123032767133
0.457537467043459
0.338889012436885
0.341513155676439
0.485692395643967
0.448149575544135
0.300335098920389
0.406129690385976
0.314741681884795
0.377707391017592
0.412351535736269
0.469568179204029
0.410303676280991
0.35549672579356
0.513796300436371
0.349768073187669
0.405828775667881
0.437968278998624
0.30404496841803
0.347953860743315
0.399903686636982
0.470626745716666
0.432903905288841
0.476939935816593
0.45966275616458
0.46360427639579
0.540392904255239
0.407353783169549
0.368675076421597
0.524303189353253
0.382359315622807
0.536705541404555
0.535273999609386
0.455559837788266
0.589241882138519
0.354246099817986
0.363512853818852
0.244329212942983
0.463934996990017
0.356750960409467
0.401056206369246
0.501124705304562
0.561695763010745
0.462231011229804
0.38853396778906
0.424726253255376
0.562375707044568
0.468681494908892
0.531593189195906
0.509901105259815
0.492219406944174
0.554447141333069
0.620444713491167
0.434394577173434
0.589479710283423
0.490361393371327
0.523547949883645
0.527657680067542
0.45620999286874
0.494568838001336
0.556286482802094
0.52952241371284
0.571126815522086
0.440129550471606
0.486589466653466
0.527808697867988
0.411914498141462
0.535227137379429
0.432305377078818
0.587181690975676
0.576591966687528
0.640614718891863
0.554665716626088
0.571711643936578
0.435020045385919
0.473277375988544
0.350091624734614
0.503178260307398
0.609337408515367
0.523347613181299
0.68947207107627
0.429326028722897
0.443404322858001
0.549119045016012
0.652855515965139
0.43123998152979
0.541429231516126
0.519998964617402
0.467966201040914
0.562540224676208
0.570368596882849
0.576003033205184
0.609914824571041
0.574086360619418
0.585636581762184
0.597637135054377
0.607885306555617
0.53394157288438
0.622733160392457
0.615735835673119
0.489604778237433
0.726949537644657
0.591738007811165
0.515033625034603
0.579376096282313
0.535759599651278
0.560499527589222
0.63622496996182
0.753475783351656
0.534936385005162
0.572816366411764
0.528762296955349
0.523447811262283
0.550466023925738
0.510213402672877
0.65335987478261
0.576526085423165
0.711466444982793
0.570607834697723
0.569270626580325
0.727716765547259
0.498073563985469
0.599815557487701
0.481039314762078
0.494930708123773
0.572175686224546
0.511500459346226
0.664285665625499
0.747894591283022
0.716592410711552
0.707941503623668
0.674172870457455
0.61621317962722
0.588617550030347
0.725406347509985
0.521840202547123
0.588075533703634
0.686551750278878
0.610896101186008
0.577967709057503
0.612223795221306
0.722061234189773
0.836842001227822
0.649098103372776
0.679874668965166
0.683342923577772
0.75632909429074
0.588684236561378
0.719646309349457
0.571175582515544
0.70708305759193
0.588768376892733
0.665426996865054
0.665996705169796
0.667269384433552
0.853786538468258
0.521575253033081
0.6590515403817
0.713392337075142
0.786910328797285
0.808926178399331
0.604517068120185
0.711663417062994
0.67669123780617
0.844283509665773
0.705788663700082
0.810357759778743
0.755059323162052
0.713484270430351
0.65619885307479
0.828132208701431
0.72929801375208
0.828399735858956
0.709723562008413
0.739590718655383
0.587207227337011
0.642628624213329
0.772703126653363
0.785118777198869
0.732372020940777
0.806409751287569
0.669761419576019
0.701455815067947
0.805711452082811
0.667469619963269
0.743979666696306
0.630549287109844
0.786541434786932
0.767413771608907
0.698930084874762
0.676536573504904
0.696909127877325
0.658958756464443
0.692562688153278
0.665127684777562
0.652636973496623
0.793088623348287
0.729129707581975
0.740914669064332
0.757263414145719
0.660500694170969
0.637749774685175
0.699021039283063
0.890490582968165
0.85026132678846
0.741960760726418
0.778973556319384
1.01364394919961
0.778301782542307
0.754649527495754
0.683139427412346
0.742704751234276
0.836803395675525
0.831551616884229
0.77414132442927
0.884842709528506
0.78180024992494
0.72703674160001
0.719335256856796
0.80127859218245
0.647394172614298
0.896537001099795
0.611008727376054
0.834674649333306
0.757296944391509
0.960641045217278
0.953594302919251
0.940099176293978
0.873295112138259
0.777370856411489
0.884215886318148
0.745314698866463
0.847536811580649
0.777699223756264
0.806971857575728
0.881916750289578
0.810675960023652
0.693070337046602
0.957935998760025
0.845604947405756
0.882599131039419
0.835012433799044
0.908138026524852
0.883054923028388
0.911760389012024
0.935302766580151
0.774313051013313
0.903333144009231
0.951421058512317
0.889115511076483
0.867741617380143
0.969128730561467
0.96029095474627
0.793478838844041
0.912358026447024
0.846508337316966
0.890753636116101
1.0572930527885
0.829521634644363
0.823648133311236
1.04467987873611
0.945442334364963
0.91941150819382
0.962463272047717
0.945057298827793
0.98550506151459
0.835868791130787
1.01034926205861
0.869347530672231
0.873060424739731
1.03634943697605
0.901931460226343
0.977605481758028
0.891997044626596
0.792556170338474
1.00792188367783
0.907952957332136
1.29053699708208
0.899320120435738
1.02201476230351
1.04718653857249
1.01325312350868
0.881745474421862
0.960469461334592
0.865441044429863
0.889726895947087
0.845212381712
1.04278466659572
1.18478141014405
0.993786431264271
0.986646142806441
1.01547503589292
0.934646048166448
0.900413923113675
0.975175957257661
1.0541653504023
0.991899311259982
1.01526417521999
0.973585735992067
0.926251103856762
1.04714264467278
0.871787113960748
0.97728911106206
0.93128339881649
0.871096301524863
1.01752534585783
0.762192896964637
0.867401965150545
1.06414176710087
0.977982891580219
1.11246767418045
0.962227417879052
0.93430411235751
