-1.03172522504456
-0.767791984683454
-0.97376301685367
-0.856177535376631
-0.952067054743149
-0.934711823999276
-0.871353785816535
-0.918105789445996
-1.02805557771552
-0.92456564051613
-0.828489139021908
-0.899043538903063
-1.05105799745582
-0.942682216662333
-0.907186547024174
-0.981142337167268
-0.853804192077839
-1.03612008542749
-0.877944008299445
-0.92516331755733
-0.883610883940418
-1.0534857541025
-0.880755848770281
-0.804863203365846
-0.951720571445254
-0.994707314190407
-0.887611002817418
-1.02777862562346
-0.7423369682803
-0.92847083020699
-0.850212337895641
-1.05239085383765
-0.995979972264496
-0.829951521705667
-1.06923541592377
-0.877948654451208
-0.983798064916504
-0.838565492961991
-0.934254233618551
-0.977867156730856
-0.820201037818842
-0.904238984105368
-0.939307643984023
-1.07213425547428
-0.950971211319957
-1.00223194383864
-0.857711747068454
-0.925863341349111
-0.89374229214047
-0.908659181622243
-0.933826178363028
-0.819804292923965
-0.919804464065223
-0.701141874151716
-0.959577146599539
-0.748198391653082
-1.1009018873712
-0.913579841160489
-1.03861299319598
-0.870632563743046
-0.902763504118586
-0.799458632118713
-0.82507813072003
-0.859864484166454
-0.821359676019027
-0.991101405212213
-0.817667014852033
-0.879109261133841
-0.785721202333666
-0.748185386451369
-0.894192984074292
-0.79934731722122
-0.783704159428267
-0.883549043182209
-0.906356989620464
-0.88116600988427
-0.886286029468264
-0.824397858182849
-0.843060605468717
-0.977050722527823
-0.703115200860475
-0.81742973229729
-0.913463240812037
-0.933849453956691
-0.938166703030227
-0.787100902754738
-0.814388629686063
-0.981877408829145
-0.955825521065816
-0.748133168509261
-0.899638552663482
-0.815555618754983
-0.944693147976065
-0.745241466952192
-0.809400493977579
-0.966647743398002
-0.8023830801409
-0.78568725326805
-0.85854582741399
-0.750830420495581
-0.824012277075609
-0.809924313346576
-0.698813172998193
-0.798891448362234
-0.878423992746143
-0.846153669959253
-0.852533143822183
-0.8064264002449
-0.694172498603868
-0.796369673698114
-0.726396452952505
-0.781814386914557
-0.8354825449415
-0.784398624348017
-0.843805926716389
-0.704752440329783
-0.680931949398107
-0.752662293677686
-0.848931016012562
-0.763787654889252
-0.869051984179581
-0.686032330159764
-0.756375534088426
-0.75121202675443
-0.821640219376169
-0.71691661759091
-0.714107389618005
-0.736671799081886
-0.70686241772612
-0.59592980985555
-0.815977404304811
-0.922109873996867
-0.68489941009877
-0.807316653341942
-0.603042766365439
-0.691052948004779
-0.693829349849345
-0.509687308831
-0.653150455917228
-0.617302576378577
-0.733193117891545
-0.686913911501138
-0.551845103123544
-0.682894380990176
-0.748443658868029
-0.679541166318597
-0.713735367533781
-0.577067149663052
-0.731951063102176
-0.657208549227675
-0.688592943376222
-0.871509759814415
-0.75301617839708
-0.644396349354702
-0.642472180561907
-0.666454996331259
-0.663804498066931
-0.638330461965832
-0.756446497180128
-0.660002367797447
-0.627604879383618
-0.578458268852545
-0.715891525879286
-0.663526080003766
-0.597277798542623
-0.596979544170431
-0.658942212073419
-0.452735519158927
-0.597020900558993
-0.601813807816875
-0.560158633020681
-0.564627977249163
-0.67609555796399
-0.563758786573925
-0.75362510574948
-0.651576457407774
-0.714962870573027
-0.534061585981975
-0.548639783486544
-0.720220944130037
-0.578592591537687
-0.519468789853684
-0.66317023003709
-0.50733508606135
-0.529918695324421
-0.846985757625785
-0.682876982569051
-0.524831323793343
-0.629168933832091
-0.518673281980996
-0.627746466965358
-0.603901473510041
-0.619001401074968
-0.760641890567996
-0.681267732400544
-0.706311720778003
-0.543755814198421
-0.76401356324288
-0.667825507195602
-0.64383804792256
-0.724187637963047
-0.696771404967521
-0.566875468979945
-0.525874440869093
-0.701380365670886
-0.613184430903707
-0.594799758359655
-0.603903029544127
-0.542649616600191
-0.658606706596736
-0.627218233866193
-0.504214679169299
-0.458438486081828
-0.490888349687983
-0.543742566352857
-0.538707434886558
-0.589142149922632
-0.448021330741683
-0.534060283280921
-0.479321196119299
-0.61908910753787
-0.513997038904107
-0.584603470906463
-0.50524482596663
-0.687693278112269
-0.47881811808606
-0.516056642315374
-0.544497510157733
-0.524067495394233
-0.647686116141505
-0.576962665918191
-0.585398114085475
-0.527406313397695
-0.730508149723384
-0.515489044270682
-0.494327810054362
-0.578404805653864
-0.414326154213051
-0.53359963011753
-0.656397677119576
-0.461070801661506
-0.55231827232194
-0.486978260242871
-0.588813566492635
-0.493283860729224
-0.445800620615593
-0.418497941372002
-0.629437567958973
-0.416803657964911
-0.559000069357444
-0.474641832285084
-0.565081189031931
-0.368364973544794
-0.562780814047407
-0.339489495356162
-0.365628472091231
-0.431922710831432
-0.514735839086353
-0.508609786160502
-0.389156393919389
-0.472287764889751
-0.460528396317615
-0.505543976290096
-0.425986712972817
-0.459155126091338
-0.595574258086695
-0.352600606515644
-0.490695330339303
-0.363856416571904
-0.523200055804632
-0.444605410419781
-0.318955163880754
-0.445662522835789
-0.50941345757835
-0.572937078517503
-0.465357811697806
-0.403359747170516
-0.459568992510343
-0.321440286689194
-0.396091688064994
-0.524710541721554
-0.453818197207662
-0.378076246819991
-0.337002167191141
-0.272009193441845
-0.305171191180962
-0.434532114508914
-0.369758806060995
-0.361684609724838
-0.308729928413857
-0.312122932092019
-0.449778560901079
-0.398401441598177
-0.41459275142135
-0.335654328706768
-0.44251421789633
-0.531562943857776
-0.349760669140054
-0.190506303511772
-0.433776972417726
-0.346457759360708
-0.370293070290047
-0.360255926879945
-0.467667154382969
-0.353356192010928
-0.471721515126509
-0.440014280941017
-0.509648873041081
-0.349529837101515
-0.426588645192273
-0.346289174762269
-0.451931548090689
-0.425792566041438
-0.411483345056588
-0.38452933963869
-0.351303531205287
-0.517640065653781
-0.319007987573213
-0.373605845061833
-0.376025368711548
-0.378468812843379
-0.516082955014025
-0.404733278550137
-0.253996495624719
-0.359941123717954
-0.369702341283887
-0.289653069743304
-0.381639871701329
-0.491971282814188
-0.3225579760869
-0.308773954127846
-0.298489804050956
-0.247960880739697
-0.416277525639264
-0.382049804570437
-0.322045977962348
-0.382416658610534
-0.300041242568392
-0.251179577467747
-0.336912187119113
-0.336911338182508
-0.456943562653899
-0.2222260433983
-0.172341586046555
-0.25356733700507
-0.293005393453576
-0.343220511797511
-0.220021027417888
-0.265014318856593
-0.444633877744036
-0.214000228078676
-0.272203556333948
-0.432758485947119
-0.31085510953981
-0.31314745699222
-0.24687839969453
-0.257986645628225
-0.273580383348004
-0.280819866369491
-0.424279866724675
-0.261228220320144
-0.187629322833429
-0.354525631276571
-0.299500988808007
-0.362833443660909
-0.244705826065454
-0.350572889610584
-0.399204219387534
-0.321942817188665
-0.116106414937724
-0.29881898902609
-0.232678415533771
-0.294110031692239
-0.203531049932685
-0.288731357365663
-0.273183113354827
-0.230418922652726
-0.184041406091177
-0.163744824674199
-0.254352446642658
-0.402632422465748
-0.159916843802771
-0.241076908401131
-0.228941372205751
-0.194228079234904
-0.366186728943733
-0.17440911576941
-0.0787246617527107
-0.375712863135935
-0.231313994975868
-0.232361642792786
-0.125950326604257
-0.227593414782143
-0.288036895624556
-0.239631435838366
-0.413786041331774
-0.14999648171401
-0.245390790347404
-0.156806174978842
-0.202331736534439
-0.297682277262338
-0.161023016833219
-0.283947784535066
-0.269168462373251
-0.170669645279335
-0.108754154953668
-0.25125633681493
-0.114760138477987
-0.199340677510339
-0.0839379855703759
-0.145692973111952
-0.13551712702999
-0.284681857351739
-0.172938389335561
-0.247643313325049
-0.230372661493779
-0.0801539519405101
-0.176976179823048
-0.0952213070750065
-0.109934628018919
-0.208546183945847
-0.0401276432314292
-0.206042328651387
-0.22202264448403
-0.0806394909011689
-0.161273475772566
-0.0306292626683358
0.0468538872365958
-0.084355590176996
-0.151926585322858
-0.110936518585159
-0.173377536251219
-0.0636274334516263
-0.128216199536094
-0.127321373091076
-0.117012852725272
-0.124313424552924
-0.0753928128625389
-0.152098806090788
-0.284194219962626
-0.186322797449738
-0.127233763076867
-0.0672484533580489
-0.0535788621814877
-0.264706340420079
-0.0657544273439778
-0.090917632577278
0.0211047584127437
-0.215188811298656
-0.22501079127743
-0.0343950475761686
-0.0992406691405202
-0.0924298287700757
-0.123561498060863
-0.0958380448911805
-0.14261849408119
-0.0419764047170997
-0.193708510438844
-0.127086771136718
-0.098818152498408
0.0267529769625984
-0.00675105811549127
-0.140760319145342
-0.111933279031862
-0.169259072066897
-0.137889301346125
-0.277524402664137
-0.0847425719146805
-0.00297749489420849
0.0357901032806551
-0.073206402484971
0.0481778299127439
-0.165414445681724
0.00574222437446799
-0.0218663995877651
-0.169885529873596
-0.188039810365798
-0.204421401050167
-0.0215828306290103
-0.158912650067864
-0.0403480103073839
0.0342168087095079
-0.0049636054727447
-0.0511674131326339
-0.169052414749936
-0.0466857354232461
0.0286220722126645
-0.144873035119577
-0.0668171630980013
-0.0860878215889233
-0.0928410790898972
-0.0187321995400823
-0.0546542448906721
-0.0708738156282829
-0.0336111072066027
0.00479162169961662
-0.0555405525176247
-0.0106594813230815
0.133674645923113
0.05636170394258
0.0869848767005972
0.0608047159590595
0.282902900537026
-0.0694530430070801
-0.0389918133255763
0.0435668783959067
0.0051840637895894
0.0515475372674783
-0.0402140717374484
-0.0292658728139376
0.121292048270525
-0.0684907894509499
0.0601379225544646
-0.00324204651753573
0.0460742530939912
0.0257003335921773
-0.0278336829667698
-0.0517471213875592
0.114701763653395
0.0255880623548824
0.0115005953360788
-0.0428406987823715
0.0838434892569611
0.00651499533571344
0.0410912214897968
0.0634633547627277
0.029894176166527
-0.0795722117311972
0.0501760988792268
-0.0449438579684084
-0.0496370529496836
0.0916010672608331
0.0262675368296596
0.303684215585219
-0.0061163111165687
-0.0185315170638392
0.0791842009496865
-0.0225713744895425
0.029024527916035
0.167444999007653
0.12029852385649
-0.0565285924695892
0.188169564879626
0.00110457381581963
0.0405681712596071
-0.0288844534712938
-0.0261215855827697
-0.115625645618645
0.0360318079333646
0.0205840978351684
0.145938287852364
0.0323023581398219
0.0013229215954272
0.0362130893956042
0.111971919745415
-0.0367302276724647
0.0873004886959623
0.0855677241694918
0.132429962748863
0.127024259410213
0.0990347837213346
0.0547440356250471
0.125085558711665
0.128521674414234
0.0510068165071372
0.296639557694182
0.146762137786301
0.10912931212483
0.229937095184861
0.187013230300713
0.241837189737801
0.128144495885063
0.243183909851083
0.260427566461761
0.14445791734416
0.225261283230481
0.108492987822919
0.0886200506016854
0.0870685185599284
0.238972550612525
0.141483364553483
0.0467672952846523
0.195767514905307
0.0378222092789895
0.0763643714599893
0.182115317185409
0.189400903903093
0.153744358347262
0.080350458927962
0.060198168146434
0.126099885309895
0.181045832202189
0.207419872169374
0.056360991371805
0.0852116546494867
0.233889441031211
0.335362450917499
0.209831068359636
0.186993466781517
0.213432826609177
-0.0157934179621588
0.245855531458787
0.20472976908875
0.342163114233748
0.242387039425949
0.330708471794627
0.172280834445828
0.320596418575494
0.235502314510574
0.0804612862939029
0.273086817884824
0.279020580826744
0.1475671878249
0.207535431695282
0.128890875597243
0.25901671371436
0.185326697533859
0.401804161068295
0.375576045298472
0.0873041598977527
0.404192056191649
0.261415793937482
0.148879743058892
0.30973820143479
0.366616862903205
0.124734002134664
0.214020032896595
0.154902375532467
0.180978212063325
0.1245531880226
0.277125568811689
0.369787596528604
0.298809143530641
0.317940646558308
0.280165245925832
0.173328839478723
0.263220897508387
0.18768050475307
0.225433901896833
0.163168154603757
0.44735250721942
0.300252811819932
0.177565614378299
0.287398150314053
0.344272678156357
0.236969082381902
0.260101522463104
0.379730405182292
0.143145494553664
0.175599784693208
0.428732946775168
0.327951112831536
0.485935809668531
0.309371150213704
0.389481876707149
0.339544429279846
0.303309104660307
0.291086105534432
0.30047479668318
0.373477836596351
0.483267403285405
0.279525921312139
0.354717018259332
0.347129913119382
0.380620677542325
0.426911345632632
0.334838086778052
0.192791059001214
0.434805616703807
0.352990059279723
0.147340647600417
0.554238983940975
0.379144698111906
0.34059718332576
0.348437524444261
0.374662346216678
0.469356802922703
0.414544522400669
0.517161853428094
0.362433092438002
0.402187815196807
0.43511201262137
0.391740663475972
0.446693875301682
0.398043402664498
0.495537082868356
0.455680658891154
0.424697846378537
0.363873777959532
0.260256804443111
0.388621784930004
0.338256762632499
0.401892176316766
0.334897621450193
0.439549744049183
0.269813765740628
0.402920365339878
0.462543624102235
0.41113336018162
0.412538363470256
0.423336630384156
0.267063503239822
0.361907292390655
0.306738824015971
0.466738092574833
0.510607239187611
0.46727507414618
0.450977412634138
0.544049149369974
0.444269242312798
0.426366972058242
0.496781647238045
0.574900425531277
0.502414230566603
0.392342443752809
0.479853663312869
0.33963145110613
0.350167158712826
0.434213736279083
0.484600479808574
0.561266093868116
0.411079624062305
0.44964527014076
0.439186149442615
0.427596760746633
0.453060429394106
0.404450491684387
0.445924094874765
0.540896294334268
0.605266489044387
0.471631694263982
0.443400825022785
0.430293506172995
0.507479147349802
0.387337066402677
0.505531692202896
0.326134302442091
0.530946219868444
0.527881799404726
0.477726995780428
0.359170596505526
0.571744137424636
0.40791675390202
0.666544604353865
0.685325830672391
0.704539698429602
0.402499252211623
0.385592557594842
0.568230011671257
0.43876963771883
0.412931854686214
0.527588095538999
0.37237930046634
0.415230053560746
0.502304207985931
0.441824919578179
0.492630325489681
0.355931788491081
0.503853339161827
0.575172082219045
0.492611742524537
0.384464812782773
0.530443398026919
0.582182335020549
0.421168187244855
0.440494225633462
0.392171339692778
0.554719558860831
0.472507068460076
0.581586033356737
0.547673153562167
0.56918945144489
0.41230732253682
0.435217470104268
0.70269392901061
0.585922990988262
0.607234258372054
0.552919397268447
0.462668643616368
0.712631202210357
0.544006514698996
0.623719658687981
0.377669530415622
0.718114521832358
0.50982988028741
0.625743589546624
0.603143011890354
0.563757542646245
0.512276218519186
0.531350012453655
0.440534890926781
0.65299606772873
0.676068232612635
0.655050710380361
0.547976397195975
0.55019951098736
0.394714067943192
0.588260467323913
0.516997714302761
0.661728743018438
0.587803393338636
0.639285438453268
0.675178401066997
0.624282043703435
0.463665679861419
0.724378617779722
0.726077877247311
0.62128538434705
0.457491904341537
0.728185517051397
0.677187013797208
0.543757420207133
0.738986116110141
0.602045925898048
0.434039413943041
0.552813700397101
0.505421768217264
0.57359532908264
0.636652400674092
0.689756725540246
0.521082570916562
0.686876108899337
0.469057996186989
0.673343903779646
0.692435617247668
0.568218763255677
0.659498149476502
0.591392177334597
0.802023696445371
0.739932939600873
0.721692451097284
0.659770144248971
0.683289685438978
0.546381313761996
0.67363681216601
0.654210185906608
0.395758790674858
0.735136266889263
0.61143474502955
0.651293232208805
0.540353396536281
0.600669317523001
0.727709652731452
0.759227705369054
0.524049883406023
0.67780510442599
0.682016334240346
0.729219284812
0.638127984097409
0.674795799399262
0.558567340599502
0.781253341059299
0.828029670237195
0.878125327411969
0.687848871579933
0.805216475426665
0.651082239816746
0.838492639269962
0.693035610346133
0.722193659583455
0.766171233463254
0.698830873465442
0.664002738575476
0.758259415761386
0.733973570741895
0.724899023349056
0.651983313848792
0.664308651754025
0.765117107427809
0.874838766841054
0.804740414742082
0.973584902005818
0.858895866127626
0.785264867720831
0.797132827038137
0.828899264963702
0.743837045179056
0.899445014598399
0.847865336947404
0.709844790453965
0.661475915942332
0.856356153208277
0.870757566350633
0.716348228593524
0.767697787266266
0.767870176706508
0.826058363693194
0.838901752225702
0.571382147134915
0.572906072438347
0.808360732411302
0.75217616503229
0.809861138098762
0.739606061265107
0.715336765986031
0.786304234086348
0.741525757429445
0.651961889044426
0.846336271668643
0.765627257051269
0.72489190353258
0.810670685227316
0.743719016835497
0.768500413768361
0.804088767629525
0.893201133916961
0.865861930628112
0.828218219332889
0.811279549164473
0.762320687004342
0.958733618934744
0.811050433463824
0.845580275927744
0.869524318876846
0.664370170973432
0.806599382507523
0.884141163642525
0.843751269458487
0.819107510330194
0.772426245396269
0.815915874267665
0.786254972481941
0.781423734119289
0.86256332808316
0.697237797434527
0.798574529816487
0.812004838230811
0.766186159918325
0.907029336424141
0.760105702382057
0.847592112351401
0.980604096123733
0.926047962717084
0.929466969984391
0.823520168878175
0.902682170436802
0.871839167020514
0.875782168151503
0.811007671561322
0.820779264268847
1.03650381866539
0.944482199581844
0.813866313102674
0.832853044885604
0.92211101001563
0.964711470000526
0.942165494672214
0.899937442507542
0.773581677777304
0.900749864018588
0.978003402692524
0.885752830627995
0.87769215845073
0.923246522167431
0.923030073168
0.830711175800717
0.944761441291436
0.887893582810553
0.831429543770522
1.02969779258383
0.906180615250787
0.857769492818292
0.949202850114075
0.860122839940567
0.955272517345308
0.837730252761821
0.958469319264548
0.989019977161756
0.999456810480721
0.982590722551001
1.02177976832567
0.931881658204946
0.945540909761007
0.776619066068325
0.998231965081078
0.993280286153112
0.964054394043059
1.00105715616821
0.989474722132155
0.927898140851406
0.973956521110788
0.961430489317325
0.93765337013063
0.946217117054122
0.974644008116682
0.962020594621449
0.914245254307903
0.937851994489382
1.0030900174033
1.10291334942171
1.09383442591326
0.870679692923579
1.08567842287043
1.07022403717566
1.00144061602343
1.1143270007034
0.995096589537829
0.97032777604717
0.958324135736384
0.753271058411077
