-0.995427125334883
-0.86924207509797
-0.877841939293689
-0.89410246047417
-0.778361549096406
-0.99596500733503
-1.00062436747504
-0.954128843463585
-0.973616625703348
-0.946989491450473
-0.835165257025547
-0.895512502510612
-0.901292415391016
-1.07726073639759
-0.914524260446482
-0.927048527949855
-1.03839985533611
-0.928332161383711
-0.882159322734516
-1.08901531572881
-0.973101846825686
-0.946505251798356
-0.833003487168268
-0.96674038187417
-0.890198043406576
-0.97764548480889
-0.898727302262392
-0.899849187878314
-0.918662071107286
-0.896169417288308
-0.975628199875129
-1.15343761120197
-0.997913321858264
-0.943754656544973
-0.97038273876846
-0.99503576663153
-0.921765909064437
-0.885825097467955
-1.1014805088039
-0.921166892609349
-0.991552428688168
-0.817045911266304
-0.863475720258718
-0.861706646082794
-0.831794029439885
-0.978521117564871
-0.996730130829856
-1.0348324158525
-0.919936293293491
-0.82740994173066
-0.909040073861676
-0.925480333953284
-1.04399914486931
-0.932440715219464
-0.679814056472995
-0.805944628907581
-1.02294183397123
-0.841607985341914
-0.904251058603131
-0.788006219510774
-0.808201932182455
-0.945148706284889
-0.688196150008319
-1.00159294294588
-0.999583499972737
-0.789945372766205
-0.794459429027122
-0.88468090885342
-0.863370644363067
-0.845217416100309
-0.807052939569167
-1.04632759432828
-0.947524314439639
-0.835439495951762
-0.887568737309852
-0.764677569988745
-1.02467975492926
-0.765643200152264
-0.771761227759021
-0.76049308482445
-0.796769945809847
-0.959688055964524
-0.728063724493892
-0.793282239768606
-0.918884360899197
-0.878889192676813
-0.673127686542254
-0.831279663385543
-0.762844287512394
-0.779076458143619
-0.948200780678061
-0.587539786275712
-0.784196197978659
-0.834015892638398
-0.710518219014199
-0.813804718683317
-0.863162965256881
-0.886026458464852
-0.85225528533799
-0.608661128221797
-0.864185034213109
-0.713059615440992
-0.694858301903878
-0.76474621440311
-0.988825869595879
-0.91546598084306
-0.788938612983839
-0.676072251929572
-0.725034801124068
-0.910700191838591
-0.597677583979685
-0.716748040855429
-0.783696967729231
-0.779007943249834
-0.819542976192571
-0.756143926174678
-0.756909371305238
-0.746820745894196
-0.827006797543566
-0.862758761799999
-0.717671181779011
-0.776228932153017
-0.771937761043472
-0.945200221672232
-0.79027360861077
-0.785555912330514
-0.757268407638795
-0.751092980042524
-0.644242912714894
-0.786313420968342
-0.774378700005395
-0.639880106771696
-0.96296577867618
-0.73248810237864
-0.727658667620447
-0.827956183918598
-0.555435413058014
-0.666017902937698
-0.82914849543715
-0.708746401077738
-0.766345106684204
-0.737872114647257
-0.742221107507706
-0.710177817003587
-0.745241325521314
-0.735812117666184
-0.474470453633971
-0.69597280972192
-0.769907279545607
-0.696616438944375
-0.668872971499621
-0.551247138539555
-0.711693823126598
-0.866586494747279
-0.615135999406767
-0.671837450590745
-0.574667700011899
-0.627617928403618
-0.782643944002031
-0.722534899067107
-0.785945168541571
-0.627585300275695
-0.5774641403954
-0.60808027902733
-0.671825109217319
-0.673543278904659
-0.710815257298738
-0.682590963139121
-0.628769388415334
-0.648440249704038
-0.542820456132112
-0.613692093861191
-0.603748791521909
-0.668161843864277
-0.641860289817055
-0.76228892517277
-0.509999363232704
-0.609866777382001
-0.680577729240854
-0.531356890816201
-0.675349834894259
-0.659501941489187
-0.615216652288031
-0.679883095472599
-0.575862117645643
-0.693465989202433
-0.757762349022882
-0.429454745247695
-0.531107164486604
-0.543806784631409
-0.643689857012484
-0.648836934292191
-0.637124053109353
-0.639440787656245
-0.543420601111289
-0.709421685003049
-0.67612332820244
-0.627746282243425
-0.637072431435701
-0.698656413534802
-0.66477456725961
-0.55836657883345
-0.601828199362578
-0.448306970004773
-0.668396225731324
-0.636114859701922
-0.550801751796873
-0.696582299994196
-0.571905819035913
-0.530507896572857
-0.493351521420612
-0.42605135791037
-0.443335258654063
-0.52192059071867
-0.571976563393227
-0.729717978286882
-0.480550192937388
-0.509549695079106
-0.47944916315951
-0.63096500363409
-0.695677490514842
-0.48270355922652
-0.62021603364453
-0.558677649609562
-0.527260592467343
-0.551685447643407
-0.558530343073721
-0.621599250465323
-0.616345402053088
-0.542629420276985
-0.370754036851214
-0.505633529507476
-0.394506208155624
-0.558896828701798
-0.517583076325881
-0.554414112628536
-0.401458757975767
-0.698569522208587
-0.681722368570481
-0.536725766022911
-0.617715255223251
-0.534375830146007
-0.512128873861448
-0.473547504662696
-0.499191099415093
-0.557728978141241
-0.385838297472872
-0.51119354228967
-0.453525618357317
-0.344453851079447
-0.584701613094001
-0.41795849569165
-0.460625142748146
-0.428306619510414
-0.6035480367816
-0.510799515084348
-0.576044512522798
-0.4723437073975
-0.640984343318251
-0.57743753256367
-0.427096868241351
-0.426380844741432
-0.571040996399699
-0.415694487989627
-0.439953063428567
-0.532071344919962
-0.521849897127067
-0.393521979281467
-0.657419243958656
-0.525717483519781
-0.52104778757938
-0.418283914525592
-0.416406659769389
-0.427407052608018
-0.388068507527297
-0.412742915461312
-0.52978870715515
-0.406842870898966
-0.527297235911681
-0.654884863453045
-0.3866201624113
-0.478375175665954
-0.427587982116767
-0.399047318317195
-0.480866626958678
-0.520424564924227
-0.465325755776261
-0.437572415546624
-0.45247108553577
-0.587241309493133
-0.381502557636564
-0.409081181774822
-0.491078786177386
-0.444481249915537
-0.475378155867731
-0.339459180469099
-0.58638534835766
-0.253438561034507
-0.396132933444681
-0.46795835489684
-0.412267311448478
-0.434253748316701
-0.547432788522297
-0.340473643959443
-0.418988748102185
-0.424266394410752
-0.300950427793011
-0.549693851819019
-0.400965268274658
-0.419637601642417
-0.363706946702174
-0.408067900519533
-0.450540340352534
-0.348043042564241
-0.367998410707964
-0.37870452076973
-0.428133089828663
-0.383571954047679
-0.381887161035177
-0.360878370098942
-0.368742347203121
-0.433877603128821
-0.305865998400151
-0.367869487237876
-0.385264101093972
-0.592967577219763
-0.34363209981373
-0.260872325350462
-0.384593019405605
-0.318691083238601
-0.391118718759561
-0.401464027099431
-0.418468232474953
-0.447609755863088
-0.449700220622374
-0.450469368884038
-0.302773792144664
-0.329462222417513
-0.41068880426858
-0.406729168488685
-0.301518192658856
-0.16235143589387
-0.539789764611768
-0.24703134545625
-0.318664662923658
-0.215178206489359
-0.161838458092696
-0.266108583971952
-0.314530109421786
-0.331637872872272
-0.359412358040572
-0.362011533458575
-0.346702503544098
-0.1788453574583
-0.406798798551184
-0.470605650839067
-0.337556363830691
-0.302033697420769
-0.340137036230075
-0.408927656982191
-0.157143585047704
-0.393534087443872
-0.355308045210057
-0.366136267216715
-0.183159257747529
-0.295128183941853
-0.258584644092048
-0.271270561575543
-0.35614232102389
-0.290016720375478
-0.129392604143404
-0.276442958737452
-0.219131004145507
-0.308637937753587
-0.372610541148408
-0.251176334234358
-0.290786314781417
-0.292177984377743
-0.249879779247984
-0.303773374311948
-0.217149010663771
-0.074005893308465
-0.091028990682368
-0.154643285462906
-0.339750305419508
-0.239344074667805
-0.192955936874542
-0.189978003461829
-0.0640902240309002
-0.245805154361497
-0.221247300145498
-0.290512585919248
-0.227884825362455
-0.228258150666515
-0.209639107548114
-0.246703063910089
-0.233840233979879
-0.248996126093089
-0.227356289077677
-0.0824952327138636
-0.30239657750054
-0.253311391429276
-0.197624300281578
-0.220400489579389
-0.206586444340282
-0.211174750199928
-0.126854726985914
-0.411575712739091
-0.23969072115177
-0.166699630550825
-0.143809590953859
-0.161346621707965
-0.215185714397287
-0.196718822429255
-0.158109779649634
-0.132127939810664
-0.223927388227296
-0.231998315971827
-0.117017231104713
-0.219604888180897
-0.210074511570668
-0.0594319385497509
-0.084870415646395
-0.128477395956219
-0.125895182361659
-0.181913913302655
0.0210787820979188
-0.261902300307422
-0.229509808172768
-0.135522982783977
-0.107316911995135
-0.18643434955392
-0.144013055492383
0.0782890465981335
-0.0653728433540631
-0.208209056219682
-0.217327365109112
-0.14472793082124
-0.0663330566686146
-0.159823886089869
-0.150762055207292
-0.184734951178076
-0.0487685211697136
-0.0252236172395069
0.00740082244311593
-0.174200307996212
0.0297510765304236
0.0156300160060234
-0.0835623443430586
-0.170714576099128
-0.165323612128679
-0.111960582395244
-0.045630708665659
-0.0918312743277898
0.0774423394658596
-0.132692551738846
-0.137585423576734
-0.00470639680467937
-0.022882952097286
-0.0747830213347519
-0.0281742406032196
-0.136738818560529
-0.193679453917373
-0.0912064451276984
-0.164047843135006
-0.0649865054246347
-0.0770494526248182
-0.204462819684058
-0.072399381849416
-0.200129575142416
-0.0179668077219009
-0.052730076854299
-0.0327560175625366
-0.135895309413574
-0.0481312694468008
0.0283603242279797
-0.11133834184894
-0.0168494555706205
0.0854276617321217
0.010779990128108
-0.0823168158968076
0.0288831790065411
-0.0990078717923758
0.016705521150857
-0.0220787229607627
0.138068704317528
-0.175115032540697
0.0217997714097118
-0.0600149347947931
-0.0623846522203055
0.0300375724355036
0.0408897801564729
-0.0528431120263764
0.0260509309140343
0.0448656856950613
-0.112278101980836
0.110317527448548
-0.06205778673679
0.0837058933989053
-0.0241186321879073
-0.0118844126690394
-0.0375228097529381
0.16181603670234
0.0656109895099875
0.0385672079553307
-0.208392174583347
-0.0575854502364611
0.0671641459579116
0.000176682939381979
-0.0554036737351822
0.0892222771730245
0.0569783139488308
0.0926288580226528
0.139683095844717
-0.0052607782869874
0.102587401401858
-0.0300736665946987
-0.0359252737550158
0.135033691275331
0.0878715054097189
-0.0230067435714349
0.0324960879880339
0.14851485447449
0.0936016351897615
0.0408305227027929
0.136505860502932
0.0247825484389067
-0.0259657165253794
0.0183497890228607
0.0441621096640724
0.0575182751386054
0.149594344937622
0.218411460314185
0.241666167594239
-0.098575642757024
0.191521390626095
-0.0484200896908669
-0.0149382893195516
0.130629895166927
0.192963780679105
0.0184759608324202
0.238060384615996
0.00253621304834282
0.0407254632032368
-0.090325105979396
0.156554164688563
0.184482602927541
0.111857840438027
0.0455351219583325
0.0813544465521335
-0.0334611534258702
-0.0164984604287425
0.0672684557847867
0.226250706575835
0.112621728582743
-0.0278825848826918
0.273919981776523
0.0844172606401587
0.0764642098379548
0.237674350669124
0.126675727096624
0.19037898356171
-0.0270626001123199
0.0339466883847044
0.0431386970111894
0.21271383481701
0.0881684773171305
0.227842070427043
-0.000902220124482412
0.122054156740997
0.211285847427553
0.0828803433685834
0.110456674687325
0.223962375832971
0.239438000891642
0.107295399702334
0.134737338147706
0.126144285448265
0.102482058307295
0.181531264690883
0.210775653925037
0.193350864144257
0.0843818878252556
0.135743058831398
0.0878691232219225
0.107437600999003
0.171003237783514
0.287543510868413
0.214416322160813
0.194556767807184
0.0430027581057774
0.221952139163396
0.174848133924413
0.167008959408647
0.143952155040942
0.0785822991344226
0.205284947977362
0.208098639495
0.297746819529632
0.264734034755348
0.265625200787817
0.15018313333117
0.140262733701549
0.142506773903643
0.111423191138217
0.308498290640051
0.187392024694996
0.31940561378859
0.329850443197419
0.387921912869273
0.157753069903103
0.209318065219118
0.260875973118252
0.227209533670077
0.0916395659349918
0.245098481192389
0.197079653818438
0.078489171234612
0.300060476057458
0.125564820188132
0.129947983823431
0.255354533139271
0.276599965195083
0.306739943826539
0.417904981775708
0.0987021240080356
0.308668450092735
0.292270845183643
0.193115731575702
0.104730744661108
0.206710174802739
0.247228122602029
0.232526950283169
0.31665883541525
0.206790230713307
0.274313087373882
0.394908973561659
0.263714426756968
0.132286856179389
0.208374551309341
0.20944834400278
0.317281197569978
0.264819867429095
0.344179482395494
0.222158258077298
0.32788270492407
0.285968196946659
0.11520490492417
0.254684696798722
0.291693570920715
0.370598223500518
0.163788072101602
0.258725259147821
0.269213656672843
0.458811705893217
0.353547777825501
0.39652401311072
0.505494189218361
0.352366947794558
0.302375447581836
0.242392858475235
0.349560343313609
0.458471589406784
0.277903320317241
0.166190712118676
0.406647351823062
0.389285170310431
0.349470761082346
0.309316103637854
0.214227654277789
0.252080686265969
0.369445086407775
0.353030891519245
0.247936200487239
0.33023833136203
0.512292585010015
0.479040056219834
0.262219012215766
0.291113289224267
0.299341235217252
0.252665192217331
0.346635773905842
0.246136166392282
0.434250178648572
0.378024370983846
0.34473525267405
0.436612367534079
0.414138822722968
0.415322473905988
0.471199557685256
0.517270755577826
0.438667474883364
0.30202837764433
0.3626858575202
0.397256945765586
0.418607532761565
0.339610356845143
0.220250212498033
0.311560626604158
0.450352006216744
0.366371292481661
0.428680196931604
0.438795119062224
0.452456279892718
0.371040244442478
0.447365617997738
0.25904479012704
0.415611922758297
0.377168792047281
0.606079053663624
0.548645307863292
0.39584278888788
0.294994739206057
0.35319964120338
0.469325364116513
0.429882067611957
0.410511214617295
0.412236268854235
0.482969682075792
0.602129546866514
0.470535462548749
0.528252415515125
0.449836712570047
0.285544411374601
0.535989055966852
0.547444225957724
0.482337630398838
0.425323447410383
0.290463523884277
0.313615278040142
0.395855262260887
0.500369061743878
0.449020910196789
0.45445058215451
0.354653554686906
0.36727395684584
0.459612460468756
0.540718562296574
0.497551221380569
0.329147637120519
0.500267603357518
0.368488126068697
0.387901908266659
0.381294968151584
0.541968815696336
0.568117240226137
0.28486971531059
0.393963502211229
0.526579627562332
0.559935385664681
0.465097127432064
0.527082387554848
0.435447473489762
0.449718524999987
0.619128141423685
0.37271819523221
0.636726832506027
0.504174198221304
0.379135231660807
0.440281685646638
0.604491832309454
0.575621046434187
0.530987126511702
0.504350905347044
0.499619673796877
0.606395097754001
0.554150950357874
0.639274210749044
0.59218173393962
0.591940171642136
0.467069375502584
0.500369685561517
0.496840905663453
0.516223870676272
0.775387322574607
0.59206240186689
0.490283189026737
0.413671477426838
0.525949824524943
0.667749658436795
0.52064670776322
0.641054199345086
0.467627890632806
0.585806369123753
0.742328274565356
0.600065712287404
0.586466782325381
0.672597146949619
0.615069862506388
0.566019123303321
0.785960454541389
0.486724937912752
0.629654090530011
0.538118473064389
0.563872276958481
0.566211551261111
0.652108927132469
0.64200861879764
0.624683080656176
0.555085873695929
0.63379746546881
0.480016703859597
0.595749619648246
0.741011947172126
0.613761819280701
0.604626569801208
0.561106863813529
0.494515558064983
0.646221372760073
0.570920665687795
0.805873807926318
0.622262106312023
0.490427591839457
0.611346004412229
0.601480306724968
0.704986713012719
0.587980415523364
0.721917726352852
0.644933543282877
0.787442105319987
0.674407394803885
0.712537149749258
0.632713688769172
0.753985886384701
0.628452912488248
0.555021165157011
0.739398510527944
0.581403421067038
0.659049098345892
0.772971968267331
0.739350527357038
0.735097236744686
0.696353313788993
0.617842156722244
0.508623788529404
0.723004932525737
0.579538828263372
0.580797885923531
0.790485932565326
0.675645946097755
0.531790460697424
0.551827017466694
0.778485683027331
0.526342425534101
0.703028822921542
0.611629817116175
0.87488626488889
0.72957326038386
0.710572747377156
0.730828881689521
0.702724151348767
0.754627463518001
0.838073960132535
0.627506305476338
0.744115800266768
0.848459758542563
0.868773134808091
0.716768954758824
0.793663039894619
0.807671817438037
0.691357478262766
0.82197038044811
0.722581929307991
0.686201940234294
0.703107943128581
0.808063267605391
0.791406282867945
0.658981395955251
0.758085259435213
0.712274597693097
0.696470854944888
0.681927371354186
0.71168173586889
0.872460460418289
0.84810811325431
0.71868803431297
0.77414838841625
0.783981699014377
0.734413982668577
0.782328911960373
0.80050931906315
0.768225217559412
0.861733419969192
0.827781405170729
0.869185729226984
0.861684616781755
0.658750346956199
0.808911401007691
0.804057876973331
0.718821535573446
0.888162503015686
0.744141461384003
0.89377483208231
0.852277584829622
0.968305474575892
0.871889739311084
0.851795914507956
0.728738687786864
0.732862662202252
0.741462962924746
0.867302868183323
0.872664060305466
0.747270355846928
0.896323514059098
0.762135181768828
0.931707774047465
0.874866090865835
0.704872070385251
0.908720366227583
0.758732808141182
0.676625053424506
0.732970473130411
0.731202419090819
0.963857045709621
0.965582538917666
0.924525365387569
0.795991606398265
0.800606831566889
0.75192722698996
0.953248651830791
0.819234820924091
0.881148625681712
0.816727892718215
0.829105381415938
0.782005406799379
0.882802228251275
0.837079540685733
0.804558173954678
0.809586489998986
0.96829867687955
0.73247484160704
0.993323215560742
0.882493347927708
0.842498542990877
0.796333232115436
0.731581570666669
0.711018391901581
0.886252809244169
0.879464213474361
0.897708201615693
1.00810975917278
0.855488554231137
0.896773341721705
0.965628730758583
0.87219425785133
0.784148534938857
0.903784404940401
0.91214708661045
0.945799883688187
0.980545452167149
0.987517918016033
1.06687912925048
0.993432399696786
0.977415990661961
0.889722732295356
0.981099800005252
0.984864252083553
0.895698442482235
1.00482170666986
0.853230511417565
1.13565383811598
0.991176671519069
0.780905352653276
0.982442151162467
0.890195735178006
0.761301983520861
0.885235608026391
0.965341362697285
0.899176349696084
0.817690249592615
1.01614182397818
0.967277948165037
1.01441241188634
0.931218233014677
1.07069458631859
0.800988729826622
0.996575933847829
0.883388684678462
0.862379809754177
0.88452911351593
1.09876418040219
0.910568976923059
0.966299906768779
0.999197993780096
0.907476730778275
0.951257210642024
1.05694825880095
0.948630247735808
0.936761534651315
0.927231872891876
0.989799265662401
1.05250403083568
1.01835817788123
1.06055142693392
0.88465378649901
0.95557940207741
1.04662181776159
1.01203593443675
1.04373944571761
1.00619016121033
