-1.04280907371305
-0.771695758600955
-0.986305269228424
-0.834330810005741
-0.978255732175634
-0.916575957637969
-0.875389762294112
-0.915952438312946
-1.01154079360294
-0.946229626153581
-0.8218295279743
-0.904904158858478
-1.03980514278873
-0.950685004097953
-0.90964483714054
-1.00542798031494
-0.857400596635979
-1.06290636227633
-0.882009452619643
-0.915827600361642
-0.921031914001976
-1.07298081069008
-0.897773694592261
-0.806960218795298
-0.929604040667152
-0.964846216415393
-0.886589789524192
-1.00949873773971
-0.738873600265791
-0.947887074081342
-0.866290266023973
-1.07237567006054
-1.00657078298034
-0.818396718241704
-1.10315880389449
-0.866258733219514
-0.981382045836073
-0.818067206263719
-0.927359519891084
-0.967265366670174
-0.826852640063345
-0.915184407795237
-0.957079862235101
-1.05261312989915
-0.938332591879266
-1.01261302006242
-0.855505005549772
-0.937051719659734
-0.877991667033716
-0.896775697483553
-0.940315866350193
-0.796153834091141
-0.919135578405982
-0.7072825542363
-0.959457764910623
-0.747971500234189
-1.08823283363882
-0.923748142861054
-1.02261496714644
-0.888912773626612
-0.914036912138502
-0.822349889908992
-0.836839837098469
-0.864319370763515
-0.800125095553556
-0.973822140049772
-0.824457609354063
-0.862353723886626
-0.806899502373084
-0.740036624573595
-0.895507082971088
-0.805458182891941
-0.761325043707154
-0.856169901098874
-0.915010076186876
-0.886229590844336
-0.882934698917326
-0.813348101656335
-0.842400488779164
-0.969995575615872
-0.696492916515655
-0.81398219270312
-0.920978569229117
-0.920894409085985
-0.928081628399154
-0.779068697774183
-0.814395840358301
-0.984725760240815
-0.962598693281677
-0.755804843184524
-0.881526444402882
-0.830709517710494
-0.964381728604575
-0.7588608341084
-0.822616172783651
-0.974974387474027
-0.824659611145451
-0.77543136974037
-0.849029795371327
-0.751472207256173
-0.822359265653303
-0.814898136928944
-0.679472495219708
-0.799614625093849
-0.879875758842682
-0.845767336948744
-0.848680575868355
-0.818650116434632
-0.72756730379656
-0.796405839272655
-0.726737291848034
-0.767533010743158
-0.82990725470197
-0.784224881953605
-0.824678009594411
-0.710035572265406
-0.678195822809192
-0.751233142884736
-0.849278720591477
-0.762093327388248
-0.882473768164173
-0.679974217020009
-0.744904017198158
-0.777387985007833
-0.824000009182258
-0.702468524208513
-0.702423765885813
-0.717464219244367
-0.690301286503725
-0.580647648541011
-0.813571306686236
-0.93500833793221
-0.672431648270277
-0.800630481587615
-0.611970393480189
-0.706732201094474
-0.710989691196587
-0.508059291204868
-0.666507564773707
-0.6178553248814
-0.733230902453068
-0.68219057315905
-0.545869991924457
-0.672398611977443
-0.743194653986623
-0.692582151645963
-0.713292259839376
-0.566389670547058
-0.725586591810157
-0.673041351499188
-0.70138751231661
-0.902255447696303
-0.776655371238271
-0.640750465341787
-0.618257928079159
-0.662470612010739
-0.653572869658752
-0.639526901340803
-0.777997666133194
-0.68306601153763
-0.61602957590013
-0.569958783045046
-0.718661661103133
-0.652481106453423
-0.613827212951835
-0.611988281039459
-0.641106735576374
-0.468829108906628
-0.599297776905698
-0.610488632492491
-0.567636545975911
-0.551350544066809
-0.696318448187882
-0.549383801970032
-0.765077895508625
-0.602943827131604
-0.742591937784517
-0.51058874383124
-0.542346694833266
-0.697161051496488
-0.542589968409752
-0.55066556857655
-0.682458830283588
-0.493006513925378
-0.525522568408359
-0.825970309911677
-0.681656026572274
-0.517266838854683
-0.650571977625853
-0.514733127586461
-0.631396686753308
-0.586194662013601
-0.637417644107406
-0.752849530874986
-0.673663895097517
-0.713081366437299
-0.533556837376422
-0.762687414478436
-0.664434606243552
-0.653633700348056
-0.732608678473265
-0.69577117668508
-0.549066177134253
-0.510308594232302
-0.717161303031417
-0.618386303046969
-0.599181003948458
-0.617820718139909
-0.526486372155495
-0.667562507364101
-0.622252910607065
-0.509643833793747
-0.477228198252593
-0.491510936710354
-0.532107572502071
-0.514788523965249
-0.59415566962374
-0.470526011887399
-0.544648093119649
-0.520209805162672
-0.630140396802599
-0.514324335670028
-0.572822554907747
-0.50521909125065
-0.697021508714053
-0.500202407748633
-0.527310547576051
-0.538733200609642
-0.523015732921101
-0.649236609436737
-0.577955054131992
-0.569957780273296
-0.548026015618226
-0.738426906417686
-0.530398738047697
-0.482205468027817
-0.591278044507129
-0.411219564759588
-0.545832730823988
-0.646010818574431
-0.476080820607628
-0.554100361730174
-0.48285946527759
-0.593617079878991
-0.478793336479179
-0.441805502527664
-0.415082466352312
-0.633368194659777
-0.406313658578335
-0.579409872513837
-0.481168981492382
-0.553133509086864
-0.360107220410637
-0.553909011921691
-0.368539815988732
-0.359095280144517
-0.458748107490436
-0.515841697018622
-0.527539680720564
-0.393027867103587
-0.470846756922679
-0.438782549030288
-0.488157464628789
-0.430422734568994
-0.467508331294015
-0.594165307638599
-0.355732032617584
-0.501707622553537
-0.397940384744539
-0.526749253292433
-0.440941917940706
-0.310138484256923
-0.445491575116434
-0.489903881975573
-0.571071366760485
-0.444167805426066
-0.407585772176195
-0.469190580406458
-0.299929516860012
-0.401981134090605
-0.533129011881229
-0.446278759960062
-0.37858948577874
-0.342215503256512
-0.266910441764527
-0.284174715029824
-0.414219685884821
-0.375481538653235
-0.346049464457941
-0.307779449183984
-0.312598850557986
-0.4386262327788
-0.410444635725136
-0.414127600550765
-0.336327302981461
-0.44447958048173
-0.490798710261655
-0.328919156207268
-0.19337201740106
-0.4362622360366
-0.344996486537969
-0.3623822530741
-0.370176761723612
-0.453322327669047
-0.359987158645451
-0.447719589186738
-0.440116413007988
-0.52390227097347
-0.3513754825074
-0.41805326588783
-0.341566209755359
-0.440581315669042
-0.401676597771963
-0.415641294620737
-0.386566408677397
-0.340250281254992
-0.511467995314122
-0.337571566992811
-0.369270629736482
-0.395329974572396
-0.34076411113654
-0.516845593116988
-0.392842708921698
-0.23213470614843
-0.353954830317431
-0.39138692463453
-0.305449055686165
-0.363193758050254
-0.491278819749837
-0.325645721043041
-0.331538153947935
-0.29309573915064
-0.229267496081002
-0.408128845079905
-0.387244199599707
-0.322577194235445
-0.390298943600282
-0.310542400044185
-0.259084157976356
-0.352429352073286
-0.338623316585511
-0.452222134351827
-0.209353031709618
-0.175531940354354
-0.270212418222207
-0.299202410658091
-0.32576197413231
-0.207058391184289
-0.25293951079468
-0.456519131628492
-0.205930214408069
-0.262678330533633
-0.426676675990893
-0.331051285524253
-0.328206972069768
-0.231919403359049
-0.266903032082445
-0.283047883034801
-0.301992384222445
-0.404746375090128
-0.252674579525598
-0.187268173881126
-0.33862273757146
-0.282569063886786
-0.355367417998059
-0.250702972364609
-0.351201370723739
-0.411485307647249
-0.293429859103855
-0.096769648941646
-0.298379963308741
-0.211027721322705
-0.292677024602023
-0.194244577834569
-0.282722055113371
-0.262728451422594
-0.222649160764374
-0.190239697714607
-0.174029159658547
-0.281884323691648
-0.399029850797072
-0.169446727111994
-0.218657982422813
-0.24954787136536
-0.18123032073556
-0.340771729484508
-0.155207652310824
-0.09605424152802
-0.363733078929812
-0.238025476493642
-0.234960411869638
-0.129276784500904
-0.238883523849183
-0.288903261685362
-0.266579885064928
-0.401583535450338
-0.149365110565836
-0.263538643221135
-0.153838615560253
-0.201354495119952
-0.27157144241297
-0.173488034470668
-0.276669270604587
-0.255354611265834
-0.159896084179965
-0.115057309177827
-0.242345146290237
-0.107617708569401
-0.207290406191723
-0.0791596945010525
-0.132807565208599
-0.137948606467369
-0.283602707117
-0.179206259473902
-0.256751213999522
-0.258739096247308
-0.0548872517852422
-0.142319692271362
-0.113878921548561
-0.0930641008455192
-0.21099417101397
-0.0418030572161954
-0.192358601148377
-0.208063803756425
-0.0883303713210598
-0.171855412155341
-0.0256280642065415
0.021250865588805
-0.0924232529906051
-0.151884051373135
-0.124028631911193
-0.201728431353745
-0.0459650259701571
-0.117730263658176
-0.137344256347922
-0.126414416752805
-0.10398301732997
-0.0557669772780347
-0.159594404519498
-0.294814375883246
-0.206188776373832
-0.125123143104619
-0.0703516363095909
-0.0559535099111601
-0.255232370532874
-0.0538956449286756
-0.0743734331438211
0.0122759898271899
-0.217510183112905
-0.236042570123664
-0.0381029197225156
-0.0884252931529803
-0.0839279940469339
-0.138982648428169
-0.0831341949478778
-0.149975573857747
-0.0173915494807456
-0.215973633404923
-0.122780382872068
-0.107858309360458
0.0427395576502226
0.000392482492301059
-0.142244712663643
-0.0979249934707831
-0.167325417014757
-0.106403198705185
-0.266679178345831
-0.0707350570843694
-0.00906812579100606
0.037292452402721
-0.0634186143105464
0.0730002078660806
-0.159489055450445
-0.00290790157254934
-0.00389571060619501
-0.155600144347832
-0.177458632190279
-0.217149475456093
-0.0281707898602118
-0.146638427587077
-0.0499345749247613
0.0391984619699806
0.00739959682790348
-0.0608825396852894
-0.159738082117151
-0.0319713633178909
0.0135689286362551
-0.147243335969528
-0.0868604705710732
-0.0918659089741053
-0.106723003520011
-0.00201956743292848
-0.0476242993451422
-0.0640435309322126
-0.0501282027900406
0.0148712919752103
-0.0535140691074202
-0.0114035074237504
0.119847208592999
0.0420938825029157
0.103742309716571
0.0542804392009271
0.297001271863695
-0.0821871668854549
-0.00530005826737225
0.0454912833329091
0.0223869839448254
0.0615137557292794
-0.0146512108547722
-0.0280380781378966
0.102128859886477
-0.0482344731500494
0.0576419615076176
-0.0177514937954116
0.05525080413941
0.0393982019260253
-0.0154232445141176
-0.0587505397224116
0.0958829190598535
0.0359534919198625
-0.00647073756522985
-0.0377842434679318
0.0615770496048289
-0.0129575811190072
0.0476714492108436
0.0708485338658353
0.0222936271274828
-0.0666404776697294
0.0345177637336419
-0.0231212219202273
-0.0608926946660896
0.0937899871748122
0.0297973111201064
0.299696130264471
-0.0136554659763931
-0.0178676899289141
0.0824194151960951
-0.00758965347316875
0.0174537276475872
0.182097898514975
0.111672604527112
-0.00527398711608785
0.166867063448486
0.0124378986414146
0.0199778917216027
-0.0129989471962906
-0.0174338191075662
-0.110885512044093
0.0403057964519461
0.00797008217921844
0.154375549209019
0.0328822152615771
0.0178806188168411
0.00189486183645206
0.123648199576504
-0.0481228684144911
0.0932745780819974
0.094481282644227
0.136462920308167
0.13597145439316
0.112733085917957
0.0455552342680742
0.120395823782014
0.11883188455099
0.0529427906128242
0.268210210948275
0.120276320514142
0.12594289220689
0.211507607954822
0.190508827487989
0.234908955832129
0.118054782514209
0.257566486871663
0.273925560965267
0.150649607401491
0.217896336555711
0.121963465788209
0.0905526497374228
0.0838017351239876
0.231929173041846
0.168055187768018
0.0281268641501263
0.18415501864552
0.0427381702463742
0.0945894548636077
0.189571648734352
0.177569426242791
0.142637207833822
0.0793573236986316
0.0571803578904066
0.115469707051978
0.161728575797999
0.197883524034904
0.0596947723820914
0.102375138440808
0.214424935023832
0.3422444374203
0.204293812061285
0.191495146807095
0.21046009846589
0.00829455527378458
0.227562654287958
0.19383023806637
0.350524605741198
0.252395908264613
0.337215744743047
0.192378515128562
0.324547140609425
0.228890376408125
0.0700261531999587
0.270140066524895
0.288414357890491
0.136426260632781
0.218494111847923
0.170274619283522
0.256018968663424
0.206464992406505
0.391158641988331
0.387846632250292
0.0801797170207797
0.402391895443033
0.240493045488872
0.150262449605376
0.314611487780747
0.346991463624104
0.103202490732784
0.239081647130329
0.180359500781099
0.186429753179205
0.132520946546819
0.248145449416224
0.372212064665823
0.283221513489809
0.320820551080428
0.290473078928093
0.176506705584844
0.282720851443616
0.164919416222664
0.231358623297812
0.165296410193081
0.440041683003048
0.320336947879133
0.191164005861992
0.268973661624253
0.341158962943254
0.229793748138365
0.266520679907212
0.383928380563714
0.125131245305929
0.195418402832663
0.435197177979332
0.341043878438027
0.510090048612979
0.328892746781272
0.383073619465275
0.358759506524496
0.280844861825889
0.260670863170536
0.28588907985834
0.365159428066007
0.474379983970138
0.27322734484601
0.359637510320662
0.340388877398634
0.382524043432307
0.403058472829496
0.311843093694354
0.19980404537409
0.445889805222068
0.380657882437333
0.14033537329518
0.552705749787744
0.372114963016885
0.348423829290248
0.34837534608848
0.36123753217242
0.486496210749478
0.395526861378722
0.509754782616683
0.369291750023592
0.375265816483028
0.429121518648121
0.40600636835709
0.425611061725431
0.390157106085975
0.463646832774125
0.453819372848426
0.41922008766255
0.359735546711061
0.277056074476804
0.371806246734159
0.340333586940312
0.399806911408809
0.334786286870226
0.4367779196554
0.269047084304196
0.412523991808468
0.451643136061019
0.439957149242219
0.424487556118012
0.413658839893849
0.269213793463042
0.351849492235949
0.327479559298864
0.486137195285639
0.501907524828329
0.483100628434811
0.435598507904306
0.555089425427544
0.46755839323993
0.432487047958873
0.517327181649828
0.560416122126435
0.512097969108971
0.413091747062509
0.479684983497001
0.351144138014891
0.360464049936565
0.431496977100211
0.448784405635446
0.551428347748059
0.426037173975358
0.452993386875371
0.449078925548597
0.415893310506087
0.466385531001721
0.432430404602844
0.453622674486469
0.566739091544394
0.579140299174384
0.483124482757859
0.436922317201356
0.467829531830739
0.52410600041032
0.378443695076138
0.51223390818515
0.327467342690801
0.541509456592005
0.536008786813494
0.466668968000506
0.38442082306542
0.547378190568624
0.41507854815871
0.6205528945192
0.687611984355726
0.72772395643424
0.386135469123811
0.40202550575554
0.574292189943761
0.44400865381818
0.456018297651745
0.555656103848097
0.362024752935855
0.39723173314348
0.493510790942414
0.42851422704125
0.485393462724132
0.363645718662778
0.50617417498994
0.582588274253667
0.502738249705262
0.392130792506135
0.535084610545407
0.581998682060486
0.413716801694643
0.411800994083415
0.400938954998664
0.563666966403022
0.467523373937078
0.537338044582102
0.573744740559652
0.554790186795873
0.419858543746853
0.433699045505698
0.688008417679097
0.590321500566897
0.618860877920235
0.544790823556661
0.458346059596423
0.701829579704948
0.550137382423101
0.596373942922485
0.371963916470877
0.707553976655206
0.518061556693568
0.632062389614788
0.600047485271908
0.585163266150957
0.513664851429578
0.524067643667304
0.448470079531136
0.627963326216891
0.686585386047922
0.641453548013505
0.523907861141761
0.532922500636542
0.391618426892833
0.591441928459094
0.516796741177838
0.645083297003205
0.574631279417297
0.652271630691097
0.68361442898973
0.62602874358554
0.470312217862539
0.715268583695554
0.743237280375218
0.619254820728809
0.448702957936486
0.722346411494009
0.696836183717156
0.550981912736075
0.712000432293649
0.58617120463334
0.451849397861649
0.563688394673083
0.510451994092818
0.578293251584693
0.650847265879777
0.687247929241208
0.539964687337088
0.672964255897278
0.483772906407235
0.659738254065916
0.662406657023795
0.583202608632295
0.663982854842685
0.597748453975845
0.799341861384458
0.74618082068764
0.721010906195419
0.666025326506878
0.692156062729225
0.543284813860609
0.705381664134328
0.671643424530582
0.381060635046627
0.71388366600238
0.631131496028169
0.624561400211623
0.541629640928816
0.601350311947717
0.701253174334826
0.752834972568842
0.522739171771318
0.701326878123266
0.671323887826581
0.721324607110311
0.61803945661196
0.667764762928131
0.560552043985123
0.780085210407602
0.832448099845499
0.861162610707267
0.700500227770677
0.797282258775666
0.67236904097385
0.825855737522833
0.689631259490362
0.692131214289137
0.783840949213177
0.727009326865742
0.640803045372541
0.785100492715176
0.718605647300072
0.715020584553878
0.630111297728467
0.675953519243285
0.762926763011823
0.903591638021847
0.80641066737944
0.975033516487669
0.872261067324263
0.761967869803349
0.819278174765455
0.831701086358138
0.742828286884527
0.898816964004675
0.856346410027355
0.729233473404104
0.66040015335763
0.833227045713372
0.883829068275978
0.712882339975303
0.781778026750398
0.776724116070242
0.827238182197492
0.831499055483661
0.557158814345923
0.563348548547006
0.780832541381247
0.727033325347606
0.81463851710239
0.736891304864434
0.710697798036024
0.812746789334941
0.725426177360735
0.647476846271838
0.843658062530485
0.771607919598698
0.711674698500847
0.804034768866515
0.755994752959699
0.766050097339195
0.82613775093036
0.892632554985098
0.865079168347927
0.825029623321938
0.808745749322702
0.743544202690332
0.941862497132712
0.835510419564066
0.835176514007298
0.869685351604856
0.667792102872896
0.797485804455771
0.898180333729466
0.845342403282773
0.830362093887004
0.746014722186801
0.799738673123577
0.768676819665426
0.784431510134521
0.861314815669671
0.682151790433797
0.805751285001887
0.827099406167783
0.763508427565833
0.936251462409125
0.764792218335911
0.823760276867937
0.964199725356141
0.952269290403779
0.926780264356389
0.825930683751086
0.905738077383693
0.885104237555416
0.877682953580693
0.827046696524674
0.809140446119472
1.01797675355902
0.929751963071792
0.811895094139173
0.846161271947163
0.938914849049182
0.974743224730665
0.942213766365595
0.920812079796575
0.797720189798195
0.928380887681252
0.9835882266019
0.89280893617336
0.895360292872777
0.926390781042275
0.947206385740773
0.837799105735438
0.955368498702842
0.890226846205057
0.81371629181449
1.0314638108449
0.914800765046708
0.872905283060277
0.959053339367859
0.848448879235321
0.944130012281119
0.853415389489708
0.950505811553393
0.995021166502602
1.0210180872434
0.968341450106116
1.03757163614948
0.923877146983256
0.948550056106782
0.778411528164295
0.977094618863577
0.998152118001346
0.942080264419589
1.00029114496503
0.946163318931332
0.91230563163456
0.986336174609782
0.961760314111985
0.928445026502716
0.947285897113421
0.98034968835408
0.946222970963051
0.928903344227255
0.976466738234525
0.975564887294397
1.10454109529107
1.0948538639569
0.863516751406952
1.07176310362951
1.07919165031166
1.00284569164709
1.12103454211263
1.00025235466188
0.974544511099632
0.983485405093427
0.760187864630696
