-0.987023336644209
-0.863908469238058
-0.885138646878873
-0.918679316175564
-0.781059563330297
-0.966410900512507
-0.992922896476303
-0.954227591581153
-0.970592644578134
-0.934947668340078
-0.839890929710407
-0.901518203286079
-0.896535826486123
-1.05467959275602
-0.930079373056106
-0.925993244761845
-1.02383669125371
-0.913865802577703
-0.868436705194061
-1.11025861765724
-0.971814414301607
-0.937813897145564
-0.8166773702745
-0.948981010199599
-0.896012211925
-0.997327364836122
-0.893178087850802
-0.912422449038035
-0.92038985477919
-0.898723497372028
-0.96390304245327
-1.16756491181745
-1.00034179052391
-0.952264696285681
-0.982358486300079
-1.00061425110513
-0.93524596456825
-0.880560613090457
-1.09010287669911
-0.946833894305211
-0.984825595637032
-0.809104193063898
-0.87466042026381
-0.876108555059265
-0.821346774000478
-0.990233992093504
-0.973990019439103
-1.04184297855159
-0.917484458038585
-0.832196432888738
-0.917736142658014
-0.91888229319958
-1.03416250155134
-0.934577224172203
-0.688784953525751
-0.798337881149057
-1.00611393234194
-0.833162283201954
-0.919162342407626
-0.773447999489848
-0.826132873390674
-0.945369985085725
-0.715149220409258
-1.00846224430734
-0.988266675018632
-0.767040075969593
-0.8143462289575
-0.866603802413313
-0.860796961586379
-0.834087447183776
-0.809491714148701
-1.05138395258768
-0.947958044725188
-0.85337805928854
-0.891593095592564
-0.770890162903757
-1.01098493948903
-0.778355346854894
-0.781979707418342
-0.746747134588017
-0.784119732422234
-0.944319095831194
-0.72386397453895
-0.790975022062641
-0.907335883415295
-0.877543901278297
-0.679918888243747
-0.823351834882607
-0.802437591491043
-0.78992413755423
-0.94501939977509
-0.597427819156017
-0.787284884540835
-0.85403548318877
-0.701272006855296
-0.823361579539201
-0.878701513344441
-0.896207808151953
-0.866036072362882
-0.582724610219378
-0.866108149148288
-0.727542425785913
-0.714932184608566
-0.751433740285429
-0.9708935264972
-0.919284550960379
-0.787982696166204
-0.673032429550317
-0.727013737611205
-0.910945204572006
-0.601749600146064
-0.705294260870517
-0.773453424951077
-0.793793157544771
-0.814929555367946
-0.757636285865604
-0.74831666841451
-0.764618469912007
-0.827897055089996
-0.85315693751461
-0.721549231731534
-0.791123415885349
-0.769169363628371
-0.929100221191044
-0.771913801561764
-0.797083864857932
-0.757408811924084
-0.751765554613028
-0.650273133479891
-0.814368084867216
-0.758361564590696
-0.644419845854653
-0.955058943119291
-0.726462473256089
-0.731712692809312
-0.836011428621131
-0.541466980308435
-0.679937962268552
-0.804706572434675
-0.691773556737102
-0.781933089962351
-0.722325030013497
-0.720451602746429
-0.729486438780069
-0.728389739277127
-0.743029434064068
-0.473751920608769
-0.704949651943958
-0.769017232362958
-0.689544781249512
-0.650907567249813
-0.577029205141112
-0.704639665966357
-0.862915862697213
-0.616313772481055
-0.65050501225206
-0.590638190681636
-0.6106767271841
-0.794049952011364
-0.740416720002694
-0.774285429259853
-0.636010545579705
-0.5656603945655
-0.594808939819431
-0.68578541126921
-0.668729757255617
-0.691339226739362
-0.674558663691769
-0.59831438382055
-0.649936392934183
-0.524282535076417
-0.639994753949334
-0.604171565040617
-0.658856543510905
-0.642595859452302
-0.750131484785903
-0.506649057405477
-0.589474179970704
-0.69537687050149
-0.542496541505153
-0.669263769735683
-0.6560345085277
-0.611349475072347
-0.689585662661469
-0.565813235888105
-0.701652727955403
-0.75033903463273
-0.41723470798947
-0.552298264005442
-0.562150936206666
-0.624722476060156
-0.653442108237523
-0.652581500992488
-0.627028421114159
-0.557100565013497
-0.683936411921305
-0.672070083322568
-0.599023891381505
-0.625778207199026
-0.715042178267663
-0.663618278404198
-0.546947979761791
-0.601663954992502
-0.429891769913709
-0.656603910097517
-0.607049078609648
-0.557861997981427
-0.69803997254238
-0.550848951875645
-0.546356544109139
-0.4795497052306
-0.416623911039506
-0.447294932880456
-0.525472034255747
-0.564892129996259
-0.717967449734316
-0.488777733756834
-0.514649147482235
-0.452700832473443
-0.648357992101374
-0.701436876922342
-0.490756976382082
-0.609525333082408
-0.569170854728595
-0.531041788249396
-0.563577774750827
-0.531212487415628
-0.641025136429568
-0.626247638253668
-0.537653163905655
-0.391129939715399
-0.530298571876691
-0.365811725934687
-0.576229471918703
-0.534953478045856
-0.565826259591356
-0.39754123981392
-0.702304726327096
-0.655858026971582
-0.525396919275312
-0.595000728914039
-0.528126286977833
-0.517904197695937
-0.490032579039514
-0.477307476282792
-0.556156817346353
-0.379746320515045
-0.515170573321449
-0.469249885573134
-0.323804409374172
-0.580720383801828
-0.407052793780366
-0.463331889314376
-0.420249194443608
-0.589459131379929
-0.521426036788583
-0.57273531100005
-0.468168487842361
-0.646732600737372
-0.600591067429184
-0.406770185541974
-0.440502599583158
-0.556531051196489
-0.403443262022111
-0.435299684087944
-0.539544630588935
-0.520747135958799
-0.378420748509464
-0.670900697520872
-0.513230064093252
-0.501994672778135
-0.421661108689108
-0.435550872195691
-0.423414884262349
-0.397911972046417
-0.414622467298304
-0.533636604825078
-0.411323464645025
-0.548074778767613
-0.632647028500304
-0.410291574647155
-0.49109828656606
-0.445148729307074
-0.384601317764094
-0.478785011874814
-0.531413176577381
-0.472993325679087
-0.439565724623849
-0.447066464813848
-0.583234635948176
-0.388550409395526
-0.407791631495419
-0.480326088322595
-0.454431004672061
-0.464761433198997
-0.313490665526732
-0.565283169577812
-0.23082136467256
-0.376087755446219
-0.464128196800955
-0.422925050686643
-0.455047640615423
-0.542850129907759
-0.344550217920732
-0.405638109735766
-0.410955715272385
-0.306907165334475
-0.551614190140783
-0.386650430901302
-0.415773135054019
-0.385643638644243
-0.404851798033299
-0.438668177597775
-0.36460349344088
-0.368388980982635
-0.376802649849016
-0.427222428379361
-0.395698515227783
-0.399712740777636
-0.355328751419408
-0.380498110721741
-0.410845670906245
-0.313115630488579
-0.369038224863582
-0.391436377886606
-0.574025214488469
-0.354495531443891
-0.261619447299116
-0.386711367980371
-0.321476410209357
-0.40107546557085
-0.379399125206648
-0.419712075491733
-0.422109463823434
-0.452017829303392
-0.435046579260076
-0.303573126250958
-0.319342421162502
-0.405706378384075
-0.41696748369338
-0.303516095847334
-0.19644301671992
-0.563549540192224
-0.245888185565335
-0.299393592610127
-0.225975190598629
-0.176362727668625
-0.253281737450881
-0.304651766578268
-0.323367110282153
-0.371159131064686
-0.360764431238246
-0.358967855627612
-0.159762845400724
-0.388770240380277
-0.454634335203728
-0.349296913029021
-0.318475114872708
-0.332713692141849
-0.387174618324994
-0.158865971506402
-0.3820009125349
-0.361280311018255
-0.361499548772629
-0.205560158466809
-0.289189874203273
-0.267448254698096
-0.285664481362355
-0.351260849925449
-0.287339102640054
-0.119774484053193
-0.275886132406688
-0.220144323092045
-0.309662759889147
-0.367651243364685
-0.250840869093322
-0.279052608500887
-0.294458029206831
-0.22345146011573
-0.310665855140625
-0.223247279989252
-0.076354392192309
-0.100667091114578
-0.15536721882796
-0.323285034682066
-0.225724032413196
-0.194868146445516
-0.187897489149936
-0.0815231259764782
-0.242565412982049
-0.232226361245825
-0.285577509788905
-0.207826728316326
-0.227935678441705
-0.252062242677184
-0.224841174986034
-0.225986283401087
-0.235715388440768
-0.2278573342394
-0.0655248146116574
-0.306232039899117
-0.262774799253319
-0.195493724435056
-0.238168102697616
-0.217429489176916
-0.178793399296146
-0.127085563859999
-0.408263715969325
-0.229790071981619
-0.168743849451667
-0.142076545416879
-0.14909289839405
-0.230054248621567
-0.1969946001027
-0.145972174253002
-0.127036952111513
-0.222639572781547
-0.201989172250665
-0.11115689742872
-0.215867026619394
-0.198491168712335
-0.0687196773508714
-0.113008719045026
-0.149241149261915
-0.124755532604365
-0.179380480358422
0.0259426961791656
-0.267679402631193
-0.220603486808409
-0.118334036563556
-0.0946553206461636
-0.203507584746998
-0.149348227219388
0.0785391263614178
-0.0665158325779203
-0.207952395041047
-0.206634472214488
-0.133820300950509
-0.0442853678185863
-0.154903901499752
-0.153391238272454
-0.183865694490615
-0.0474993608604783
-0.0104069093951705
0.0150993573334896
-0.187314862620513
0.0256386203630705
0.0151292454449953
-0.0711394613062212
-0.158797872612557
-0.174016729753463
-0.12912508405878
-0.0347081163367229
-0.0856742499460686
0.0797725923663875
-0.126265434615052
-0.115480644908374
0.00639290580599432
-0.0444318895173357
-0.0747622204677063
-0.0547751098703318
-0.147864923274811
-0.205207151774333
-0.0694044245657126
-0.143403085042105
-0.0594849446414648
-0.0669780328446918
-0.229263954367889
-0.0530612678355002
-0.184787387157715
-0.0114554819683351
-0.0234300021531913
-0.0349529235609967
-0.156736458024835
-0.0645518309290421
0.0287497055217531
-0.0896523026395138
-0.0143785542469959
0.0849691801612352
0.0222045074530272
-0.0791565454238348
0.0381164461411181
-0.113370896412878
0.00496357096094008
-0.02044539923622
0.119846716918363
-0.168724941933491
0.00955740917328082
-0.0614902812165067
-0.0703606410258582
0.0520645548490848
0.0344006268982891
-0.0803998284273582
0.00357046978980193
0.0565687295906157
-0.0849382363202232
0.119600681208997
-0.0386236982068584
0.105850834199245
-0.0366446050892328
-0.0292551979229303
-0.0302489293288048
0.128756898785388
0.0595970549005574
0.0398384928788313
-0.2043278304252
-0.0567319513800944
0.0503832587397319
0.016584254280213
-0.0506117710741752
0.0721429237089936
0.0641424508870681
0.0744377584386908
0.146312089942937
0.00726785656891915
0.129467845161991
-0.0352629165138988
-0.0150564831456588
0.115282727694064
0.099267764822046
-0.0248711106041409
0.0280793435965558
0.15843102279453
0.0989164854421915
0.0388706094983062
0.159290195172738
0.0055320350247847
-0.0145214931908518
0.0188281067409764
0.0661276067275638
0.0589600776313021
0.143396884601673
0.213504883342151
0.242180428115347
-0.0997208159797052
0.189101089694672
-0.0175118118156404
-0.0194493291586604
0.100934954380946
0.177585162092774
0.0201515873329146
0.233463713978041
0.0190287757079649
0.0151381565592904
-0.0750451235070363
0.165958222811235
0.171313902837528
0.135146403929323
0.0316725936164726
0.0881436214025544
-0.0630548534897981
-0.0165574314361423
0.0828227365889226
0.245034825015845
0.104528947047296
-0.0218826263835452
0.261804546407753
0.0728245003896014
0.0680985212015716
0.228840979415412
0.137705435904679
0.1510806286294
-0.0321955587644255
0.0364519835473696
0.0354954994815371
0.205371508984465
0.0844662313252963
0.193408862189032
0.0188816305676644
0.124888575594521
0.203130727526788
0.0922051571421035
0.0947790660049902
0.221194812521213
0.229346403785049
0.123343212242606
0.150132637036119
0.109599197418054
0.104674120783906
0.180852876734408
0.236044702589057
0.209548327007509
0.0738039037593744
0.128593090229133
0.0883858260933348
0.0967682674144449
0.188564055667159
0.299182937170766
0.228538220216484
0.197692778906851
0.0356268245617589
0.219689963800821
0.18616564775977
0.172084848233603
0.174514358910999
0.0606974110441174
0.204402950336521
0.200420790807389
0.291279113051559
0.262732273151291
0.279420839176556
0.176881781336994
0.153381104041612
0.164258175218215
0.132139101717683
0.305449138110131
0.194642676340085
0.30444131872364
0.339850716328946
0.373837884404098
0.157042225716662
0.197105679241306
0.263723544946849
0.231301620018997
0.0996854625556852
0.24288627751693
0.206825623769004
0.077597235450366
0.282140906573384
0.114216126534301
0.150846177170753
0.262300252053444
0.275821401431717
0.317168324487232
0.415548347896458
0.117626702531628
0.309794771653414
0.291126618466109
0.19764734744865
0.116905206612381
0.211946992325177
0.255712805725082
0.262160933732405
0.322633229595711
0.229989414172856
0.278889671966831
0.399998495488423
0.273072920669179
0.147011124003946
0.203023358877184
0.187562863477179
0.311387365863328
0.261706149727149
0.335507348937763
0.21791644559022
0.29257677108665
0.285080662043199
0.126135418607179
0.280992488216014
0.294168765143218
0.337784017833066
0.14586871813487
0.285255505706486
0.254181743052331
0.450348218420708
0.365022203741311
0.365483330017399
0.513631370613424
0.363651932339608
0.293587758315298
0.229151366737165
0.366981471633053
0.468714239580228
0.299318533745088
0.174756575134119
0.392043818880963
0.410649154426085
0.351645499464082
0.332412811438825
0.21934504027342
0.246971545924449
0.367200771631255
0.354999362903478
0.255897384474066
0.317110697493146
0.478994610380579
0.477180856359071
0.250057683641131
0.296178882527787
0.293938372385765
0.257581003402693
0.340855466124951
0.246989964518218
0.430453667352828
0.359240792844653
0.328589196060736
0.424450199255572
0.446808901482905
0.414396588678992
0.468188892674225
0.508436189159382
0.426937812851267
0.283918806992052
0.372193227192681
0.391292982432956
0.438328834903823
0.345621189971162
0.225699053548899
0.309787999671514
0.421394969709162
0.376286380437883
0.445780036751917
0.457605993036133
0.446196595479135
0.365459819599269
0.445725196405588
0.252702067811268
0.451520922059384
0.373752049435246
0.606667631924406
0.572962039176981
0.379926662757466
0.263086799265222
0.357239700270416
0.471985512231945
0.42476743383954
0.40321135575456
0.408127098272707
0.463752528711285
0.587280601987334
0.471752319589601
0.534382865778501
0.441298919475807
0.264075435949314
0.538533215714482
0.563308008561212
0.469838367868414
0.427240111914216
0.298041717850475
0.290208124837081
0.383616547092895
0.498241598539764
0.445548819076676
0.448828307395508
0.36264246730647
0.387460098036033
0.461179374768127
0.533691880205232
0.508286302110878
0.3141676312326
0.491815335893088
0.375110631780707
0.385865819758978
0.394081170697295
0.552168993229914
0.559027382009317
0.290730688731877
0.406116319007004
0.529557776550385
0.544145355344613
0.474594094286269
0.529338982880205
0.419490051721823
0.456138711839716
0.614528246609869
0.348265604455925
0.643174548096931
0.526253417286742
0.355765392375556
0.468974685430294
0.610339300615536
0.582858311252541
0.547585516837634
0.500983400559358
0.497410843884026
0.605283652345654
0.55856613459239
0.644407450830496
0.597888127206414
0.581568292099741
0.493931015227755
0.51998285988846
0.522667478678847
0.52151434595862
0.782651806960187
0.610389561271528
0.492903197789157
0.401291426255779
0.53007895461894
0.663144589323516
0.511136504121634
0.646741996706339
0.477488039350246
0.567381299294935
0.723044749205186
0.61127172620657
0.589829767000489
0.684996122434175
0.635675304675938
0.567116701119226
0.774916449158129
0.486665312087171
0.636888133570779
0.533320680838153
0.576230768531569
0.545675632184871
0.675342212218838
0.647296216361909
0.595974922993449
0.539885944266876
0.603688001747965
0.497432710156959
0.589758043199021
0.733263583169226
0.610109765136018
0.612481400925286
0.560881933734707
0.50028572304322
0.652620056038867
0.566604069692922
0.820433538720432
0.620215633848133
0.498081653126052
0.595636784711249
0.592797583365286
0.724190420760255
0.548004310581506
0.69138579179017
0.650034558885926
0.768057906833614
0.662786511013112
0.725539046407605
0.637221460285931
0.714523853596732
0.632325160713139
0.551188388820562
0.740380230013399
0.597804477810939
0.670221193159266
0.811225076588593
0.740674322630325
0.744927483918519
0.721013947898096
0.633244619592847
0.512479592206624
0.723433099151737
0.59250956570944
0.596241208741153
0.809620208148793
0.674549247844249
0.536917065144382
0.545628396868123
0.795735478402041
0.507251488858107
0.713776681862369
0.587709548836365
0.848270896641148
0.725966682587216
0.696158001992437
0.704762855164672
0.706487479897276
0.75978857507182
0.852956221905998
0.62719130216857
0.747292119177884
0.827451075343404
0.852829081202309
0.72863442954715
0.786281487430496
0.814139018355512
0.687303827736118
0.80605068068466
0.693518837884029
0.674094936738676
0.709791543593225
0.816295542108423
0.80340729963124
0.67183987761751
0.796851707349017
0.722937629841576
0.722016001064784
0.672197281559201
0.69485801214771
0.880797162350754
0.839792105133845
0.717560890577966
0.769715678661313
0.767730999661591
0.725003395257618
0.807886373299954
0.822473899214272
0.748066006282801
0.863801855756772
0.823286190134567
0.87833927722001
0.870717140153287
0.660965518341712
0.799219658866319
0.822956531312323
0.713811583541069
0.867828280036424
0.723353229630586
0.870784686748113
0.847637911856051
0.940470652747853
0.865546417432658
0.844682255546119
0.730720404449815
0.735760002952579
0.750716681750726
0.846846440737545
0.864935762631673
0.72944978634918
0.8879568679283
0.754651745973657
0.927120735649349
0.898787349747905
0.704092772176572
0.904304309404518
0.747188174160129
0.6846426484791
0.724544143899735
0.751802098837163
0.975742580396834
0.966621965755963
0.920778812345989
0.768762225805305
0.787349194793754
0.727343165362306
0.964899205518706
0.831903354690607
0.884459478502918
0.815211273193522
0.840600974279347
0.786072214735712
0.881286742068334
0.841164776238628
0.821063290076518
0.808102195036885
1.00034381336514
0.736752651000523
0.994246846962963
0.881952839539986
0.824108040646323
0.802643069343827
0.720904801410241
0.72472516966105
0.896425520199134
0.892803164007308
0.876833592084926
0.992726954856887
0.853449148550624
0.886757126575907
0.946495936440851
0.847797778000643
0.779679602239169
0.90900700681934
0.889607936753107
0.929774240505838
0.98404158261346
0.995381595067629
1.07902459016856
0.977895721383906
0.960448776379688
0.876398272316088
0.98033391988714
0.981126573027819
0.909622764291515
1.00801199416741
0.848531992002062
1.15521764200934
0.988743099787411
0.779113521447409
0.988111575459819
0.89336733124409
0.733046511250011
0.89627566947087
0.951361529833083
0.885025236894887
0.807148362969228
1.02772172403773
0.964019178437572
1.00551597764529
0.928666834121883
1.0967784049693
0.79811967620259
0.997089768858374
0.888927414686828
0.854601377901931
0.869112996387492
1.09700121768066
0.888003503680709
0.983106014215347
1.01859757313227
0.930074083900127
0.949146735015539
1.07909189825948
0.932809333768996
0.915439004172752
0.895210777939832
0.997491323059024
1.07362657253406
1.00643087497535
1.04938299091757
0.908034698528647
0.961643468068902
1.04547493467989
0.999447114118255
1.02971772467827
1.01429915164659
