-1.0465721252013
-0.977130670865889
-0.866304944745134
-0.944695217660401
-1.08653598010388
-0.894726201154215
-0.890746793498374
-1.08360622884552
-1.04490414643566
-0.880602995280826
-0.830372962705763
-1.10959280108317
-1.02184888727042
-1.03642771775568
-0.875574324552168
-0.965608635540973
-1.16126513790996
-0.959486234075035
-0.924741877724335
-0.827751080857609
-1.02631164193669
-0.869888834856122
-0.922866913948137
-1.02688477730109
-1.02836241519912
-1.12360715913982
-0.925306367095126
-1.12033677105912
-0.946091878828182
-0.852528980372493
-0.995363341917143
-1.07129268348216
-1.02063364988424
-0.864748500391088
-0.939277606652302
-0.994529575571907
-1.08847585816639
-0.894459832541294
-0.939163483761579
-0.956628034098803
-0.911363924851357
-0.881053392368202
-0.820168043321824
-0.855359573507852
-0.955472249988398
-0.945800676997173
-1.00612688723299
-0.919134968751712
-1.02403846887165
-1.02912763637463
-1.00900635412096
-0.879222149942923
-0.896832237701466
-0.891442057387218
-0.905603701993881
-0.884632571360518
-0.840978201392783
-1.00958270556214
-0.772523189575955
-0.931286344829659
-1.08713379560297
-1.02517511578717
-0.715165196272932
-0.866766794175938
-0.760677870124227
-0.807346259344349
-0.754463546653092
-0.730315146549944
-0.865731905721306
-0.926101047586903
-0.903364807082807
-0.885894855138886
-0.838362233494288
-0.840417960478086
-0.879275206664012
-1.04478981838285
-0.75512812829138
-0.824047570058148
-0.972184079191863
-0.721270317600058
-0.886971496883259
-0.806163998492356
-0.760426131252451
-0.7771333897846
-0.825274438841205
-0.841763077163936
-0.826503682729776
-0.808782978849248
-0.866448926410477
-0.823620775966953
-0.870379881953441
-0.84664816012076
-0.734699348457965
-0.74554755538618
-0.772737106083881
-0.848524215575201
-0.861808463447673
-0.761465298927249
-0.775789861792071
-0.880794234460231
-0.938697791816744
-0.744206730828354
-0.807701931224059
-0.96298704332994
-0.793268012365123
-0.860969019200748
-0.806408882605956
-0.75423902390576
-0.80044733919207
-0.88813348494001
-0.74227918174503
-0.718793789144256
-0.768186927228192
-0.768616625997273
-0.755719435177258
-0.688364324804383
-0.722981508797624
-0.834400233707245
-0.878683240430546
-0.779922473577934
-0.738699621815973
-0.665018942434959
-0.777865463601227
-0.681748268400128
-0.724347911529518
-0.594436431502456
-0.617196801986843
-0.796512121083969
-0.723127120054838
-0.768899601701481
-0.692914479380622
-0.712854732659389
-0.801499524038518
-0.753509206537545
-0.632254021333256
-0.805314879734598
-0.797512330469328
-0.825048118966546
-0.736645335017804
-0.686463376943979
-0.760041083283268
-0.862870234354887
-0.747825172901112
-0.803868710146786
-0.739098908391352
-0.774785755262721
-0.702427203999668
-0.675560603545892
-0.521419451843503
-0.716173560837846
-0.708149366915042
-0.707252061012711
-0.717618578398021
-0.618315895919686
-0.605390268369621
-0.633783397270454
-0.737964668655853
-0.728063837680744
-0.690447436863932
-0.750005854325971
-0.867840203885987
-0.531914826741257
-0.732037364461022
-0.752216298516281
-0.71511249910485
-0.635579960154825
-0.712645180937085
-0.664576773101476
-0.718513507513795
-0.661813271877707
-0.69495110241862
-0.593717804687673
-0.596909120038269
-0.642701870416896
-0.6873643642582
-0.559716623245542
-0.865282359150832
-0.696653301082207
-0.751359113623431
-0.671457735353217
-0.682376783256895
-0.641824692394478
-0.648782408942846
-0.68573936665292
-0.53540505337458
-0.732301274748472
-0.570575752423453
-0.473883811477089
-0.603544969145052
-0.566272806238631
-0.559981603558876
-0.653925902486174
-0.617584279465122
-0.655975340678839
-0.63870996068156
-0.708812626222991
-0.673385384361571
-0.633554993484458
-0.543356528591133
-0.575424746975896
-0.664894708211295
-0.611679394416122
-0.702581861824021
-0.550398221549245
-0.582492284143942
-0.60727940048079
-0.533964731981513
-0.665748337242072
-0.725757640498439
-0.739360164232211
-0.639150830414666
-0.649467800611788
-0.644818881137353
-0.443392339952968
-0.466490756874453
-0.674050042239636
-0.450370749863617
-0.589403643103094
-0.430841198988826
-0.694091963475518
-0.646107001702161
-0.557535388698452
-0.601653334956491
-0.448903016411692
-0.496888335596022
-0.595402026102695
-0.589817076309781
-0.486096699229294
-0.345047092663983
-0.570496369813159
-0.424606997926342
-0.500209115553339
-0.667580557263786
-0.407129319422282
-0.418497953996765
-0.539140979907263
-0.347652842455564
-0.740540065377488
-0.539172304200345
-0.644675664759281
-0.558944071514983
-0.493653824822518
-0.579464614786681
-0.380923108936668
-0.529572332911491
-0.510385977329312
-0.569009461061802
-0.467447157596223
-0.65878067942092
-0.622314376131656
-0.510952635221797
-0.489843802218978
-0.629800293735229
-0.448901223225816
-0.470417511137684
-0.532405834712695
-0.647520515289506
-0.449483739475344
-0.483020021790724
-0.47876810086817
-0.554778527217165
-0.449581841041932
-0.288846853011036
-0.653994847945454
-0.470071860144021
-0.567267591697201
-0.406970852764378
-0.544744987508453
-0.46723182263527
-0.559488949846479
-0.450080272976633
-0.306936890741717
-0.587984830300395
-0.539178458903045
-0.478193258404115
-0.561021488940375
-0.428823467072728
-0.550704473384477
-0.50072418394673
-0.489839999344179
-0.600600144641192
-0.538951653431114
-0.348036382411441
-0.469007813685971
-0.365810503597559
-0.43103264382065
-0.321768143061153
-0.612901368551224
-0.512954439738307
-0.391699954544503
-0.408927972020503
-0.498932843927171
-0.23530150157392
-0.363796912988726
-0.260101898768272
-0.431501728413901
-0.407793021308761
-0.456075221080189
-0.502832922747996
-0.343206739293043
-0.47206364752073
-0.258527493896446
-0.335650477783634
-0.434841253106872
-0.467953220898302
-0.345916139792471
-0.236747913346756
-0.397101242019944
-0.441899191386564
-0.461303812765207
-0.431898184452084
-0.359468099997718
-0.288048796542266
-0.411674931818347
-0.457508594057666
-0.290140406334292
-0.394009555436374
-0.346555897348363
-0.459109453264802
-0.327887686276812
-0.359222116052362
-0.431676259166762
-0.392406622734095
-0.46081146717878
-0.302936297553893
-0.327944259718598
-0.359670723337473
-0.501091892005951
-0.345690927319925
-0.168882380021931
-0.326167935107554
-0.232962780203441
-0.439874202479061
-0.285142397979167
-0.0222343163264875
-0.327561170905816
-0.315687047778124
-0.392955000542956
-0.305319150166271
-0.34576222945584
-0.291444484015001
-0.306223262479888
-0.134642068206235
-0.345710173986892
-0.165958262484271
-0.341140334832373
-0.369506417357611
-0.274601580590874
-0.304822781067922
-0.243144611924511
-0.275989225550622
-0.279390969769246
-0.301569268794294
-0.358357658840447
-0.200750201870802
-0.232982877575804
-0.336283658335112
-0.349740837753382
-0.370379975111298
-0.322622023956448
-0.324127583835324
-0.332139712671724
-0.418855962701214
-0.162920878268805
-0.26078676177068
-0.263662366172494
-0.211415747545028
-0.287015797909482
-0.19377067275656
-0.282140853268439
-0.173908849386681
-0.234068275328766
-0.284906160780957
-0.252450792454963
-0.226862548585705
-0.191317080780024
-0.289197798191976
-0.353301217066539
-0.175784525326312
-0.218952614094999
-0.343224815314407
-0.337293308126743
-0.109045428481751
-0.238164687112058
-0.121133719463824
-0.232186160933239
-0.207512394280272
-0.191157237344731
-0.271571900846222
-0.343162965489728
-0.274872713811776
-0.251881990001189
-0.222231577666297
-0.152887398291342
-0.174922839733128
-0.133319086666486
-0.287172830557249
-0.29868860970837
-0.190215120657496
-0.290953173139533
-0.096296210180114
-0.194979346868597
-0.280374739005412
-0.192440720950128
-0.137272682705377
-0.212617892808089
-0.203974894091008
-0.243752653641584
-0.266416959111535
-0.158949837075558
-0.393381288484592
-0.0569549785959569
-0.210279542094434
-0.282446767709865
-0.151400192752814
-0.0166300281734084
-0.264257177073157
-0.170248883217511
-0.155186902925547
-0.224572273640288
-0.420866856967531
-0.0061882681511079
-0.264694239970836
-0.177707322498365
-0.14810998316906
-0.158032703820786
-0.0813476859839889
-0.308314850262388
-0.182117719654445
-0.144006533507522
-0.110863148477874
-0.28413300330547
-0.131931599025913
0.0192695754597581
-0.257077730406411
-0.182629167836001
-0.285042703173879
-0.108538396785056
-0.177804891850455
-0.147188665590928
-0.0858443189971629
-0.142277907303283
-0.111439920791328
-0.047583636492981
-0.151437915185005
0.0260159918125629
-0.063125165621478
-0.0406100637481837
-0.156216637140049
-0.158980023786271
-0.255488648608006
-0.130207919286836
-0.0961258538749289
-0.123477430131726
-0.0505110465558781
-0.0723815035472791
-0.0624785393570451
-0.083268303548986
-0.0743264434083945
-0.0883962233360107
-0.0758321407120272
0.131825772114872
-0.16486389680651
-0.130702613493923
-0.0600711486522815
-0.0934812882769249
-0.0359371310902526
0.0323147188573195
-0.112794800523833
-0.0595048978559362
0.0266965991656051
-0.241342749898931
0.0491934456450185
-0.0621522000635555
-0.0262486597042384
-0.0815659985835474
-0.128695125193435
0.0112749439894739
-0.17991418729812
0.118117108688853
0.047861414120742
-0.159813760502009
-0.084887432669364
0.0480875684996988
-0.102284771307891
0.0333504780487633
-0.0120661063516389
-0.141681758359901
-0.0394856622977501
-0.0513168570510526
-0.0582415749027124
0.0534716804893243
-0.112537558396748
0.0815778796233476
0.0487325286473148
-0.215425587572398
0.032503286871055
-0.0688378393489991
0.0293175735594944
0.0198207730590558
0.055871440169847
0.107039986076409
0.0643277044244329
-0.0401796276042897
0.0392910734180684
-0.049856454751123
-0.039535922917783
0.0364549833026747
-0.0432647431112583
-0.0487802236919771
-0.035576077378613
0.0127897044924003
0.0766548183081634
0.00868644390354436
0.00133986563100495
-0.0145418085645808
0.1994341207441
0.0583422076871736
-0.0200696593308234
0.0318803253201006
-0.142073010483358
0.0339302785610308
0.0159477825789586
0.0252855783772605
0.00832527434672782
0.109927312497685
0.262354504230981
0.0699279023434836
0.0649646213011473
0.0194415854875191
0.218245110673665
0.0992177317776793
0.0621371930439679
0.1527228101381
0.083950409018975
0.0642501742722401
0.120284348835407
0.102647013509447
0.0338249976613726
-0.0370308835594163
0.0275764872357364
0.0864774346303449
0.106480625491154
0.144210782637811
0.109130233272946
0.0620347300892809
0.176911846468414
-0.0334282466887636
0.0531016698152783
-0.0876199185681326
0.239039565153238
0.0998065890311262
0.0340855039214538
0.150090942547086
0.195117891517983
-0.0779626703213635
-0.0476814316294454
0.0995184058648681
0.0742424740832539
0.187465840504255
0.102401027620765
0.210034746611834
0.0602206369615644
0.0654743255279651
0.00323619671901174
0.119248085161191
0.08485904018497
0.167598137190387
0.160063752628906
0.197771721747597
0.0998159812866345
0.194597858431676
0.249095378068657
0.283044501806571
0.137912317460089
0.0435752998128214
0.24761488028245
0.259456938085498
0.0889185475954487
0.16119290918292
0.273082445014384
-0.0592875439767386
0.0368260015005921
0.196229594634362
0.116195306244405
0.185240046137413
0.0763729768607071
0.053557968893151
0.119213124497121
0.241190610294947
0.103441837158218
0.241155004314259
0.0485787443000005
0.195481887628706
0.138955084389632
0.331904286682662
0.281613933547137
0.354696002719582
0.099951872183056
0.131525485206187
0.110852645422594
0.176973870095839
0.129616484102881
0.243219636174769
0.13197815139773
0.351603747035537
0.201627834782092
0.308069474129559
0.232899355537407
0.214334357188034
0.259353832433887
0.422894009163055
0.0293395675456445
0.216184755828628
0.317581686057608
0.371505109146577
0.156317575527891
0.0948114140922111
0.298779204175208
0.288087259523458
0.200241508364576
0.165162470830862
0.371796175844653
0.299921236940451
0.154044475303972
0.281876293368721
0.334107851289742
0.213625460077087
0.225832688847527
0.185327191794893
0.4143917201582
0.250408536475128
0.141929189975351
0.33774715917829
0.317149866968495
0.272977086038564
0.284116049075208
0.220831349013196
0.18103480985412
0.314719003999992
0.227196326866067
0.174648369807979
0.152553461497905
0.239475524105973
0.285163384008624
0.431014265250109
0.362928294225272
0.196968778536843
0.322952515612013
0.176597723805834
0.282814906305441
0.325952599738117
0.318321896942274
0.275348173349372
0.161184592325449
0.375968236570525
0.397466654051421
0.317715675799509
0.330008774882106
0.2888260282506
0.287544558947471
0.303072963850985
0.358791936758641
0.371976213244108
0.17459071584696
0.401930799287328
0.273620225237466
0.358677697179097
0.216209193963563
0.260622886664939
0.271371700698092
0.444820735586225
0.396102788700952
0.262810405479258
0.392268273886365
0.291607884007066
0.408736768518311
0.366672599610722
0.524745387268782
0.40714875660631
0.282860026389354
0.268711256148633
0.319537103183287
0.472428603017494
0.470016772048932
0.368169850570461
0.135498111084153
0.458335862602881
0.305960650281515
0.378616599516014
0.317872668481854
0.430517030220369
0.307543954083739
0.417593350041676
0.350884759842337
0.391832646560415
0.403898286937621
0.47309437557841
0.535934842178869
0.316354032288705
0.421185385062855
0.49836415447835
0.42828466060451
0.448172854824137
0.470096603035068
0.553592887035143
0.342832047086121
0.319188242506609
0.335484646932055
0.442510666468429
0.420562719174525
0.430111973665632
0.430634043064209
0.454142659486325
0.318373253131872
0.396377736802611
0.454959758387407
0.426942861411408
0.362721039206918
0.536641119063276
0.440803050392569
0.355008316507726
0.474025033798814
0.568035731689613
0.483410655372631
0.383189259049808
0.48446019467969
0.449047571801764
0.605379257647579
0.571997759051046
0.461820943955933
0.385400635467933
0.456701150137138
0.405262229211173
0.355166900380143
0.440893506794833
0.434761374846404
0.63490984770563
0.240593144156907
0.398471555471977
0.530370704887151
0.409533541077108
0.386000059329888
0.429775248130344
0.437461707620747
0.408307040166246
0.621186967097883
0.53863961365846
0.437009391275081
0.532342514103514
0.503555291852734
0.396983468082192
0.593321870418535
0.463065258310196
0.409573069087799
0.659170644841375
0.596973142319687
0.558973706876562
0.456916817849028
0.530350670940659
0.586472461698957
0.544881082523539
0.483541437281277
0.584671153649699
0.46094331717518
0.375496012581633
0.570916742277165
0.488700123450606
0.424830629857376
0.626917077194181
0.368908393768037
0.57690189900312
0.509823422550922
0.595307238137793
0.544654183173266
0.51956277650733
0.502712467567469
0.353399860391289
0.599946735935096
0.67516740498302
0.623771092072026
0.551939448108983
0.654006989945406
0.496782225036165
0.604404348136728
0.615927300939907
0.523944218402233
0.554273258085934
0.584054562693078
0.736063606093157
0.629777397056553
0.630709928485109
0.600556618727498
0.533133250232657
0.767906401450505
0.55659335557433
0.49838292685136
0.376116516178694
0.590498632175175
0.621208396954295
0.556430504943076
0.572785580498644
0.594856903123836
0.626528437891011
0.681062230983538
0.602458565195249
0.540672776099602
0.692504131107796
0.675232864114652
0.444529331106743
0.745572920311419
0.690361887269742
0.618853829722524
0.466378954518489
0.657908083782246
0.724925160402439
0.460507932680273
0.535190177652414
0.549130901517583
0.768215144098181
0.807907596198445
0.685474182220129
0.652428731438252
0.51372193850123
0.682309895543044
0.575291459858839
0.677412680866967
0.517483077640399
0.68982236431394
0.618982432483062
0.607277037332095
0.849066851395479
0.824153548359164
0.746362280015821
0.730143471429473
0.545461946977337
0.711845761683762
0.723022921798847
0.675646116212265
0.621830170277779
0.526225248292881
0.585319543199588
0.78697341347434
0.706869534801156
0.640358439652469
0.650927694339309
0.66282463764325
0.715140634475048
0.571287497592956
0.738379005852422
0.685212979176238
0.790581502653093
0.642768750543499
0.75733368393092
0.764868515106357
0.819668821472664
0.648117190794457
0.785868870942208
0.65914560809791
0.793198069252853
0.798436812974297
0.68537511310564
0.654933774320768
0.682017962996875
0.75456394095635
0.686883969686839
0.785880449411397
0.625887822446569
0.845714369692426
0.722997573179169
0.669754316972338
0.767345129062052
0.5737953338517
0.788982680267895
0.555391952664522
0.703047973408773
0.884615627606794
0.724638940882017
0.770675440448523
0.656701641883698
0.7779671257065
0.708187353573189
0.712107172610264
0.811385733427106
0.804842061085105
0.78206018738456
0.614151334790504
0.826844892994456
0.809897582808513
0.685278934422805
0.726349577979137
0.785912081149041
0.818203852326409
0.860548995349661
0.717202151421281
0.885559029722943
0.816019011130389
0.894431214155424
0.556123890280447
0.791969744346073
0.88149792286724
0.686709014216863
0.775340276382376
0.727565726936555
0.888920577308535
0.822870377365257
0.781910290873645
0.877717690589118
0.822992319770629
0.775443603151757
0.768860559650407
0.887187615955506
0.816077609576225
0.871009562794314
0.866912761393728
0.820200861530844
0.837792876336918
0.928967995220127
0.748609927297287
0.803822696221201
0.754003371135132
0.715384584112937
0.989836681785955
0.903953387646067
0.831299860819733
0.931908641425481
0.962262013396082
0.767875970237675
0.844838662816789
0.910606211341416
0.905684687350985
0.748394106365058
0.861094848122767
0.972750998859248
1.00003539120588
0.781263796442941
0.866922188307513
0.929364544455262
0.956362865757082
0.889990222973558
0.896003803102312
0.784930195361414
0.960770382851675
0.954247981863997
0.935239857347426
0.846902364294497
0.791494411158778
1.02701715240911
0.830004813089526
0.810415970400247
0.99105680517233
0.779710673888915
0.836331255933887
0.900369112584327
1.07866216585118
0.937494440278619
0.945012665060199
1.00621156633446
0.932784644615674
0.913384963262592
0.928884020245578
0.887554063151627
0.968743602975358
1.0423504265781
0.940297161148653
0.872452447384533
0.993575747877202
0.913068648952826
0.914770019453651
0.901129228539903
0.880861378897024
0.899638485852435
0.850384056779561
1.10872643338598
1.00017013220594
0.879868279196682
0.930637244891445
0.959306949483426
0.887802304136052
0.993973924531746
0.926246973112469
0.950085421524767
1.05308788514545
0.979076249721502
0.935332418191014
0.972152120901103
0.883353884015295
1.01632789264281
0.991636618893342
0.971809857652608
0.895069940846548
0.999861823912433
1.02388424295243
0.939788992628677
1.01736668608178
0.939944830897694
1.04474219569467
0.888975756205447
1.06058811525033
0.826231355181108
