-1.03760250850199
-0.983215837696072
-0.892759343282803
-0.957701574317853
-1.05192313252843
-0.899761931002032
-0.915110808719329
-1.08864139590114
-1.06095350741607
-0.900462598188835
-0.841985900732102
-1.12386320145307
-1.0176070981469
-1.03409562133203
-0.874796779618462
-0.967009239945923
-1.18616123451696
-0.973320448006265
-0.97110081566533
-0.816437725433553
-1.02428325804523
-0.872753931948978
-0.93418480828387
-1.0282174153933
-1.03672447839838
-1.11570417900258
-0.911593152401129
-1.12848115915497
-0.934606041928471
-0.844987321774051
-0.997545268097146
-1.05285455243788
-1.03457070711874
-0.860482391826965
-0.956969757341839
-1.00073158026013
-1.08826123033394
-0.897687769462674
-0.924947662479904
-0.927182485531924
-0.909560797740185
-0.902505332487139
-0.822090600922556
-0.856258408299075
-0.931649643108348
-0.935810624228773
-0.983425396949264
-0.909553131462976
-1.01827408823689
-1.02532283184995
-0.999843632809811
-0.881661232010158
-0.902969223920956
-0.874601444592047
-0.904205995320081
-0.8853001704201
-0.84976335652865
-0.985984665699226
-0.778200027911859
-0.926197539777926
-1.05776902238858
-0.991711100008825
-0.721915917750795
-0.845618907367455
-0.794364812609212
-0.792837480623032
-0.748271037975109
-0.758492702349563
-0.841265894173396
-0.939128178038904
-0.944525788483674
-0.897374782875862
-0.855151935121887
-0.851791647749834
-0.883022314868373
-1.02855227990129
-0.744611241002295
-0.838115424945691
-0.985672390417045
-0.703607198026558
-0.883980925599455
-0.810557466692714
-0.766827346398699
-0.786555412899828
-0.837189139656349
-0.860123783806524
-0.815394019614805
-0.817642121591355
-0.851613833198466
-0.825193034838859
-0.871389698083605
-0.863111558516426
-0.734048632507937
-0.740069931837477
-0.756897422555889
-0.835034506781752
-0.844480518214793
-0.751026808778136
-0.818232637576978
-0.857645076231322
-0.910989127394132
-0.73712726419795
-0.839086372325707
-0.945304818894064
-0.791024758655001
-0.844763543277577
-0.810828235088327
-0.748935832137184
-0.791353274886987
-0.898208596607787
-0.724560577659586
-0.71621018267987
-0.785056321982667
-0.782448147943805
-0.76464820923368
-0.657251937350155
-0.697404091342951
-0.847356187933063
-0.857750943843992
-0.788349663982498
-0.740046934885703
-0.695062411603775
-0.781813467303403
-0.695564161283515
-0.729920393571655
-0.580458893604446
-0.608456663650346
-0.783464002126732
-0.714284999510116
-0.792459220720466
-0.69423285843202
-0.700070913940645
-0.799856238299298
-0.745143298916207
-0.647486654118675
-0.822157274213861
-0.807180237137363
-0.820254909493263
-0.738498339504445
-0.681263340981956
-0.738478116808491
-0.840622231222604
-0.771680194889321
-0.799796289486984
-0.736349042286972
-0.776308136340824
-0.705113984206296
-0.682315343177405
-0.518314039576775
-0.731771518531798
-0.701326978156169
-0.696141994335398
-0.733521402458381
-0.623389440725826
-0.605875002706122
-0.623083342270452
-0.76114950613262
-0.711280428173071
-0.668857712234724
-0.758968057819029
-0.846939952344914
-0.522158149677542
-0.713910686258623
-0.755779283325406
-0.722980672437784
-0.650694114545258
-0.718863929518367
-0.648256997012393
-0.728154783094152
-0.66712033665387
-0.684245357520203
-0.590066308627223
-0.591676589088318
-0.629976648688715
-0.687772170663892
-0.534131638914324
-0.877046773396012
-0.700675308022128
-0.728281148561071
-0.671950131083746
-0.656359996716935
-0.641226321958493
-0.65917570151664
-0.676065726321629
-0.518603263433986
-0.715487655919728
-0.592436790543413
-0.487536512847634
-0.592375797813541
-0.586439249614377
-0.551853392101487
-0.659956176575395
-0.626375195803305
-0.663480125568322
-0.63197468170041
-0.707332453975269
-0.662404596340455
-0.649001454881542
-0.566786208184111
-0.569676333603435
-0.660221580013693
-0.623660578239611
-0.697570808698063
-0.542097665827903
-0.582984504724414
-0.621577426126605
-0.532718414225782
-0.643403778719471
-0.757774336158082
-0.732590312120658
-0.637216674903029
-0.677839103279473
-0.655271885095334
-0.446595844014876
-0.472974955152333
-0.657873682676473
-0.445243413593471
-0.595144869384203
-0.42193417187629
-0.718892201142395
-0.670132650352358
-0.555299004344233
-0.582366654077342
-0.465344340042717
-0.485042880309084
-0.598194052957793
-0.599839910881815
-0.4790282858244
-0.351555603126309
-0.550055583454593
-0.408034354221323
-0.484576735999233
-0.674201457385887
-0.403438649113322
-0.433910511134817
-0.536110709080554
-0.360401447284219
-0.731662434203037
-0.550095598880855
-0.638884078811576
-0.575751129767762
-0.501817830891577
-0.58397582732859
-0.384543666939242
-0.547507766163083
-0.523836493418139
-0.582647255026733
-0.477152386428132
-0.652355646041612
-0.646273967005696
-0.506085361281243
-0.49055413031564
-0.642078290225346
-0.43320263563334
-0.454306900554241
-0.535585911177604
-0.648877107411764
-0.439475373346458
-0.488985039574035
-0.487451591463957
-0.565858493692644
-0.466405551609276
-0.300878074179031
-0.638761649625721
-0.462629621475909
-0.557463411460904
-0.393781224740418
-0.513370481555415
-0.444458904374385
-0.541433613169944
-0.463218214215884
-0.298832402370656
-0.609023292458287
-0.545153411581742
-0.495160648291669
-0.54396607295192
-0.422407900323146
-0.572493697768816
-0.503411030011794
-0.47368298595527
-0.602405409888175
-0.529056189185331
-0.35614421841616
-0.465131993747606
-0.371486896879726
-0.425977835625477
-0.30114095608793
-0.593288349451789
-0.521182396159119
-0.409209034882645
-0.41307566720449
-0.483819339741397
-0.220812981005287
-0.361907245216305
-0.222241066663745
-0.435302931452148
-0.418175145202621
-0.459857307270599
-0.528754831679325
-0.327596282707453
-0.47572950811032
-0.265825770323583
-0.336033346046338
-0.43059854854512
-0.448124612676271
-0.354041095958578
-0.234893548963716
-0.379540176873163
-0.447519974655086
-0.46576016025723
-0.411396703585283
-0.362532163472115
-0.30079930987293
-0.395820215541768
-0.449898233002269
-0.305899813662433
-0.402021671886446
-0.354335093061473
-0.450280116065252
-0.320354023417091
-0.35523688555381
-0.448961092366794
-0.428844705653548
-0.454920111783793
-0.304012067665648
-0.330568891549993
-0.36622465614667
-0.493717765829753
-0.358638169720256
-0.154664454211615
-0.314676763732248
-0.217030716611012
-0.437234441828177
-0.288658350379081
-0.0217668294135876
-0.328335294539386
-0.336011292725516
-0.38449086129006
-0.277671585849131
-0.334997204268602
-0.310636348766464
-0.300747353798587
-0.112204394212323
-0.322070063448271
-0.168138728363629
-0.338445521874654
-0.386096859229862
-0.268718232567976
-0.291507620784678
-0.245590845517401
-0.301461008741713
-0.281171158264074
-0.249935395249535
-0.358159757878267
-0.194548421927376
-0.246647866859479
-0.32176552004294
-0.353488852708853
-0.363508388946009
-0.326708599617029
-0.311573697247302
-0.336941577880211
-0.419227867186301
-0.154797269496115
-0.260900056423704
-0.260668466714497
-0.217357794595881
-0.283977476832876
-0.210853956031382
-0.310387361696285
-0.186788685860364
-0.227556116040902
-0.276479018149899
-0.25095077287974
-0.218288838964284
-0.216999656961008
-0.282712873276576
-0.346810273578946
-0.173885346648226
-0.230651896898611
-0.330586637513528
-0.320274469581891
-0.126889017460205
-0.209762691449355
-0.128606327114077
-0.233655885408835
-0.20262769731219
-0.18312996220524
-0.252300876699895
-0.350595329239517
-0.29064572031447
-0.270200511344939
-0.231029233228976
-0.147535881821388
-0.185483815997496
-0.155217793697896
-0.279932886875537
-0.302870145111288
-0.184407846862104
-0.291087810262515
-0.0891316273942567
-0.207270520008968
-0.269613419039418
-0.207737364066567
-0.126023321139222
-0.188222338186399
-0.191373410153251
-0.261200321750325
-0.270831817620855
-0.171249808014437
-0.373277270286829
-0.0566350510969552
-0.203464315819005
-0.267672157037135
-0.168972581106552
-0.0145172065945386
-0.261155442619093
-0.14978358963193
-0.156976335115817
-0.233227586393993
-0.409041975607061
-0.00368665601384232
-0.27019418170631
-0.171737095985941
-0.171631518679672
-0.134103513850394
-0.080285504368839
-0.318627413009243
-0.169940153476993
-0.154278768031699
-0.106408863252381
-0.271681597725415
-0.142069530321003
0.0203059428191348
-0.232442018932805
-0.19098347761577
-0.29022607577451
-0.132998942719615
-0.161264191904657
-0.143494603318314
-0.0635843815998168
-0.119110798532606
-0.114918326971876
-0.0339266281451259
-0.148033684998767
0.0177593074624867
-0.0498815770140624
-0.0302189266577897
-0.135635859652304
-0.176688512991487
-0.269047177746791
-0.135168336797916
-0.0908398438668525
-0.123186714014505
-0.0352495096223557
-0.0682960025153205
-0.0655663403728183
-0.0660400637316879
-0.0962723853889899
-0.0899464297597907
-0.0696915379118737
0.144946508156969
-0.148646397143878
-0.132325235339062
-0.039849590230512
-0.0736818775383266
-0.0388780515049302
0.0275334457777463
-0.135247963785624
-0.0457118798144442
0.0248287617664157
-0.239717619184579
0.0508115778504864
-0.0788639097878745
-0.0570844941155261
-0.0633701627038083
-0.137737542448598
-0.00723998938884632
-0.189678319243811
0.10811798410879
0.0540789345630956
-0.171914119361025
-0.115327336221279
0.0506286335121632
-0.108793665407871
0.0373354693967502
-0.000458319232917606
-0.148785835079396
-0.0628055060248687
-0.0266058855272874
-0.0278529405432567
0.0805501705787339
-0.0799128912975188
0.072924897391499
0.0371887022556383
-0.219732650019979
0.0408682183880969
-0.0513197682327072
0.0417998146926506
0.0500880291355947
0.0696478992008726
0.10466333062096
0.03704207843934
-0.0316902077521853
0.0245314095791801
-0.0238850572270951
-0.0142366054301096
0.0432937969718081
-0.0360241046515635
-0.0468348579797443
-0.0666055644724597
0.0203478119213382
0.0829260898172801
-0.000650134074570788
0.0151390345195061
-0.0191365098577597
0.195290810327589
0.0418651681068904
-0.0219388058360906
0.0220102902073732
-0.133197108496315
0.0253854992622883
0.006279567708009
0.0409933697459203
0.0166448322053933
0.106033250418023
0.267672117421114
0.0794295505100484
0.103405854375743
0.0281653172431092
0.2308614628293
0.105752252874399
0.0567731722350852
0.130812896416631
0.0943226348314585
0.0867698790040689
0.128640177933756
0.100484516782339
0.0207997523038336
-0.042260074998445
0.00149662755482513
0.0614838016892806
0.095581380385243
0.162924152615899
0.106931111244872
0.0728756304867536
0.173667624273196
-0.0391151655090438
0.0640635918364791
-0.106520931446201
0.253731839843478
0.0995958804667371
0.0251072971813442
0.168461489791293
0.178661278539015
-0.0877971710217349
-0.0389014312975416
0.0908741561928215
0.0633222799648766
0.182468274858344
0.113314305870813
0.220921225220757
0.052262083014099
0.0644828491146379
-0.00878535875874703
0.117696644429241
0.089597294138695
0.16447824487456
0.145060818044398
0.18610834965728
0.0885506894906573
0.207905221417938
0.223689851568985
0.260070267168218
0.145226212143682
0.0390217949327721
0.256209775869359
0.265938207152799
0.0925531087830802
0.166650129941022
0.284412872803709
-0.0710901710136863
0.0425103458673317
0.201362861427921
0.111779009516677
0.199975480901187
0.0770403716070991
0.0473704573947377
0.132912900357478
0.240144459205909
0.106568621545296
0.252164606391137
0.0812659963183812
0.193386709030112
0.13566912589698
0.337394446364114
0.285007827382744
0.369435423793021
0.0925275348852589
0.130349056846084
0.121252144684888
0.170775972025746
0.113639287864245
0.240446457270014
0.131728221286692
0.363038771554631
0.186805158200767
0.270965856367556
0.248052522211435
0.220596534991412
0.253852972877183
0.421909607527018
0.0484669217386829
0.207368929750828
0.322666937442576
0.363882449217717
0.147001067449328
0.0980587648707054
0.306438483718516
0.290268419127936
0.212099605200773
0.180473042542729
0.376810150690371
0.308534519334621
0.165524567013811
0.287354718632104
0.329180007594405
0.21891315766931
0.223348333884167
0.177086107289839
0.435033586019311
0.223739321577487
0.15913258991126
0.339214583551441
0.304779888656629
0.259584637714922
0.271976341625558
0.236066698364435
0.199062888397494
0.308200308027314
0.223190523612472
0.166392678400129
0.158492135593626
0.247874073849907
0.297060780534494
0.453459191792008
0.339948979363023
0.171411610406385
0.33420619726487
0.166542674406949
0.285813123181694
0.341454118676037
0.32425171469921
0.271878422585708
0.15956310613836
0.37164855182369
0.393669253288564
0.307493982520283
0.332778829524657
0.274152906115874
0.265395765343046
0.301716545142357
0.339473823839256
0.359104498325989
0.173051498294336
0.391513496153052
0.28490714771512
0.350222815237163
0.222927303665512
0.281752374238333
0.255597231037795
0.450774921687505
0.389386307462336
0.239269093994796
0.376166966324252
0.290664011661906
0.405755893751615
0.3662801115143
0.500425338071782
0.440764242973944
0.298608091370194
0.249681089195344
0.295575991648006
0.478230307238737
0.468860548728241
0.398334463235665
0.120758120660154
0.468691397204882
0.311025088878244
0.382528315955085
0.315298601098306
0.422571202650685
0.300456351957378
0.406591809868564
0.347564981088403
0.426050995317492
0.394301056592546
0.478571184352965
0.510221115425848
0.31828695389804
0.432296369384555
0.487079960830671
0.441757410289647
0.458111744816309
0.461546476299558
0.526210159409141
0.347178621827552
0.317030044412201
0.342764470473111
0.413810602727085
0.425341098685589
0.415002053787567
0.411786346859905
0.441070116202412
0.326813832149973
0.406741146453695
0.436341920021318
0.411650414093951
0.34427459568915
0.528483934430012
0.448288119619161
0.341016765134698
0.488629323339744
0.538981511588831
0.480460569102661
0.37189096306579
0.46590829920785
0.451206893154242
0.593170961793765
0.573013508000398
0.453952831498365
0.387602985203095
0.445221661455771
0.412609833679654
0.360152752583431
0.459498814461706
0.43516095191514
0.643758262367784
0.218684012679809
0.412130209225987
0.536534658735629
0.394109325802399
0.406539943955588
0.435121886903664
0.452369159895791
0.416318284817747
0.614398958816905
0.544876412330712
0.440593974087541
0.557695710463215
0.494873536961962
0.372496315795179
0.622972566270635
0.485497739570593
0.420220921350661
0.671703059256596
0.6053476584678
0.56361423312153
0.474695217559732
0.557252383702881
0.575629212288989
0.555547440594379
0.460936305593417
0.577645079334373
0.458512982240605
0.377068995627258
0.564177459311571
0.488162953188664
0.442548717405565
0.631850440483201
0.375492597135247
0.559621496256061
0.502875959515692
0.581617030789577
0.542872629475933
0.544290361422264
0.494518831663064
0.378784376526816
0.607232745332603
0.673108646178405
0.623172278551441
0.562027003345733
0.648448533223271
0.521462174886921
0.586039234060822
0.607707040178798
0.510993993340265
0.574109587813201
0.565746175935929
0.744810556064441
0.644709442425155
0.618030913459131
0.591549297319093
0.520366470066739
0.75187309226771
0.556683781638865
0.493801556554608
0.352505134274978
0.58610120444662
0.616470840760657
0.557241876367001
0.56253289300764
0.575015279780077
0.608611961621046
0.687566709332215
0.603877252705896
0.53758272008192
0.714323397306958
0.673231501299178
0.434469722609136
0.749758354975332
0.702930719392812
0.636892294937758
0.482266792486152
0.680022248492944
0.695913660542335
0.458610128113974
0.510675701749815
0.549467526504025
0.768150697550176
0.804909027560573
0.676620686731054
0.653736285649984
0.540943050702769
0.676652335142387
0.57611967142851
0.676585056175492
0.512912341121999
0.684402294311657
0.595926953465578
0.611067338516893
0.835109503478286
0.834783315772987
0.726132076203003
0.716629973401885
0.557867242865611
0.691433723348666
0.739918442331411
0.67364771421519
0.622803996382431
0.50985792712847
0.582766945663054
0.785746364390677
0.700530287489288
0.649731310620882
0.642914507348348
0.65345123224215
0.729765723056527
0.578169200598443
0.741738459923231
0.707870223283923
0.791061750457796
0.663633153447506
0.738801080053613
0.770821933812856
0.831255514124558
0.650747377374094
0.785345423148078
0.66437339818095
0.786998880460562
0.796563408249783
0.679102498255732
0.665876247617042
0.693722915081018
0.770238935752518
0.687597020448901
0.789315203148875
0.618403318454576
0.860134342977072
0.674547787511781
0.678759741772183
0.737447017605354
0.575946837954729
0.781813090322572
0.570210637190376
0.712189519770788
0.897148794903126
0.714834658375725
0.77523961065803
0.654862693919648
0.76573886134712
0.724024029927355
0.716527067522887
0.793015583626852
0.805660699625052
0.803573558448582
0.612026804992657
0.815050140721541
0.795677855533838
0.690302648724128
0.697547073754685
0.788239802210103
0.791837677357445
0.852865369058817
0.723575822563231
0.867274428952998
0.81852071709307
0.881876273051515
0.567463624187495
0.777752988409145
0.879999231256569
0.67950945956276
0.777588913557989
0.749384115316564
0.88533771911845
0.83014932221477
0.769914634279909
0.88076421941362
0.814141837287596
0.759274962020578
0.767752245670521
0.88301101818233
0.817370176916484
0.868020320040405
0.869481769084939
0.827506819088958
0.832167577906643
0.923800675070136
0.757416858796773
0.786351102839276
0.759065367053472
0.732221429008278
1.00445893726262
0.910551466552538
0.828771027306894
0.955581696431102
0.950738936301877
0.762355564870969
0.846832617299814
0.908179079655348
0.923566953402448
0.754637519111817
0.86544549744397
0.985319079221104
0.980999539481452
0.769343388541403
0.874833720143033
0.939696728523069
0.937019573022644
0.859558885396619
0.917851205433969
0.784745745106517
0.972412111609063
0.958500459254512
0.922325037387946
0.841723749785345
0.801971483572082
1.0329987359121
0.833147886160511
0.803968982258625
1.0023130476357
0.760124034988099
0.847923120859423
0.903155524399567
1.08712286596087
0.940936849585861
0.93699957308027
1.02561166319525
0.921625070411275
0.900911147903013
0.942319635806953
0.878855101562012
0.99568787766807
1.06205765862385
0.950151242943411
0.870469971548401
0.992325589980693
0.934202987042167
0.896955515606306
0.901739303250101
0.878072684882044
0.898644457531808
0.857791145716394
1.12467581149609
0.98218769227263
0.854256830732345
0.937179642944852
0.958310076003908
0.902244813642967
0.996649512955428
0.918790328152354
0.93656186242864
1.06200231276875
0.958719551815098
0.934542767089425
0.970292345026695
0.887138170181252
1.02426557346868
0.992926720097026
0.973417226395121
0.898249910137964
1.01065297899146
0.987179843683086
0.958938316251926
1.00452382346838
0.950714723017607
1.05186430859108
0.886344138867397
1.06832496832933
0.8116721120776
