-1.00134603196209
-0.854576630868198
-0.870662105463059
-0.917640087193654
-0.782924933488889
-0.986834878371499
-0.964428731400196
-0.950522695942139
-0.975291345708709
-0.934385416993008
-0.856830097975888
-0.890543744426223
-0.892399420007784
-1.05300344439835
-0.923271403621989
-0.913010925751109
-1.00063562781037
-0.919674779356668
-0.856994942589816
-1.10595380715652
-0.959109731109041
-0.946414654920685
-0.79878767286345
-0.955023715378095
-0.890899674910927
-1.00480936007463
-0.898445115231311
-0.923136161466434
-0.927269469367536
-0.901173739631794
-0.963659832655134
-1.14821636503917
-1.01386758550149
-0.928061090998109
-0.974455549959934
-0.992096651519947
-0.910368607541363
-0.902044800542596
-1.08928293965736
-0.91404314962965
-0.979479004905577
-0.796249389871297
-0.854911332387221
-0.87760048995141
-0.828475814091945
-0.986367991094087
-0.959638007531344
-1.02990857887688
-0.925725875230059
-0.827671146580956
-0.91828118276327
-0.927773864440783
-1.02927227974278
-0.931183898892578
-0.681508200359152
-0.810456299896576
-1.03141299320327
-0.855401441845184
-0.906979109276374
-0.783624995494593
-0.788897288325929
-0.944050488098223
-0.671546205601021
-0.978828382629247
-0.986761085843751
-0.791649842848197
-0.794195136404782
-0.860347108533588
-0.851017115761576
-0.859270942631003
-0.817346834315466
-1.0535832364995
-0.96297372601513
-0.856994660941517
-0.86776494561176
-0.758463876829559
-1.02884245649156
-0.743408117420389
-0.786066917236002
-0.760780338143689
-0.795610724157526
-0.924953259478809
-0.733574984011892
-0.789302433434123
-0.897178093885077
-0.865141153968753
-0.667048146959492
-0.827263760415432
-0.777084734202909
-0.796627730881169
-0.941070950123788
-0.59121670538693
-0.793005467420777
-0.841066254891149
-0.706951241488258
-0.814586484857075
-0.864862260056607
-0.884552812600056
-0.878341844558332
-0.619225397524991
-0.888674097644114
-0.723421731743398
-0.696210900623865
-0.771814832842097
-0.984644583223504
-0.920774623668898
-0.781281104135559
-0.688951345231842
-0.744728217279048
-0.918276302415968
-0.610877061408364
-0.697678616756189
-0.783856866996912
-0.786495688165593
-0.833609337534115
-0.779562617663938
-0.766419328407122
-0.752048421712251
-0.819893715240942
-0.865701604283591
-0.718936737889226
-0.805673073050011
-0.781085900830932
-0.937041454681542
-0.774736420779224
-0.791163347757796
-0.75922734804354
-0.768702415878049
-0.643965723622378
-0.827839259005037
-0.760864170258612
-0.634199541515211
-0.96194775308848
-0.727372312021726
-0.721105649049333
-0.821120141262282
-0.542011783927046
-0.679483636676833
-0.827802041078344
-0.680532145759056
-0.78395017092615
-0.728816031635939
-0.717635120496926
-0.728132428776687
-0.724312442654649
-0.723669704609801
-0.513840133205741
-0.714860860148745
-0.777831209030025
-0.694409683912812
-0.669540161662466
-0.563548874838943
-0.719885152145554
-0.878365781381315
-0.626959033481489
-0.652495347078773
-0.589275950526704
-0.604657544245349
-0.78043760761943
-0.733100991316009
-0.772181166440954
-0.647482245036694
-0.573469794199684
-0.593054494146769
-0.659023192714563
-0.677026235210418
-0.693516721148727
-0.677278989030136
-0.600414086289962
-0.627903081237335
-0.534473912502265
-0.627233245763751
-0.603843508606416
-0.670563956411365
-0.621945547963903
-0.746461769891181
-0.502512063832434
-0.585355786684257
-0.689284090022125
-0.534085719396385
-0.671295950882606
-0.6648158861464
-0.626040551301475
-0.687784938245932
-0.569521710829889
-0.6935330374807
-0.742841649187263
-0.430513837428885
-0.546516438584727
-0.566204933510253
-0.63751562876248
-0.657946280112689
-0.654202741404789
-0.62300063150797
-0.557574587164017
-0.700687549249427
-0.687619626357497
-0.5915880127791
-0.652803872521028
-0.686052099929633
-0.661569953646799
-0.538283257886768
-0.611855317217537
-0.458955602100213
-0.655253518375193
-0.612233114410191
-0.55602062128981
-0.678319825164073
-0.575802383027994
-0.537129072500399
-0.47556575864319
-0.412803459630453
-0.448705178622534
-0.537008900168795
-0.56859844949618
-0.712297173096146
-0.468601576499247
-0.514994742039566
-0.4628677357776
-0.643498316419458
-0.70871899238983
-0.480282761676324
-0.618946291742787
-0.566677567219906
-0.540964914492776
-0.55593114861737
-0.537314924261829
-0.63918316666436
-0.625287674841136
-0.547156186854855
-0.402784979444834
-0.509808186334007
-0.364424900670752
-0.559828778737651
-0.511908251475379
-0.558073528520422
-0.37279627530583
-0.694131099931355
-0.650345924604267
-0.53313012374739
-0.60549832621537
-0.531928394347688
-0.518609570964196
-0.48019722089852
-0.471743454899214
-0.556097443805013
-0.387208114026932
-0.520045968662482
-0.461720312849924
-0.337946531062044
-0.595189024919309
-0.413604578249994
-0.468750370050526
-0.407862719997955
-0.591559609630449
-0.500051367468407
-0.563424866977904
-0.460583089478292
-0.657521685055575
-0.593531132472787
-0.41383750753435
-0.457914074491128
-0.564952203489229
-0.414871590163042
-0.407127145687506
-0.524600681323593
-0.520020500136117
-0.391825343834657
-0.6784913378924
-0.515830095426365
-0.50573882169128
-0.423250817217349
-0.401308115277699
-0.442562323709956
-0.40606951527733
-0.432334690426401
-0.522857964248667
-0.421170589663422
-0.504744399643312
-0.642464916650397
-0.400922453739624
-0.49584813001869
-0.444061322206317
-0.375712161193748
-0.469909188105994
-0.539060032523342
-0.481600438798807
-0.453268228018432
-0.45594706655482
-0.59108241239701
-0.385987485525372
-0.400319388768707
-0.477078971109012
-0.454212069776052
-0.472885827407488
-0.342518043113938
-0.570218613570975
-0.238455288384036
-0.378710890808979
-0.467671366454581
-0.421107976822598
-0.453452091191517
-0.551835990917353
-0.349620154509735
-0.402448986168465
-0.416237772694275
-0.315771344004854
-0.572020131734959
-0.386921080225889
-0.419625809247777
-0.360281804062757
-0.404347449889096
-0.448104406675877
-0.361601197400182
-0.351334927205477
-0.381531024711647
-0.445479251678803
-0.405246427009507
-0.374813328251789
-0.364864205165349
-0.372281237008283
-0.41750533483834
-0.301267323620024
-0.369859460072263
-0.373542150155421
-0.585992827367551
-0.354090162838903
-0.247888408875882
-0.373593525692639
-0.315556833956195
-0.400938421909482
-0.386053823616866
-0.404822148338073
-0.436908429817024
-0.449479928772015
-0.438129628405311
-0.303059992142068
-0.31213309122152
-0.419471064938884
-0.417105451621437
-0.298528630478446
-0.18209226078577
-0.53530328109593
-0.243955195618337
-0.316776723783451
-0.182822224635615
-0.168739795151121
-0.26803600535962
-0.317086424123512
-0.303814480898746
-0.363127971799584
-0.352841117590549
-0.350618812458333
-0.14900411991821
-0.390318103287316
-0.466026414457223
-0.313365326939168
-0.318151943242068
-0.342628231768566
-0.396382844755683
-0.137862921797795
-0.389287584282761
-0.366103636900499
-0.375054776072266
-0.189150735273058
-0.296839704776048
-0.28648610907719
-0.280151771928373
-0.344546635604921
-0.288485878669853
-0.128494503113033
-0.282820143112296
-0.241834038237565
-0.323120034729279
-0.395884726309785
-0.243528956859341
-0.28068298009493
-0.289881997016185
-0.206935274215901
-0.315236471877469
-0.22468898927811
-0.0562568936890335
-0.0990725005384947
-0.138181174563393
-0.317180143195795
-0.220660298436393
-0.19768532000467
-0.188225581676429
-0.0680662572092264
-0.237795961638311
-0.215058367096368
-0.290467168866563
-0.227937533303587
-0.21367907251428
-0.226951721489668
-0.249131405099263
-0.235416836831784
-0.249848898230766
-0.23448284940656
-0.0702225856434065
-0.295640630119241
-0.264060509633286
-0.197184688805351
-0.209392176724186
-0.205324336709406
-0.193566501026693
-0.137289771469641
-0.423625214867573
-0.211052134722982
-0.17866283137976
-0.155528346044639
-0.155506678974497
-0.221045938736593
-0.173329390236945
-0.13337402109689
-0.114066125519402
-0.210205744372199
-0.215677269330247
-0.126411023418061
-0.202401241159117
-0.201738874729072
-0.0727714690115088
-0.111539762010252
-0.146148717638329
-0.101459984773715
-0.182040933889472
0.0367741414205092
-0.268194443148416
-0.233681450402516
-0.134173583224217
-0.111485888142578
-0.200453171224646
-0.152057470470202
0.0732942036795221
-0.0707663529284049
-0.194820827631462
-0.19271989516681
-0.146134133277445
-0.0597313728436809
-0.171179504813655
-0.144847358066496
-0.189224896735987
-0.040820677104593
-0.0278947383286973
0.00827993557620449
-0.164821398609535
0.0248155527708258
0.0248977966954733
-0.0818418126292888
-0.149805299186326
-0.157408874970757
-0.116461610948824
-0.0371383156336334
-0.0993198824745963
0.0622752311442077
-0.124975317938439
-0.12513666113689
0.00226889284637733
-0.047576690176506
-0.0807869254280168
-0.0376454931149633
-0.133644297707171
-0.219279174040848
-0.0568235199360032
-0.155601183604026
-0.0740020816211247
-0.0692769749416915
-0.209607406502745
-0.0440386217575862
-0.171834964312219
-0.0261724197466038
-0.0649855703696211
-0.0132096914877516
-0.145687412928351
-0.0320998835139597
0.0252665424227676
-0.0952248564096045
-0.0366903630009687
0.0916459803712989
0.0061864446767871
-0.0555414709860597
0.0354697173841107
-0.118185797275449
0.0293305626408129
-0.0329240809401597
0.133425210355849
-0.167202404043767
0.00300984243343359
-0.0618077517758417
-0.064638724121022
0.0391930341137104
0.0512326619820112
-0.0648285889553503
0.0214828982049384
0.0588956395245033
-0.0817307514748966
0.120229548001501
-0.0620195643218093
0.0978871258795596
-0.033457525808956
-0.0278137819390274
-0.0438270858978579
0.16210273474403
0.0381702365341909
0.0273349299789977
-0.210886355175146
-0.0600633204340995
0.0622696511409236
0.00552763848940904
-0.052668794044478
0.0763985647476761
0.0776425089968973
0.0890731602012617
0.125570373179295
-0.00181550742132683
0.109121343238699
-0.029405428894992
-0.0156875773717195
0.126833708933303
0.106302517566094
-0.0210755365200075
0.0266251367800385
0.143176113704788
0.0920015708999562
0.0314475534154115
0.151806769820145
0.0321577805962889
-0.0266240084056415
0.0203357615798728
0.0628179103004513
0.0781149668853353
0.147679749067857
0.222965591448232
0.250866472658172
-0.0855302612416024
0.182236175060913
-0.0397305736002006
-0.0280932148707601
0.116955198322418
0.190843101456876
0.0213070067681718
0.217346083715951
0.0194059301607632
0.0457244123837237
-0.0840634162055125
0.150539024429023
0.172810554614709
0.13487244824203
0.0400723647143958
0.0965113497015003
-0.0688055940399617
-0.00347670798443868
0.0687813713871336
0.254591894418164
0.114598665852361
-0.0131651397321147
0.245998848059619
0.0745435009848972
0.0804951317945425
0.247841717615191
0.128296611461146
0.174193430126241
-0.0296714773503623
0.0371417464703252
0.0525431406172417
0.216229770947853
0.0762337704528628
0.205557723110684
0.015292654269756
0.129371921853206
0.235738726504535
0.0701360339063388
0.0841827374153934
0.215223548562585
0.229939330285369
0.127305242418334
0.147620991060878
0.121059722804986
0.0975246111930121
0.176539861826235
0.226334860709001
0.20064270357525
0.077482643898495
0.12876266182238
0.107524978880087
0.0946311473636515
0.193156856252218
0.279354157419197
0.181050297003211
0.194738284185113
0.0491129772798158
0.231122527135216
0.174533705282459
0.178589334919504
0.154302980766469
0.0579242069853245
0.216415154590359
0.230944005699644
0.32090868182689
0.272468341610794
0.283810404821957
0.161277017593224
0.149371640900245
0.149704990555696
0.119930732210395
0.306390329971463
0.175068121504075
0.32445031915569
0.331816385836772
0.383891459973922
0.121313601345469
0.213834664098097
0.245974310558737
0.236923964635239
0.101407787489645
0.226698267208562
0.203347181077802
0.0698639620771998
0.296620903313493
0.114308383384231
0.15417161534156
0.262259277415565
0.242178901973355
0.284495354115235
0.394995460386939
0.113076246919637
0.300143048777406
0.277375792635445
0.192230651037906
0.129060969858123
0.200606538892762
0.251952940795216
0.243744677742034
0.312662236498176
0.216422638036498
0.285319900043012
0.407685869079034
0.265639239497844
0.145131461189942
0.213396748888988
0.198964904791926
0.324052801252158
0.251371273382788
0.353223848169235
0.226383473325492
0.292628992003399
0.287864039504494
0.123221952647711
0.262345869136525
0.312227181307457
0.357991028122857
0.138036565458074
0.277953466800373
0.259155624861694
0.43733600292846
0.372566015194389
0.383757485069464
0.534930964305613
0.360003493360246
0.296765617395742
0.229686947230248
0.343105233513893
0.475819595426694
0.286957335779163
0.177910996400146
0.396845371636564
0.399023353872632
0.366899916510913
0.316220612603663
0.238023373103139
0.255913365822598
0.382469625412487
0.347208954777258
0.266460685604265
0.324697019711402
0.497752556749771
0.470868156971532
0.272784073183267
0.287217798117001
0.301848057414991
0.241623115804597
0.351580073789863
0.251909372444148
0.46408338723408
0.351250541864093
0.350821384547943
0.456420453994684
0.43855540020785
0.403323743926663
0.48601320515909
0.515898764149419
0.451014171691835
0.298627930977589
0.356598740758608
0.359425991652522
0.448536298340268
0.330757558674141
0.238896273054841
0.291587460889
0.429227126484484
0.363801512401051
0.437547284073906
0.447390094407726
0.444724697310435
0.343268449199428
0.452880938025644
0.266832695855467
0.447893596674513
0.381251649604476
0.604233064005892
0.550384630414948
0.381239375910308
0.259299465514644
0.372505859284415
0.45286419353815
0.430665918553297
0.406830478592502
0.403859798983173
0.483115928197388
0.569927062675339
0.477319829350594
0.518633915327418
0.435248268614568
0.268153369914788
0.531373834385728
0.529600004777044
0.480948805127102
0.412331236635472
0.295487843088341
0.310157633423102
0.390949870721909
0.50039362806419
0.445387971606107
0.445587315210607
0.343386814488528
0.365119149800242
0.460925207716074
0.549268857376522
0.511822325182218
0.332679561775024
0.513216981812675
0.383293553101803
0.372172258345669
0.38808683164163
0.518122595652109
0.558566865759708
0.285132661658926
0.394847192797694
0.55673085171125
0.541969186824865
0.478593007731589
0.508956041886317
0.419642504753237
0.472316237762122
0.614683386414241
0.369396705633549
0.628100084428433
0.509745284576307
0.357031907889532
0.451088293821534
0.61556418660747
0.588712183828269
0.53922495566866
0.495729474869257
0.495290674010236
0.603641748474998
0.531278204115724
0.63833962876153
0.610349373514888
0.595191804980734
0.505222586977118
0.504949348378611
0.513915786126985
0.506142120868396
0.761386468130633
0.579336342892763
0.499958668473904
0.399989025216329
0.540524486716761
0.660982093979874
0.504992265432136
0.64088165964418
0.455290943418943
0.568888532706439
0.728974332191202
0.6030043426138
0.579996011348016
0.692727959312851
0.632083476962511
0.55318406448671
0.764212415327182
0.502411411026795
0.619976105186108
0.522476288475378
0.574836123916268
0.555116201315712
0.677020375183962
0.634929030742498
0.606896470635697
0.548902001098257
0.609657685794842
0.484745307919174
0.575426529100397
0.707284443890876
0.607076400258206
0.594498131427089
0.595465552560412
0.488241070583843
0.653368142894683
0.561062668805186
0.817861097552619
0.630499068449334
0.474759901577603
0.59566075229381
0.59701787787001
0.703077396179593
0.580419451772301
0.711135481137243
0.633245042061096
0.78007394472283
0.673489449476325
0.721511982550512
0.647695653156796
0.72699843268658
0.636104906157508
0.573486339200144
0.728350260540308
0.59125725655721
0.679164381244828
0.775646552819013
0.734569528681403
0.723009695570597
0.709164695564786
0.617249343743494
0.511419600608272
0.730228681101051
0.593208314573697
0.589789960394322
0.811224745491732
0.687629359080843
0.533850112249459
0.537876072215735
0.780082482615992
0.525603815143247
0.695831576106292
0.628810736634286
0.856031792757373
0.74769006117741
0.700561897825755
0.704690409346749
0.701533092561442
0.767164798369504
0.863378654605742
0.631051212336733
0.743702211893022
0.840968814898755
0.857191347702129
0.721131991316169
0.804032732308951
0.830118054106893
0.696694166318471
0.818006883264766
0.691971995544055
0.698423426949184
0.702942404647157
0.814239340601197
0.789694262920587
0.682497313970753
0.776565373515412
0.726657744427324
0.709091822124864
0.684230039217702
0.682544374822535
0.869247059150238
0.829619387324627
0.739320439688116
0.789028363855329
0.802088786033233
0.73672151061894
0.786098928292303
0.810289717524614
0.759228798412844
0.866431750673416
0.833699863097054
0.865078695841451
0.873959508581631
0.660061441703537
0.794095532766007
0.819538464108438
0.714779450357827
0.89482566220502
0.732094194861003
0.919569116555034
0.848651199350644
0.948511035563396
0.885546948255548
0.857567600523762
0.727379626749907
0.74024064336369
0.743826189161601
0.864369533288517
0.865220886279044
0.732260467989501
0.881163904157777
0.768660674855129
0.921604122482164
0.877400556602533
0.719066826275432
0.907836918116726
0.754470034912926
0.658889517050292
0.727780287232962
0.771347637361576
0.941788541788017
0.953913206990404
0.920288804870814
0.791798670788354
0.787502903200686
0.729340669808088
0.97260900167657
0.833663023380733
0.871887580071712
0.812207204278826
0.85685619709265
0.810114513671887
0.847758711859119
0.870429011642482
0.824987798339258
0.816702427007013
0.987783943474848
0.752687834525623
0.986501340468597
0.869889189969756
0.824655191451421
0.794684344278358
0.703137524055869
0.737626242501254
0.910088407775232
0.887064268317848
0.889166537294613
0.987925650100378
0.864089980680179
0.90393637926113
0.955709647900684
0.882657589733382
0.777114704502864
0.899005600325631
0.907714881145518
0.93764305894029
0.992307244721943
0.986912760155601
1.07064446513692
0.980504458976805
0.958154638634612
0.891044079726952
0.979751658876339
1.00540673831549
0.903277730246024
1.02841998974568
0.850379971474016
1.16372907477841
0.98049750922808
0.788978758039981
0.98421109195714
0.898580508557525
0.768393875248019
0.897045326143435
0.96151221165383
0.885798023972169
0.81612400000264
1.02627322488854
0.969048943966051
0.997900965395069
0.932010909152056
1.08732203373328
0.810400346304066
0.998386637513915
0.907861152415344
0.843962002599706
0.877350501863971
1.07908350017538
0.905588319001542
0.964338362294131
0.98770818552493
0.904668234389745
0.949089721301683
1.07274593686098
0.935141629215277
0.946259565384012
0.916705552905946
1.00018579720978
1.05795421664501
0.985452962830769
1.0542215605176
0.91868851065026
0.951428593017445
1.04763724258869
1.00410644436668
1.02597690084622
1.02574345734513
