-1.05095772390009
-0.95768858985289
-0.872618214875332
-0.938895671191594
-1.07833155108694
-0.893515002476685
-0.918555781834897
-1.08001524277924
-1.05338536353149
-0.92313493726455
-0.837163848587825
-1.1196832628954
-1.00707630010558
-1.00989985491917
-0.867926612986318
-0.96424371890332
-1.1727905814194
-0.964959694455854
-0.941432752379319
-0.817233601577704
-1.00951432107963
-0.866041726623159
-0.946025643055363
-1.01270231211027
-1.04960075984312
-1.13194773456846
-0.927500357732942
-1.13615629174067
-0.942384848404611
-0.861410946366538
-0.986263043517948
-1.07270727566142
-1.02394752714339
-0.870082250836976
-0.946448243848279
-0.989914279302866
-1.08253050334179
-0.876394005725594
-0.911571207708188
-0.944543490037823
-0.915335133172855
-0.896481358776485
-0.827036322740277
-0.858480144339098
-0.928715138760591
-0.964557461769117
-0.978483486265003
-0.919095307915732
-1.00969457580483
-1.03846500802233
-0.993754085363772
-0.872720540322991
-0.905552781205433
-0.893035554983019
-0.934820055032204
-0.89326120175758
-0.863696680418843
-0.981992989234266
-0.76756996881019
-0.918657328286091
-1.06674833740683
-1.00959297010485
-0.71001156185052
-0.851333357280098
-0.745145721641413
-0.816937622967617
-0.779723588341047
-0.736796136620784
-0.85171910328527
-0.933862206455248
-0.920632294234981
-0.884388034643211
-0.849458406773862
-0.862684521930144
-0.877893514915423
-1.05439107445834
-0.759263675236871
-0.84398560061472
-0.963568002198238
-0.723413929925556
-0.886222344219362
-0.80733174356787
-0.767159355084995
-0.775893489238107
-0.839457657568295
-0.831350714624597
-0.82576122209983
-0.834410974742919
-0.845544340844386
-0.808161636319255
-0.862852125693399
-0.870115306416092
-0.738169298967913
-0.732407759394555
-0.7643194188995
-0.823446998286783
-0.852719164329425
-0.743743949212929
-0.776156224190231
-0.867392844530383
-0.927733757922023
-0.762353581781299
-0.814502627230704
-0.938830791644319
-0.78323879882465
-0.85332055491449
-0.826886448291409
-0.746539322886667
-0.823642926657489
-0.918452912361587
-0.732529126287329
-0.706293093143327
-0.786457021775739
-0.783002835172013
-0.738889324155361
-0.687887672018711
-0.679803455334445
-0.843841212785014
-0.873038380836847
-0.790528193350189
-0.736815435367299
-0.665771638018589
-0.788524520107492
-0.685763692562573
-0.74061043606512
-0.590149781812453
-0.616800673781505
-0.777460258318207
-0.74117737500861
-0.774369880828902
-0.700755707483832
-0.713568351822281
-0.792711182915598
-0.745373048004853
-0.642879459385053
-0.820982163445967
-0.783960858353827
-0.834939904334874
-0.710428401558763
-0.682459277479041
-0.749429694685981
-0.849591185266022
-0.764515661279019
-0.799959033599785
-0.734608155235997
-0.780933487468592
-0.693930461080066
-0.66488949683907
-0.506740978740903
-0.71649551012231
-0.705723820503573
-0.7186539568
-0.712467178240005
-0.643181032784824
-0.612611584603907
-0.615486236148616
-0.745717793919595
-0.750978795940097
-0.691368066718848
-0.738084043583399
-0.86583820869415
-0.521121824354091
-0.715322201973848
-0.745730598467248
-0.707606775919462
-0.633525943167366
-0.715578851801494
-0.651481827010827
-0.732279030245044
-0.676035788737543
-0.66924607990077
-0.596418123848161
-0.611833158718339
-0.631074862280503
-0.693450885409406
-0.539461431660494
-0.858465536091228
-0.711803497785637
-0.745869291439506
-0.670255019948326
-0.672070615258705
-0.645594952620002
-0.668960654756269
-0.700823534300234
-0.537547439804776
-0.73801472553046
-0.562446229759969
-0.47910688901869
-0.606557642626367
-0.568047081448094
-0.550878475209337
-0.655572185174262
-0.617419460115786
-0.655935950191993
-0.651137236749943
-0.698526527453132
-0.678372942432395
-0.651393436113207
-0.566174123742347
-0.575393579348884
-0.671736030788306
-0.626993572493504
-0.689172170501983
-0.541344302090678
-0.593512536363853
-0.60033500033817
-0.538074073672533
-0.649999738022926
-0.735097688291382
-0.728099170640412
-0.628139761147257
-0.669697298610784
-0.645937479619894
-0.451879087594289
-0.491387175677574
-0.640787549570553
-0.452399744201447
-0.593506396474025
-0.422016995065645
-0.719161322096365
-0.667090378029348
-0.561520638331435
-0.593281202262429
-0.448707424424665
-0.498306315181642
-0.614432249194904
-0.574473601459666
-0.467872263178849
-0.36511456537342
-0.565880648890761
-0.42758435888604
-0.485967766380805
-0.67389230026684
-0.425536993397211
-0.413249351760611
-0.547921313815843
-0.372430965529001
-0.741609702178591
-0.570347992960561
-0.614475306449259
-0.565109512096503
-0.511211482042006
-0.571659693966422
-0.385761323456106
-0.53903994110436
-0.514429971367536
-0.587171278501152
-0.476157277859014
-0.653191032892481
-0.646565225060234
-0.524452782567152
-0.490406137885666
-0.631270517935026
-0.443049212992696
-0.481506223591671
-0.543485541382508
-0.635650731084035
-0.437124520497433
-0.478506691757198
-0.484535626439139
-0.569014489289377
-0.456516097959757
-0.287397187252141
-0.650215317666107
-0.455572518527112
-0.580624108361766
-0.413968524303695
-0.519017955271866
-0.460478500738659
-0.553459953676422
-0.439862699599037
-0.325365970144491
-0.604437948653946
-0.558824576278532
-0.470269103141022
-0.547724262311762
-0.419290623419485
-0.554507303542474
-0.49600375353579
-0.46367751693867
-0.606149027455522
-0.533632030449812
-0.349239843662177
-0.463894090488636
-0.375625664329102
-0.433581832138087
-0.276767218639782
-0.608633759914532
-0.49183338321347
-0.400884491262484
-0.397696146747265
-0.489280539132184
-0.221659428349657
-0.35618370731155
-0.251607812455191
-0.434890853933087
-0.422537213914176
-0.466443948687664
-0.513826965887925
-0.342381943040366
-0.469203352119987
-0.266729233990237
-0.338408520977033
-0.435742048350694
-0.464451987964675
-0.344873448261137
-0.24709697655033
-0.396957745321051
-0.423563173871304
-0.464238732631181
-0.398786037269275
-0.341471944471579
-0.285662068401103
-0.412230264318505
-0.466864671025065
-0.29971296982989
-0.398021312855033
-0.357661460763846
-0.460463296197107
-0.33802199680822
-0.3502049581436
-0.425794437582896
-0.376743158094701
-0.474200870466663
-0.288950400815698
-0.328135956823066
-0.366025693151697
-0.511353680991417
-0.35862034762849
-0.152076788758048
-0.326591116053518
-0.220542301890751
-0.450474700771042
-0.295473713
-0.0178763076454638
-0.336679784993478
-0.333906908839116
-0.41655918057433
-0.303760141898923
-0.352652786066043
-0.303221275212713
-0.292248199749445
-0.127545943337038
-0.353388540913244
-0.1504417404982
-0.333886336734997
-0.386658702199112
-0.28377098323907
-0.299162823436594
-0.248953750470377
-0.272684794041498
-0.271713318818536
-0.256326225097349
-0.339001126258101
-0.203380125517549
-0.24157892862273
-0.326956890238997
-0.367801479269537
-0.355441918292127
-0.314321450677968
-0.325598266341064
-0.340214634638031
-0.41209418961851
-0.149967586062446
-0.268698090106891
-0.260474870258154
-0.228338842535083
-0.282783961075247
-0.191523555081166
-0.301384843784954
-0.169207240920401
-0.22361664201697
-0.280162411457914
-0.24424507039133
-0.214366182714662
-0.17470396454932
-0.291181763119782
-0.325950205810156
-0.186265403404992
-0.215685658533939
-0.340276768483182
-0.328487107438065
-0.110619947612493
-0.224651770562242
-0.136650417054484
-0.241462304914096
-0.18685972031348
-0.184435186610455
-0.270534003681384
-0.358004637974839
-0.266849221111261
-0.260123680412795
-0.234635910343983
-0.140967203458148
-0.176539223486477
-0.15171772235046
-0.296270262490693
-0.300926292681493
-0.181205797678928
-0.283835936578367
-0.0989506155442737
-0.182123160382154
-0.262977612538705
-0.189054164080231
-0.142008521850304
-0.220655965521782
-0.205168084712757
-0.262131498317494
-0.279066184307284
-0.170399780993712
-0.3854000951273
-0.0483195003703507
-0.191092511053349
-0.257361025662079
-0.1473097418334
-0.0159931648602028
-0.259314299517283
-0.152834106131716
-0.149119653915536
-0.228807170862433
-0.427411834874295
0.0105402761289338
-0.268575726633657
-0.167839823086499
-0.170394605964239
-0.150699557398905
-0.0867172025522304
-0.314581904143586
-0.156370278818755
-0.148531756554666
-0.105896745947557
-0.273894566778692
-0.128302423404525
0.00667344203536587
-0.26024573134903
-0.19363071065465
-0.290014922159455
-0.123035827405858
-0.158961885970252
-0.14673190689483
-0.0886118563209408
-0.126638769101155
-0.151838774860232
-0.0401729872463351
-0.135094608636469
-0.00114842755779229
-0.0417383592213675
-0.0371780498762195
-0.15965971497164
-0.162599017336821
-0.258134161082801
-0.124669072276657
-0.107973917076507
-0.125166050417491
-0.0251806958372777
-0.0788833767516515
-0.0667422584068341
-0.0826599752283755
-0.102072852798592
-0.0936373616359608
-0.100485922400593
0.165572388358576
-0.160534716251968
-0.13739754505145
-0.068921829633133
-0.088385837393296
-0.0622861154210804
0.0359346904291011
-0.143168749728964
-0.0541029438498586
0.0424812415566127
-0.249200898337266
0.0597153009714623
-0.0716974495654535
-0.0123626033147268
-0.0738914835821883
-0.117011685198102
0.0225909248120808
-0.20495546697667
0.138207114680398
0.0640640718410494
-0.1615481399444
-0.100543733261806
0.0676938230217951
-0.0895865806111985
0.0418291592598071
0.0122107318352384
-0.148782008255714
-0.0340067737884362
-0.0344274186316046
-0.0253026800400601
0.0797872453840661
-0.0922705602278172
0.0809407211174899
0.0388390156927558
-0.223803497968105
0.0242388342037859
-0.0810677902680541
0.0246903858812218
0.0380060946949398
0.0623141795422486
0.137276591307182
0.0508634675069265
-0.0284674825883606
0.0332541534850609
-0.0642749386986906
-0.0273553922649828
0.0641736396711518
-0.0401975880593269
-0.0436488156906462
-0.050518163076376
0.0287725025599767
0.100671502723968
-0.000660124526453485
0.00363064761766893
-0.00135013901528672
0.224993658564977
0.0456448042918052
-0.00838754812919343
0.0200417923998473
-0.128251790848389
0.0264131865456508
0.0108402027592496
0.0323873936177463
-0.00657323473977359
0.114590253519772
0.268617664876906
0.0647952524470163
0.0830954430348092
0.0239862475268646
0.217976057514671
0.101982342938101
0.0817958191751277
0.135698516970179
0.0977482858380399
0.0816547202539017
0.117318665225462
0.11451323562942
0.0105152900737446
-0.0555908916540311
0.0227495454739233
0.0653693019543528
0.0981113878796779
0.154218844510297
0.0998002989636292
0.0424251334316604
0.171694791248864
-0.017717765953773
0.0571525097378913
-0.101609511276151
0.232884227187223
0.105750575641985
0.0247811416791711
0.160384122180341
0.195457576221518
-0.0868638481286668
-0.0380073999332791
0.0950693201346854
0.0709631318166624
0.174199028533172
0.102717766267255
0.206841716005
0.0660714595382794
0.0672176157539249
0.00499344065848027
0.0957309768752266
0.0963122172998359
0.161781248509768
0.149186964119663
0.19631729136058
0.107644318080106
0.209427727641693
0.23867086602638
0.266490548698954
0.157821570443794
0.0419916807824624
0.255994106550575
0.257175669104499
0.106434133546276
0.152213475306546
0.286114423570132
-0.0625963402435119
0.0406828495144233
0.169804374634881
0.113677002737115
0.187070459822481
0.072545751659327
0.0450875698017552
0.149269686126533
0.224520350940198
0.106552417622677
0.237467678253473
0.0667735895273779
0.212698447022638
0.131118203412634
0.337646096081243
0.266906018429536
0.373685581969719
0.0907323155800629
0.148032202559131
0.129489265393132
0.165569905679897
0.112154521945359
0.264713291391232
0.116531061728222
0.37114231315882
0.193322501819677
0.295975596497539
0.243350158463187
0.221596785976008
0.247495969007564
0.424316783532356
0.0295064164218904
0.209985956277115
0.325757035194109
0.378123894761136
0.145493059122509
0.111020584865542
0.316282995396006
0.281572961348936
0.219661021667377
0.150868064927765
0.364115998950923
0.298703802539855
0.146257669860052
0.249106251657498
0.307416722211234
0.207276278510359
0.223665042054857
0.178581415068714
0.415756241854724
0.25707208104092
0.138016051806766
0.349760752736197
0.328028395168978
0.273854691401515
0.270434917234673
0.217232657506148
0.173030289823824
0.30549095838619
0.200208024098622
0.170033868068905
0.177072048298891
0.246832395979252
0.288853414822041
0.461955589629212
0.337591411436076
0.188129391860281
0.327190183596942
0.157942103491431
0.285436564821962
0.318192876785124
0.32339980466898
0.272326777164115
0.15504754679963
0.384435681211906
0.409809596740182
0.308587404134976
0.339989456328074
0.276457644414515
0.268165618570358
0.334715799699524
0.347352913741433
0.350588795155182
0.170492427802124
0.409413289253703
0.28368161333304
0.352078916731792
0.206426145170008
0.264002354167229
0.263671551779497
0.468065620168887
0.408038958730987
0.255430029207507
0.361931522486665
0.297555862552101
0.422211823349634
0.379729646876482
0.48841898563783
0.414253705721866
0.287078108679224
0.244647894858752
0.30004577508046
0.473243457167696
0.46699649276212
0.394161514018294
0.162082376489134
0.473206093105246
0.311141568041799
0.384112144989294
0.305440638070018
0.423271037856858
0.298609832454992
0.40325782971664
0.354502983749831
0.404902079694146
0.401152886144795
0.46373113661744
0.513350245820082
0.319541949621051
0.437147666525613
0.486905059668121
0.428739383022867
0.440289609061588
0.464935193199791
0.540763990735877
0.344163779548689
0.327872295930495
0.33235012050496
0.431137345922569
0.432837377984458
0.414875632036998
0.423662485091686
0.436584504790752
0.32441336106578
0.407614078725685
0.464175994563327
0.413016065046875
0.371089319373848
0.535705611927816
0.418653051679734
0.326193374133195
0.486287913824899
0.550964045446526
0.479517878738727
0.369054028639466
0.477742695793029
0.456410822091712
0.601130322878672
0.589191639089816
0.451876042005989
0.376662093898084
0.458062608763852
0.407094089012326
0.35275702917229
0.440516677551151
0.408469189045575
0.645276689141855
0.233053467827921
0.396545667812227
0.532077421997711
0.405159646483301
0.387287064244603
0.43397188153943
0.432978045449675
0.427115921016497
0.636447944411815
0.524813209272519
0.431194780170099
0.554004992682893
0.492050359008591
0.384792535653773
0.611432449931939
0.458138040385557
0.418807057803733
0.652294236984163
0.614343300087438
0.56715180681676
0.444788578421972
0.555646641852503
0.567800125510846
0.527741389541599
0.48417308069131
0.589491441571612
0.444050309911454
0.370565568093357
0.553245395248376
0.494963470711351
0.432544291748735
0.651271029612678
0.364085333841456
0.546380331280231
0.514993572262664
0.578940270408373
0.527038444575217
0.521755639293652
0.493050685147326
0.364868494782719
0.605266275742528
0.681559821646541
0.639679120002292
0.55980641769397
0.640585414746243
0.503239085224324
0.553044723383068
0.596418931663752
0.508363302932122
0.577361592028903
0.594674024265384
0.743999928497135
0.618233945802547
0.632582515811775
0.609180444405392
0.538287187022768
0.768989672417007
0.552254697541633
0.512077947205662
0.366023475699026
0.596893561089018
0.620776069374343
0.572407445210273
0.55576733564696
0.586230465154822
0.591749874351079
0.677884945179122
0.594979966489484
0.549921702367075
0.709762759145387
0.673764535491834
0.423902575671764
0.756439456468444
0.716061268946052
0.60816695743884
0.452484343132746
0.680954386845382
0.693781454713775
0.447638683579019
0.517413630849861
0.541143358254385
0.768917068614397
0.806881705202757
0.684541033899076
0.654798884292545
0.536636628239499
0.667954610240436
0.581278014723307
0.690871401996758
0.530211372691101
0.696587324831429
0.625105887185404
0.600591708679619
0.859058545891316
0.842874421277715
0.738230330174516
0.713405257192001
0.536466954172099
0.712818757123302
0.737653873837411
0.677220984924935
0.632156709839113
0.532585309825241
0.578390377552244
0.794917298314
0.693573255789277
0.627578257537658
0.682182825381726
0.661137914610599
0.722046496234639
0.577445925618706
0.748975080935775
0.701932883981071
0.806705753845436
0.658124635883276
0.740404438220317
0.776766799037748
0.843409669146657
0.635720979146834
0.809048208944103
0.665504001971393
0.773636550067315
0.782126066775766
0.698699715363541
0.665231976913843
0.685705899481083
0.770162124134224
0.688428489033536
0.761011843780973
0.607463556402834
0.83487798350461
0.69353424776883
0.663293645751307
0.732842656758036
0.596425314828432
0.777820351110912
0.569904059509711
0.698576337898936
0.887459897954984
0.716095491111673
0.75732846930267
0.659429760586826
0.780712373732988
0.728739330268424
0.711803972306376
0.78785467277843
0.778502194095912
0.794082355566582
0.597250494396033
0.790106781724401
0.814741327657451
0.696208363436703
0.702533218112722
0.794987486671338
0.830367812587417
0.851653906956905
0.708453571887646
0.865358645135141
0.821923755820369
0.877497303226404
0.560636927772484
0.77878722243526
0.884419390894898
0.676919547139254
0.761154584852943
0.737507502789787
0.883605247547015
0.832044638089601
0.769655713246795
0.875905391026916
0.83097117385825
0.777900474711906
0.758973137641776
0.882074474404791
0.814642455617083
0.864323933195414
0.869783559095786
0.839270146818836
0.825667129962561
0.924808480273389
0.751658282483614
0.787125312280096
0.753748360684583
0.745997831842129
0.985745452129307
0.905291298152473
0.82636703229193
0.925859390961725
0.967629548170929
0.768046379533768
0.830494798655536
0.895683937229183
0.913676567669714
0.735370130952066
0.855046705090566
0.97406628418077
1.00626038136676
0.784296670146906
0.862314891168974
0.936924639478398
0.940462777707669
0.874077855164225
0.90092397208077
0.776374459158141
0.985179480076984
0.961016871619092
0.923906316882384
0.837580209841696
0.779762750940964
1.01341283511331
0.825316702784606
0.810786339832892
0.978198307480132
0.785063220605838
0.828663734377813
0.889222433483702
1.08433779562878
0.946339562719644
0.947628886833072
1.00105488792859
0.936843210083207
0.925607520731412
0.929924990177722
0.880010294105324
1.00101590940275
1.04897200709606
0.943284712458265
0.877471294402927
0.968310467251085
0.927947961058704
0.902009773824781
0.912320309847389
0.874892931561022
0.906159356359749
0.86663160118171
1.11508822780063
0.98835882076813
0.870241367297179
0.932732231409414
0.953764758444002
0.913766260245545
0.984118357089154
0.917148694269633
0.91831203677264
1.06304790660398
0.960282470151273
0.955910491234075
0.953282567221494
0.883618599923661
1.02673456858483
0.98625682906295
0.990074818739174
0.875081304112093
0.997368665548567
1.011206997165
0.95696135229745
0.993882486527928
0.937582728329736
1.03920407318359
0.874465067193032
1.05401570299225
0.8157882175604
