-1.03734543546754
-0.965019473496137
-0.886198297410313
-0.950322519769748
-1.0896169859732
-0.869420854100234
-0.899692801732238
-1.0756554983566
-1.04167218921726
-0.88897585408542
-0.849990057823819
-1.1088428989658
-1.01404092329087
-1.03649275897008
-0.866623806539016
-0.95199169298964
-1.16421882029341
-0.968650031203393
-0.950166216177409
-0.833672690421696
-1.01463647587233
-0.877453046316488
-0.921413641559093
-1.01041697784792
-1.04661393749775
-1.12263967639176
-0.925222861013493
-1.13395691837755
-0.932279412107011
-0.850942276854253
-0.985318743700451
-1.04503068468074
-1.04329238399459
-0.857751859168302
-0.941176626294363
-0.994022104390276
-1.08854005642844
-0.883192893169578
-0.902917736221034
-0.951719565204541
-0.90269642754796
-0.900152039601715
-0.837826229355595
-0.865413376912618
-0.940806791230156
-0.931562562355212
-0.990181347508606
-0.9185168682881
-1.01897784557371
-1.0477970094078
-1.00135904085317
-0.878005155302401
-0.894568931447626
-0.870725455170932
-0.91552016720713
-0.880871661702752
-0.870524768224424
-0.997726144498541
-0.763207254316931
-0.908156727403228
-1.04873769407381
-1.01396258888549
-0.729090569343097
-0.836693366573745
-0.758594411645178
-0.807922098915007
-0.764694484563129
-0.747942013002773
-0.861564111512487
-0.922434744684271
-0.932863953316157
-0.884368631591681
-0.836091562456695
-0.868262636824631
-0.875222970214671
-1.03506286483423
-0.760277296251679
-0.83057379779592
-0.990049383334858
-0.708229471653234
-0.885434913102917
-0.795058999523925
-0.770701874909472
-0.767958431626153
-0.833354350186143
-0.844521422935325
-0.808454869699236
-0.828105312455683
-0.860222220386205
-0.799301115956855
-0.875129485705787
-0.8545510536745
-0.755280615210262
-0.727549620295618
-0.774110960052255
-0.856137084900725
-0.845998921119192
-0.749352265052633
-0.802382397962264
-0.864905846305908
-0.935522874895506
-0.755082496828172
-0.832206517369481
-0.973388604665806
-0.772097053581099
-0.851385611992152
-0.824804341141835
-0.758287506962019
-0.797827019436078
-0.903333495187401
-0.750874423345111
-0.720987714530829
-0.777302992037824
-0.770006755222902
-0.758618899604785
-0.684138734660909
-0.715409750436083
-0.829279083076393
-0.887035408149513
-0.801086693448288
-0.730311660010314
-0.65986400619455
-0.804457917219993
-0.687535850927679
-0.748566613768531
-0.585018689576686
-0.60212887173839
-0.797723618769159
-0.727665145308729
-0.788508234538353
-0.689780368387736
-0.714665913086143
-0.796664491449387
-0.738514851516996
-0.661981435781657
-0.805643399926184
-0.795977878527672
-0.813322110171761
-0.720810404685862
-0.676946181777103
-0.746883595108285
-0.841150190566053
-0.776545537677005
-0.792215642612321
-0.740820313231474
-0.802972438045572
-0.694930194612149
-0.669042010213261
-0.512695439707403
-0.727705596041507
-0.7122324004194
-0.718964594218384
-0.709557633117887
-0.642805482086063
-0.608645473228776
-0.620442413783926
-0.757357813411763
-0.735399785531308
-0.65550484879544
-0.739419860315565
-0.874181101501554
-0.525654914753409
-0.719478699065015
-0.747982243028895
-0.703096513257397
-0.64964970746631
-0.721934777123992
-0.666990597180604
-0.723927242969502
-0.674821947165437
-0.682973693908179
-0.618150236445307
-0.594009638426409
-0.624856251992861
-0.688255087974351
-0.535674800907203
-0.863951615903038
-0.681364786004884
-0.735843782950845
-0.67542402315709
-0.667749081037244
-0.650167913952775
-0.640719673479419
-0.688174654489405
-0.546419872493556
-0.728899573012124
-0.564755252724983
-0.478364913245738
-0.616995730133434
-0.569465088960681
-0.568675362210443
-0.651561654335982
-0.637783249140377
-0.661530123193624
-0.649216949411149
-0.69883107153725
-0.663196883436823
-0.652304000272249
-0.57104524451801
-0.583842895618944
-0.671631840801587
-0.632264270103748
-0.694003239362891
-0.534407671789966
-0.590069799733524
-0.61459477897745
-0.530742716375627
-0.652302620780252
-0.739322860711135
-0.735109835468357
-0.63388611134925
-0.66473945800241
-0.645412701651951
-0.46115066167534
-0.480291755578437
-0.652720613872373
-0.453835407210957
-0.602762384786189
-0.42440354649846
-0.710150487623066
-0.654189850394347
-0.55412382362114
-0.594675598037241
-0.473491298663998
-0.498221404380708
-0.611818720077244
-0.57500618672831
-0.495581954353372
-0.35476988473227
-0.559185930343625
-0.424051400621913
-0.506440136677302
-0.683714305440476
-0.42746989596398
-0.446778036905179
-0.554764892704734
-0.349568107004761
-0.754563254756067
-0.563207789467945
-0.629256341161586
-0.553391610737999
-0.489296017606369
-0.579139691747445
-0.376040604858575
-0.554510779232602
-0.525419458620366
-0.576533851316459
-0.471063530667394
-0.66278700202561
-0.663967323550112
-0.527771706543027
-0.506639608204491
-0.630790664956515
-0.447975461499929
-0.473756471875538
-0.542421942075479
-0.644680032590676
-0.447578705028803
-0.461044409104582
-0.490741087657928
-0.582245110472857
-0.465505063341664
-0.278731234153377
-0.653975019012721
-0.456032803509134
-0.572994950456027
-0.385847881540416
-0.506771608888773
-0.469680908891998
-0.536751567209635
-0.476946486290967
-0.307725384342876
-0.597994326049685
-0.528815399039389
-0.478858934843869
-0.576070651232751
-0.418980571455638
-0.541822584190138
-0.478353392124855
-0.470647388724362
-0.605342913313907
-0.546359534747355
-0.342913718003283
-0.477248553254471
-0.384487982620098
-0.423121023708385
-0.305780249185326
-0.620697512975048
-0.513795240472198
-0.396016424409089
-0.424023016250991
-0.495770038359734
-0.235336429753404
-0.358892528500179
-0.257290561435658
-0.42140193294233
-0.425676831781849
-0.470947945841221
-0.514608101351854
-0.331628397094798
-0.484852721243714
-0.252762874005143
-0.333281419998302
-0.433513210001681
-0.482036088569447
-0.357769874612335
-0.243554289980591
-0.373626754481615
-0.450042980544179
-0.452536038877403
-0.429532087283185
-0.358367434031927
-0.298712070437078
-0.405234236565418
-0.465529836366898
-0.290134586807614
-0.402148789695295
-0.353299812395113
-0.452135880131552
-0.313286279503288
-0.36852410545166
-0.423745190886451
-0.395038832059306
-0.486134205089955
-0.294912289100943
-0.323540430676685
-0.371852070412791
-0.486225882286085
-0.370655904644556
-0.167568014084642
-0.306882190585802
-0.235920063344626
-0.443201623067887
-0.274179525882056
-0.0184948348143721
-0.338489927284817
-0.330272997182225
-0.408466415046248
-0.311017532324853
-0.337632122865176
-0.298361045846497
-0.290250369104231
-0.123008965868402
-0.322261713911358
-0.174527315511295
-0.336516300094478
-0.365561582294423
-0.28612208187939
-0.303269150774678
-0.246460169481272
-0.305256758731483
-0.264553794974925
-0.286862982526762
-0.363676269344066
-0.192299483408897
-0.24481279616993
-0.324263901869779
-0.355312469334734
-0.373003058658152
-0.333700115015538
-0.316334378929199
-0.356632357765901
-0.42279659549707
-0.16424842962222
-0.269762069834481
-0.253072317680561
-0.221236182093088
-0.281502410301657
-0.193043506417587
-0.303420270861583
-0.166251659616077
-0.21606486302325
-0.280927075647837
-0.243198104930233
-0.218150646516819
-0.184861836127846
-0.265912148079867
-0.349473654870765
-0.178998080973008
-0.250995481887679
-0.344005343575959
-0.335685932688996
-0.111901693822594
-0.232829725043968
-0.151133447635849
-0.215753507848639
-0.206013633986013
-0.184407824261552
-0.273443151006315
-0.335267705145307
-0.294874542622633
-0.264058125873084
-0.216670759990571
-0.150051922758724
-0.187590912883382
-0.138736373460516
-0.303161078585421
-0.299307891084315
-0.155153607071584
-0.292715706095206
-0.0785143631131425
-0.201983046528822
-0.266468300348785
-0.198071820679376
-0.11266890557471
-0.204222558677424
-0.222057814817011
-0.260878161193014
-0.268610060202175
-0.190098737347809
-0.382964205969097
-0.0699760388793493
-0.187238319966133
-0.265164685452817
-0.170124033531062
-0.0273386022867094
-0.257850881460477
-0.152637232092761
-0.157756657504953
-0.225286659672193
-0.418373579752511
0.00396440116977069
-0.258468481118086
-0.185355863122837
-0.175534061501198
-0.139153359339813
-0.0804286593518183
-0.322163713507302
-0.176704492918127
-0.13462431790769
-0.0849294707581202
-0.277486743613327
-0.11134570348977
0.0328039714720622
-0.245552227181029
-0.197910178781222
-0.302926170541508
-0.122581133678385
-0.169268613011414
-0.15111674175293
-0.0878396047365442
-0.136064970952321
-0.136467809927322
-0.0477199958800948
-0.117474215448662
0.0195972236601297
-0.0599636403373187
-0.0338025579413615
-0.156543245118437
-0.165466684228778
-0.258398848220971
-0.123761686494234
-0.092596764728429
-0.112530285550725
-0.0491263257583965
-0.0620146006535
-0.0684465740836748
-0.078074621057216
-0.095453508230052
-0.0694997754429774
-0.0754005505855061
0.126943132966034
-0.166334670889509
-0.132426496829209
-0.0802174849369926
-0.0958192062139583
-0.0435600990419484
0.0500252877735074
-0.134092448912903
-0.0616386330246193
0.00887545042120832
-0.242844452480448
0.0702715540264852
-0.0689557677541088
-0.0275300590822713
-0.0602396322494026
-0.152552764013707
0.0274028874999325
-0.213213374273495
0.137878405827693
0.0631383743220935
-0.142787678195295
-0.107139859385649
0.0638605837897233
-0.0995225171234177
0.0428750609107058
-0.00049621581186195
-0.149580134441507
-0.0463051838770552
-0.0561826764756412
-0.0386783654952278
0.0712098853387501
-0.0821205703202393
0.0649066483086821
0.0424671662413421
-0.194868925995766
0.0274194738774534
-0.0753772690807327
0.046906250628148
0.0348090198056681
0.0766694657710898
0.113884704277331
0.0632537921772337
-0.0133723852383886
0.0318547591105051
-0.0566678005104499
-0.0324583112605335
0.0467262699948152
-0.0469975231697427
-0.0255903804452596
-0.0394602028475344
0.0108847307058036
0.0894944406790266
-0.00372671160780548
-0.000196174050087174
-0.0123313585491269
0.203438592819483
0.0472652863202755
-0.00788484284391559
0.0259058799251374
-0.12218384519884
0.0382482205299347
0.0164935085498633
0.0204248136436875
0.0184378625692952
0.0928377850039039
0.271955193449708
0.0803017423220446
0.067576038006773
0.0255401173696148
0.224641462301304
0.0947821898969327
0.0744458383824007
0.125601793054097
0.0868091201250029
0.0810472411623522
0.132924483873494
0.102480295060366
0.0227951193456822
-0.0541775359274832
-0.00380475732278315
0.0768756484043864
0.10687073807219
0.142997312048365
0.117761086333692
0.05785865248686
0.174823154466557
-0.0331688765868873
0.0416406219042405
-0.102425759078937
0.240918170233768
0.109061094488136
0.0192165499123197
0.169482583416895
0.177478220020571
-0.0771081331291856
-0.0461647603074942
0.090118477592491
0.0791655725012829
0.194902716237382
0.090533020817075
0.187875268826623
0.0530683166682455
0.0610014923129705
-0.00486963207813691
0.126004612743364
0.103569905033346
0.156473138204182
0.138858065487405
0.183364935556872
0.0963112357343878
0.209665723224599
0.241389895746344
0.272193192339405
0.142143442950199
0.0608784665114114
0.258768615748563
0.255635327345153
0.0810254139296167
0.160787664841191
0.300981170574479
-0.0447192630325594
0.0505850882369498
0.167958153174387
0.0875953694779112
0.194908169077716
0.064917316998277
0.0541451683457366
0.155331791992533
0.226825925979336
0.100842675278427
0.243466428303397
0.0574758952606296
0.210939729741813
0.127207302137084
0.343858087282303
0.251776257542758
0.335050838733169
0.0924576924536222
0.158713002962201
0.118019278943754
0.174480704622945
0.106377698853812
0.258700192856141
0.14519010151859
0.375237628169689
0.176932117076068
0.29322084651387
0.229756119040412
0.230719050178079
0.26019271053388
0.426438167790834
0.0413666737007797
0.202172944614656
0.33470807440778
0.361703970770137
0.1514828583758
0.0984312571368891
0.32234530074402
0.293215318834
0.205941183674997
0.155175763247891
0.369812363695037
0.287593421156824
0.167554053987027
0.281682655268991
0.315936041961261
0.207465956975341
0.225124047932416
0.175563207251759
0.4160651680289
0.25003618549262
0.147062576377164
0.360152891353638
0.311384498316821
0.256787173781782
0.297153220059706
0.221474840578242
0.187920259316284
0.29022192587905
0.23132175114916
0.172455271537986
0.174243603553858
0.26275805565361
0.284105404555694
0.458994500294785
0.351986590494438
0.181824391460106
0.335241627445981
0.172715015084344
0.292688267931717
0.349245994531877
0.327961397911942
0.284529447046119
0.15321870026566
0.373952678968065
0.411524833433775
0.307953514610475
0.332173109903283
0.261131541615859
0.269599210770027
0.315142389942106
0.337557805119035
0.371141911239218
0.179957011249205
0.382888757359427
0.267627996582066
0.35829463734847
0.216250198370873
0.281601446204872
0.267019579119352
0.439511711521563
0.403562256857159
0.258454711857909
0.385793489333995
0.283844006819108
0.409363141509206
0.355635110815783
0.505494540919435
0.427637977683393
0.292603324483952
0.267099741733815
0.339235606360845
0.489689673910962
0.458595221183131
0.37417238129645
0.152570413829485
0.453827521774433
0.310885161494953
0.385449543890996
0.294777081201513
0.425173952069162
0.292438871500238
0.407439242180117
0.338107427795228
0.396441094055086
0.387360175407777
0.458645814546394
0.506659416380628
0.320396239573554
0.433944845361675
0.488279232237506
0.425094312310351
0.44574084051196
0.4671254957898
0.544211522539456
0.361593981859268
0.320466953027464
0.362556319254852
0.431169748222536
0.43896199887199
0.412933479490306
0.410564396657745
0.430356125217268
0.316887978161999
0.399295321654525
0.4552944979683
0.398541737646611
0.343248168066226
0.5337208168474
0.457033912795427
0.330452128622913
0.491515308452181
0.554114034261432
0.478237128945664
0.381745666134753
0.46482607761353
0.442344198995153
0.615020006465795
0.561558083515303
0.457415993136892
0.389996982416718
0.457033910680056
0.408069516632014
0.355153241625023
0.453788848123235
0.413918538830492
0.64393281761201
0.245515302109915
0.403472651264138
0.516185478394538
0.395729148801147
0.392981627843392
0.456507732951917
0.43534745760682
0.427036502036458
0.63408987667656
0.545796814981657
0.431141219718368
0.552224398709401
0.499747781075905
0.404894152603758
0.605575016013367
0.472685729462091
0.416467382734715
0.664900752938476
0.59122544058443
0.56378107447661
0.477382208710589
0.547704646633513
0.590343450620014
0.539643519784293
0.477047592723508
0.582548654720951
0.458230840672473
0.392908116172322
0.561314840020888
0.483547277728489
0.419561544027391
0.630636459831428
0.387873326842584
0.548214352194668
0.49609385924869
0.59853083727726
0.554824065141041
0.532671151169367
0.494670515610314
0.355991051819439
0.595132097759323
0.681717495393243
0.621135568278595
0.56305236692149
0.653556082278572
0.497719566457294
0.593453633677354
0.619499383463049
0.498373542520929
0.573377022018191
0.581345868627273
0.752709071135088
0.651855777472463
0.626378569928003
0.616987348911168
0.513730089854012
0.783884557246773
0.547107625316765
0.496246018235151
0.358216294663751
0.607863812852859
0.645047029212041
0.545546032531956
0.573458570291593
0.578641262511987
0.606487833817728
0.679207104301385
0.593122081448413
0.534875751808561
0.697030371147081
0.681733194528948
0.428793522853874
0.72737779271312
0.714932737768577
0.611590240040373
0.48061468464113
0.680145786539255
0.695326196403589
0.453162859992004
0.516316314695065
0.535711604609732
0.78189981986092
0.790409078388861
0.706786453792075
0.639819297738836
0.527581513707296
0.671630531571762
0.583442236247365
0.673076180464814
0.522357411223089
0.684018062852561
0.613177868435779
0.616363429366218
0.847426173796392
0.830099764623225
0.730866488147846
0.718277334716964
0.549643967729871
0.700827324568091
0.733614177567595
0.678436405439664
0.602295568701486
0.514813967440409
0.576203052497161
0.778436038630088
0.70375548854628
0.635037678997007
0.671460997220393
0.640066162926118
0.739444444756815
0.574027168349208
0.716952405161756
0.696243345595723
0.801434347214425
0.641071334315165
0.747874661434656
0.770446575944254
0.838055659443037
0.647438520589582
0.802816800588571
0.644453981607128
0.777705326419558
0.788171700361848
0.702230751734437
0.634722174453966
0.701013912142563
0.767281993078362
0.691032257394075
0.780493360107531
0.616514443429649
0.848506167556392
0.689627048698963
0.682345230972033
0.744096235909805
0.598712235703743
0.773971440758387
0.563818640483776
0.706805471417809
0.880239214839754
0.702481304931557
0.756732535660236
0.668443562723375
0.783989637732866
0.720956107475958
0.730185590582974
0.809453710318693
0.795450288954542
0.799178079454404
0.629196647726355
0.80066565795854
0.79250762846234
0.679938318590253
0.699711966328281
0.792316164907017
0.807686155891931
0.851664477084205
0.705084267744762
0.879696214701719
0.805767576545124
0.893695316422465
0.551236753711442
0.769202074533458
0.872558047834263
0.670413228927642
0.775105505647741
0.743545230888581
0.865755760977968
0.817525080999182
0.768150917953149
0.867253625710464
0.825102933507349
0.778945318819964
0.781810683784064
0.877413168364575
0.802259735147544
0.875788522629435
0.862663268284417
0.837891272279746
0.823914543550662
0.91501644561899
0.763605624216827
0.772109683485717
0.752859114406129
0.727578518902137
0.997465364908298
0.896526072117437
0.83887249649287
0.937080164497007
0.969256728401061
0.779960679857903
0.83137935196487
0.901447462736137
0.917354412384501
0.754611613114845
0.85826308279861
0.978162876991974
0.979942658241814
0.782678395688282
0.879723454919721
0.930772391007488
0.93640285478342
0.905603770682215
0.898663792334534
0.772069644019806
0.944813658471085
0.960793418225427
0.943380846630137
0.831266054353404
0.792330557574005
1.02567702850416
0.839387301781162
0.789569298069823
0.991071363759145
0.766731106579478
0.827478439168407
0.912467618382016
1.08313515773307
0.928229485591068
0.938065247889089
0.994007525855829
0.927628039035824
0.908193913208274
0.926898244283263
0.874059661460619
0.969983240275015
1.03676134857028
0.934928591701409
0.879600579703484
0.982044352903151
0.9292380034806
0.903864344238406
0.907064404039147
0.876169029076646
0.90079297074349
0.846988337066968
1.12774674137975
1.00990983888052
0.866403076727724
0.953100477030075
0.966979017446629
0.906784524795658
1.00773339102062
0.904230257322897
0.932102795152727
1.06202437301678
0.959893562815775
0.938102158881761
0.942889501496281
0.87452511426067
1.01850143650437
0.991773035949576
0.985774513066137
0.894012570458342
1.0108020127081
1.0300918321616
0.954812908591835
0.993006104275227
0.928827995313022
1.04624790925335
0.863588330836499
1.06319097637759
0.81884936246824
