-1.02563517804845
-0.767177267355772
-0.986571846909422
-0.84814661613749
-0.978184955475098
-0.917122392727383
-0.860499019465471
-0.91286992065929
-1.01263855225819
-0.921511679020739
-0.834822402683404
-0.894022283689778
-1.073533831675
-0.974678937900974
-0.918871015537756
-0.989766310896772
-0.873524132147906
-1.04164452316045
-0.872788086089222
-0.912878476029976
-0.906623980134659
-1.07433541763662
-0.889608624158787
-0.829505983595361
-0.917823830196785
-0.973110515338663
-0.887668334009279
-1.00938878878091
-0.756095735297849
-0.956370498511934
-0.858017554282334
-1.05265576714365
-0.970724989696157
-0.829114529282946
-1.08945897607993
-0.881096064746116
-0.994141761285713
-0.825221169507902
-0.918110145721088
-0.973027735322971
-0.827002790355567
-0.906082226270387
-0.970057885120241
-1.04653702586885
-0.950022831851078
-1.03312942296951
-0.860509097170956
-0.927931086689548
-0.895730807418265
-0.904000065389618
-0.92891747689145
-0.815760584180413
-0.906681810568953
-0.705080196993223
-0.962952509176523
-0.754252771789336
-1.07814883828326
-0.906174621893214
-1.04712218348754
-0.875701008367616
-0.90450526392576
-0.810911607069769
-0.845240907354881
-0.855731974095217
-0.817997688433706
-0.970539895575442
-0.816229050679247
-0.889530074781518
-0.802955012638656
-0.737448784646926
-0.876742381408523
-0.813359116172668
-0.778160769870208
-0.874127055470975
-0.928855176832858
-0.888268440229036
-0.888654885503483
-0.8061633440004
-0.845391439069789
-0.968151870768677
-0.686841828080429
-0.809910591614314
-0.920756733772651
-0.903617966101448
-0.933080491323004
-0.787512494170579
-0.818366078716096
-0.994948348193419
-0.950202099347866
-0.741886372272954
-0.901911891347368
-0.83486616316036
-0.955352531661455
-0.765780159172902
-0.836655544859342
-0.971176591187694
-0.82511297345696
-0.764381813738735
-0.858899530876998
-0.76930777371466
-0.831706795605255
-0.818652043011784
-0.689916727492842
-0.800967436388954
-0.887175282895014
-0.841158730344715
-0.849247853231998
-0.802395316113022
-0.716469724015491
-0.798910556862696
-0.722843673116042
-0.788503352081702
-0.82260851668615
-0.750972580752338
-0.837826983443809
-0.698032883412219
-0.70008594961045
-0.760203339256652
-0.847379784322623
-0.751714276956505
-0.880492400008311
-0.681209731548094
-0.758461049221889
-0.769811805357442
-0.815906703662399
-0.710684629142359
-0.704014703552883
-0.708427289290695
-0.688631649547769
-0.580278039985559
-0.823616223851486
-0.906327928935955
-0.665375347726841
-0.800052187996853
-0.606275772064383
-0.706722286215368
-0.71399974886682
-0.498585709608041
-0.647635229549058
-0.623417607193562
-0.740401149450672
-0.683975060222415
-0.542187513179465
-0.681627767914361
-0.740823425159765
-0.709196132100752
-0.718251763749384
-0.556138830236035
-0.72074385044991
-0.652017014208936
-0.692442850542852
-0.908956372059048
-0.744639862818496
-0.634833082817825
-0.629657591436486
-0.654569347013709
-0.654586266427024
-0.648581698357177
-0.783122836108268
-0.661787014832104
-0.617219791488778
-0.569368695807797
-0.698898537492718
-0.651429240949569
-0.574432159548523
-0.583507269937813
-0.654058753979047
-0.461974452586818
-0.588800132908126
-0.610617282744389
-0.56780370971389
-0.58420193493926
-0.675621205831348
-0.536762237687049
-0.764108041140206
-0.621214664299202
-0.733884093436225
-0.511733688607755
-0.562626869410059
-0.707897917514674
-0.551015746746143
-0.538436826535893
-0.66834422019442
-0.500664403771321
-0.524573414274875
-0.818380546665079
-0.680543223161356
-0.521408805850222
-0.625495039285694
-0.509949034350592
-0.653903229726809
-0.595493532204027
-0.65240835930921
-0.743500824260656
-0.695979404788479
-0.712455994901719
-0.538552923808072
-0.757784314396826
-0.675306738954144
-0.635601244857574
-0.736802872508543
-0.694876399956006
-0.545914161340214
-0.521827472963198
-0.698583216005601
-0.613713028018728
-0.616508628554381
-0.599637006919891
-0.541568468605734
-0.66748387647037
-0.613324008763288
-0.495257512730462
-0.480413075535784
-0.497845781945628
-0.530154053284705
-0.53031932431149
-0.618986287596824
-0.468540482732474
-0.539465088170859
-0.500541238730499
-0.629115913330182
-0.501837169457714
-0.57381231618596
-0.516539610880325
-0.68984978343372
-0.495802851916627
-0.524169396061975
-0.545803773816508
-0.531225709238746
-0.639989069327788
-0.598507597901915
-0.575147063496778
-0.524366601026924
-0.707192427250928
-0.516931341046694
-0.484524597639569
-0.572969122927865
-0.403178380983782
-0.540943961669406
-0.649097784286716
-0.487894043052414
-0.558453174513684
-0.462651146027995
-0.594435445224798
-0.486174123914601
-0.454532700918738
-0.431744299018847
-0.627718005609248
-0.418503565377933
-0.578886239045892
-0.489793704152766
-0.551658272316228
-0.38148819471653
-0.535420223809704
-0.349982332034837
-0.368901267964243
-0.431396905403444
-0.503235130277007
-0.522646711099067
-0.40115581219881
-0.453112013974748
-0.444579843244169
-0.483271119085525
-0.430846735098042
-0.459501920919179
-0.604653712333414
-0.352657756803429
-0.494445672273039
-0.377679691122496
-0.524148639750264
-0.460904733421693
-0.350779457951296
-0.468855521913611
-0.473897673722519
-0.561164374452701
-0.455800256991407
-0.408660128370079
-0.478185259672117
-0.311072949161194
-0.405028696812609
-0.518267879790673
-0.453247747492765
-0.376835115820267
-0.343892948856442
-0.256707082719469
-0.292215780098368
-0.415264251736167
-0.376728224934626
-0.360707556621022
-0.304896518058954
-0.29649904967083
-0.4510800509435
-0.401550339882089
-0.414496645599056
-0.349009910021566
-0.451389803106369
-0.517567804096612
-0.361884173227071
-0.197907577464526
-0.437250411679061
-0.341083135644233
-0.364778218347156
-0.355207002979991
-0.477446552629572
-0.345358056650082
-0.457680652143622
-0.454553500713521
-0.486999089051462
-0.339659222884317
-0.419422646702335
-0.336383487968634
-0.422668830133034
-0.420068315727209
-0.399054578743565
-0.390812562246256
-0.347319814016832
-0.522542773861975
-0.317835468097443
-0.371747205364954
-0.381325423360658
-0.352479831303285
-0.520153303081998
-0.392518462193251
-0.244150738872231
-0.339646467024631
-0.367106013234044
-0.300090321611549
-0.398334931541285
-0.471169781475744
-0.354561709333676
-0.329534370332858
-0.293282034730248
-0.246957283516539
-0.400089670722778
-0.380565379274646
-0.333243080650296
-0.386994953142401
-0.315736112410704
-0.258749216845516
-0.33264878747451
-0.341709273313517
-0.458586657053058
-0.207620400326796
-0.177670597732891
-0.244086656338165
-0.29212332139495
-0.323855139454516
-0.201315596616387
-0.253275185140035
-0.465316882544664
-0.212143780921419
-0.284816292631656
-0.437618792093723
-0.320450693907886
-0.312693159145308
-0.255764159673009
-0.270192632705169
-0.280354176805674
-0.279646770438541
-0.425642527795253
-0.253572490112032
-0.188454984612141
-0.328616169204492
-0.292676957862177
-0.359893398145654
-0.236273834764371
-0.3371755699446
-0.397370166650634
-0.31480271166795
-0.0979609674244121
-0.301149315872745
-0.186315731604003
-0.287078224405494
-0.227012164636454
-0.291777900953099
-0.280439085146219
-0.229372555140055
-0.201679691605022
-0.17314100450326
-0.271194010486735
-0.392284532287919
-0.167519229923718
-0.216508693351689
-0.216937685596477
-0.192121795996308
-0.356940642809282
-0.157450977616205
-0.0977428214560374
-0.360939234904579
-0.229239620127825
-0.230142672386585
-0.132612181008411
-0.20709712255573
-0.282148871472089
-0.239513239242479
-0.394920200257111
-0.146810146935185
-0.247493545846724
-0.151239663135805
-0.207924316714212
-0.265894868434606
-0.166567471746695
-0.252341273410039
-0.25564462502394
-0.160174741858023
-0.0966148496717838
-0.275277333663015
-0.114564994559604
-0.187474211355045
-0.0810288223694713
-0.139929436390607
-0.126623956310134
-0.303966963875582
-0.172302227044241
-0.254044578863147
-0.257163784166554
-0.0831889109182291
-0.165849974035739
-0.139029541948392
-0.084253735160037
-0.209680231477997
-0.0501128078923928
-0.177036956595495
-0.207568198285268
-0.0832460720762514
-0.167162725207075
-0.043202728647879
0.0431943767911676
-0.0978874112348286
-0.14967080969993
-0.121412815478232
-0.19616294265665
-0.0513917957224245
-0.119336956757198
-0.153732457570743
-0.100412650285069
-0.114843635807762
-0.0610614950460175
-0.136017030092756
-0.272663894345193
-0.194659200182715
-0.125431599679985
-0.0640184058488009
-0.0640653803051225
-0.264092032348483
-0.0413464384191531
-0.097841340185735
0.00880053389033055
-0.217778292694211
-0.215331508827299
-0.0437350917232536
-0.0927313689567244
-0.0862930056413769
-0.144462074637246
-0.10041792432668
-0.145268568429501
-0.0114666774276351
-0.199091381985583
-0.120275581199658
-0.0888728798990546
0.0494822865682353
-0.00241929303630463
-0.154487912263024
-0.0993685582045725
-0.163415968616645
-0.103280493267863
-0.243307333101602
-0.0896041288191565
-0.00280183029478087
0.050204440615019
-0.0646963168189715
0.0796413465433235
-0.145130012678522
0.00653003320002817
-0.00956560653221859
-0.165936869982337
-0.188787108121924
-0.205354765289462
-0.0186110353335205
-0.120886638317816
-0.0404584786737362
0.0428764668448502
0.00731222655736931
-0.0575041290200127
-0.147068027894174
-0.036838454612037
0.0290426791775365
-0.163039717586573
-0.0779099741870331
-0.0830963921405223
-0.075273564904055
0.0105032559961172
-0.0644313399784345
-0.0894814118977982
-0.0509533930123637
0.0116629279923851
-0.0560711773642685
-0.00713979720803303
0.123302555311055
0.0289879167790088
0.0893398829446549
0.0667978072178045
0.29241272193491
-0.0769850151292578
-0.014928254344113
0.0299069115899628
0.00547478889165357
0.0512976745703064
-0.0552563010734789
-0.0498399901589164
0.109543389727825
-0.0735155849635119
0.0784946248289403
-0.0185321351864817
0.0512704920792793
0.0235910098121152
-0.00952960700173002
-0.0763429957242851
0.103603221095601
0.0186519104821121
0.00692131624581181
-0.0349827440288221
0.0795071921899614
-0.0178826244587258
0.0366909267165346
0.0463291304311573
0.01918856494273
-0.0714311450773997
0.0519978715941685
-0.0390640334920541
-0.0669037094457124
0.0924148970271342
0.0283592520383947
0.317729824137646
-0.00323220244857288
-0.00208000766106517
0.10576430236403
-0.00157447364402345
0.0226223266897437
0.172668566914519
0.107458820979307
-0.0339314876537098
0.171583880690231
-0.00731225194793138
0.0283516158518728
-0.0414368730497233
-0.00760765589847112
-0.115583833284512
0.0430211810439882
0.0348263318784294
0.137301578606607
0.0294037920471394
0.00931754397162697
-0.00237560459538543
0.105779663295997
-0.0447049148992734
0.0607509694286877
0.107892371680684
0.14393458073997
0.141139576183803
0.111813052671642
0.0384325088700889
0.125632509410951
0.120367846743342
0.0546764454781886
0.2745346483981
0.139321962278996
0.10864202762569
0.198255312354212
0.177296631607146
0.261927919772609
0.138483763884918
0.260719058379599
0.271701185689854
0.132999024125299
0.21569406102229
0.12492975716852
0.0855060700900233
0.0548647127335037
0.224455240666926
0.162896020348468
0.0373235622094139
0.176485255133135
0.0560370492060724
0.09706439132686
0.191193394019854
0.157694335439714
0.146904824616525
0.0751524925404639
0.0572818173998822
0.111751826230304
0.18077162118517
0.219637619020325
0.0478505655669095
0.102115266948905
0.212921277781678
0.323849060069612
0.217788025331013
0.176802703425619
0.197919018460006
-0.0269896622896332
0.231956713403755
0.217286168915413
0.330094170023541
0.254703571849968
0.312749114599728
0.187736357171399
0.320479544243402
0.220935808605353
0.0836033233907867
0.24793438890198
0.291674985830981
0.118165828149914
0.212127733695172
0.135205909212845
0.274358651615948
0.20104087690882
0.39299460543407
0.381575557633693
0.0708152205621535
0.394532091762378
0.263137441901646
0.156716073887849
0.312285786517964
0.34612927307648
0.10304856183311
0.205019726536732
0.176656285955566
0.194572077713412
0.122657307034783
0.268850152150533
0.371991391904702
0.291404844281035
0.312109011884698
0.273625955818374
0.180523042715204
0.268284405156473
0.161008703884371
0.218604450111402
0.166944048314402
0.439503315936212
0.341802167796766
0.199281992342476
0.282453428073126
0.31680671167403
0.230668718175329
0.242880612115644
0.387848252350055
0.138428333669593
0.191791202204474
0.415948962843915
0.330665555999241
0.492612706353509
0.32931688711985
0.386591277603742
0.350917913906233
0.301135900526685
0.300709886182225
0.27805190544256
0.371358893715416
0.454542082783063
0.282535513017858
0.369735009244107
0.352012942608692
0.384040551611385
0.404556911514543
0.318424528989754
0.202607111882079
0.43189890990679
0.373584570804977
0.176563968081937
0.555552693073465
0.379037001072626
0.34927376313871
0.341852496283823
0.372134350193854
0.477131980710199
0.411018597359407
0.523429455688186
0.361244862312169
0.390934621184669
0.419004291586364
0.412140595548428
0.44324467585108
0.408087099654593
0.482251560322745
0.44476418272015
0.416005140998029
0.362844884390422
0.26419109448064
0.388457477117784
0.330539832023929
0.367771947444069
0.296650763888167
0.446223581166665
0.276836552904772
0.401070853960768
0.43836992947124
0.421220501641373
0.401488115736254
0.409335608844866
0.268316866422196
0.382953760200148
0.303348716349993
0.495496283276696
0.495700031794621
0.469822033204372
0.434033437652947
0.555484973049387
0.460533979656457
0.459662490014966
0.503954803600159
0.560681218878753
0.502159452253646
0.408054692972693
0.473257242858791
0.330986740576756
0.34479572356683
0.433267757020551
0.452884139612799
0.544646367255796
0.411514240294773
0.466566433033877
0.431753747335333
0.413903664467205
0.455673025911399
0.406081326568351
0.44733800295368
0.545061281289016
0.588362544788502
0.46963009516706
0.430381526558448
0.4605921111009
0.51601631977358
0.399752428550238
0.505174325084192
0.342446443903458
0.564020659541798
0.527453397652061
0.470065915942526
0.390229823340333
0.550094952375742
0.410268954673298
0.642165791900178
0.694840513353503
0.734323726130222
0.406762440305262
0.397697410397783
0.588294078910984
0.448119806725052
0.430268522753747
0.553905957553549
0.355144949724766
0.39107596260024
0.51672810495937
0.430569034962653
0.492877298312436
0.366996593527608
0.501336095116821
0.56975740900239
0.487118791885114
0.378701643490877
0.539439280374487
0.566891964204943
0.411954220274461
0.42640768208145
0.39918095659633
0.590047649142701
0.451245578188331
0.567153687542192
0.568733701476743
0.552045059404988
0.403436724809099
0.44285362169104
0.693818446884143
0.579268405077
0.619470470390123
0.555461297314143
0.459261124724714
0.687326112230164
0.57448392188506
0.606376338376771
0.377744553450897
0.708245417931385
0.514391227396065
0.635835462602178
0.601523968385802
0.555286710062062
0.51248406039646
0.548416129987597
0.440892428027793
0.638067699530529
0.655357135465273
0.643200501663497
0.537329248981786
0.518435191862881
0.413079919662162
0.579663153933911
0.505904763665223
0.647209751710673
0.589631294864566
0.665644298634927
0.667554754723093
0.652043537944196
0.477608364144213
0.721697710792595
0.737791241644959
0.629782257224323
0.450308075878552
0.749728744809665
0.688167468447085
0.5450191248634
0.727036631073597
0.556418556907517
0.421623504214318
0.558477191776506
0.511278070671144
0.583374098834357
0.659026739258093
0.686365818822617
0.553354947748481
0.687199821911745
0.461549651026056
0.66350926463748
0.686439322405849
0.574119815818984
0.667412728422557
0.588314878839667
0.817704178988013
0.747499301486643
0.716666910428123
0.658245888968148
0.67478131823926
0.546708577417436
0.682471535738506
0.661188419296017
0.399075456212181
0.719888181499873
0.620724906270691
0.656722609353538
0.561368488490736
0.606920038050304
0.724397371370439
0.747757877408676
0.505553280072408
0.685853125733245
0.68363749712818
0.734633122064003
0.625528011782826
0.690366680939132
0.561235443717266
0.797169264815405
0.824632191379594
0.87111228813418
0.70329395715565
0.810683399238135
0.664921054236205
0.847568803727179
0.694556352251251
0.691221652799571
0.773802511866994
0.714524924884403
0.648537123926158
0.759050186252134
0.724350994507492
0.714471578201707
0.637665164231525
0.681226960108121
0.75890706129915
0.89177496241925
0.788103026543712
0.966342864336675
0.886785058328634
0.769898768721624
0.803838989349482
0.830233057165731
0.735539954040322
0.900875769199237
0.85313594361306
0.702790508654251
0.67068658560851
0.868793235941017
0.896379463798617
0.702072672513995
0.774018544117119
0.764993758624933
0.819176223641879
0.860796921076023
0.577977929531323
0.571724511685658
0.805460766830581
0.74919002316228
0.820126503743404
0.755916519436021
0.698262186739144
0.801913750359544
0.753975423834473
0.664535719984464
0.84362512281564
0.752269347424464
0.749814889310124
0.814313810905396
0.761396044231509
0.765505330789343
0.820628064155138
0.899048125884555
0.864337089642413
0.846326811520876
0.80541653622177
0.772713443665487
0.944337491516461
0.858542005094576
0.823246402442971
0.872714208702117
0.671745295715182
0.815145137789115
0.903086255094883
0.834638223875058
0.859313952598731
0.745814824886154
0.803181077817225
0.758867365342307
0.782923024113264
0.860933832157878
0.694981678548697
0.78287591333406
0.802345058395919
0.76179987429359
0.925639332813628
0.761501546813599
0.837801240399457
0.961445669076407
0.944319621107722
0.938398585149864
0.816949762788869
0.92035890237695
0.889374492635334
0.865194425641251
0.794418545526738
0.796819842631381
1.02261545719724
0.937721882883722
0.80305867675062
0.82677359354692
0.919712876097792
0.962911332392981
0.940731383155637
0.920216953227861
0.809091965414159
0.941096703084012
0.981477234510664
0.870959883956704
0.897874101934463
0.925337913344452
0.937379430794791
0.846080735145829
0.971132703958912
0.884757399137626
0.81717077516924
1.03502563391428
0.90703369934222
0.877486602849049
0.940025875073543
0.870546783622498
0.928637921403223
0.845179274243866
0.9739112460316
0.974329576961571
0.98989258608317
0.967372238361033
1.04348859344209
0.921085067706002
0.948774392267568
0.781518584983527
0.969972802333618
0.979829263571123
0.949474393743144
1.02313971646309
0.954493350658803
0.922443648359362
0.988787853103391
0.955081900151875
0.947320763602093
0.943893776380602
0.991454650164613
0.952526514123641
0.923455115035475
0.961731272243521
0.987632247407923
1.12715098383148
1.09339499018836
0.84835204961909
1.08605948293318
1.08196838989533
0.991522092226705
1.11792432039134
0.983834501748047
0.995909067219529
0.982844222971318
0.769303834922052
