-1.0403616734184
-0.764194700093832
-0.974121617638742
-0.838231039161301
-0.970365363206387
-0.924919508709906
-0.866829318101019
-0.907976618003209
-1.03043567884014
-0.91461539232143
-0.836514154926168
-0.884492197401261
-1.04650500844784
-0.957729021219852
-0.924514881319841
-0.985101975825883
-0.85276760523564
-1.04095043175131
-0.884608736481519
-0.917500116816157
-0.916899283845367
-1.0626667590404
-0.88410075016151
-0.812772353714141
-0.938036861328322
-0.98058710415043
-0.887979133528923
-1.01654429777685
-0.746783014748724
-0.942761298785087
-0.860313665517284
-1.06487524113929
-0.997670324873136
-0.838290192521552
-1.07171498666031
-0.881061188475384
-1.00151292778092
-0.824537916933123
-0.922519287400354
-0.964469502283278
-0.81547362328856
-0.902730480070432
-0.938551910209414
-1.04514833717531
-0.944147454800197
-0.996644353950026
-0.850224385686225
-0.922120878904521
-0.879688246879619
-0.896595251221438
-0.942324901584551
-0.792706119644576
-0.925962547628942
-0.701888333742977
-0.943665336981715
-0.755796646589461
-1.08381641191816
-0.937961579509676
-1.01732290502235
-0.875228307993097
-0.913401645567046
-0.813733521467148
-0.83910197839513
-0.862017114998994
-0.786598665819376
-0.986084322396734
-0.834645979994764
-0.904697883093691
-0.799130246673384
-0.718003938400578
-0.877837079261641
-0.812023553740785
-0.775534179781385
-0.873627270517795
-0.922692183453921
-0.868555170426688
-0.908273538607952
-0.795996487041391
-0.838938128491211
-0.975127623834848
-0.700923806457932
-0.815495751352767
-0.915033874218803
-0.907700311952957
-0.950897854815131
-0.779373587608001
-0.813727092043259
-0.985235496300502
-0.966785946341782
-0.738604142055728
-0.877215422808269
-0.829274048336053
-0.945721074125344
-0.75897186034393
-0.818784018093371
-0.965024525377103
-0.789212504473892
-0.785935239479762
-0.852964750377937
-0.741021087908115
-0.808512831263116
-0.802567818517368
-0.688988884146186
-0.789628522933262
-0.882406429938856
-0.867037382956293
-0.859107257223531
-0.818440601868919
-0.702226479672226
-0.802958263743673
-0.729398718223723
-0.779411503511172
-0.804271002424888
-0.764858423060994
-0.842424306612424
-0.698124775264018
-0.672001345124208
-0.749328886371131
-0.832435117117713
-0.765423670745721
-0.887617767199778
-0.684555842658502
-0.736794910104728
-0.77689345321675
-0.811285767879987
-0.718503295104741
-0.700207170945488
-0.709507358594232
-0.685955597516617
-0.589250931622907
-0.795216749845492
-0.913089299984566
-0.662490110124227
-0.789666594386374
-0.605708639492066
-0.7157516929103
-0.716412885874397
-0.506496108063656
-0.659562212586549
-0.613149884262634
-0.719626296396345
-0.679194683567773
-0.537550504623128
-0.69234795021487
-0.751887089884307
-0.684088549419597
-0.728045728382759
-0.576723555175295
-0.736899487724146
-0.682339628992326
-0.695525964159926
-0.883152623510544
-0.761357891611413
-0.625790012153346
-0.640723497359142
-0.659452811570485
-0.64882595627819
-0.6299498524589
-0.770618823418673
-0.677740390777782
-0.616546761907925
-0.565350673967185
-0.720190443946555
-0.642427765487939
-0.599883540106697
-0.603570722129265
-0.645519395919103
-0.453746313724962
-0.590922658716659
-0.59084449249697
-0.557105487233693
-0.561548237705597
-0.687568462753641
-0.54159051030071
-0.749767764627567
-0.622879500756679
-0.749708852232748
-0.519442592562904
-0.550311126121433
-0.706177942552132
-0.557885572457892
-0.548927057098529
-0.658616171661473
-0.512843558800806
-0.521846618611531
-0.844185258644678
-0.684410464572097
-0.529080970819769
-0.609610356735466
-0.491154488187726
-0.627144358381174
-0.607510594108292
-0.626929197258844
-0.755330455280074
-0.682675625057133
-0.712228032413473
-0.549392877171591
-0.770740139061548
-0.669196801178299
-0.648077569896392
-0.719331804016404
-0.684902129903986
-0.53926032640841
-0.504023848004539
-0.693415301092173
-0.644222922101949
-0.590925701920554
-0.603655852855087
-0.535744747943614
-0.641490575690748
-0.599475185182615
-0.520385370059607
-0.456079542298002
-0.501855441763381
-0.54018708360709
-0.553154371090554
-0.613199797734891
-0.467441482298494
-0.527363375171264
-0.496507988185585
-0.616051452009154
-0.527368595587406
-0.578655506012573
-0.498239872698003
-0.690937745420877
-0.502211624208514
-0.522687101931152
-0.533852642059802
-0.517244253749434
-0.632680468548468
-0.5876060225457
-0.584340586251091
-0.528220186928552
-0.72568057991112
-0.515823896318091
-0.486816936762059
-0.570146681343542
-0.399159901214566
-0.545578658490201
-0.6483267234012
-0.454147486570806
-0.557157991908865
-0.472829500904616
-0.578548553669852
-0.495358540506552
-0.45581388316225
-0.418796598728259
-0.635666228646963
-0.406944940695819
-0.594627120492254
-0.464394953682001
-0.579122571856963
-0.366796089656587
-0.551870230483808
-0.352663966353556
-0.393773795660126
-0.421296649949061
-0.510335838500079
-0.508246501224104
-0.375684061940281
-0.46222210828456
-0.452386739937489
-0.505804772838489
-0.400810462193794
-0.44979564034396
-0.59016798291283
-0.336814141906992
-0.496951245173657
-0.368113324049403
-0.522028991099269
-0.461738297117583
-0.323714314870176
-0.472836787035176
-0.492317479274554
-0.567855445957696
-0.457679826344867
-0.421988710517596
-0.474301462957087
-0.319932666613614
-0.407043620265392
-0.517639022794739
-0.439777121758609
-0.368832130286911
-0.352202410628522
-0.278443176639257
-0.283384030021278
-0.43454771765999
-0.381010838950285
-0.359765142327953
-0.32725620563737
-0.31219342742803
-0.459001147938025
-0.402714256739532
-0.415929262086865
-0.340771251009487
-0.44751802511463
-0.532430006814592
-0.352865983329141
-0.188463783337878
-0.424924120086295
-0.355454944486468
-0.354669384052566
-0.367768643103157
-0.476588583083048
-0.352737822911144
-0.443094630658491
-0.445035568329319
-0.513618254967439
-0.356975369776105
-0.410784836561807
-0.345649264423467
-0.432759101169011
-0.425952816695729
-0.414142328824713
-0.407708806941311
-0.355634614810865
-0.527268827903643
-0.333951154644083
-0.364280182543697
-0.397915992634826
-0.338625227454007
-0.524618483034233
-0.394092842430286
-0.234374418367294
-0.34853087194149
-0.373504020761566
-0.274001423528962
-0.362090758267693
-0.499742636443913
-0.339919197950493
-0.31584179492681
-0.2947416178953
-0.236759727302899
-0.429431176842048
-0.394586462749451
-0.309026959589385
-0.37263184857661
-0.316754309842956
-0.256258068231381
-0.323161531639459
-0.32559656135153
-0.44822381321577
-0.221249024322308
-0.179902539176314
-0.240983884775344
-0.292325060651014
-0.336670293924644
-0.222590930848506
-0.26331424100297
-0.443069514935037
-0.188654292714511
-0.268283387169767
-0.440090860999058
-0.327148813604228
-0.31971310471789
-0.232063962260616
-0.269778260501276
-0.27888182405249
-0.274287885115262
-0.417417001668988
-0.266138507389092
-0.191001895331897
-0.336255385886381
-0.271582666871672
-0.341002106676555
-0.244616471293109
-0.351931392701315
-0.389128074125414
-0.296465821038993
-0.0963450621723774
-0.309975312579698
-0.192874948319592
-0.269230608272927
-0.210667557360891
-0.286837618070491
-0.262322933543884
-0.227371101681988
-0.197240556509671
-0.162638191094445
-0.270477884475968
-0.403702388132512
-0.147842247563584
-0.230160088326946
-0.238763691868917
-0.172692751998646
-0.364139858223092
-0.16412533240977
-0.0918797940091306
-0.393979677200937
-0.229520053661321
-0.234386028396412
-0.13855085778185
-0.2260501183851
-0.290256361207393
-0.247552035065481
-0.403580682874666
-0.152862319311314
-0.25387115966756
-0.157641755153222
-0.228947850798618
-0.268457914463985
-0.173624459017074
-0.266681252543584
-0.263001393037128
-0.160921748162165
-0.115581987073566
-0.224705016995277
-0.110866389021254
-0.200766610935586
-0.0762973573813379
-0.144673694972881
-0.13556819182738
-0.298118248119316
-0.194978768488782
-0.263156190392109
-0.228147729628345
-0.0833965783679242
-0.177598898937148
-0.106727094424314
-0.102953652810958
-0.207163693236846
-0.0539091195309811
-0.196985082759834
-0.219254657281667
-0.0821312227210405
-0.160023174924116
-0.0413528327596778
0.0596575546214593
-0.103936126754216
-0.152210829726583
-0.116947551878077
-0.189912527717122
-0.0376336058042577
-0.133584808391536
-0.154444315704281
-0.107064550542614
-0.107142942266353
-0.0651481478739373
-0.167243267891215
-0.282442027987659
-0.170638374136501
-0.124562379138703
-0.0757853738518424
-0.0655291556990205
-0.247412048260687
-0.0545458996923932
-0.0784091582328836
0.018014321686546
-0.229420349199568
-0.227316404795426
-0.0530337134378762
-0.0864798132385629
-0.0935899364970339
-0.133918257961231
-0.0903821096155504
-0.130790758966097
-0.0231944031999419
-0.198109261131672
-0.120119082783399
-0.0833819879345016
0.0404838106185448
-9.91865601243306e-05
-0.164188862679911
-0.088507375283598
-0.173000619336612
-0.131824525097476
-0.262675923942184
-0.0700312668360663
-0.0141649026345712
0.0359029310613009
-0.0808413653597164
0.0440862639306629
-0.156879087562829
0.0319500565191909
-0.0290566468773921
-0.165222273401141
-0.176930711786067
-0.200772855175708
-0.0323115118131267
-0.152184445971816
-0.033362835975145
0.0241014302489752
-0.000586270586204724
-0.0559884961751853
-0.144161084001121
-0.0309877741900416
0.013505545946912
-0.159046435404884
-0.0733526148648095
-0.0976406249068038
-0.105246846095767
0.00410415090100895
-0.061254712007459
-0.0807821757811415
-0.0385434475427524
0.0174306023600082
-0.0770539099549162
-0.00936172714955531
0.13227863214001
0.0478795917791328
0.0974684246688657
0.0470024600691984
0.291118415218934
-0.0757853314944208
-0.0130407351471658
0.0503734640892846
0.0131397421139447
0.0444693856774645
-0.0395045124563464
-0.030107828575728
0.105421870177594
-0.0520775866000973
0.0816148826347602
-0.000729149410514756
0.0551928779954496
0.0260111455449303
-0.0248892237320939
-0.0759307452454101
0.115729384973925
0.00953226816104176
-0.00390885188715703
-0.0337481017195669
0.0777975854038525
-0.0125109463536768
0.0315094845523272
0.057509386259322
-0.00499438454464897
-0.0814268675009033
0.0631516599749239
-0.0325118430399736
-0.0592277818024128
0.0874876701267518
0.0373400071816923
0.281476370688949
-0.00173365038140428
-0.012519383707614
0.0915958780763919
-0.00802904093328081
0.0282529986258948
0.179606785120432
0.126289946439753
-0.037819489072503
0.172059506579897
-0.0179371004680801
0.0328538761023122
-0.0274422330279105
-0.0291207262555496
-0.113428645022319
0.0474907862331546
0.0140960548387777
0.14783026643294
0.0258073864720586
0.00214995486082706
0.00599532477205682
0.115622953084944
-0.0517814273795488
0.0631456461931341
0.0826383900292333
0.131528939682666
0.14523258513499
0.0921707190462055
0.0396614968666434
0.144893230816419
0.138831232602912
0.0423394843267633
0.29051290092631
0.132332292839299
0.100564650337408
0.200557873429148
0.171030463522925
0.260765318673265
0.141790858304248
0.251453110532361
0.256016836913892
0.143219761420349
0.22832954730201
0.110253979621661
0.0754369691109896
0.103323020952785
0.227378532026454
0.167984394978579
0.0322306378518234
0.184129288387736
0.0533872006111431
0.0784763898484646
0.196756459729697
0.196385427890418
0.150821358960005
0.0697559016303516
0.0630767919026106
0.124658198491361
0.168860086801095
0.205991606296981
0.0545907209824732
0.103242692641036
0.200130976839321
0.330398128235574
0.208694251420184
0.182623289304169
0.193636406822556
-0.0110652810484269
0.256086121853749
0.199990881368751
0.342005633289112
0.232480078125704
0.314113539096364
0.176811128250733
0.296996162976861
0.230418702797262
0.0714989023388096
0.240428573998112
0.29144947261051
0.143834660890576
0.211293474578936
0.139301708104311
0.265010821553244
0.193250118514514
0.401144947184875
0.405887933013476
0.0806442356402313
0.39298183456427
0.25009383970229
0.138228043410301
0.309799512773152
0.344511808447228
0.110211026235622
0.208113677370576
0.172178745116504
0.204760089177133
0.146324784050053
0.245721667699827
0.373139296549523
0.28756324617833
0.317258881577818
0.265048561342014
0.179009452746862
0.264189335276972
0.179579914292417
0.236581421869553
0.137048037729306
0.432395675139126
0.321892918939602
0.204838903031549
0.304792821736304
0.325183606142324
0.237940764916658
0.263211042371366
0.384890731359215
0.129287779704044
0.196385195066257
0.436088344617669
0.323338447431988
0.517500385922322
0.344767569807056
0.390019635897522
0.362112038721507
0.299760338277799
0.289414080385908
0.272812872583673
0.383656053365736
0.458942632693164
0.279754401490497
0.369925731974116
0.3491138907217
0.360383562209385
0.43979749852667
0.311981507497513
0.188423174018509
0.415556713655933
0.359063139201734
0.14000777551117
0.540984883530726
0.371670778726031
0.362401867441153
0.341069762533902
0.356550687843294
0.478834109398629
0.416269811602619
0.514801346615694
0.369472797301294
0.389313609636267
0.426419147842147
0.428810764865499
0.443922761232121
0.398825642578103
0.476772588571052
0.459539626025191
0.435431635682107
0.379320735452001
0.266383825183939
0.382650037875946
0.327041558495185
0.393070970933183
0.327257953840359
0.431203973440807
0.28136660720857
0.425750205355356
0.458542283630925
0.435033311316499
0.418560171668306
0.421605783766484
0.287270070792641
0.379661779909847
0.310559658670258
0.475011997078135
0.497904684720083
0.460261646953832
0.438363776700876
0.564648847806465
0.455659861886346
0.428202500429694
0.516937950884457
0.552119902847374
0.487609511899619
0.414343854469846
0.474788384833186
0.340604609216132
0.351658289435938
0.412753152726525
0.449733224457846
0.549339266905
0.415257666049496
0.44471094752982
0.436229596924711
0.426067117975599
0.457119822001039
0.406087278570895
0.437017957843392
0.564096141556975
0.574897528789365
0.488740125679317
0.438710036918062
0.452925054360505
0.534811932249627
0.391110910480161
0.501514879037773
0.340765809442593
0.54723410834491
0.52228846146502
0.486970293103048
0.384223747942481
0.563222865022792
0.390749065399947
0.64960201341012
0.693259020791373
0.71523521285274
0.406700313102183
0.377434172711894
0.575727540007094
0.438463693462047
0.427835929404712
0.532864090576158
0.367555031440724
0.411930551762211
0.520445834876081
0.436916697019016
0.505202777611027
0.339395284613178
0.495095196377834
0.574076675919147
0.496973514945052
0.377496086334736
0.5192027557356
0.576136458470823
0.403233795526594
0.423516269813639
0.394955413214008
0.55813625980242
0.476630803293586
0.556861476295034
0.55681290966372
0.560574334240772
0.39952385940987
0.431081792732869
0.685254971847777
0.561190511738692
0.620108155412442
0.556247055838421
0.45837318958449
0.69477434839349
0.571042879771694
0.588911602205886
0.374231891705751
0.70635010112413
0.515963214658513
0.621364757947631
0.620314917238835
0.573731732963579
0.509475419747857
0.551139213407568
0.441712382108034
0.649696580725479
0.663390862693924
0.664283219405648
0.53181518558834
0.556041800701786
0.403110006293618
0.58512062463377
0.519331325546688
0.659371699890782
0.593353636619786
0.659152655854745
0.674280425900786
0.649037631006007
0.474761208188137
0.728661782155412
0.726261868170197
0.61572345104643
0.433401930796612
0.746336974247739
0.693577694154455
0.53608864232028
0.719972385470358
0.580007156500282
0.432410394373707
0.54324820988017
0.537844980189502
0.573881017715929
0.66278161530424
0.68501935280782
0.541612719022295
0.663226854000059
0.463205946827644
0.672810532464238
0.694330463623698
0.586288766765092
0.650980202200277
0.575313456760053
0.833853389617806
0.749972490757704
0.730546047701255
0.664779242688159
0.698109845261127
0.556784496617612
0.689309901970819
0.644223510047648
0.396058437999022
0.713253742302359
0.608461489002919
0.625584226368165
0.547128409843546
0.597860445368059
0.72742896847596
0.75408348095256
0.521876894983637
0.705665472770059
0.695832596380954
0.741353484591426
0.615958110816496
0.695362400212081
0.561267383198675
0.782973169409404
0.832757479459516
0.870424178786365
0.70324571145933
0.818789987119487
0.66558219685459
0.835823342514881
0.682788973619006
0.718681289271557
0.769057286526729
0.709985812168283
0.670778746717848
0.775715740343332
0.720408335820372
0.712933840149223
0.652623500837064
0.67297485426502
0.772020833340446
0.907598833926532
0.791107877951778
0.978244153392388
0.869725359179035
0.770237419700076
0.793473141376665
0.832962569943506
0.759790630646456
0.905548255985551
0.866802155326486
0.704497030861961
0.636602207589598
0.85153229463683
0.861641659113511
0.727274388140181
0.754905193066334
0.764358258704132
0.795798574711803
0.837931405763413
0.561163509505243
0.554789620690314
0.797786557095749
0.73170760099823
0.814516217456539
0.727734714853457
0.684756246546672
0.789346264905283
0.740732925062439
0.670584087131261
0.853320764622817
0.788188121092999
0.738412405592171
0.796992083134425
0.757312229781404
0.750363335771176
0.820447205593564
0.910755940057943
0.855467143587741
0.830672210455378
0.810907727948199
0.749477844038452
0.952479407706228
0.820168128750237
0.82964529200569
0.871793412305401
0.669227368866088
0.825971127690597
0.885508478258183
0.842958657852916
0.82000799205225
0.749314102632857
0.820166255213817
0.759798855468719
0.790592993926114
0.868062164063654
0.68731682804947
0.809014665266085
0.817439975574381
0.760764441918974
0.941230817742489
0.749994315788085
0.819405459021636
0.966637993607974
0.951414207077979
0.916837352449923
0.813141748713973
0.90534454425684
0.885499858804537
0.882397587694169
0.798664381393128
0.820662845852025
1.01654177551969
0.918857101325404
0.819900541807894
0.851564793647544
0.947096027057573
0.95709136881188
0.936388536851584
0.922879605932897
0.776964597940727
0.914546521812753
0.977833969923155
0.860192290252262
0.888081891005201
0.926618509410654
0.941358020654246
0.847753000415448
0.966221299800377
0.897361314721276
0.82602633885388
1.01506418063611
0.924160277388286
0.86751130057107
0.952392225326097
0.887542633339991
0.92573028903244
0.841393772096487
0.953940873571879
0.996485875344279
1.00116265107989
0.978814962546202
1.02982549161737
0.930305842479958
0.944687254999634
0.795180507689031
0.972275627981244
0.982446266272037
0.953992222542582
1.01397018553962
0.965908540156548
0.914582920906048
0.988138502513248
0.951659895197884
0.925412967341023
0.962133925719395
0.987806955282105
0.954461665915202
0.927652252683481
0.953221189024121
0.99343119113775
1.11284115902167
1.09962078996372
0.865767604917076
1.10453359214681
1.07664680038026
0.990547592603906
1.12805318335037
0.977326800618852
0.981411587665705
0.981038178627097
0.756179604739116
