-0.987581836164656
-0.867460112201359
-0.894142499033295
-0.911421172739244
-0.780947568418085
-0.999954549072653
-0.993490626617051
-0.954044579886628
-0.968408806161101
-0.937015005593734
-0.858566497137749
-0.897728398340668
-0.891195565039799
-1.08140035103158
-0.924502712838934
-0.915038311289637
-1.01836189959912
-0.928093173541933
-0.865563430622145
-1.10481545640641
-0.958965411442505
-0.92917386873214
-0.821784128504255
-0.951355867886721
-0.894442347914868
-0.992136253089151
-0.887081163105574
-0.921728134944181
-0.921769169891148
-0.892496649626519
-0.980119478775303
-1.15873703491144
-1.01627609678103
-0.953189893052176
-0.972120026740892
-0.991468534769454
-0.928881806752732
-0.869931436809911
-1.08572976547228
-0.927142512779592
-0.977034060761498
-0.833423901349114
-0.85071918057643
-0.879177177325962
-0.830066740564234
-0.984260423517759
-0.976576843887445
-1.04859672894463
-0.9155864815625
-0.847226932459902
-0.91882089350826
-0.919646396945715
-1.04804328843775
-0.941026263405639
-0.692122328878598
-0.776273280989565
-1.0164211808006
-0.85107022559146
-0.904604598010239
-0.787934085050043
-0.80621786341949
-0.938167616399715
-0.693540483912864
-0.998276898895336
-0.995445737479956
-0.793410382438871
-0.781784237416744
-0.859639961295328
-0.866097004097286
-0.853247726311498
-0.832742054931259
-1.05079859171174
-0.956548329763375
-0.817178226466057
-0.893642777953896
-0.769097081806766
-1.04126772011984
-0.770351974925049
-0.77215401681775
-0.754136007959513
-0.798868062923798
-0.950155508291152
-0.738851755131536
-0.780866312424433
-0.917158406278717
-0.865267863862184
-0.68319527922206
-0.830194341777745
-0.784324326482574
-0.789458437708961
-0.96702805028108
-0.588896633478244
-0.786477634209942
-0.848094022842565
-0.701718552496659
-0.822555624021315
-0.876243402038231
-0.890027729027544
-0.877083054529009
-0.592579937782886
-0.888263271590366
-0.721107312355459
-0.726873352366594
-0.749930565643413
-0.979620248840266
-0.914780731854081
-0.802533811861965
-0.686704170391159
-0.698147079183208
-0.923125494404669
-0.603871089118596
-0.702472609719571
-0.793971883774597
-0.793153529758649
-0.814369279906548
-0.774255228616631
-0.748520149912929
-0.74538516226486
-0.824589547830254
-0.867637286634968
-0.727114401652274
-0.819210819489064
-0.784005252641189
-0.947551077122673
-0.763343638080338
-0.793891768368544
-0.74420102677508
-0.750030446465089
-0.646378761178596
-0.811322764386572
-0.762270986604078
-0.636534200022883
-0.956027091810086
-0.729840488273042
-0.740998568688009
-0.837424627799133
-0.539807985744079
-0.650747896798303
-0.816878025390716
-0.702644037976544
-0.761038676414838
-0.742269504831326
-0.729172977569092
-0.707420537360997
-0.749864628248905
-0.740028053024624
-0.495127573221337
-0.706156401105435
-0.775039600717434
-0.682933533293604
-0.67321032114252
-0.578482812560275
-0.721182949279351
-0.862475257968488
-0.610405322451036
-0.649082213000696
-0.587154170535261
-0.616135915891058
-0.804219450849023
-0.730960545382188
-0.761490655200087
-0.637972265408566
-0.560584107084854
-0.596670632159538
-0.688440385968877
-0.677679871714177
-0.706964052006815
-0.699164165103287
-0.61758230170928
-0.658575171057498
-0.515151161085492
-0.614598417507685
-0.614362201870904
-0.668313003727198
-0.630951233624612
-0.745648119494173
-0.495925451433119
-0.605554793565804
-0.668822099914466
-0.529909043010875
-0.652777866797733
-0.656863195752085
-0.635411955092037
-0.686437658442568
-0.568321159690671
-0.699060345137551
-0.730750718929625
-0.429609913787713
-0.544707842928872
-0.540424644456737
-0.623192909523938
-0.64253208975403
-0.63174526828158
-0.63981522895439
-0.560918068705855
-0.6868399656286
-0.686962369900288
-0.595135468594258
-0.628837686369042
-0.680378796559435
-0.66867972341386
-0.543337967238377
-0.604117880204831
-0.430995575440641
-0.659960788395157
-0.617029093337221
-0.559458498701079
-0.678293363432224
-0.585626116231273
-0.543633806339646
-0.481891137248489
-0.407122497693473
-0.440381795677566
-0.537196173910005
-0.566909409147759
-0.729303248843288
-0.477630869565116
-0.50282339484289
-0.469722359261592
-0.647683984215853
-0.699680582427471
-0.489922391215002
-0.619593746605715
-0.564998751648585
-0.538868249438732
-0.569024161231648
-0.555263061735862
-0.63994729459176
-0.615950085548433
-0.548332408419897
-0.402240783362799
-0.510504300973436
-0.365910270015791
-0.562131527817484
-0.517416602040517
-0.560685386450115
-0.386095222079989
-0.7125159064184
-0.657575637612658
-0.526884693293159
-0.5940405356141
-0.519975707183003
-0.493381628447902
-0.478979185343437
-0.488741410032269
-0.55304196724868
-0.385079032979532
-0.517037066057601
-0.471157654094005
-0.338265881325417
-0.582933751932854
-0.424816006693154
-0.453633541338437
-0.404739014102106
-0.591779767651914
-0.504107200997176
-0.566537538961298
-0.46222202059461
-0.638626582781397
-0.59927417773524
-0.432974916686937
-0.450715545482005
-0.558178764768393
-0.418953405926621
-0.424701398581292
-0.522600308902078
-0.512723833906389
-0.369402615170842
-0.649486880051763
-0.494607599137797
-0.506291774665983
-0.430941127229892
-0.412398427681217
-0.42539514271798
-0.397177388381528
-0.390673970001674
-0.526834252635584
-0.412061878778765
-0.544330549391541
-0.639077383346488
-0.388378712492195
-0.504500881891003
-0.451671190378076
-0.383203807862484
-0.467958831049746
-0.526168707679823
-0.465990954259545
-0.434673414404893
-0.443421165372195
-0.597750892158271
-0.380079424592021
-0.416107043911287
-0.476993817926705
-0.448808686003687
-0.463346504931576
-0.317974704135538
-0.580630849435038
-0.256955793043863
-0.3800840296866
-0.448846466113098
-0.396827221519055
-0.437942127308463
-0.555890579617116
-0.346775502135866
-0.416135177890066
-0.412984382551054
-0.308202688659692
-0.551706321443826
-0.397266027674577
-0.402807811205275
-0.381185137109823
-0.394100489925608
-0.46166790029897
-0.343095932520869
-0.363440681105721
-0.375258494359334
-0.434229573397547
-0.407308189408749
-0.383656984019116
-0.342590712544745
-0.33651245481868
-0.419919160940054
-0.329939259431651
-0.368327109566581
-0.38986880240547
-0.569486947063552
-0.353969595338813
-0.26707711717867
-0.379817693496403
-0.312307927721323
-0.40122225001334
-0.377346532589231
-0.422301444231563
-0.438027787905444
-0.448856604028862
-0.443157747271375
-0.286420581807223
-0.301834994006695
-0.397599297991204
-0.410142208678918
-0.313465057927263
-0.195336773204721
-0.549739542093275
-0.235464501458165
-0.319700485119578
-0.205677291619642
-0.17403294414672
-0.264032025737106
-0.32392412577065
-0.328544567738901
-0.369019583625951
-0.343503956015529
-0.324636903940298
-0.156742825828337
-0.395960825596871
-0.479483144881869
-0.326024907291272
-0.304171317143296
-0.343571396099175
-0.388799322016067
-0.14420573349627
-0.392992839989668
-0.342306869118959
-0.37614637621303
-0.190282956309361
-0.29434973485058
-0.275148226869632
-0.279008925671318
-0.341963998071038
-0.273717882145344
-0.135382854062963
-0.29251571009772
-0.223565052281181
-0.324300057595671
-0.380148988359286
-0.233938488155285
-0.265517983147114
-0.285124890564153
-0.233503592892748
-0.308420481820529
-0.203751023268152
-0.0819894411106822
-0.101108918102615
-0.146740773193849
-0.326880677087883
-0.21445552007377
-0.187853985055516
-0.182912910369777
-0.0818005093790438
-0.22897408063414
-0.208817040951592
-0.291136447019582
-0.232806398125194
-0.220658972253733
-0.219728152121909
-0.238922930649643
-0.209339344908997
-0.250291208966158
-0.234224086930826
-0.0767042738899217
-0.306910731233194
-0.262643775453504
-0.203010428524887
-0.23064004635711
-0.213432598067881
-0.177704551627224
-0.14566790499093
-0.418998934120295
-0.227948305024144
-0.153323327915676
-0.131491274740898
-0.173141147124259
-0.234523666047878
-0.17487582200188
-0.151054026317611
-0.123531674901538
-0.225184712120632
-0.193314345414146
-0.125309878385929
-0.205674830934903
-0.210826621244509
-0.0843521114490959
-0.09824902222953
-0.145758346539049
-0.11878406591687
-0.165145871719733
0.0386843624724283
-0.268380547269551
-0.223680435641119
-0.13721087542821
-0.120940965911633
-0.216848099075212
-0.147491222268626
0.0802619621529162
-0.0680298790000192
-0.215082116520232
-0.19349716038545
-0.136482379240748
-0.0394963231851798
-0.159438939925608
-0.148329668829902
-0.181323228189802
-0.0333934766199567
-0.0184346701947393
0.0264326914914817
-0.165920405644992
0.00902614560942959
0.0218002240314985
-0.0812795390955132
-0.15693080744699
-0.162475273589012
-0.115330127457188
-0.0197329839716822
-0.088558806810362
0.0827866921037679
-0.108098769568539
-0.127013185154439
-0.0125956291557754
-0.0444930449610198
-0.0836063039663887
-0.0275106899647915
-0.155903051861478
-0.208302581685256
-0.0884011773242839
-0.158436506185431
-0.0760773164855462
-0.0755106315769994
-0.230541987739764
-0.062969820238464
-0.175521074163639
-0.0118665981506945
-0.0330987118947778
-0.0400877014876073
-0.13741890246344
-0.0416804310708284
0.0249006529812559
-0.10096099414102
-0.0163886329022032
0.0789407415225912
0.0274652710408391
-0.0610311963193782
0.026845672615521
-0.122244471427878
0.0326040504039344
-0.0208283660486573
0.122990014642036
-0.172397782069979
0.0184915228795582
-0.0619242879509275
-0.077948387784403
0.0447084327032383
0.0396630119155092
-0.0588652271534768
0.0176504846568155
0.0313024963362968
-0.102987711276949
0.125053083601763
-0.0487567122428677
0.10276967016442
-0.0260148467382067
-0.0200661711044726
-0.0290313766480668
0.150037311653792
0.0570681240627236
0.0175543790329393
-0.211340211443744
-0.0563451134210516
0.100984945300523
-0.00054386000160715
-0.051324006317834
0.0910386604460791
0.0690490748762382
0.076825953703806
0.13305700657326
-0.00600456191292713
0.128130931297446
-0.0425358167757336
-0.0243893016184703
0.105495513638264
0.126281491889766
-0.0404580722054227
0.0317907579853787
0.143952050906889
0.0963042177369213
0.043388792740212
0.13576405159469
0.00330201791955625
-0.0316187097875895
0.00619623262013794
0.0594894398532286
0.0822190986659729
0.151364634742736
0.216898805865126
0.253204723845918
-0.105035958367173
0.183072475604555
-0.0271006305538802
0.00360424108795584
0.110447495055334
0.184029214448285
0.0260667076423834
0.215274569823734
0.016158056682012
0.0419501476963155
-0.0901996963244948
0.160069371291108
0.151360777700163
0.138013767386481
0.051800392242529
0.100860275608381
-0.0643058403932228
0.00342888976982684
0.0656144752831022
0.246527865209205
0.122439704516309
-0.023612592187871
0.243272569654347
0.0802441993122236
0.0836377906126081
0.239716354734016
0.147565595631779
0.16602421240582
-0.0344371343052658
0.0362418659924728
0.0323684356381598
0.218146831135366
0.0805083434346861
0.207344581182777
0.0290037937360332
0.115919813767091
0.241126355703205
0.0947681196101167
0.0620181550575645
0.221107604153076
0.217490521579762
0.130722656777214
0.134314208078658
0.138379246290313
0.0900405733888193
0.183035994367107
0.23397453696734
0.209853520974468
0.0875275207738326
0.151411196014851
0.0877343310708315
0.0896489966717337
0.156822624999406
0.278030978552562
0.202445283496326
0.218587473433535
0.0560754810227226
0.210737771001968
0.171636178547046
0.164661622679165
0.179459394623332
0.0788020907289967
0.215776697478496
0.223231933598139
0.319307552039306
0.275666180952274
0.259929481476335
0.162722022898237
0.152848203786064
0.157892325934497
0.117196854843653
0.313462304845211
0.185662660161911
0.312871558586116
0.341482451173931
0.383263588875484
0.139533611794049
0.227693460563661
0.258219412795238
0.23417165179689
0.104915168291397
0.23976301752176
0.19669925734686
0.0702820977887551
0.288950060462685
0.124959486814105
0.132138462204885
0.254354094392858
0.27645662848849
0.316757927253218
0.414132008006325
0.115228263486573
0.322002221530504
0.290669479993143
0.196282145445335
0.125672709097024
0.20807071751075
0.246194708088554
0.244558980289893
0.322994319118779
0.212865961309735
0.27834440811956
0.405994561701958
0.273938355362696
0.136521669033039
0.199246974662759
0.18342138004258
0.300464744549252
0.246693693724153
0.344669904034309
0.24638346587326
0.302871439586284
0.273698548582165
0.13142472035239
0.265570797949844
0.316749327720718
0.342930821980856
0.144939824898297
0.280100746674913
0.250635050198885
0.460616944522084
0.353765630370847
0.376529856670478
0.527042912739665
0.364655290093091
0.298223824703839
0.230938080031581
0.369757114339925
0.462942576277005
0.310546828232856
0.181326811285792
0.383385516876394
0.410516968777748
0.360276729097166
0.324316510474601
0.21910964574067
0.257471181491805
0.370906336821446
0.338106563235217
0.282294269751943
0.32910403790636
0.483718413778714
0.471082477254777
0.277249087178679
0.274557362915945
0.315932301660256
0.243707860944679
0.377307820047958
0.230946972806305
0.443394075556672
0.370837908786284
0.325612039343872
0.429857900909879
0.443528391988578
0.417613092570325
0.463087432599325
0.522070938659862
0.432838220200789
0.28285355297892
0.367718098744231
0.386468314483206
0.43551813127214
0.3467567533859
0.230493797386381
0.302700347254237
0.443192399465087
0.366524795507098
0.438820471917861
0.456205402141437
0.466513324142492
0.341551922055167
0.447266272715767
0.266202355145836
0.457922717199533
0.384839874886985
0.605474439063569
0.569319700694248
0.387540477474139
0.294376064468933
0.35277937751139
0.440120729810739
0.421394943299948
0.421333551600976
0.406513723773012
0.471892772345271
0.597088732189355
0.474161190862098
0.541133389494553
0.43107503423505
0.290096210311599
0.544978810724399
0.535691768173485
0.491116638971294
0.428894764533634
0.268982279603992
0.278780111862383
0.410128507585663
0.486820183509339
0.443489624997285
0.448164713593139
0.333316240173643
0.373956128153386
0.446725585774045
0.542030891573017
0.510732106849509
0.3263880017458
0.51013790258363
0.374541020799782
0.364919853197451
0.378693254897701
0.534517792935451
0.549613429544321
0.29159276835357
0.391318483519851
0.52286388365095
0.543621797510199
0.48915325631653
0.530698058814168
0.418023769852929
0.460679745665043
0.603730943196966
0.360078581040714
0.655585662658401
0.514109476011301
0.373098434466753
0.457646176694307
0.611807066752126
0.591533404424719
0.558341832214035
0.493604804103883
0.504433592686591
0.597059267118043
0.563842320302443
0.621371475321849
0.567187279320138
0.598777196578838
0.48260712944399
0.501471966475496
0.513427290031589
0.490885364783438
0.794669891687998
0.601648485152908
0.48671332792627
0.37268462533764
0.541252846988299
0.661029771668254
0.507374549128807
0.643055775967623
0.44886290364287
0.577188205918847
0.725515460497817
0.592857012700811
0.585428844003161
0.662237361717461
0.60880163052541
0.554893125132196
0.766161064076345
0.490126372696577
0.638084998019147
0.52873471322642
0.574926450147059
0.547268365918523
0.667208779284178
0.659592776055273
0.616198684717399
0.530297007897725
0.617658832110338
0.4836418447689
0.579689595945199
0.712786452210639
0.59101102897798
0.609396360294573
0.572965099391417
0.523462477527918
0.651944211571519
0.574846285219214
0.832757255289515
0.618003894776568
0.489745165584827
0.593297340818672
0.617030225687581
0.709072630948804
0.576193132984638
0.70741269601184
0.64775385913275
0.776356713819147
0.660304503215646
0.725041687284575
0.638942267737565
0.730209297984488
0.663015693696653
0.571424779432421
0.763183630624215
0.600995363234735
0.661318235303898
0.785137236706189
0.743554331847374
0.728635396222473
0.738057631986395
0.614292867674992
0.524857192503229
0.729236251858694
0.593256107159881
0.617033416832929
0.801953433264767
0.687888510567774
0.533138855598794
0.533517969743363
0.792225104974144
0.530034357628967
0.715681552958247
0.611461284157446
0.844011508211626
0.732036358597297
0.690249989370506
0.728907254583692
0.705668068824945
0.754464138897134
0.83719265285665
0.642133155704255
0.726276589957912
0.850934731103474
0.875418459039506
0.716894343851386
0.790587751284652
0.809184558217551
0.673272217047869
0.813691076963442
0.714206283290635
0.679518296060265
0.691494448788045
0.817548177017084
0.802519306564957
0.680463897567426
0.759373251284677
0.731956000481987
0.730848564450439
0.693500828367113
0.702652879440733
0.8922816973853
0.83276436382081
0.708844615172272
0.782643413476582
0.780878796715993
0.719980920723884
0.789834259044443
0.810665461614766
0.738363126628381
0.884631404156402
0.829195998016651
0.874481535465909
0.855935156577914
0.670351643940081
0.810456841265826
0.811130751006553
0.729352389301934
0.881330173510717
0.736380843511642
0.879365111436185
0.843833124501041
0.970970761923061
0.868306644472871
0.847380246937276
0.732825182373871
0.739465763101895
0.731462561379029
0.837657045645106
0.868620395194945
0.722782722347695
0.892890651080082
0.752146660462544
0.929910907531633
0.865861749703718
0.67742719639887
0.903469654360575
0.761033761274839
0.673979414948563
0.734948417445543
0.740651471247613
0.941318255282768
0.971755991746522
0.924480146566905
0.786987726396657
0.78644784163524
0.759435391833764
0.972574041157612
0.828393424389051
0.874281890661645
0.808071490068063
0.863608888815389
0.78002598174341
0.863558273998568
0.857484007213203
0.819202669677307
0.791618142576329
0.974808963401483
0.725499978066297
0.999241960644167
0.888657339355231
0.830593943904519
0.801018736398507
0.731653252643024
0.719284255828066
0.925685984567692
0.878203888586797
0.895192769451741
0.996406085317367
0.858460374507859
0.901643849752497
0.952924041312958
0.854527229278854
0.772294580884813
0.891076036829626
0.895187930295571
0.949177897607943
0.980890312671957
0.973089948218689
1.08295614407815
1.00522627170616
0.972610668398422
0.874169890418002
0.97341463142023
0.978175510142384
0.892101599912312
1.02479733296675
0.843909139316124
1.17088627877739
0.998231038687148
0.775187582244016
0.975142500886431
0.896219101681863
0.746269248322993
0.914048013350612
0.956203815447507
0.914756400831075
0.824829295107752
1.040927461793
0.964236747523949
0.997061780602894
0.935038414017136
1.08150296735787
0.798716422011499
0.992543797753758
0.908106945035888
0.860994074459975
0.883373186241666
1.08661066991643
0.907095363715669
0.965709294159893
0.993728704797412
0.915868128232184
0.946038460861336
1.08417620656917
0.952573515613427
0.936674743808368
0.923492119640787
0.993693687982295
1.06312779974208
0.992033235830135
1.04510159743964
0.916232545515917
0.961483066012788
1.05463769366264
0.990577792356243
1.04714071932896
1.02175080185597
