-1.01302878083908
-0.776209714974075
-0.986152801867101
-0.855014809012601
-0.977222807186989
-0.917408534346266
-0.845591967717582
-0.908544422255109
-1.02435672610625
-0.919835568109671
-0.827107226222149
-0.886891484851773
-1.0495828907921
-0.970018719819034
-0.910023520920595
-1.0058123556899
-0.860740109670341
-1.05783965220811
-0.878773102073558
-0.908035860288482
-0.900547188233857
-1.07036075024772
-0.855999644576618
-0.832524587825767
-0.937721672652775
-0.969305416540139
-0.878095118874127
-1.00263621425772
-0.744338878558506
-0.932802724844005
-0.857665086425539
-1.06671576896734
-0.99196269458252
-0.820980939256598
-1.07612103186459
-0.871961392259687
-0.987249849775749
-0.815113455512173
-0.911816542349093
-0.973106259918561
-0.824069270321502
-0.91542547582521
-0.957037080221227
-1.06294027799381
-0.951663612233611
-1.00128794076249
-0.863421214597867
-0.93991529632464
-0.90340576214419
-0.889433550465717
-0.954577624126281
-0.816879257176159
-0.887299169723998
-0.701431040976498
-0.960206465553138
-0.759331124961824
-1.09001929052762
-0.916009128381995
-1.03084427546516
-0.883299203809104
-0.899875205156141
-0.823687674361326
-0.82733616350436
-0.853234424413191
-0.812098307386817
-0.979958599613819
-0.823574005155971
-0.884805012274959
-0.813003496675331
-0.745112087415292
-0.886202584621636
-0.805986878035807
-0.781574802376854
-0.86489010662088
-0.8987216726725
-0.875105590180471
-0.890969703856816
-0.804906655231658
-0.834790637536681
-0.962057183036446
-0.694069653475232
-0.815434996485125
-0.930533051263294
-0.919427892435874
-0.950508178658966
-0.783947842957069
-0.825325072856895
-0.998093590581583
-0.958310204225989
-0.750964123931961
-0.891654161136936
-0.826497037007755
-0.952649679930792
-0.757294342703852
-0.841300023392453
-0.961395658981651
-0.800500636561604
-0.773753753155037
-0.837282140225066
-0.772613319679969
-0.829778849776633
-0.797016689568986
-0.698429514995218
-0.786756078067545
-0.880369874581031
-0.859212174909595
-0.856160986183785
-0.828564218610218
-0.715648657166641
-0.804549497169258
-0.734441927306551
-0.777847762069745
-0.837908129735914
-0.768599671509907
-0.852568193515978
-0.70961610868284
-0.665154088869066
-0.766301238361577
-0.83702404794052
-0.778470330819654
-0.876927144516133
-0.696995225602742
-0.761535189088618
-0.776180980727353
-0.824054883094141
-0.717800030460312
-0.698966092875619
-0.735870716407983
-0.686306494855208
-0.590487621835002
-0.822307630631389
-0.91924041794734
-0.665444838608961
-0.776872943527344
-0.588353866142603
-0.700596700079338
-0.730478670218194
-0.498378823448431
-0.666527085175769
-0.652798262403049
-0.728906739985359
-0.678262840750685
-0.536526395831951
-0.67482501840075
-0.758112134091548
-0.683174971796497
-0.728146681102053
-0.556810760922591
-0.739021286573739
-0.687559565145501
-0.695235427508866
-0.892598746020923
-0.755235049799974
-0.644016091137252
-0.62505441920105
-0.676154743440945
-0.639162945990813
-0.630164558313614
-0.772934345387689
-0.651338028694347
-0.628378984728203
-0.585657285927782
-0.70974688897741
-0.643193143086737
-0.586017303143002
-0.60354233543255
-0.654557794910888
-0.453657811176578
-0.609158033711622
-0.611664774880187
-0.572035860197569
-0.557593643756669
-0.661901522293827
-0.535907229252212
-0.767179723417471
-0.624180090908832
-0.707675894915429
-0.518161102587734
-0.554803563385067
-0.700576532285609
-0.566432637698409
-0.514968418365144
-0.657677097579533
-0.513814454953768
-0.524461604047717
-0.820702123382572
-0.681154157887051
-0.529872625929249
-0.637441455018662
-0.521860104171058
-0.635316806819497
-0.605450130963844
-0.619672720683464
-0.760240611123828
-0.666277364748923
-0.704354415642377
-0.553068423001575
-0.77124036507206
-0.662181010924664
-0.642230542778866
-0.751069623598361
-0.681711315024896
-0.540671331119006
-0.509376110278029
-0.70030298861364
-0.621061895716367
-0.623270744065094
-0.591925359463307
-0.527761199697542
-0.658322680460166
-0.637833626232217
-0.496222266647484
-0.467810364853969
-0.498419761836918
-0.531079211810586
-0.5356940210375
-0.607866147035082
-0.463410763160934
-0.540186465835697
-0.513076224107564
-0.642730355297468
-0.514701743790166
-0.593806665149649
-0.494016473767646
-0.685989057319358
-0.505217179402911
-0.529328224385649
-0.538928799491751
-0.531236002047534
-0.656115242187121
-0.603054693484298
-0.585488166285163
-0.53642601155494
-0.723275027210765
-0.528173243861404
-0.496473923592126
-0.562477476531847
-0.393387543630604
-0.558534754121961
-0.64688903295845
-0.469747073087899
-0.558803893009053
-0.461760304784913
-0.595318157275555
-0.506027920579033
-0.450623047414322
-0.416848996204095
-0.622823645359819
-0.421292649097308
-0.58624936999586
-0.471309732170451
-0.549342144936346
-0.368439229819967
-0.537906889255668
-0.34809064611319
-0.362348967145888
-0.435912599028599
-0.492445641035859
-0.510991765010971
-0.393412006026365
-0.481362706418367
-0.444447647749834
-0.482337625361674
-0.419719492427608
-0.469690710070584
-0.597951462368779
-0.360055643748739
-0.476243043803665
-0.369519705663337
-0.517285134641433
-0.441304526582919
-0.341938922538656
-0.449219861263882
-0.481156472698242
-0.585143157148706
-0.45874351360966
-0.412879471943574
-0.482066576743701
-0.31498667877515
-0.388328862534769
-0.514265860985784
-0.432444836605756
-0.377822845168085
-0.34377193839737
-0.264843179262517
-0.27722769729218
-0.421405749029914
-0.38634797743188
-0.345251104994363
-0.322147768789538
-0.31523348816867
-0.440115837290693
-0.408842138547062
-0.421523870355795
-0.331553954565048
-0.441470689813368
-0.532057140845513
-0.351996842367205
-0.199500942333057
-0.4272130559829
-0.354554875202802
-0.365218752445004
-0.362633442134229
-0.459191517203398
-0.355177007348327
-0.451258506680751
-0.458664672127763
-0.509701721663838
-0.36133434371746
-0.449369715333304
-0.343953226202495
-0.432296408020064
-0.426568799165354
-0.402322945876086
-0.396798092205957
-0.362068213216746
-0.519155419646886
-0.341377721529639
-0.354954892432942
-0.384310876308315
-0.362010052072715
-0.505535356486883
-0.392850019086155
-0.237625980067833
-0.351982119393471
-0.390067881735854
-0.266481216885553
-0.381768812755798
-0.474063939761611
-0.324558962692706
-0.326181578394433
-0.281167104871099
-0.235100026485423
-0.430879383121985
-0.394728431642207
-0.311092991941592
-0.388244596059334
-0.303586340503204
-0.264023209343904
-0.33128375185097
-0.327118955713599
-0.448555779915273
-0.218608133495056
-0.186069740196672
-0.246130592024723
-0.277424711363038
-0.339105151128465
-0.209427808566244
-0.259890766621532
-0.442333587288332
-0.207673962177513
-0.270127751368342
-0.430744001187108
-0.324720938159102
-0.316819131410368
-0.240977104063501
-0.260607138639588
-0.28086348125207
-0.288898042540042
-0.419826156491538
-0.249892153574719
-0.18120374419884
-0.32315595913232
-0.306854136445803
-0.364870826808682
-0.244593790979906
-0.353243812038264
-0.398529796341838
-0.310311961522107
-0.114748801907329
-0.305825344565178
-0.195678554352993
-0.296989255167228
-0.196578257105925
-0.289539168804883
-0.251228157232269
-0.21437059301196
-0.197840794560576
-0.162102033648167
-0.248579247978176
-0.396077863473563
-0.160785012737922
-0.230334419848293
-0.239463127534068
-0.194491251412559
-0.351888804656826
-0.166032368626945
-0.103091737972124
-0.38740104516176
-0.245486948525848
-0.231267348659417
-0.123625048479983
-0.227264776069416
-0.276618809454699
-0.25202893276442
-0.401166093904414
-0.15700795783279
-0.262806890953004
-0.155120823504976
-0.203777941235585
-0.278919351790083
-0.133563290661143
-0.250174836417198
-0.258226431429794
-0.162304967091486
-0.107913618485834
-0.259187247705753
-0.118700675007589
-0.188042729966895
-0.0795158718442668
-0.139356325582672
-0.138502621591696
-0.287631550751093
-0.173770630440147
-0.266869502884193
-0.244998497687338
-0.0878337530687286
-0.171365165412592
-0.11592777047802
-0.0967365843042246
-0.201072184134156
-0.0360179212024113
-0.188508048751481
-0.20208427205646
-0.100387436911231
-0.162871786413475
-0.0398293538322466
0.0393629975661551
-0.0763358079886832
-0.176653822763143
-0.10811126916609
-0.196254388604652
-0.0639560934266083
-0.115240120426231
-0.150650549197577
-0.125856746147668
-0.107204084257046
-0.0670231077216976
-0.170799973688709
-0.286427253802916
-0.176919608238058
-0.107183884545523
-0.0795210236179209
-0.0506125130893695
-0.270210984746001
-0.0526808717228615
-0.0726633235891237
0.0289082178062519
-0.220699616626708
-0.217174670427355
-0.025198707235211
-0.10064969397817
-0.0940640699172415
-0.139485839258606
-0.0953576676001288
-0.163836038484591
-0.0307846993971801
-0.191761164354188
-0.133821387539343
-0.122639165500439
0.0334966833609626
-0.0112832603646457
-0.157584685261586
-0.110113971163302
-0.182593376204578
-0.0974612897238184
-0.276054697005937
-0.0855452511228321
-0.00455245399347638
0.0308242811327853
-0.0702400216885354
0.0584922514529375
-0.168394993168705
-3.63399121341135e-06
-0.0238898887433753
-0.165512559196931
-0.173914990163065
-0.219262317768247
-0.0190484294846598
-0.147808614890761
-0.0285608798190167
0.0306038893993027
-0.00648272763410277
-0.0421936391301225
-0.147504961110171
-0.0332679747004777
0.0177112855906882
-0.158079356495445
-0.0938289215566238
-0.111195662056025
-0.0941372164455437
-0.0147539781894935
-0.0618480528192111
-0.064960509452354
-0.0457320954237284
-0.00140512425153376
-0.0775027751108706
-0.00863118290425494
0.129630694535069
0.0545500837112839
0.099681699683444
0.0572354606857986
0.301160501452571
-0.0747870334753824
-0.0278253963243321
0.0439425064575746
-0.000339892275737894
0.0453429603335629
-0.0331926640578149
-0.0298342006587843
0.103134553398088
-0.0630931489158547
0.0546522327617745
-0.0221912255607531
0.0665612641286531
0.0371560316506121
-0.0154847609846742
-0.0759940066406528
0.0989836207747394
0.0243840574365819
0.00870279671491792
-0.0307635440787746
0.0861649254363443
-0.0145549125155033
0.0321039887679146
0.0536476943155203
0.0122736017179745
-0.0815663206958227
0.0569707711461623
-0.0338951339789265
-0.0590190498040254
0.0862452220930082
0.032580594956593
0.289976084881124
0.0131962642246851
0.00262687577709848
0.0746873656651556
-0.00342854425146433
-0.000913546587719877
0.16761659192371
0.114426806854992
-0.0350409713662333
0.18571478089661
-0.0190120128739765
0.0280459437504168
-0.00654938276679795
-0.0150258833330549
-0.118486337910243
0.0346963563699304
0.016726450587777
0.136157408439825
0.00926081624050405
0.00165913160541326
0.0186677021696994
0.0986785310619904
-0.052928563579726
0.0952987819698067
0.0996441650773055
0.123854011081585
0.15176173215817
0.106044915431963
0.0435789733027154
0.13372439002668
0.124280710158487
0.0460435602543062
0.271190689277595
0.138353564705766
0.130685255444128
0.204366405571541
0.165690997979667
0.242019203767649
0.128703782852919
0.244678292504392
0.249822587159704
0.142264615724532
0.214860140451639
0.114463943884581
0.0890449322550113
0.096052544333318
0.228135613553028
0.154923601018112
0.039852877124378
0.190474540282864
0.047039288047257
0.0810916841020496
0.184865493376675
0.157192341819581
0.159695805594666
0.0778279569961884
0.0318101996509883
0.126262626263004
0.175173956712452
0.202142827281213
0.0714515415240653
0.0691107496828313
0.216226822106217
0.333605145303529
0.188251440599716
0.188932210826552
0.20345531937238
-0.00415852243365921
0.247341730232961
0.202559172237681
0.353033958761519
0.236494915430619
0.334407103507758
0.189660390947258
0.328584536236819
0.228127552870387
0.076892741908849
0.256724781491933
0.294157929033235
0.134579023248651
0.199775328571897
0.142941042428841
0.258420089718901
0.193242839086885
0.393489621037012
0.371437550439963
0.0669001230457859
0.390096904010628
0.259230599492362
0.166540935340356
0.302976178831925
0.346649890973309
0.0972896279509678
0.214834685022175
0.16987728655606
0.162023582924469
0.134411800125026
0.283859561401167
0.351078067011666
0.283748943640059
0.311681607360537
0.279261806528654
0.183685239630252
0.282986137662024
0.16722466379801
0.231538536656989
0.164822819722803
0.458011366608809
0.323880802671205
0.198422405012293
0.28537642635595
0.332065650565298
0.231527495507754
0.266040311100731
0.390281414591502
0.133693129333348
0.181742923792613
0.425587029276347
0.327453652988956
0.508904717415648
0.334689403803563
0.370865455166943
0.349027033811846
0.27351511773845
0.289988495081821
0.293897135517434
0.372589092243155
0.488096743229022
0.279549284276681
0.369390744626415
0.352706810663103
0.359330191467244
0.426147966954224
0.318093776269525
0.193167036353562
0.40870989177443
0.359084688347353
0.165439091670423
0.531973289755881
0.382389798214234
0.33757874278268
0.338325688829001
0.342502886815832
0.479121290311852
0.387057903385104
0.509579152697411
0.364456778428259
0.39841684524206
0.439501778615179
0.411417285194967
0.459866569807438
0.387650379101851
0.478221189906009
0.460388425949721
0.428131024750619
0.361733904354009
0.244071842228661
0.392706104592015
0.330666692588841
0.398371207598195
0.323268041704674
0.445181913616212
0.266822655455529
0.398885552859642
0.468049330761264
0.433867232216446
0.420399046920858
0.409623525282289
0.27743838809756
0.352671857159345
0.320307977039354
0.468854444110486
0.500479983089247
0.451525155800763
0.442746474267977
0.551989114989194
0.456788844516302
0.43943734440854
0.521352221580874
0.551931585340183
0.516792164776162
0.393300210352668
0.451386551752182
0.348490516250297
0.345277931207505
0.431832303028582
0.465239075164007
0.552441226070867
0.408368300313585
0.450592560621177
0.426158021793121
0.414896733887543
0.467002466665768
0.396723062606797
0.43112257289778
0.566139533953283
0.578427143925173
0.480351971510637
0.4287914209474
0.450962867580643
0.510033418383337
0.377110688665032
0.502604144870819
0.323837300865203
0.535699190948679
0.51969309324233
0.477507997543453
0.368990558878704
0.582489507280797
0.382908176629643
0.652442487148276
0.704286615912672
0.718776806108921
0.398039934890052
0.388222162378869
0.565987612560258
0.452693174425963
0.433192814647431
0.525552366098324
0.357717920435976
0.407636872510083
0.51479805654677
0.442590785025778
0.47877688221424
0.356248946366024
0.505159186374658
0.59135539385066
0.509371488173803
0.369724716664167
0.529176327631338
0.575993130968845
0.400476473086402
0.427093972605243
0.388551769081384
0.562293413469821
0.46905681158997
0.543806362121995
0.572278884126605
0.569529798490008
0.415234669281145
0.41216664856593
0.685973624598303
0.558105414495503
0.603778968521121
0.545273425266804
0.455683695209818
0.714496717457671
0.55998289664643
0.597996678266101
0.388475840939628
0.718332517920726
0.527802651841222
0.625747870956486
0.600696927334667
0.592326908264517
0.502707490457448
0.552770330358538
0.451617819357995
0.633801372746613
0.686377133082574
0.667833313633144
0.532097011147084
0.51912406846843
0.392955155093005
0.583345325195866
0.52581583793307
0.661980710323142
0.582025541133513
0.654230709193785
0.692577509195468
0.631398036292146
0.488219888495164
0.713161285395534
0.731829750941644
0.62706899833001
0.457302294248118
0.744837227681902
0.69312630741958
0.551522049494163
0.69424739580726
0.568978395857831
0.446513613740335
0.550034501566672
0.518544445369063
0.564462080868792
0.652167135262445
0.697516632499709
0.523519098802737
0.69526279000555
0.476274699552721
0.664493988903454
0.680919519197301
0.595909285890187
0.670736244324986
0.585985080400146
0.82394024784667
0.748973754606737
0.70517098997517
0.658331488442847
0.691838054552548
0.558021684059016
0.687292125736618
0.630619437611572
0.374115848981443
0.730955600414499
0.620702969209186
0.634160737201568
0.55299283187736
0.603216398293398
0.734229941346316
0.751638384154221
0.537766239123032
0.702317319517623
0.687461468320594
0.739489444583618
0.621273034396712
0.673551927173378
0.560437464088593
0.782867904369705
0.834680558297201
0.874163306966717
0.712388747787569
0.809830691479763
0.660458653870519
0.836715140181697
0.698220422454305
0.701798030539264
0.766938579674442
0.701315107532235
0.658999242090157
0.7800427077086
0.732383218308073
0.694399109388831
0.650038365481433
0.643476576970307
0.752489993225482
0.902726139159111
0.812543796253533
0.958027035215348
0.869013829382271
0.775093226424257
0.799130865457946
0.830220317720929
0.733680628441562
0.901527620101789
0.864222986609088
0.729734350639148
0.646774258312986
0.854183484993636
0.884232242425549
0.705646929924327
0.759512185243017
0.756210334264179
0.809112527173178
0.849504603391347
0.588960663770128
0.572064603783506
0.785073226652741
0.746475561859693
0.814604966566816
0.724753456661908
0.716596490611798
0.795557146291003
0.73959912927197
0.656338947955647
0.849987511192463
0.774516007626431
0.7208203537788
0.815179407429559
0.753916867869052
0.751979789220346
0.830663113193256
0.889317973335121
0.866882288492525
0.828390141421743
0.822064497326002
0.751976186652185
0.960361850203425
0.834009083615118
0.829257883147634
0.866809143383088
0.692411284353947
0.823175259682623
0.907820819351596
0.828267588634151
0.831428817897748
0.744785719345477
0.806066335547173
0.785748899255081
0.785371884002813
0.838309536724217
0.711382192774912
0.814441455791126
0.797877858355165
0.751298492112422
0.919773074396326
0.765187353183525
0.81106576731277
0.945438044345016
0.946179950516627
0.916748618119149
0.828074075137324
0.924045225533852
0.894143296529049
0.867884687651116
0.797943443235157
0.80615435783273
1.033259931199
0.930364634352714
0.81167536165874
0.861162591964039
0.910870416754472
0.972976240619376
0.912888812401898
0.919729162054607
0.790339060659233
0.926090769736655
0.965989397620523
0.875206858107948
0.883791259105248
0.917320597046245
0.940121765641292
0.835199503077758
0.962894137302821
0.891573271746687
0.807129045451714
1.00986682705952
0.927559696855379
0.891356848995523
0.959445868756242
0.867522280036002
0.921845634231847
0.851472438136352
0.95258223364628
0.993913014117564
0.996317729404113
0.972031979964788
1.04119595129092
0.904126234134665
0.946393829718718
0.772130146656611
0.994807034428484
0.987113013811183
0.960511037022477
1.01183386938798
0.977670028693591
0.91350060732704
0.971077965386858
0.971087594731385
0.914990799260712
0.940969290863644
0.996057774731557
0.941242380948048
0.921068622385636
0.956871022841364
0.974182124566512
1.10209293242746
1.09911280498662
0.865974063343493
1.10230617772257
1.06589707829359
0.975822550441364
1.11321626147332
1.00016551536925
0.991627275521349
0.984794469054316
0.768188872249912
