-0.992958234800176
-0.881930862068214
-0.90089666171344
-0.922151760970958
-0.785440238386184
-0.976201847714119
-0.969927976550311
-0.967506420475167
-0.939987195717708
-0.921633366949477
-0.84231625703667
-0.904988810707476
-0.892941861406219
-1.08109179407502
-0.920464676975788
-0.922797813965938
-1.01862440079372
-0.899506589636956
-0.851874195150119
-1.11288389072103
-0.951145227881027
-0.937926368077631
-0.815320615907872
-0.943485672760586
-0.912942349304124
-1.0092811941463
-0.906995256634114
-0.900404099869625
-0.903176619225225
-0.896897160547115
-0.983963795425562
-1.1450749928635
-0.993940117726545
-0.947733380277168
-0.970264638413053
-0.992701827963458
-0.915492487102525
-0.87549959392412
-1.0891595685358
-0.905725785825904
-0.963854416224022
-0.814097316176973
-0.859635470525633
-0.89191049331559
-0.829743788724019
-0.982380919311839
-0.95791534094831
-1.03771641676364
-0.92628125257934
-0.841554241999223
-0.908049720452914
-0.929597524625741
-1.06193726514432
-0.937790332661768
-0.687876929482773
-0.782827808489054
-0.985557477716541
-0.853987133489046
-0.897009925482808
-0.803197225710273
-0.787621727953006
-0.945009748174327
-0.683603755298837
-1.00669208065657
-0.987527619379232
-0.792210343285424
-0.782222770836071
-0.859329838589777
-0.859323723120956
-0.85627164186129
-0.801950111568813
-1.06217627355848
-0.953728736840148
-0.829985658967186
-0.877760876158189
-0.776264594809841
-1.02623433546642
-0.751414342883805
-0.785584411334526
-0.753793466701306
-0.789162330913331
-0.950945040390048
-0.733208032879136
-0.78888623779226
-0.910800138661353
-0.878797917011821
-0.662143605973928
-0.837021498322078
-0.788012345660272
-0.79502713231707
-0.944868042526952
-0.591594128941098
-0.774723021440389
-0.823907665262069
-0.708588267946057
-0.815075000534201
-0.861202886864405
-0.873857423848239
-0.859744996220038
-0.596455428225134
-0.858281342698648
-0.73847567347835
-0.705473229483872
-0.789439631449851
-0.992480723351131
-0.909332659404284
-0.779082483895853
-0.67417354040142
-0.710916471157696
-0.928473854775301
-0.62238927573814
-0.690594776857086
-0.776733172666701
-0.784271422662784
-0.801312943516587
-0.755299588953282
-0.742965615542528
-0.734806604180256
-0.816512041752129
-0.864004462785887
-0.724430011425488
-0.805291571257652
-0.786446932894784
-0.96049603683152
-0.797930094142863
-0.78533156685269
-0.732959131708651
-0.776199368322014
-0.656031938997128
-0.812618178458166
-0.755224181062875
-0.630237795274818
-0.951420844030519
-0.73095020804246
-0.724207606498374
-0.815675837832504
-0.55196105403541
-0.671816348569778
-0.804292103010301
-0.698141341986854
-0.780550120612982
-0.723853512171744
-0.735667975641911
-0.712045354213749
-0.752677231981316
-0.735381336608023
-0.494359803030697
-0.697613626528342
-0.75024821247161
-0.695714608558399
-0.669119677588869
-0.571497069150753
-0.726192512400815
-0.878520217703365
-0.620829204090532
-0.658325869533953
-0.599604637884966
-0.624792939796083
-0.811330500624375
-0.732636952393934
-0.768982418624169
-0.643604741767107
-0.561854486889348
-0.603152894281038
-0.683016476266233
-0.671502192354594
-0.71764188665051
-0.704482200460172
-0.62096583082629
-0.639174077111414
-0.529628381356081
-0.631238009086038
-0.611022155954279
-0.681928073074217
-0.653447755050027
-0.758331045288715
-0.503468710879615
-0.612848593766221
-0.703527630341334
-0.520817573704174
-0.679024078336745
-0.669421360569173
-0.627576308753963
-0.671600578301772
-0.56716666741334
-0.687892799641605
-0.751225810443259
-0.415524269321496
-0.548042428691211
-0.548543332506806
-0.626473351571005
-0.651582777753813
-0.663563941486009
-0.642426505383907
-0.555188224815944
-0.694466598119755
-0.683805153346227
-0.59642662156754
-0.643141286740884
-0.69912720327881
-0.650705791619832
-0.56035939496788
-0.598953169848956
-0.432244290239848
-0.658134328809464
-0.607313731041064
-0.582222940497434
-0.679751833575276
-0.574512585761475
-0.53622530203016
-0.488009791745236
-0.430992579700612
-0.443835839676432
-0.538738113682584
-0.549133999546971
-0.740818854065225
-0.475010305539468
-0.498199265793558
-0.475436520627151
-0.649115653082009
-0.704866126593453
-0.478488639447684
-0.61501106287343
-0.576406805712473
-0.538404821704506
-0.563004174577838
-0.529700299793563
-0.633041437465668
-0.622330235555011
-0.548430656609146
-0.397658235885134
-0.521389798586513
-0.369880352119832
-0.571756374578818
-0.521141895831178
-0.56624841505627
-0.389477533474435
-0.698549738006817
-0.660814376077561
-0.534378266616367
-0.587336234529237
-0.532214190613506
-0.487351356231874
-0.482747044660664
-0.481520414906813
-0.56241084536125
-0.390038133221564
-0.511187691499535
-0.467244881645387
-0.343266895478564
-0.588973715649596
-0.441273033193454
-0.458614454538841
-0.430045579824373
-0.594869083139275
-0.526504312711654
-0.558673030474909
-0.461902664964239
-0.646335753428989
-0.598995062120718
-0.41578342323072
-0.434239982732879
-0.566048489460269
-0.411964450545903
-0.430844562178802
-0.543338911593749
-0.532634445354154
-0.366779490550155
-0.66305225598534
-0.502736879757643
-0.517112702526084
-0.417730218777455
-0.419488345945147
-0.41566232174305
-0.400608153858068
-0.406134802852589
-0.528962951856572
-0.40356934965632
-0.539772170517814
-0.637784092706842
-0.39768592368343
-0.491224827225571
-0.422902813269168
-0.375081457634405
-0.46524794628555
-0.531756452848475
-0.473291930725986
-0.442515600109812
-0.453873024101465
-0.581162449345522
-0.377317626287154
-0.413591956293016
-0.493064105493527
-0.439196713758604
-0.482895641080238
-0.326641101779279
-0.575594976715692
-0.249760639012138
-0.395859231381593
-0.456636002115777
-0.424133941425076
-0.445921946496633
-0.541305385312681
-0.333669700173584
-0.411671420886849
-0.420694768011474
-0.30049794036156
-0.569487309751059
-0.390006972375315
-0.412504955005767
-0.375915447457112
-0.405008263044551
-0.424596527707082
-0.365693304334102
-0.375212470688212
-0.370659404108118
-0.448178375023648
-0.405519484757679
-0.385577948052208
-0.364267166904498
-0.360954002228408
-0.412830712353826
-0.323764244917972
-0.37412263384117
-0.384538243862181
-0.584121800016001
-0.37009853676586
-0.258033719845554
-0.385956009756067
-0.289530922933612
-0.383824573102411
-0.393776775402285
-0.387832563189533
-0.461579526595422
-0.448249270648593
-0.441296976097806
-0.315352094769939
-0.321683943914161
-0.412081946037279
-0.403864531158143
-0.311808215218889
-0.176170123551163
-0.526178062963816
-0.238415204258575
-0.303408853154112
-0.218135676985771
-0.160540474221091
-0.253613549353279
-0.31837965808498
-0.345347722916492
-0.359299054729017
-0.35462544763045
-0.323604114382457
-0.151779924191679
-0.392851719084852
-0.476395884207617
-0.35111107529147
-0.320443472037048
-0.337575697473981
-0.387281224835202
-0.145670200572445
-0.391340383498714
-0.374744590259008
-0.358986445486452
-0.187770236032484
-0.30362301463676
-0.292470317175293
-0.296892265761077
-0.336805691558876
-0.299556843449427
-0.137359756429482
-0.292872800798468
-0.231470528980693
-0.29069092846745
-0.385554118187954
-0.241276322445216
-0.286810629796652
-0.295697352490953
-0.228817323595041
-0.312359998930147
-0.230917421429449
-0.0635716366738674
-0.109511821522585
-0.162981014421712
-0.335393848852139
-0.230725612727451
-0.181330112076859
-0.188484526747284
-0.070810412748818
-0.25068469636975
-0.235121940862049
-0.280138320207935
-0.228385883279214
-0.222737957162113
-0.234017581133544
-0.237375155202923
-0.226632892882004
-0.23695103282288
-0.219262149132002
-0.0660097643347179
-0.308989372546476
-0.250005471919352
-0.191524761186205
-0.218154486946073
-0.22072035876961
-0.185781379179344
-0.126755093892154
-0.415586949255166
-0.233416428975143
-0.182650944653759
-0.142212234846828
-0.174770870634476
-0.241880988464585
-0.166827783182199
-0.14083982913978
-0.131944184059476
-0.22171191984953
-0.229628103572545
-0.135513208162986
-0.207727871112625
-0.204444391248081
-0.0754750930229865
-0.125335478999515
-0.157195584729683
-0.103703563705136
-0.189320450395976
0.0343999940379992
-0.259474131390558
-0.222240817138129
-0.137263698068192
-0.102469308486365
-0.199312035485665
-0.153466468199496
0.0560748726219533
-0.0654622914995918
-0.208096654448248
-0.199416519232931
-0.129991326057211
-0.0441079032988252
-0.145159729119715
-0.161557923601554
-0.198175521695063
-0.0491582613886949
-0.0261142600797176
-0.0045152241440482
-0.156637090362108
0.0204935569846627
0.0330012215220973
-0.0825704517140763
-0.144371923298083
-0.157085680186015
-0.120544065173034
-0.051849653117802
-0.100182051650518
0.0780833911481495
-0.115739932293965
-0.123105853412655
0.00620904289472852
-0.0619932960076035
-0.0723528246358984
-0.0258781771411715
-0.144812677749274
-0.213810591747533
-0.0734912759662059
-0.155056669917358
-0.0521706124437988
-0.0690424617505015
-0.216776802623656
-0.0589912050569494
-0.17630515505045
-0.0228516603872123
-0.0315146836226517
-0.020247492619872
-0.152687639989261
-0.0364919697164414
0.0162808357654163
-0.0866350093052012
-0.0237807886864859
0.0764249374648481
0.0187099736722088
-0.0773142803732162
0.027252374677015
-0.136411190270674
0.0140623256037175
-0.0215602552489437
0.117102260470079
-0.156771436020164
-0.000893995644541381
-0.0731555577247743
-0.0810920052698352
0.0290894387237033
0.0380737933724064
-0.0575208640597838
0.0199485002544644
0.0627242552192905
-0.0970800101532495
0.120717717963471
-0.048055842026629
0.0997709313446124
-0.0247032299895563
-0.0225839625858827
-0.0236769448523191
0.151591356775851
0.0483397856677992
0.0230853558343112
-0.216813525448952
-0.0409036078265817
0.0877441841820686
0.00944430842877657
-0.0594403287418027
0.0883633640545433
0.079480979561147
0.0670052693671374
0.143131596685571
0.00168178522332021
0.127972178357599
-0.0175847340754487
-0.03480670486933
0.121889987309638
0.100407532716906
-0.0405822209920363
0.0249636664916873
0.140193561299579
0.10925240226231
0.037719023477737
0.145604563663924
-0.00459007350423876
-0.0165539585745796
0.0177101612147683
0.0715454073678167
0.0531423928110015
0.140021919566547
0.2101276980819
0.254438553843001
-0.0900676778933799
0.176978706373457
-0.0323595180129876
-0.00705787913390132
0.109315485995505
0.192964958338413
0.0342409957391114
0.225275795576101
0.00598937129810449
0.0236840359518355
-0.0791446982590902
0.148654242449778
0.172035936172134
0.121731632913533
0.0400865189883415
0.0850471860908472
-0.0501645049344166
0.0143364675914364
0.0609420841887677
0.236739028953546
0.11732461624889
-0.026142989103016
0.234757822491172
0.0749157914619085
0.0690185975796334
0.223235762470893
0.108073379464459
0.151150202940372
-0.0227196916886022
0.0530121390108355
0.0375308535367535
0.21445307718069
0.0931462488293687
0.193865969176364
0.0321985705174076
0.136089107700922
0.218928296131241
0.0734178056492979
0.0927207466325626
0.219431030273879
0.231806877089028
0.127174303515999
0.110906333982563
0.128844898588864
0.109983954894901
0.194308337486736
0.210652223392453
0.204819747217196
0.0934459118697148
0.118220091667273
0.105686536664113
0.089598694427832
0.174927880244721
0.269480149547813
0.208815340476832
0.19268864434538
0.0283349730507495
0.200824614243652
0.1702375280659
0.175559916182207
0.165283479682418
0.0783599382725413
0.215849409162103
0.211302107430236
0.314187635943134
0.272718418866713
0.245246485334585
0.174771742827131
0.145551057897979
0.138306316329567
0.123030303663857
0.30730324893135
0.199757330538193
0.33347280034541
0.334003150198812
0.395202388238839
0.166023415720076
0.195586214429117
0.25442461620921
0.239117847692363
0.106873176339025
0.242521966882554
0.189303087324397
0.0856111061575461
0.285434227639397
0.117134381155188
0.143811230567716
0.253418749727683
0.2575930877535
0.321487717777382
0.413630367331615
0.111397368845719
0.310568496497541
0.310860463563795
0.178092206779857
0.13248437904524
0.222288754130238
0.23107535162242
0.249619721334882
0.317274817492677
0.213970772864162
0.293831459835002
0.399649012801712
0.265784805875298
0.148868581184497
0.18724688959807
0.181334185938185
0.311764846174365
0.256128036582424
0.370411344118996
0.216089099916188
0.280518771394242
0.291414861960502
0.135479644150501
0.264380435617503
0.309124485447122
0.330509365088222
0.147347100197599
0.301656704392187
0.266894158524338
0.45480201099628
0.368332900585379
0.37622160828195
0.522768371346282
0.372258613289468
0.308822970442645
0.225940979267398
0.357547185275437
0.464759504714837
0.283611298613745
0.174590996064641
0.385483793123671
0.400184604494614
0.359884620334525
0.332361749771788
0.225156024157012
0.247638473418678
0.364386518259259
0.323258761042889
0.255785938004978
0.31613485315153
0.513209309553417
0.455416100007106
0.259726567566482
0.290905677632035
0.307803494551215
0.266865514788705
0.354671843122451
0.246298340534351
0.419881293068527
0.350969989327319
0.339646846527047
0.430104173579377
0.429969109655451
0.421148225829678
0.470653385484253
0.527762424158492
0.449207756590674
0.292580351621056
0.37001699147539
0.375011734224355
0.41760580990481
0.333718060816539
0.226644025902841
0.314824449793685
0.438808936317034
0.374368188185677
0.428570715029686
0.447849382620306
0.447711915016587
0.360988131981137
0.452602291347659
0.254999729870621
0.425359221600609
0.378805358555622
0.600448259102537
0.549026481636462
0.386104335996268
0.269513816328389
0.359296568176926
0.45563323991381
0.428795238875564
0.399583768432881
0.413728905119376
0.479536932413105
0.58149725145981
0.462808397032827
0.531025988586038
0.454983903658936
0.268092690038674
0.555848538241803
0.540903134454439
0.479642639660614
0.420229959103425
0.288779198410127
0.30744627998568
0.391939338222247
0.489211381210394
0.4405273343829
0.432936043314471
0.346327534267511
0.378384717324381
0.44837746865604
0.533269921298143
0.495695247944885
0.320507732928021
0.49159655127472
0.374700429818349
0.386564509844608
0.380774501007759
0.52029674772675
0.552976489503935
0.296746349702702
0.392366458980237
0.529756347648079
0.552713757181424
0.497302032039689
0.532018644648099
0.432234373651852
0.480729627748593
0.609668950966569
0.367390939100653
0.631701276855677
0.506603657187552
0.367483817022268
0.459904408117575
0.598619735166637
0.57563833679597
0.547136216278607
0.478714825179271
0.494533310362086
0.589961352419254
0.539652799933027
0.613119743493835
0.58968547261284
0.589025503600164
0.492761235578022
0.514076390770353
0.500523166601377
0.515689542564538
0.766943761937229
0.601048329731303
0.500271611289199
0.402816483155315
0.529889438098303
0.656230091497557
0.526137889512004
0.636712462312126
0.458982549414878
0.577567402506648
0.705253798645103
0.603277312524162
0.591939971618874
0.672661186697407
0.606574830421558
0.563668236711859
0.773533455188119
0.489466174390132
0.625247085668375
0.513468199402179
0.576507926357274
0.578140109855309
0.674997157525049
0.649064639475985
0.620818391189042
0.538163178109931
0.592679244589947
0.49213293188779
0.600445945952968
0.711087400099802
0.603769426376263
0.614203899492015
0.558935882988135
0.515739550250387
0.652926720032353
0.564651283758568
0.803072282396466
0.619276462024485
0.502344104149558
0.609034865690289
0.596757721974489
0.706256885617369
0.581427003989387
0.719589161223562
0.653476873965302
0.775889847232437
0.663254499107555
0.721373505110606
0.645747921524034
0.732864275223813
0.626228889565031
0.556233752840512
0.742054368127299
0.603206883979182
0.674139815436716
0.789829485626642
0.738633850463886
0.715627606150478
0.718898820063269
0.629751318360041
0.497879005701628
0.737502475739022
0.583437942320237
0.589499515403939
0.818702911277032
0.687224575052774
0.525914056800369
0.546171908881775
0.767455701852873
0.524943343794857
0.717442037364597
0.617054660428816
0.859289222411697
0.724070316222837
0.685751488083766
0.732439902718578
0.711601573259182
0.751462729676238
0.85098293361787
0.632878031364129
0.737169175904406
0.827183035551451
0.886976700535607
0.72273214110675
0.797569922625712
0.823643952298414
0.671969076140396
0.82400465542467
0.692322821420779
0.684671533584042
0.722667110921381
0.821137637191764
0.801500254145212
0.671678945970407
0.778124555466059
0.713766091095283
0.714908960032258
0.693674754676217
0.694947596949823
0.879161809213004
0.809451823299888
0.708148975585707
0.784644749571589
0.797961769716358
0.716689809390796
0.781649011407472
0.796889422785258
0.74878014342602
0.859556202429476
0.811672660936472
0.872265397709948
0.850811494987675
0.677170525718328
0.812568138653444
0.833412204763242
0.726582485202987
0.883613255604934
0.735890590380101
0.898914131355137
0.856847570379793
0.958118668522336
0.859634097205863
0.840763651468929
0.750276858575295
0.740874652428995
0.746609987036054
0.850823445887808
0.858713679011046
0.724563760075038
0.881206912573239
0.7810329130753
0.950034471065234
0.879525430169068
0.710814799522343
0.914550045042902
0.750120356642291
0.687489649575542
0.740521216108979
0.756362839419412
0.964477856727085
0.976023055443033
0.911444270500709
0.788258118727708
0.798556077650099
0.74239876374806
0.951584908430335
0.824724998639712
0.85946158775627
0.803416342635198
0.854546763058459
0.799907183337759
0.874396347736862
0.859921721213922
0.815353730506634
0.801166006602658
0.987515498579287
0.744354953539515
0.998487410484178
0.896832590837797
0.8237262370928
0.807268538513755
0.724071460250948
0.710740695047411
0.909991807298668
0.88121089712415
0.890503069135522
1.00337557677323
0.865451767414722
0.900331313640396
0.963018156646229
0.868430913464142
0.780751134819585
0.9049623756129
0.897675911000097
0.937159190290139
0.980038846010108
0.999759563608373
1.07562832013805
0.993393913055682
0.952319790103908
0.881155030988388
0.981281209878776
0.989355099544274
0.891908669912147
1.02323194158174
0.846609765128149
1.15633811255642
1.0023090692433
0.774201266124381
0.973696748088364
0.895577786919503
0.73689432182892
0.883100546626888
0.96553144594193
0.898832169425082
0.806427390558138
1.00608919718869
0.966506769959296
1.00862950709638
0.9552080841021
1.09161704197166
0.794693742099302
1.01347902935953
0.891906003609215
0.866728824698253
0.858626315558338
1.0883577017652
0.895914616374274
0.959947436384958
1.00236430894105
0.89507492443937
0.937092570882737
1.07871389226062
0.968925232391577
0.921891796159156
0.922863256337073
0.991222113914801
1.05135091842714
0.993153094744248
1.06139924871316
0.918711000301532
0.966526378014942
1.03916088883357
1.00832443813651
1.03595304844229
1.00284069699383
