-0.999121934437744
-0.857263000206566
-0.900785796008545
-0.918518374934273
-0.776287902221309
-0.978435169416397
-0.964565438073677
-0.93624126358306
-0.971574544942414
-0.930984085369626
-0.84793467793362
-0.904448473144263
-0.904795995400473
-1.07423396673268
-0.935340758914138
-0.923646059438129
-1.03967894456986
-0.924691778571235
-0.870593783819063
-1.10037812944626
-0.940492754660701
-0.944471566025579
-0.808277092728861
-0.955232373422675
-0.91153799483522
-0.980428909440665
-0.900697631595724
-0.903909077521182
-0.917056927033974
-0.897521864681533
-0.972389086419081
-1.13719274908193
-0.99457013767096
-0.935654940632405
-0.972532173092792
-0.999645526149626
-0.9178514683621
-0.902834126783448
-1.0886477758405
-0.929796723426812
-0.972858742391493
-0.828866754940744
-0.867114304887367
-0.879504629926955
-0.845082843358996
-1.0088410074259
-0.980527560468026
-1.04359166446866
-0.927934879137074
-0.834383332238638
-0.900560621829479
-0.925269778144591
-1.02190479813663
-0.939322728795126
-0.693846672366607
-0.796314750917506
-1.01577481867754
-0.848363539577436
-0.910163529351543
-0.771572804837487
-0.788992518078706
-0.938124381235841
-0.671007189415125
-1.0060488526909
-1.00899960002866
-0.793526126561018
-0.777197347231213
-0.864216107030555
-0.875401016937884
-0.85872405423031
-0.794682762880758
-1.05729049213054
-0.955460899623659
-0.835923947153088
-0.882934931256675
-0.760502176576212
-1.02846919723151
-0.764194949868433
-0.812859696330574
-0.764837036801115
-0.780874718968545
-0.956336927784538
-0.738154724728988
-0.777428273385403
-0.913932575624039
-0.842154872910877
-0.648113855940548
-0.820881995039909
-0.781550397017936
-0.792293813073313
-0.95527524446934
-0.598516355596329
-0.797908455966864
-0.827151869479542
-0.710480109357474
-0.812722252307994
-0.857313448673987
-0.888405222151024
-0.873432548551566
-0.613793805917873
-0.861797077376017
-0.733100334219089
-0.712083847462858
-0.773475294274183
-0.968319294704873
-0.911648649788686
-0.791279017935691
-0.678966574157425
-0.732815003636303
-0.911931218719499
-0.601213793859024
-0.694387152897158
-0.778133113323449
-0.78089657991871
-0.835535290204885
-0.762925105121284
-0.757351395354501
-0.764668179540828
-0.815292306541459
-0.865048622196995
-0.727019098860978
-0.782262525191476
-0.773029137790205
-0.942997119824154
-0.78251422081026
-0.805696076287782
-0.7523335976618
-0.751367794303004
-0.653328455323213
-0.820867281552524
-0.769401695258417
-0.626384626445862
-0.955108264067785
-0.733507890426214
-0.739089085945681
-0.818709208587498
-0.537602871526495
-0.670211468706952
-0.804073429240409
-0.701967855551469
-0.764558446942034
-0.726712361115859
-0.738692578941212
-0.709934946479263
-0.729808528989792
-0.741507820169811
-0.496864081295674
-0.706621721468932
-0.765530382855538
-0.689855026493898
-0.659478067209665
-0.567870972977189
-0.696227850095859
-0.851913675330335
-0.610682790449322
-0.640210516626675
-0.577036651594511
-0.611773158563203
-0.795843981181983
-0.743581086311425
-0.767481799547312
-0.635408098868429
-0.581238010165414
-0.594301952341096
-0.672527690786343
-0.68496462755227
-0.716243482124591
-0.677292431151081
-0.598459090991184
-0.646152218977767
-0.545710728735223
-0.616152232560633
-0.601528071552083
-0.658525872008817
-0.622550467630212
-0.74664586319251
-0.52160351358781
-0.576416032532425
-0.678442672245503
-0.528968832466302
-0.688884886321381
-0.65757937566253
-0.606049659971268
-0.686532185025969
-0.564432584875032
-0.696872039738742
-0.744034363498791
-0.426118256468616
-0.554502379588021
-0.560436535087144
-0.657063802585878
-0.651933185503147
-0.658679997536894
-0.645232498273522
-0.541400764813888
-0.704543260395271
-0.699989373669782
-0.610028151319948
-0.635677563178345
-0.692212933440084
-0.655059544451102
-0.536799254831052
-0.61517291104224
-0.4281295333523
-0.661361008248322
-0.617223295429292
-0.561201675288788
-0.67396798415152
-0.570454609693342
-0.54232676744376
-0.469386557209577
-0.421656945670849
-0.449875863960435
-0.516734717688029
-0.567517630698784
-0.721754411954469
-0.479761181760514
-0.530038909747346
-0.483726232571867
-0.651924416587058
-0.688910859219428
-0.485406569193895
-0.613104729196131
-0.590607594823505
-0.54526087291183
-0.566127657057996
-0.548475578264972
-0.635023048701441
-0.613879196598778
-0.54076608439641
-0.392806187326305
-0.506156201130204
-0.378861271122003
-0.541426814814759
-0.502760667881608
-0.562133921757659
-0.395214177426895
-0.701525163986068
-0.668212283485553
-0.535680552249777
-0.613736365960492
-0.557780952555157
-0.511255689563338
-0.489568975075694
-0.465597174169941
-0.563940681090989
-0.380133579433924
-0.515187641233716
-0.446753832692318
-0.349112075594982
-0.593089209352129
-0.43641824109394
-0.472376523258239
-0.402496522061241
-0.60238670436604
-0.521729112031673
-0.562643558463686
-0.461633209299729
-0.651945537217819
-0.598657306177227
-0.425779812358584
-0.439704029518992
-0.559805759005442
-0.407894459884747
-0.432562503922316
-0.52923302534379
-0.524694600586804
-0.370679428776698
-0.669889454192712
-0.513854813841413
-0.507016461374891
-0.417424186094344
-0.43989289018795
-0.414211862711173
-0.404055065635719
-0.387995921024178
-0.552766108557246
-0.393392263336311
-0.518963861138022
-0.657566696842137
-0.40402202013267
-0.485815855307297
-0.450739090200573
-0.38384840343843
-0.451563657508737
-0.533768829581272
-0.466793009640879
-0.462429434626472
-0.466481014911312
-0.587495476591516
-0.382211739749732
-0.399430923385096
-0.502516045600656
-0.455981072348844
-0.470518324704318
-0.329581524341426
-0.57150115424958
-0.259123855262589
-0.380232134615965
-0.471375554884285
-0.407653063698949
-0.436036823562599
-0.57833540484153
-0.362953517287298
-0.407355588652522
-0.436984070997152
-0.308979728040538
-0.540943863796862
-0.385634218511978
-0.404500062593922
-0.369654804462379
-0.412329406817516
-0.452279170036253
-0.341802728955611
-0.359565594252507
-0.395383931932022
-0.444945314621524
-0.399942422358414
-0.385363452740837
-0.339568301643506
-0.402640409593935
-0.399203888728695
-0.294370800314529
-0.37750640155061
-0.388605128336752
-0.587998306952414
-0.361569937877194
-0.262215102992576
-0.390176362418291
-0.311717452166848
-0.393290262061962
-0.402444714420721
-0.404355551819961
-0.434264134801183
-0.452776696262072
-0.443565648412555
-0.31049248332184
-0.294549507982209
-0.416589840976634
-0.427209081338686
-0.304413352821755
-0.190529201058661
-0.539314511370138
-0.243343381388717
-0.311477725902367
-0.214955956309956
-0.165740136396932
-0.262927829558021
-0.304017071143696
-0.320315045370007
-0.371611594561538
-0.351598274578924
-0.328381685939632
-0.158942165581057
-0.389394927396247
-0.464433065254373
-0.317098718247354
-0.312178121858
-0.335076870921233
-0.402417299840708
-0.149967929637882
-0.382127077775807
-0.381135132889779
-0.372919640168968
-0.181141965678354
-0.307942354861619
-0.283027584218166
-0.275008848259595
-0.35063126074985
-0.309633318753399
-0.124553110339292
-0.291260319561452
-0.236790675416369
-0.314220324931198
-0.363213504349762
-0.237477969874136
-0.287031984912651
-0.295608229808153
-0.216155872513552
-0.325703171219769
-0.219159968020226
-0.0818089909768594
-0.0847852663747843
-0.177887093197308
-0.322331646418638
-0.219957642481268
-0.186350763929599
-0.203771554653288
-0.0563969163775907
-0.236416330541255
-0.225635192767907
-0.272344876415109
-0.22401754333254
-0.22118581618227
-0.221245443017004
-0.247700947118833
-0.215586326305624
-0.235285891333859
-0.223938508463891
-0.0811222325836776
-0.307869223415869
-0.256307741630743
-0.185967055778806
-0.215770815181021
-0.208458239225706
-0.173894832800764
-0.133860030535411
-0.42194267031216
-0.244117422206687
-0.176340965246051
-0.155892671239809
-0.171064168211613
-0.214883021869924
-0.20258621774899
-0.147737348010035
-0.129295845066159
-0.212971091888345
-0.212751000770376
-0.119332948699637
-0.204900100667904
-0.199805532443888
-0.0907072775794476
-0.106387430999788
-0.142173914375681
-0.131851784785809
-0.169243282228399
0.0310696431130582
-0.2751216777385
-0.226963180449236
-0.136596786462444
-0.0959922488344426
-0.200755203224054
-0.147256851096091
0.0888222401142696
-0.057709049662724
-0.217117299225582
-0.195509239716881
-0.14689585803155
-0.0580562506683693
-0.176710110400977
-0.155868183161928
-0.171726344151878
-0.0478470653949558
-0.0157389329268443
-0.00444907338919852
-0.158218863789276
0.0255375567444061
0.0178922662681642
-0.0893659874828221
-0.164735284810958
-0.158784723818185
-0.129329674529428
-0.0389836598325867
-0.094114054056472
0.104294785813322
-0.109721362693177
-0.125378128165171
0.027611434260309
-0.0221591395523134
-0.0679699445536681
-0.0110413242850218
-0.136995260406974
-0.21416047614185
-0.0495453774504288
-0.152931536085137
-0.0584789047596349
-0.0496032832967909
-0.239604977577287
-0.0570759679998238
-0.182925294124889
-0.031279742538952
-0.0450875792002531
-0.0398585780475091
-0.123090539833902
-0.0584802465782293
0.010040539811381
-0.0773967313333114
-0.0101812854219444
0.102786490994457
-0.0173594365656017
-0.0603656236685827
0.020851624420073
-0.127906486224349
0.0263416698167789
-0.00595427370403502
0.120181883692613
-0.172769353087577
0.00590878665709797
-0.0621377549290556
-0.0769873734380384
0.0539238818024469
0.0300446954536124
-0.0617017977296409
0.0243268027672122
0.0447718627139468
-0.113572457756347
0.108739650795339
-0.0574115152934469
0.0845724617992703
-0.011592518568217
-0.0500477413923988
-0.0342176999722337
0.156432496889276
0.0441899673881664
0.028497294679074
-0.200090810592633
-0.0647240432589313
0.0671579143352544
-0.0084876887857088
-0.04814830538483
0.0888149913448166
0.0840673073418634
0.091162538473482
0.15487693774831
-0.00279795082231246
0.128276253943725
-0.0286347197226897
-0.0118054835737652
0.109199033089215
0.0741330632936567
-0.0308847075049797
0.0188635719216361
0.166073463707622
0.0890518135423156
0.0621319870982653
0.149157074785301
0.033878754055358
-0.00714067498343795
0.0120228216822886
0.0756237936793904
0.0516994112025519
0.13719324498489
0.224846786718335
0.273683515282644
-0.0847595825957536
0.194032901885497
-0.0383414244350519
-0.0223987994365932
0.122347955256236
0.183501110998226
0.0294655518703946
0.232243752717417
0.00997797346873219
0.0281186642637942
-0.0913230028305443
0.158733826857128
0.164747594084002
0.115217991824549
0.0379065294486356
0.0903167503817119
-0.0475993408348552
0.0038255211877957
0.0621123255379054
0.252059148302027
0.0990684335394577
-0.0129002149765626
0.233957665486367
0.0625730585071732
0.0823177936245768
0.231846740344206
0.136097025157438
0.164331031789346
-0.0221739639079647
0.0395691763852169
0.0326215784130186
0.20826565908052
0.0967262598926698
0.20919847785515
0.0203700489433353
0.130120879354043
0.223094636943958
0.0890831919846888
0.0945514704663483
0.22998940203907
0.241024594020747
0.109550839193915
0.154632476244276
0.131373284294825
0.10411357078857
0.169820083750587
0.232183158206423
0.211519475993764
0.0666975373733565
0.161257087394543
0.0799878801270422
0.0879229052901342
0.170514422987449
0.260078666050933
0.208508633611405
0.196151675036452
0.0487375886703629
0.213038296237989
0.178196841674493
0.170560492355291
0.166844486400713
0.0676012507709697
0.21357196407996
0.233018835288303
0.301814035635519
0.27347979958541
0.283340985850914
0.157499518345574
0.158861099729235
0.156963160696451
0.110789853972839
0.299785808694542
0.193339296515475
0.305647832188249
0.334445153900822
0.392359713306774
0.143035221282886
0.215658233371167
0.273602249713952
0.226350738719577
0.0885288942284169
0.23240791305971
0.182773487512116
0.0702156597211209
0.282773448094747
0.11443713898395
0.144099033813789
0.249103059472713
0.267812101393843
0.293224586269945
0.405347223926235
0.118335266230253
0.310539385420061
0.301935550180883
0.19876714848959
0.104315495797653
0.186483587168012
0.260480090541426
0.226840365469234
0.334128946511215
0.219323051896352
0.289691405657696
0.395503110491802
0.27569293767884
0.10923051076289
0.193803213853025
0.189565550433912
0.32651497058582
0.237692933836472
0.338139711672827
0.213601761076496
0.288043607101068
0.294347157388014
0.151189197011644
0.264390815834579
0.319684852465066
0.342396525554194
0.14620592192294
0.287162327146006
0.266775990787858
0.470113099025674
0.36913412313415
0.387246947881485
0.515343128969976
0.351980768232608
0.314352619898451
0.234624013517716
0.363118064412941
0.463269160430422
0.282609855199584
0.169318239657328
0.40764239739837
0.378857673631366
0.3510504727187
0.322811063853838
0.223433945899956
0.237042582303343
0.368687018365499
0.32766896529527
0.267276899558866
0.326727464437178
0.497849447975577
0.469976893963356
0.254971982553246
0.282120001890093
0.315010303053829
0.252144072699738
0.370076852847444
0.237528846753355
0.455203288485529
0.364154697239922
0.320101256816675
0.425809169575096
0.437601082901468
0.405593490748728
0.458070263528807
0.528431064214825
0.433019641572745
0.309733576688162
0.367577431780889
0.377978439711351
0.443324139780249
0.358713318119905
0.223748220371843
0.311708718010812
0.434494101472005
0.374592512530223
0.412686219398342
0.440442382145171
0.438035126436518
0.343440352812995
0.42307077837805
0.238849922319198
0.429476641301191
0.380846631427458
0.627007182465969
0.543772678568687
0.387444094667446
0.29253904834015
0.351403887363601
0.468572956042411
0.407799635630878
0.41591796418612
0.407961538558403
0.474185172794515
0.578701851358123
0.487041908178923
0.539465824498988
0.428916842770441
0.276597322135405
0.536730088618398
0.533010211332903
0.492700492358604
0.424938383318241
0.303476391138848
0.298098119506367
0.381995251252881
0.491330016538319
0.436028032097603
0.461268020228303
0.336063664137796
0.370105117391013
0.444273508110519
0.545705350261096
0.497059928382547
0.32415925430965
0.494269505993128
0.387475211569294
0.380021514767367
0.399321396186639
0.543534232403774
0.554848245582893
0.292058261642873
0.399548421742661
0.544236910822542
0.543872562040421
0.495266628752198
0.513858239781149
0.42812283398615
0.474590769416551
0.607368426997496
0.37278333314883
0.645043903137382
0.49816322253894
0.368038705555583
0.464466213673686
0.600466082690857
0.578672988927844
0.522056708554506
0.508357537070748
0.500585303844185
0.609565743748023
0.5395486358074
0.648101606237255
0.587802583142851
0.590949801538511
0.48022625112893
0.515178600597322
0.504281996344389
0.494040038901448
0.758259958231949
0.61008502809621
0.489623148929234
0.396132826205384
0.510763332001174
0.666017323902443
0.519814536390081
0.650216904154652
0.46507474579222
0.5868213496785
0.71812306607544
0.601627351853371
0.588512123598761
0.699876808357013
0.613992654857161
0.565249998109084
0.76758811207831
0.498457420632412
0.623108615476508
0.510971493293895
0.569301902335614
0.560820970271334
0.668825783417451
0.642708027997122
0.601786654607838
0.569499102305021
0.598894095675948
0.492714726480452
0.574012445309332
0.699784921716041
0.60406477914072
0.593125472600041
0.58039592074169
0.511888642701641
0.655864280185883
0.57109645564116
0.790419278634093
0.609455766360962
0.490649410340394
0.613805457625542
0.589173475088694
0.690427865011435
0.559064193555509
0.703486563021154
0.674799090420982
0.768040835470224
0.675285436027391
0.724651379725576
0.634606354487313
0.740735930281472
0.65530727914424
0.558732019892509
0.746414332394588
0.615610491654644
0.656243595643784
0.786532857735583
0.746592069776507
0.715278561664959
0.70393615403364
0.618316994600623
0.502452623397882
0.736783997429838
0.618597422252619
0.568572011919563
0.820107647713727
0.671451045477073
0.539071261396851
0.534980295357913
0.779132857865665
0.55144085784866
0.711224565768771
0.615862490484148
0.868593023476279
0.757200886906073
0.70598549299834
0.712187278465815
0.696790914904281
0.758238889322912
0.859079105526157
0.645162625163042
0.748970413537253
0.847113146939029
0.868206725470219
0.726682332633246
0.785468480913598
0.794536760939634
0.652905287602211
0.821227829428479
0.683327134184103
0.683965996850565
0.70906350083897
0.810793612448344
0.818378185810251
0.678760183859578
0.761484123167082
0.732854164738856
0.70793738123426
0.692097375424044
0.694040547010379
0.880346187280644
0.817710982336236
0.707284282602712
0.797046534315378
0.799905090990907
0.736622622692978
0.788020219338276
0.808508087811163
0.766164463796008
0.843037835583172
0.809587993796629
0.875791426480256
0.855811681038201
0.66471051145587
0.793469803887124
0.792694284690432
0.72829528048629
0.895747840885014
0.726695362371164
0.895800343978669
0.866761602113564
0.964135115085063
0.880156124075897
0.876585392892567
0.742142507066112
0.746959587952475
0.74723291175011
0.854860806071474
0.8621987170066
0.747980577862964
0.875454505664947
0.742667863956826
0.939335968353484
0.903547460645191
0.70376533322306
0.902606027899228
0.753812155616118
0.692630590657394
0.736805343949309
0.756350532250005
0.954868519819513
0.975010187495574
0.903447006628081
0.78442960549307
0.768340211649113
0.761602367622784
0.977244948512876
0.822650819580297
0.873497576728428
0.817680581025539
0.842423175616151
0.800523117113946
0.850724949654235
0.863403653483376
0.803338375364744
0.823758690376474
0.968059768629948
0.724523842023242
0.99422294783692
0.878181425303638
0.832020711220695
0.809500458659523
0.725957334409282
0.73909506159691
0.912242262466951
0.880651005183616
0.893638016745817
0.996131616734515
0.873345140745876
0.897028831921217
0.966011117084441
0.849512002182005
0.783007428384672
0.897751582859257
0.880617241119916
0.938417861942247
0.988076284187984
0.97144426583991
1.06863413768318
0.992730720374807
0.954536960632225
0.863661392106223
0.981616308636544
0.979635029980384
0.904039862019785
1.01205415520092
0.861379769764121
1.14553104013972
0.971405713007766
0.747806225989001
0.982159360787423
0.880365208200744
0.726803306452225
0.906726678223152
0.961788129726476
0.903234123338005
0.809434701283173
1.01996966022875
0.973450201706854
1.01968824650713
0.951007115059904
1.09914932442428
0.808915024326149
1.02296262650999
0.92337744967976
0.842171887074117
0.884297603191702
1.07435098726808
0.894537997315883
0.96346310067479
0.99903754711685
0.918076249082901
0.933076723121712
1.07587100934164
0.9538679483348
0.944427995454181
0.902918560985966
0.976395890935456
1.07465240541851
0.991897605260059
1.05861966637971
0.918881487859087
0.970160458736018
1.0530065485555
0.996534265177576
1.03684091811981
1.0240614147045
