-1.0370421056035
-0.972408857011137
-0.88476544755567
-0.94250050132261
-1.06939953271059
-0.895551206939691
-0.92117980486099
-1.08764578539606
-1.04087399990702
-0.880687076547057
-0.828407980138001
-1.10956751956111
-1.01832928729851
-1.03210693226083
-0.888217811554533
-0.954209626082704
-1.16794594222046
-0.959664713900568
-0.940924975637063
-0.847859183386426
-1.01410762197766
-0.861701832777881
-0.922743281096712
-1.04083738874494
-1.05909913583155
-1.11991516421924
-0.941309561237604
-1.12923443913264
-0.937423209468534
-0.855376472753957
-1.01152928321431
-1.05553994240719
-1.02463563080796
-0.853199006592218
-0.940475637795017
-0.996211547707891
-1.08479890302424
-0.8796373158066
-0.91975318292597
-0.931156256559476
-0.923127491356625
-0.886202074324835
-0.813011515867881
-0.865579428383879
-0.946410621163113
-0.937482966137456
-0.992503973309002
-0.914298392777302
-1.02644602613374
-1.02993423757473
-1.00063900690433
-0.865922027496283
-0.902063768519785
-0.870779816157107
-0.945125120832952
-0.872696186752861
-0.868343713639358
-0.997563224774177
-0.796006769754043
-0.929936631339238
-1.05753119104055
-1.00727562020736
-0.725828689913921
-0.852236120047455
-0.755420555034123
-0.815002220131584
-0.790566263998177
-0.761048745664142
-0.830195167609731
-0.925085965824635
-0.94286045385301
-0.90535054321497
-0.855634727573643
-0.838010033176626
-0.907573492080219
-1.01953232359524
-0.750171288898867
-0.839241377186302
-0.976373346319016
-0.71391572935491
-0.876925501424671
-0.797094561533966
-0.76372740820503
-0.781639535204461
-0.832155587698415
-0.856590453299481
-0.820200778744884
-0.804614961753791
-0.85370641836764
-0.830904458625266
-0.884400724617431
-0.857054914549884
-0.746309456561172
-0.727237115126818
-0.779747085392378
-0.842943531159269
-0.845893870428098
-0.738580873358364
-0.787026918039031
-0.870644147727455
-0.921204784086311
-0.746362077538951
-0.821260447588727
-0.928863920523944
-0.776140459991406
-0.842029720931757
-0.823375511750839
-0.744037710006191
-0.801224232451518
-0.911966272287217
-0.731077348560166
-0.714094412655698
-0.781679107982743
-0.792205185077256
-0.744381515768406
-0.671849209812404
-0.708654652507661
-0.847005476883022
-0.8762535029277
-0.783690655947354
-0.743225031725787
-0.674257340849066
-0.77841880502752
-0.670726030906687
-0.732515888195439
-0.59259064804407
-0.616131644789121
-0.785456873527743
-0.735974196194866
-0.77924779182609
-0.68054308550301
-0.716604384150115
-0.802045618194564
-0.741031231478907
-0.661201455328229
-0.822683219217777
-0.783347816609812
-0.828871769520684
-0.736071775328858
-0.683415392284204
-0.742272062588042
-0.854539831349279
-0.753600534737623
-0.800670826134595
-0.730661726029358
-0.789409986814857
-0.701804834286966
-0.686243882216261
-0.514462787013519
-0.713953941701717
-0.709693483819837
-0.697163805285848
-0.720234600583565
-0.635659291733388
-0.60300475290473
-0.630523714185332
-0.736019994374531
-0.728260099995542
-0.678972738438721
-0.752652116037808
-0.862919697516368
-0.531576088778156
-0.744548263857521
-0.738805137703885
-0.714585854007669
-0.6453025345487
-0.705922274071156
-0.672518805195445
-0.735753167849732
-0.657500665122003
-0.666892270947991
-0.597427543314319
-0.605597434835035
-0.629650383469544
-0.697499052750484
-0.549884209988455
-0.879582281424803
-0.701271531278272
-0.741912782035608
-0.661040361920483
-0.653865497557196
-0.63418740847704
-0.651309089858245
-0.679332441415867
-0.533328289493934
-0.731446185322482
-0.570751835948047
-0.474543475912273
-0.600696051772816
-0.559892366852971
-0.567174492878652
-0.66132481981155
-0.620357572500354
-0.652059974818998
-0.650805693048729
-0.707202299391118
-0.66135932115849
-0.646020179908584
-0.548946339251373
-0.573294408615734
-0.669987761568413
-0.62359390947602
-0.707216018190542
-0.539489795557507
-0.602694290881573
-0.619914078668571
-0.535671281426292
-0.663271620366652
-0.732055039188902
-0.743903570302764
-0.624645497908002
-0.674354739893072
-0.650894973119968
-0.440842668044464
-0.480088623354029
-0.648283790380363
-0.451883832027507
-0.604767880189864
-0.420432524545638
-0.706976798733614
-0.658049985552459
-0.553498186575275
-0.58581711001186
-0.470560943448214
-0.478136082813776
-0.617606851505525
-0.579798273658184
-0.475673616462715
-0.355625711649082
-0.567292317784387
-0.42270810119553
-0.506618531689883
-0.668402785873747
-0.420078526580703
-0.434995539031564
-0.54856294902141
-0.357542744723337
-0.722864471299224
-0.569031222897762
-0.658222415742147
-0.557572087966404
-0.499656941480278
-0.552024752453032
-0.381427217508809
-0.545125767978973
-0.526989541817482
-0.581815401922637
-0.467927680585857
-0.661002720136963
-0.64621621927795
-0.516994342522216
-0.511881868268052
-0.634136206875906
-0.444299865045319
-0.46179602335658
-0.531081265751151
-0.629878541309024
-0.44631994142141
-0.462086536640505
-0.485399334040743
-0.595242291226999
-0.438484275318792
-0.30168109044799
-0.665289222690597
-0.468900765527996
-0.570734081466879
-0.397326179842733
-0.52370825876285
-0.459731371423535
-0.5513796040175
-0.446500567158298
-0.29415118743684
-0.595996560074774
-0.545127990064253
-0.443274595930103
-0.569732534634727
-0.413327174766095
-0.550858964825917
-0.496977285131779
-0.474636930547761
-0.612938855926864
-0.534819533710979
-0.325505061936341
-0.470934780764338
-0.366357641285637
-0.435944047835891
-0.293160479483087
-0.605313165558339
-0.50759366713886
-0.402016300474132
-0.387575696357499
-0.494021880483449
-0.237978991159729
-0.3505584202494
-0.220994108425055
-0.441193298506143
-0.406400281540136
-0.468572686955414
-0.506063354380719
-0.342485750956125
-0.473420463363797
-0.265680333555361
-0.329443490954648
-0.410220453250744
-0.469620029209319
-0.341829676927663
-0.242255805493676
-0.391771423524878
-0.440882288415286
-0.478809146336679
-0.394379825046264
-0.343420030848898
-0.29275920278643
-0.425096820338442
-0.460087636668559
-0.288045589271558
-0.386567950949104
-0.360634343068026
-0.445383290784103
-0.324340329568039
-0.344002597691063
-0.433091596383673
-0.402855900158467
-0.464192763589504
-0.306781757199331
-0.310677076926424
-0.364672004501964
-0.50008002630025
-0.353368470861376
-0.189944864588338
-0.305154519163803
-0.235734136645875
-0.447986853390431
-0.266245796268382
-0.0426970864940889
-0.348592140219411
-0.348011855836809
-0.407541435800512
-0.286919385887317
-0.354367320856382
-0.296268527201675
-0.297954917038488
-0.1201422085179
-0.326398742005301
-0.167698660568102
-0.307403192350035
-0.375809074294513
-0.258994272790441
-0.289747354784176
-0.250131500052176
-0.279764153739613
-0.276820449607068
-0.283633452293509
-0.349234937937865
-0.190988558525765
-0.24667367307545
-0.335941926013948
-0.359450229330935
-0.372322828391584
-0.31945358822741
-0.293239707326207
-0.345342947374355
-0.414439063819752
-0.156873362821023
-0.263237129703682
-0.265986676901284
-0.221606479207194
-0.282023264122514
-0.208106480776186
-0.294239539168347
-0.170759316222269
-0.221478283341981
-0.278252151985126
-0.252743462055963
-0.213223310966869
-0.187637733110517
-0.267096663951216
-0.332856723979497
-0.177566249496932
-0.220611870150002
-0.332728114713314
-0.323536092778416
-0.113138956920061
-0.222584745294418
-0.138011727037974
-0.232480269786961
-0.182702924653444
-0.175420041274509
-0.264334787780148
-0.346674887689843
-0.266753390682876
-0.273004467219024
-0.220551008030995
-0.138510290326076
-0.18047223144423
-0.151036210350415
-0.300456769333413
-0.298758328746127
-0.1789898022021
-0.29868860657119
-0.0861803188515235
-0.187253050089079
-0.275960799960307
-0.20481243830114
-0.124178067032513
-0.207599701702782
-0.214490831796619
-0.247652755341777
-0.264075407054093
-0.165988583355785
-0.372761723576615
-0.0533462808800399
-0.198009360933579
-0.264854436185189
-0.145818599007691
-0.0157993569983966
-0.251769643243043
-0.148080770527497
-0.158100131692164
-0.232689376745663
-0.428642764945835
-0.00564534707310508
-0.253388181572431
-0.15346083180576
-0.175524211182838
-0.122133159329445
-0.0773497841087778
-0.314677425527152
-0.156104523641782
-0.137390246810386
-0.097854749476966
-0.259224844153226
-0.141431694995062
0.0307143134115249
-0.251094739048996
-0.199509627618453
-0.309984811586097
-0.101214287669276
-0.159259625365585
-0.146733531513937
-0.091096663590684
-0.138090007996499
-0.132700510204324
-0.0681459884886399
-0.131649080040748
-0.00813898954934248
-0.0586732959214172
-0.0277580302867382
-0.170438724920109
-0.152785322750573
-0.274442565330067
-0.145269085365609
-0.116942456802996
-0.0999970962621519
-0.0382383919286459
-0.0854550599820897
-0.0771138167778908
-0.0591862754535236
-0.103476328391085
-0.0689642389365312
-0.0855770926703669
0.130990266910267
-0.172937779177103
-0.11164834686461
-0.0555051089545608
-0.0871561620904398
-0.0447821379327167
0.0247283425465121
-0.123328113740065
-0.0458055403670918
0.00424776839998171
-0.241702171976585
0.0605867823609119
-0.0671334852270774
-0.0214858330958985
-0.0754890529068156
-0.1320047854641
0.00446657258752975
-0.191008874728684
0.125610250330077
0.0423983577196446
-0.1399231949837
-0.0931220068255575
0.0486284167169223
-0.0935427939911245
0.0293451489135622
0.0124295717050284
-0.152691248223307
-0.0337498355943301
-0.031535072287952
-0.0339315651539652
0.0653673035512123
-0.102466433626655
0.0668346895751587
0.0533938165919224
-0.204617526842987
0.0422409785690133
-0.0675690055500248
0.050463483784966
0.0543451533080782
0.0548697567039922
0.108176439253412
0.059357264098565
-0.0152773390252395
0.0215492185807088
-0.0444403954694205
-0.0296537306338295
0.0566787316395671
-0.0496164880536021
-0.0549369526589108
-0.0462198042068004
0.011233030155669
0.071958684019176
0.012336876254844
0.00534869284506963
-0.0218857081479227
0.208921421797934
0.0401301008618755
-0.00161697707484399
0.0388657807100049
-0.131574634464835
0.0726475218269723
0.0206989239751844
0.0107230321104611
0.0120387253611804
0.131003279327991
0.276904838469425
0.0981041637377185
0.0886588713162111
-0.0133282210348675
0.225834944903447
0.128647781086296
0.0824175158095817
0.144593847132706
0.100662550734478
0.0901935405398306
0.142123694936662
0.114056590527335
0.0204087133280026
-0.0528958875387621
0.00955796523182745
0.0829184906594879
0.0911201840117511
0.136916377211017
0.112956823961428
0.0613671040657323
0.169378890404446
-0.0395548996018618
0.0575415836469565
-0.107798273792959
0.244409956251655
0.119082028428112
-0.00721442603805717
0.145776300571909
0.167715496644975
-0.0614873498316617
-0.0480853076687324
0.113174178420273
0.054447370053035
0.183404824266551
0.0971120927222994
0.214104690909387
0.0594131414309988
0.0623291214822256
-0.00193731087389821
0.114220342901577
0.107000199013118
0.156432306816398
0.151552830240946
0.176086618530783
0.101896141755389
0.199036383768756
0.229934864620572
0.277617884367037
0.143807633720175
0.025340675311152
0.27126600698745
0.244864549774504
0.0943983488290175
0.168979543682188
0.298838323907975
-0.0631746782661632
0.0362267950250083
0.186512258389602
0.110281164759708
0.18133159703353
0.0892771474205664
0.047673124951657
0.149604393773643
0.227888380411184
0.0745465322893183
0.237749196644409
0.0717201986023949
0.191935336387967
0.12498152277739
0.328939384374142
0.260679420374582
0.364253531263271
0.0914586127217259
0.129809558137467
0.109473566419749
0.193039177019166
0.0979367483929416
0.244565232688764
0.127807019337552
0.374094379526187
0.197405065712006
0.301656017215678
0.242723470302067
0.231654640239531
0.259752504508327
0.419856379060924
0.047348315511343
0.197200216193183
0.321291779910601
0.35868556233007
0.141974465760349
0.0895825803579955
0.312634023596505
0.278203919539601
0.220179852574599
0.158259407102966
0.372275167817337
0.283428315160413
0.15225353898875
0.266602642335885
0.334360412869082
0.211435571871102
0.214516347784324
0.165883987563663
0.427356065889401
0.243766097266951
0.163144384018965
0.355934101383251
0.306705288455575
0.252496107352142
0.291993336186507
0.221069663601157
0.176527419717953
0.316096401462931
0.232018585496865
0.158262892492128
0.160198902224529
0.24691232867364
0.277765603882457
0.446543460809447
0.34567953113375
0.170953920977482
0.336118188425555
0.177164808026371
0.279967402867024
0.336311030139259
0.319989068010077
0.272039608496609
0.157040178988069
0.40010228399023
0.398500509590983
0.29502234101261
0.344908774205779
0.293456959225457
0.265252649384679
0.323266107971475
0.381300266763604
0.3719525012358
0.173557467467293
0.389207930330107
0.274334787529904
0.362499877429895
0.210879563848422
0.271804396354255
0.2531852834298
0.433581487528199
0.389526219771002
0.235281382687881
0.384800923051723
0.286327048724635
0.418885004723577
0.345623225495198
0.514746803953217
0.426300397515591
0.289090701002815
0.255133352823619
0.319561398957306
0.475102903536835
0.46570614274813
0.397797085248927
0.157557329313637
0.471180538412836
0.305311893053538
0.379698209275
0.298756069782439
0.408003710662201
0.291281045838413
0.411019268385181
0.348785561079143
0.400158822828202
0.416775990659961
0.462124179106265
0.505012371832223
0.340824182699914
0.4310445151642
0.498064509296611
0.449307766544143
0.463091703849983
0.467923113967045
0.531310627099152
0.351240254480601
0.325465173144903
0.342994138132212
0.419932130633605
0.434807917818494
0.410375769083438
0.401047389320255
0.44956661909901
0.306441442253545
0.380837775394297
0.459850318581313
0.399061292633618
0.341477564378461
0.543930339341799
0.43980266108478
0.375550922446728
0.498686523227216
0.54717922259794
0.480910763918872
0.374815874814087
0.467125542250164
0.45611524666598
0.59906435009808
0.571905989253525
0.449206577054304
0.38763859234865
0.463033102708316
0.398043175066865
0.345569909269354
0.458340288416501
0.410742315808876
0.652909982846549
0.231259037094302
0.404535418586375
0.531858958557082
0.410324174977874
0.396294202967088
0.427235017178704
0.437545755414859
0.419621857112145
0.617467210780433
0.533621891641691
0.442467623205719
0.540097544559545
0.494478778104748
0.3899724503617
0.602772155277246
0.466476625253262
0.411720385180954
0.653308721809216
0.59623419027533
0.550704804289081
0.471035879756612
0.548829918957962
0.581595943757892
0.540888667475484
0.490313564896752
0.574181756101789
0.442490164495838
0.377077281048862
0.562355307157263
0.495338541649927
0.419171297134619
0.644118729050801
0.362470697379305
0.56053386428689
0.524258112132179
0.583558088461827
0.524450620524856
0.545373015584267
0.492144492080723
0.36032612256959
0.617868226163212
0.68888194678852
0.625990227892923
0.558195449008689
0.655036684792713
0.508922694909857
0.58041023074064
0.609550059315666
0.51044441390469
0.561509207490296
0.599620464109337
0.737490510859843
0.665259825415439
0.626797725840181
0.608064848850854
0.525347795950711
0.769399716052304
0.556598972565928
0.523233564133143
0.33981418731168
0.606618328197778
0.6198181423563
0.548452202670205
0.58288905668543
0.573678229007167
0.602809005699205
0.682573076497562
0.573389180908522
0.557950572985057
0.708441150929408
0.673951832291215
0.429586386503011
0.74028630212919
0.707134538443992
0.640802182134816
0.492005747914296
0.682490621345078
0.706460082581077
0.446819753758273
0.517029115457786
0.543000355957975
0.779819459310699
0.80063873896456
0.689567415182002
0.652542067449966
0.507973214280599
0.675220414569626
0.581072606914521
0.675786359310357
0.50260672990619
0.698148910322313
0.599602582926913
0.608376359212738
0.846347062834437
0.841459847113666
0.723582172461841
0.718476604341031
0.542273889845222
0.708601921188646
0.739855976598988
0.686868579187254
0.626057778162522
0.520009387806998
0.597391119901927
0.798093428504019
0.706702332461415
0.634170513729988
0.664100618057745
0.659525290345218
0.727293721865854
0.592262847278895
0.758826604450608
0.688017561276154
0.79214511747108
0.641310641711332
0.730813902499924
0.762022362563306
0.83684792606296
0.654691063212464
0.792181369348506
0.644973729199475
0.775264201378314
0.783119991476596
0.68016139376564
0.67168519921434
0.68087734046182
0.751847658053055
0.704969560704735
0.771933273203485
0.634571070336933
0.83850504534981
0.683518904644461
0.668117317661863
0.730738213569159
0.592996709372242
0.780434724339527
0.575564150745997
0.702276027309953
0.895002101083713
0.700699339198898
0.762111650133038
0.649268819550081
0.76370818796507
0.730015152848826
0.7180307246326
0.797894037139015
0.791387529415344
0.800871312081238
0.590518362394059
0.794029363387832
0.809112503614745
0.690371110624692
0.711788887931703
0.795939653684674
0.819452882624703
0.845357025293695
0.710063015097533
0.895299733402135
0.807638949044337
0.876275133366805
0.548745768399176
0.783794201568636
0.899504480629691
0.68764299010936
0.761185478648896
0.749395738507164
0.879982649518128
0.815280522867237
0.748606890656461
0.885410699691146
0.812350267317554
0.752871734353297
0.775476018755663
0.890676006515805
0.815881328661849
0.868425939609651
0.856424977146104
0.830078101012929
0.824685255951715
0.918428118511572
0.767861959841774
0.787126837597406
0.77448190628946
0.734995579244385
0.984641502181725
0.903287959331724
0.832456378069769
0.945768509396841
0.95361149499425
0.769331166369657
0.84276072763046
0.912676591450484
0.896086108433814
0.743352428616879
0.859406810582566
0.973679300490944
1.00672475157119
0.789461634600491
0.870923696616708
0.945671455251953
0.92927162919624
0.900357477174064
0.890866998807663
0.791733844600971
0.963156133838369
0.954170779599165
0.929299698342932
0.843617834712958
0.775634165488216
1.02680454920379
0.850893507122527
0.790864464267889
0.984292014687507
0.776862580066123
0.833428983303001
0.919314173909506
1.07408034336369
0.921897248425972
0.95343301767083
1.01828340747822
0.939440647047975
0.895417486561621
0.927080532250503
0.872019739561703
0.989967298653379
1.03549910982549
0.952868865197073
0.884122974712551
0.972228017882102
0.945345946175061
0.921835874138918
0.911395784518733
0.878012923034088
0.898862523706545
0.853213321077397
1.12272872115964
0.98747756083204
0.875984317996326
0.949445789084986
0.962734384144775
0.911425988755743
1.01601631545998
0.893335249419981
0.925216287962958
1.07816121871798
0.971409503547236
0.946443594483713
0.954640931799099
0.895078324312691
1.02246138430986
0.991601465654828
0.976676354454638
0.89215885635537
1.008226346183
1.02750298134276
0.955603900288518
1.02890311619355
0.927475228693897
1.02320803915312
0.894155299913788
1.0719769492013
0.816439035096458
