-1.03247247174996
-0.773624843568753
-0.970251959737649
-0.837973956627996
-0.959945712770097
-0.914470829050963
-0.873589705178969
-0.942632780419419
-1.00865768231173
-0.911907718505215
-0.819486507886233
-0.872965404723721
-1.0568614372114
-0.947650945270242
-0.936134443330054
-0.986530158166099
-0.881709549836141
-1.03993032817173
-0.880814574120085
-0.911903453746926
-0.895413885192642
-1.06089055707823
-0.897832063421831
-0.806598667575254
-0.935840642245086
-0.966154204658153
-0.891218529082545
-1.00075693996227
-0.740820244797718
-0.926569404089329
-0.85218956304013
-1.05651744344395
-0.980874319529358
-0.828066418355593
-1.09685935584313
-0.857923926385091
-0.989225914118252
-0.823767925074152
-0.939107572188715
-0.975399595723077
-0.804931755357367
-0.902523384095102
-0.953760986680293
-1.04379104203979
-0.949127979765759
-1.00708341033221
-0.846139518158959
-0.92407207637756
-0.87029069396244
-0.909427053803025
-0.939640776601852
-0.832299499836237
-0.910092419753864
-0.711812348787536
-0.944222090784557
-0.750804214625986
-1.08366660208062
-0.930053221043199
-1.05818401467328
-0.874636988252881
-0.920124998460106
-0.79452751775835
-0.829695649163316
-0.85851972107355
-0.821608351479082
-0.977592331264104
-0.848784408948373
-0.879469859846894
-0.798942012930252
-0.725599562038468
-0.883416861134633
-0.796582581122368
-0.771998885885421
-0.85178956704442
-0.904682041644889
-0.879212885509555
-0.888846962677878
-0.820255728617305
-0.847347259490261
-0.958307761338066
-0.71047111001358
-0.807436455242256
-0.923473687346369
-0.928225270664639
-0.929379090768473
-0.800278385245387
-0.815848830192511
-0.991843488967609
-0.941269427285065
-0.758845726235037
-0.895705833590035
-0.829540783207659
-0.955071287382665
-0.75175356516434
-0.817667231699485
-0.97753193642074
-0.828034664826067
-0.753322465573882
-0.849637397764914
-0.764940029407919
-0.83013232237197
-0.798651666558069
-0.682649671783931
-0.786517280155711
-0.87391333862949
-0.842657280998771
-0.840834267189022
-0.805663208241315
-0.711870830160696
-0.803877915178628
-0.729810593053745
-0.75805127745129
-0.830832799179681
-0.75983543455535
-0.835995779352331
-0.694936143607597
-0.67349275770055
-0.751248578900373
-0.834510045059974
-0.753328906548441
-0.861750234254311
-0.690060933007041
-0.760304241333734
-0.773105031385381
-0.823537972210346
-0.702467590511171
-0.695621649142485
-0.725263690260827
-0.688726729102269
-0.594810987720243
-0.821101552472683
-0.92831096343038
-0.65700064370247
-0.793710243029812
-0.600931378077829
-0.705477035852718
-0.707503240710471
-0.524845938739452
-0.644654363487204
-0.629211054382558
-0.722651076604575
-0.688071849338125
-0.53682412682312
-0.696631882851974
-0.739132386920589
-0.684113116272346
-0.717049743967467
-0.577292932487214
-0.741630359262435
-0.664987487585836
-0.707661486301292
-0.91348507989658
-0.769165807657221
-0.623679682084658
-0.628495263115922
-0.67216804315846
-0.64895268273415
-0.636363449731172
-0.766714112129146
-0.663610206179685
-0.618250191562189
-0.578893244789588
-0.715970809362887
-0.653284535142618
-0.582498051194712
-0.615908147238762
-0.651219433562592
-0.465454653546076
-0.597490481246895
-0.613745424780061
-0.587584035466497
-0.553565202748766
-0.668271662733911
-0.544117416925031
-0.761558252688674
-0.620673779497364
-0.731522921421064
-0.517949101481278
-0.536844216715532
-0.714677742648368
-0.570770855225417
-0.526686208719537
-0.664900425962412
-0.497901944671872
-0.528533206110661
-0.846409571461492
-0.680296793561956
-0.535320580813776
-0.626028869820012
-0.499076698599518
-0.652276902885102
-0.600695898250065
-0.644488381818188
-0.742395229413363
-0.681063120418893
-0.69468067561464
-0.5383306221275
-0.765869578391966
-0.666652035328183
-0.657878831075254
-0.735865774294528
-0.68603019323311
-0.53816067417958
-0.502107062566699
-0.702684954353631
-0.604928646876848
-0.59573069382089
-0.608177946735173
-0.541721988059453
-0.63685291711657
-0.619257385089357
-0.499694017610937
-0.483358225220161
-0.49270361253751
-0.525888365695287
-0.549729940743372
-0.622991249701627
-0.465255922073891
-0.543429800137627
-0.513830755353956
-0.637146540141604
-0.517536159132927
-0.559376759505437
-0.527042488480416
-0.685622255276933
-0.507045894435894
-0.52269447552345
-0.549918225716246
-0.511736957526945
-0.641341188659213
-0.586191568582736
-0.57195943564233
-0.55654352289303
-0.71651215654546
-0.516101972139321
-0.499811141642645
-0.573198211779939
-0.404717897696579
-0.548098189649498
-0.646822863441425
-0.472429279849076
-0.536028294553785
-0.486628594840232
-0.589023859142838
-0.495229806051499
-0.449258893053367
-0.416537706637522
-0.650161707032679
-0.428385628161524
-0.574960236973936
-0.490690879202584
-0.553475355763822
-0.375753086985323
-0.531791989065828
-0.337456612077421
-0.38731988894579
-0.429629312319997
-0.5320598675476
-0.511843256148498
-0.382077549064022
-0.449767207338635
-0.454297006409253
-0.489163446710518
-0.441168806830358
-0.493439542155385
-0.601016856140202
-0.360886063926987
-0.501929527056427
-0.369296094550182
-0.509719379681988
-0.449842766163729
-0.320534746234184
-0.456931987482806
-0.496133768504486
-0.580330519801735
-0.447405189521536
-0.427930700111961
-0.470746148335041
-0.333068530289114
-0.40482767205076
-0.520745792567935
-0.439618044900688
-0.354346990506566
-0.325974655038294
-0.266554750416328
-0.292313767045898
-0.417091947836883
-0.382505751463399
-0.34786985205299
-0.304743317574117
-0.315736384609907
-0.439730755766613
-0.397636279417508
-0.420709373066021
-0.336418951907908
-0.451270267862023
-0.50806673893986
-0.341106008278903
-0.184835833337456
-0.426197448999828
-0.338652332538898
-0.34974003147942
-0.390881009257409
-0.459481306574207
-0.362744217322746
-0.457123949205481
-0.453458932898208
-0.510603659491526
-0.3660004723085
-0.422593649118649
-0.336144840729206
-0.446591237749582
-0.435344196592032
-0.403213286592661
-0.397669575948582
-0.348609507150513
-0.520263755454868
-0.333167965094993
-0.351706628592351
-0.398724584101043
-0.348015702900234
-0.50721494091
-0.397139386267748
-0.233055506678079
-0.339528481700243
-0.382231394483608
-0.276783537373248
-0.36419308682869
-0.48802646710142
-0.321162840993305
-0.304306195946006
-0.288492275567139
-0.24053241783887
-0.417083801882868
-0.392276313433591
-0.329688590338123
-0.389427613373423
-0.308584316423636
-0.25629694520198
-0.350904619615948
-0.32776244616944
-0.454346728634336
-0.216175100068532
-0.161775062608321
-0.264290095896288
-0.266868672687207
-0.330056251186012
-0.203618844499931
-0.268468382358891
-0.452354317113527
-0.224467348462391
-0.266945201833343
-0.434598190240803
-0.323636343883309
-0.320895787298267
-0.261138873500879
-0.274686132159641
-0.278586782386435
-0.291813546597459
-0.39782735010284
-0.238338918587237
-0.195685716315502
-0.290768846790106
-0.292316678483187
-0.364094227915533
-0.247570765879414
-0.365798833467531
-0.410042094354312
-0.302454668683305
-0.0935896931922536
-0.290887439982678
-0.185565578907065
-0.290062200025035
-0.209396352581563
-0.30561664411001
-0.274474868808696
-0.234014421264524
-0.201334191288844
-0.149722142016429
-0.276272744083986
-0.417629551523924
-0.172694964028727
-0.207586565498026
-0.241860080676311
-0.215201913550754
-0.3653736414546
-0.169294310017999
-0.0916965675694698
-0.392207451734777
-0.234831153601914
-0.236212583341911
-0.139125546794082
-0.217379379347962
-0.291155255477035
-0.252946780915581
-0.402399524849899
-0.150499132270252
-0.251177764556503
-0.149705369300142
-0.219391936303717
-0.290988546528503
-0.193263974071805
-0.273688979587517
-0.269527783359717
-0.153747608610722
-0.104968322041532
-0.253985400562218
-0.113581716279324
-0.198088295677044
-0.0781419621626902
-0.122641265870674
-0.13631701685871
-0.296796116428834
-0.178771423665671
-0.283048214816787
-0.244760860228924
-0.0813696154258348
-0.165692921554499
-0.114334962247224
-0.102363264229853
-0.202334639843808
-0.0365409558496109
-0.201005538987831
-0.221771167182445
-0.0844056128890575
-0.163048331973641
-0.033621695123102
0.0434698059866353
-0.0735844596844128
-0.155526950375955
-0.100703006691189
-0.166231880383309
-0.0514709522974995
-0.131492538495104
-0.136103860777022
-0.126745319362439
-0.11123587517678
-0.0975378231967916
-0.150428700708261
-0.303601671070171
-0.183020533748895
-0.119511779023695
-0.0786890653433366
-0.0513149083786616
-0.24839956912026
-0.0591803220845744
-0.0953034341960092
0.0235403803107321
-0.225559903013851
-0.218910284486521
-0.047569757917991
-0.0824221785888354
-0.0862308255564716
-0.138381191471753
-0.0725268247914872
-0.135821520506468
-0.0458409198366582
-0.206919473789002
-0.102222594663384
-0.0980306065155068
0.0400945269746906
-0.0103374719167637
-0.151425672795889
-0.0875035156900844
-0.17899573282253
-0.117658626084233
-0.261598749622358
-0.0828367276874915
-0.0331281921835504
0.0259627816272876
-0.0450561046189645
0.0477614118816675
-0.153982788499553
0.0076293041782786
-0.0359255110424828
-0.180739429340749
-0.157192574849531
-0.19265360558921
-0.0266590068932088
-0.147964589126898
-0.0426571009644359
0.0152687239098938
-0.00954840032324674
-0.0568574593308709
-0.147590942772338
-0.0243146348403921
0.0210665555433714
-0.15857346189826
-0.0555796556212379
-0.0834151855309115
-0.111393709649709
-0.0117019727731517
-0.0623092210715565
-0.064480495063047
-0.0703097384318642
0.0194761002470533
-0.0674167060750844
0.0043620659991015
0.122400046907425
0.0373688308314551
0.0845921536572823
0.0753614311179202
0.299622024023758
-0.0697543012435132
-0.014636840155678
0.0358325488704997
0.00853900724283188
0.0246337719656225
-0.0379146080651271
-0.0414673163095603
0.114021606650084
-0.0445957775444648
0.0554999576813256
-0.0161870762435112
0.051156386011148
0.0365564352761598
-0.0154013632736345
-0.0698616370109154
0.108512967142058
0.0249295721104967
0.0109148386838915
-0.021339785494566
0.0936753556719671
-0.0157221304775867
0.0403002716154501
0.0519476332762878
0.0293086217888569
-0.0833250033000389
0.0541400890067988
-0.0443333338589525
-0.0638808636822538
0.100744711846257
0.0274589564290148
0.296561223341927
0.00953304289620425
-0.0158619874662461
0.0845943434853741
0.00469075805047672
0.0122825439540319
0.182609238926844
0.0921841140253542
-0.0336172292194995
0.181276424976876
-0.00249778391183379
0.0475030983286914
-0.0186724891519167
-0.0199336883156958
-0.107021790196036
0.0530309623425444
0.0143973233548961
0.137819658528058
0.0217357170165372
0.0102642875144385
0.0237057666919557
0.119892216843873
-0.0272499415421902
0.0888099663801414
0.0701662784077753
0.124367865056241
0.137514505083348
0.0942644285080816
0.057383391435377
0.11239857764061
0.131210805293454
0.0624943927802254
0.279905602456027
0.134885767620055
0.106613068745604
0.221622009781323
0.179559502620646
0.256705644680868
0.134881357918509
0.236797388363683
0.261765923517891
0.128577085127249
0.195178124389231
0.110560355639225
0.0815501290158106
0.0685854174890327
0.244379235446182
0.174882076772335
0.0467941448038933
0.18050154187633
0.0641717987730372
0.0877442363618384
0.192958242861266
0.182131929263295
0.165920171095726
0.0846093404204942
0.0677302937752502
0.110634141696868
0.192741838842887
0.199505807108718
0.0703909402460989
0.0882219049667266
0.227155949400939
0.334398047545894
0.207529051352147
0.18853080841082
0.218038968578311
-0.0173154393750259
0.225343592659865
0.20030097087363
0.341474301736967
0.253161495730428
0.328222773520799
0.192170088332709
0.331878758170873
0.228427626563969
0.0815998576141799
0.256782647535468
0.27805625423648
0.138031434371911
0.231322561495891
0.161113820423297
0.252825638790724
0.199163533619477
0.393997217144276
0.375456296018168
0.0963736737498005
0.385316880189142
0.260896914465879
0.140803117337065
0.296085556181914
0.348418642946101
0.114983183147781
0.216689328287732
0.165761606215035
0.184061212344966
0.143338999649962
0.250958636643928
0.371803167879091
0.295272661929963
0.30501181661294
0.268046778287148
0.192287458684705
0.272415254077572
0.166928674455109
0.221151088317335
0.158301457193673
0.427047618516154
0.314006098978457
0.203030464026658
0.297115940662535
0.331529928218855
0.233914531837092
0.255396812233028
0.395087036204488
0.141034366603846
0.179411799310397
0.417437561269803
0.317596596400761
0.510628945177552
0.349303608122899
0.379156648502062
0.357388122395326
0.30182290776107
0.27284997550615
0.29853552859217
0.37053963340965
0.457713630381643
0.289853816518304
0.366732316804907
0.34535265282533
0.367533218356808
0.406494782337313
0.328360772806391
0.175679233128196
0.442875557236872
0.365896482835871
0.162519529530462
0.552164185530467
0.375559460189893
0.358638750975252
0.345076362116014
0.358614376883251
0.479775410203164
0.409718902254187
0.49685336121166
0.379217249431436
0.392763145404502
0.449040990570223
0.409377186596675
0.435134063601286
0.390985365456805
0.480692568816636
0.446244889815911
0.424801920098497
0.354464792258941
0.291689712148222
0.398880614392876
0.31401135601352
0.385667237141924
0.309945185097059
0.440908666643759
0.263211129924461
0.39309542179706
0.444608538126835
0.444162156866765
0.3948630556671
0.410420496458045
0.274380574442579
0.377245889511361
0.300803858708456
0.485194814109351
0.4789267152114
0.472318009355878
0.429849624726343
0.542619452597816
0.418874227785525
0.436498847183703
0.514371531331011
0.544182725814508
0.504378233497812
0.401841451092719
0.488524196126152
0.320243192162066
0.358176462581383
0.45631321991154
0.46009147103736
0.552860654334767
0.414655167948377
0.443353536986257
0.448913789227097
0.409540689392913
0.458536371694559
0.387861202513868
0.444208039521043
0.548002820108683
0.589226348271911
0.47512000149678
0.428170422468538
0.45753632754581
0.503373704573679
0.384257771145474
0.513899521245318
0.34853260138589
0.543885435994108
0.535170754963235
0.473923414046564
0.387805183672664
0.542785010448602
0.401874825996409
0.645650165734128
0.69881080647159
0.724233830710618
0.411358831921989
0.38331012669249
0.569374078695746
0.436465821048905
0.437152040448858
0.534095596432612
0.365225085412006
0.414359171417074
0.502703684841219
0.454443893475471
0.502742224614143
0.373096627845203
0.485759325879765
0.591879651824379
0.494620305751873
0.381237947252125
0.517566623283011
0.566406325997522
0.417445847203652
0.413574338528491
0.397138140294085
0.572375181199529
0.465567813465607
0.547448388138613
0.56621931692283
0.553701450738104
0.418462653053738
0.425073560960271
0.679089820795478
0.567531687881354
0.613050179359145
0.541510101623097
0.471000401798258
0.71164712068708
0.552204756354549
0.605842381988401
0.378102478485852
0.714872514139976
0.509243155095209
0.616504595785487
0.619784372167232
0.575451164247129
0.50147523705519
0.546751596982729
0.461273604149707
0.636270406856778
0.658344682282234
0.650584651556553
0.541004034745394
0.535991434119519
0.392901128944242
0.581795380719875
0.543412167069992
0.649978311745342
0.583968701394547
0.662348170013457
0.687100566920459
0.628531844218005
0.462468256539664
0.735180740598917
0.732989559866569
0.611565881989229
0.443691240244235
0.738048565295831
0.693205550271291
0.544027640070792
0.700403920283782
0.574062156894141
0.428158982478067
0.553365706533463
0.540908283140148
0.577313701313561
0.642854238853046
0.689317027403288
0.555343452941525
0.671481649408591
0.456798004745706
0.644013543138913
0.683033232754639
0.586628160304055
0.676647243838774
0.586095318699148
0.807454707997104
0.743530800475856
0.719753780803971
0.649235643265719
0.676663613565448
0.558510291582058
0.67279283483856
0.636580301854556
0.373840954635416
0.71306223966162
0.623865385784054
0.627290150986092
0.560356548440017
0.607698069263976
0.710887924550933
0.758903385761835
0.515265175777045
0.702461622687734
0.686531421365625
0.757143589969756
0.62281838236587
0.686844450772718
0.548968634498781
0.776338839548779
0.825219377144064
0.873091327069365
0.705537402053177
0.806818303202327
0.656580700158924
0.843468293288212
0.705935475726491
0.723749124888434
0.776510338375894
0.730069640509758
0.66848210445357
0.771514308282352
0.735648114140026
0.715206418085698
0.633725307392172
0.675723494015516
0.75171103815058
0.879247251210137
0.781166112322592
0.982272759910242
0.870442337731928
0.778393824928168
0.804775107408075
0.824715621486802
0.761602155303218
0.902829953320652
0.840474569121744
0.688682299067893
0.634236616095462
0.841430832662908
0.900078178722279
0.701106228366197
0.758988738551239
0.768782883726527
0.820046334528282
0.847016216981747
0.577448094096916
0.579904162283824
0.772888647165866
0.731308946360899
0.807105825861707
0.739902676161932
0.703289334650284
0.790413877782283
0.731407413024858
0.674478177170787
0.852365002892299
0.76634230801182
0.736458544040491
0.822930138496898
0.73902812044589
0.774954496158614
0.819063440278416
0.898413088286211
0.851948657328582
0.842661471929222
0.820920430094671
0.746912406225831
0.936259456961077
0.837887806304098
0.850659579095941
0.858695650117194
0.662550906216697
0.81237945988092
0.874322662362679
0.844330671596233
0.846683666136827
0.7510023913989
0.811114453659351
0.767415489896142
0.777508565903469
0.86653424449702
0.684037071611318
0.807469757117016
0.805460250264115
0.76806044584029
0.919482891586822
0.773189795728186
0.824928320272848
0.947974312784048
0.953684556577744
0.933696324262328
0.820387674421256
0.932273278414526
0.904846421886721
0.886456906534304
0.817672790894734
0.803196841751726
1.02418457893065
0.938164362189523
0.815973417928576
0.853680777403168
0.910007074623988
0.978908078259716
0.923100948843084
0.917257338871269
0.789047942114725
0.91966985361162
0.973313100808747
0.874989131471385
0.879400359643701
0.942828211427224
0.947070410856938
0.843187291759725
0.955995148499141
0.898628558058942
0.802033819202639
1.02032629191607
0.920880509630707
0.870058778046525
0.976251017713599
0.856948634465554
0.93512231601317
0.849825241317315
0.962473821516151
0.972404714516145
0.991130078692778
0.968445658026978
1.05741798421298
0.934996432427017
0.938871261259347
0.763725538329201
0.964943099933595
1.0008078082109
0.947563535836446
1.00795691280998
0.960041300262471
0.917082023896728
0.96797772184903
0.938560900386413
0.93118502861036
0.9458497471819
0.992132823467939
0.977959805057102
0.934033838056601
0.945923146591294
1.01613668296963
1.09897296352019
1.09061665763535
0.865102462189416
1.09758328578414
1.0584272461883
0.989039639210982
1.12161077211335
1.00791878991849
0.989989748772125
0.988821903893461
0.780476470398355
