-1.08646150982919
-1.00852893951345
-1.08093050827096
-1.06755753633893
-1.09728523634816
-0.871415374923045
-0.80904539033122
-1.09131314017947
-1.03314828935518
-1.06630400750412
-1.00619035429748
-0.971293947141807
-1.09138798669293
-1.07875684294799
-1.050636447518
-1.00937073886923
-0.845810244457654
-0.958067792960212
-0.881579753805861
-0.890772029868932
-0.951770419368093
-0.967514479219405
-0.86598068759217
-0.879337877039923
-0.886371846498837
-1.07460065399688
-0.958199413726296
-0.919802518168725
-0.698894687767882
-0.873798421447824
-0.941245824419071
-0.817031489625122
-0.901717315967722
-0.984962410927976
-0.994888702821085
-0.876644741020101
-0.866922707726741
-0.862620967742281
-0.965377348127894
-0.82634441961945
-0.862977134785968
-0.977889264792874
-0.949386690714643
-0.894406805690909
-0.907659039527985
-0.839245850224956
-0.884247424715336
-0.944527895544108
-0.86255864974201
-1.00914732677011
-0.706797428390883
-0.955517369969279
-0.889035425751225
-0.82187708594971
-0.831188798810155
-1.04842713386905
-0.880381947614057
-1.05752309773739
-0.981771041352965
-1.1227714424652
-0.94719012793002
-0.878599028900975
-0.811318490489873
-0.85930419116631
-1.00258107169412
-0.918581578136862
-0.779137546834251
-0.941851709400459
-0.875902570755519
-0.889772217730232
-0.846718561755611
-0.797377489573331
-0.728915036878236
-1.08459620965543
-0.815185027584921
-0.727823584676373
-0.755436326055518
-0.888857295084023
-0.96004186683172
-0.585132133958264
-0.715635815996856
-1.01370566367003
-0.686741047741613
-0.821660610147814
-0.903707040857816
-0.873344920337571
-0.776182983140219
-0.746390893232848
-0.85238136785272
-0.735084044875441
-0.831895260103067
-0.799929691295674
-1.04571273237677
-0.757167126238157
-0.943452163850452
-0.771189317578629
-0.736622485174486
-0.64417547536086
-0.688301475232344
-0.942529244009209
-0.707441115160056
-0.854139119144108
-0.771432744515305
-0.685317663650007
-0.74453760153943
-0.736899903514651
-0.812823551401951
-0.875109624629308
-0.722566568052931
-0.735581021581559
-0.714479767924944
-0.861362533852189
-0.778139265784842
-0.667297189060717
-0.670498640495717
-0.706691266330855
-0.88316371344711
-0.833962050526449
-0.733632715366725
-0.838384975212183
-0.752020811153318
-0.793238752717762
-0.770138883734498
-0.735868540391737
-0.817430453842056
-0.64957480443318
-0.800026330476497
-0.861358254274608
-0.756038539350587
-0.579674941591908
-0.72796660415311
-0.684082785395288
-0.772815840482436
-0.62728107329046
-0.650381590601315
-0.735145176238552
-0.643052121931191
-0.72482564061843
-0.810493355378455
-0.753534283637323
-0.887638664042952
-0.636991835322782
-0.66821918451469
-0.503110809244
-0.665272712011975
-0.720627841098126
-0.699614567996841
-0.738012540772124
-0.77251046461056
-0.693366305076576
-0.730915997780406
-0.54841170590666
-0.686119609945581
-0.643123274646198
-0.6725883896498
-0.750914698905697
-0.721272718895732
-0.530482982560468
-0.716627709198238
-0.807687686084349
-0.713336369230397
-0.835898224859206
-0.850949725372885
-0.811937349906566
-0.613462773197703
-0.494400496596008
-0.825344029203864
-0.678751762958806
-0.723072214318721
-0.750772729548498
-0.569013502297543
-0.70095880663903
-0.565810257247828
-0.650417724369459
-0.650959858702079
-0.615175358880715
-0.572990758751134
-0.672420108115061
-0.684930284915885
-0.686691029390111
-0.573620239483216
-0.496520721464833
-0.722179605726172
-0.562458274604648
-0.643476867114399
-0.688971723419983
-0.719922937892318
-0.611157385635511
-0.66345911439967
-0.669788138316951
-0.611967411292119
-0.585721961014786
-0.678852150216241
-0.624952195900731
-0.729757183770824
-0.682920286813419
-0.610424597679983
-0.664940016938387
-0.605679226957303
-0.623951369215163
-0.626921153213863
-0.65050825778085
-0.592863559896239
-0.652415332387319
-0.520777246800332
-0.440944843313574
-0.454288011224542
-0.627812288975947
-0.613240858908675
-0.654604612525267
-0.578492858370901
-0.672070790428513
-0.541842825221594
-0.659234896602041
-0.571973122785599
-0.704405782952416
-0.49425466051119
-0.558286800742266
-0.589073544319832
-0.487793486730134
-0.58218049335762
-0.590200390635883
-0.585641757345599
-0.485446206840347
-0.662297773927733
-0.53126848564608
-0.500677968792941
-0.463621609491113
-0.406489263677327
-0.573216338458165
-0.608075569925878
-0.50958700078018
-0.707104141698842
-0.509522528476055
-0.579560401480712
-0.528964549490904
-0.396049444391552
-0.551984011238484
-0.500262217260652
-0.507176933882884
-0.534113462492153
-0.568653850788825
-0.657192885858293
-0.607353636564328
-0.525869153968346
-0.473341191841294
-0.700118655337098
-0.506937808803798
-0.608735550023107
-0.559321715063089
-0.470033067378284
-0.514727060568657
-0.404326507351809
-0.383479159058979
-0.471895290517978
-0.645426683624574
-0.516549056538775
-0.417805815763261
-0.531445870350904
-0.510319004553496
-0.519976918300349
-0.471423341167232
-0.481536318000471
-0.471809850856681
-0.640355018420592
-0.618642653938605
-0.490129143920344
-0.471069299358883
-0.467516526100625
-0.507403813145185
-0.701652506832596
-0.445871894168325
-0.460759237109319
-0.377481621997828
-0.36932254415486
-0.399415680655174
-0.531549454522034
-0.398829285466293
-0.288566572111362
-0.515798778839289
-0.313449678924738
-0.49572209901307
-0.3921013688211
-0.559196246154609
-0.47699599909079
-0.4513086037104
-0.467661300383566
-0.46789875156658
-0.568742805742523
-0.303501644942149
-0.53219139408108
-0.449071998583558
-0.28590087526198
-0.48258798837137
-0.405762262486062
-0.502600538673484
-0.363670046275784
-0.360740005060449
-0.3477459085531
-0.419335882451605
-0.453508025798028
-0.348030928524613
-0.25866894063299
-0.320218749019862
-0.422672394080561
-0.38358859337318
-0.407676757771874
-0.422319949786304
-0.485665284214147
-0.451230566802262
-0.45423685706854
-0.391511976584555
-0.308513165036126
-0.581647509604503
-0.275231518393132
-0.372363463899699
-0.43401000562582
-0.365380565365412
-0.39375040430868
-0.416104606623753
-0.371817136785113
-0.441365366593927
-0.317036121054861
-0.349534109664745
-0.349876632984536
-0.210962956737963
-0.324403765521806
-0.489362823738976
-0.412682344004433
-0.372251474665961
-0.331981820429386
-0.299814943918523
-0.409792763824116
-0.310519523756075
-0.375218167895673
-0.342202188359581
-0.199736767646397
-0.0951609506680706
-0.293875651107151
-0.381356506276952
-0.251804994531736
-0.276036836176835
-0.389668098814971
-0.416150312235523
-0.285956129462367
-0.200148697038499
-0.270697303387344
-0.474141590202386
-0.323389648615922
-0.279169499620598
-0.195070371948789
-0.349162395098239
-0.257400979774206
-0.363244695065857
-0.371151600053183
-0.267442008805465
-0.359466886777393
-0.321545560586502
-0.170213742048857
-0.352019383091379
-0.244213103576659
-0.321723034471447
-0.389532043115495
-0.211261445832082
-0.241915128094516
-0.385670050148579
-0.157075225693833
-0.245629941891467
-0.230089856717447
-0.387434189398711
-0.21135554546025
-0.233955402065524
-0.225150516656096
-0.128764981152076
-0.301676810794536
-0.139097526685523
-0.334368710300146
-0.222063459476843
-0.285587151582051
-0.385090647371094
-0.285866500984599
-0.183246659652467
-0.0778788764364956
-0.297441855290631
-0.261063661043627
-0.267393123783531
-0.295129944044753
-0.278881486222829
-0.168689444421994
-0.119657915545313
-0.305211996232747
-0.180369262789551
-0.168954078463749
-0.301464051758657
-0.217501558167004
-0.237864796249971
-0.151988707567221
-0.234003162975585
-0.2682856175498
-0.234128019637352
-0.313002823738401
-0.259277242658278
-0.322167214188253
-0.00566973162251532
-0.096967009569402
-0.26474506191584
-0.129936953353252
-0.0918624341434548
-0.167277342283601
-0.21669840016049
-0.0973934920670266
-0.197883258567366
-0.147819444516605
-0.068983643121102
0.0290919491433531
-0.183197256404439
-0.144096564748625
-0.248668048313092
-0.184270674700748
-0.127735036856355
-0.217565826637358
-0.0191637682495485
-0.357125313794516
-0.172868154851103
-0.342881304631479
-0.150808085479481
-0.205002675897789
-0.184827514708303
-0.0900123409617499
-0.0877235928229453
-0.228568566301962
-0.0643926330616039
-0.0832054755486028
-0.155131657003166
-0.276627493393872
-0.124583057696307
-0.273897117674738
-0.192636731316755
-0.109960276761992
-0.156667589002196
-0.0574353921221802
-0.287612975458336
-0.177167886270352
-0.00312385243225799
-0.233003767506238
-0.149322068325604
-0.228128686394145
-0.00942339938907981
-0.0771201408511677
0.0593715857326687
-0.0291709028207329
-0.113697342617413
-0.142863287617159
0.0159544790399906
-0.192037952246063
-0.0301801285495885
-0.166139054103189
-0.120590127636421
-0.0628685471397481
-0.0756834986648575
-0.120543519860229
0.0345632154938931
-0.147482019636484
-0.164244857658347
-0.0393374105662432
-0.114351667279312
-0.0145416022984995
-0.130915671382319
-0.130907943955316
-0.126595117619956
0.0548434403650467
0.00341561581249526
-0.0296809440670883
-0.135534218463749
-0.087781559410657
-0.0811093918820991
-0.102470869110867
-0.100912869818074
0.086359461148799
-0.00624487496984467
-0.0329151010880735
0.0768835051478413
-0.160605783322312
-0.133094543492067
0.00795604328337417
-0.0878485765496339
0.0262945186794853
-0.0138057444013918
0.00959303091700854
-0.0898601444937311
-0.1076776770504
0.0429521192917671
0.0334129147231888
0.0206533334824589
-0.0540757542733262
-0.117494227149105
-0.0102158792715196
-0.028701727441067
-0.0554998226877018
0.082302029119749
-0.0088185081191698
0.0264119584618214
-0.174032786818832
0.0101333937685926
-0.064126630774349
-0.0830172152436823
-0.132387526666101
0.099727456963369
0.046790919853028
-0.0292003638435307
-0.0134632643038343
0.139019743241963
0.0825491732523487
0.0952697468176034
0.0550987843784788
0.00790593453756181
0.0797189456825042
-0.0665747271962216
-0.128556172566976
0.0761389454927433
0.0794930935058065
0.0125873203459297
-0.0383303514580154
-0.00822654094860505
0.0500800439535153
0.0454824588078425
0.0798060825581809
0.00217483310734532
0.00709721266348171
0.000144979918770983
0.0281813869771613
0.12547580976659
0.121317255142986
0.145214153264867
0.0331388063960319
0.00156654589068519
0.0430731313977304
0.103727325950211
0.217505216843558
0.0790734447554681
0.100464266775652
0.0245835494034061
0.0605744657388641
0.11213231390004
0.0668431347963414
0.0892825849744548
0.146047997364979
-0.0720965532278917
0.0942687695926949
0.149598588612388
0.0680409246880812
0.184613347153705
0.203300204319959
0.106939059832396
-0.00949425054245589
0.191271439096595
0.203064768213214
0.0988231693700056
0.130472474157757
0.305368674226867
0.246595816618828
0.0393897367984247
-0.0102369734101305
-0.035276577958281
0.0969153257755585
0.087505183450005
0.105764969721334
0.144011373978437
0.0513237655118703
0.0546533869091515
0.170376600845413
0.271296126031638
0.108491372774953
0.293242639771518
0.158638060661671
0.129747683728592
0.247213326042908
0.166992207372225
0.0383893602484979
0.291550364800405
0.240177214246297
0.0831165229774288
0.178196766433137
0.259608444129034
0.232958311442137
0.122791717552907
0.193295932329899
0.207636534028504
0.132212353481773
0.111159513224053
0.100502164174863
0.336374222820334
0.256942388284638
0.0636039335663487
0.212502803270851
0.182371398944508
0.265279239424997
0.199181220838073
0.124617685304842
0.199255937069079
0.190245844997749
0.313660508879162
0.276330612659649
0.268272745648727
0.18529232893986
0.260966818945447
0.141884377847844
0.153953779294347
0.268383793897642
0.216006078909862
0.300842764613764
0.248540735507788
0.207971849828683
0.175512661121238
0.253433547740118
0.201987563574535
0.211832953337906
0.0447728123347473
0.308876262613697
0.382366527402102
0.262110923820879
0.14352761268457
0.217209521868194
0.298707385992667
0.318993878293583
0.306164404657967
0.118935525408204
0.186733972770217
0.199355790635249
0.222131158251709
0.238143896538345
0.208321463192965
0.267785833627617
0.212671747277854
0.164932968837937
0.219601513659082
0.321758656671929
0.152382932132304
0.234955969576549
0.34298006911732
0.304728612654222
0.204496187491416
0.217094179491721
0.251225617701903
0.392921024632154
0.29115363430736
0.364980497971141
0.271363264453824
0.395466762596495
0.275166573353788
0.402208173723561
0.371210462871803
0.420083007104691
0.189568565216046
0.357381685321095
0.152501293729135
0.391837741971199
0.370339964830531
0.275523836828223
0.327155488025704
0.323937574505386
0.292523523016537
0.321753800872656
0.310522522659376
0.385456809605435
0.303055806114802
0.270599714560245
0.407076889026444
0.27939855818569
0.352613101916292
0.335773686653441
0.130281962703762
0.432592541693764
0.37698363347181
0.415666896315951
0.326571601573735
0.447224198742744
0.217798110519999
0.344173549074583
0.428360765314911
0.318513592761616
0.235914164516351
0.31562335647578
0.2650849601249
0.345999163519025
0.313875688407457
0.389543437607105
0.474857039023525
0.420965853435979
0.449192140873583
0.416217830939667
0.312320515107185
0.305227397527502
0.390833221478593
0.30674400339297
0.536550995721376
0.333096752480705
0.507408057613945
0.535733067080389
0.50624829548899
0.334377748945741
0.502348831486294
0.312013781462899
0.264991679566403
0.334048498290905
0.4847123610669
0.367654500935622
0.299120281115436
0.544270443596303
0.362293537512472
0.391022308796934
0.360091170697802
0.372805353109799
0.248977325168279
0.407342120114059
0.392349726096786
0.329535084245815
0.569324914077734
0.49519247402833
0.372551792346758
0.439183497952747
0.352600295994455
0.458889018599888
0.457678143062884
0.542800751852121
0.513248529206028
0.469649272303584
0.511309418814946
0.57928889896437
0.555532134643584
0.477692871716474
0.639596669293111
0.536532130568715
0.341865374823909
0.371159871665175
0.369827372671354
0.360222632443747
0.489028997969813
0.492556103141605
0.516420816882361
0.471359441268973
0.534920490481399
0.387009349948728
0.408565802636036
0.417475584207041
0.451889984839465
0.567592721289478
0.649512711139193
0.446249994271092
0.587836809332703
0.407330255192885
0.519391294026142
0.489826192699149
0.565193472697307
0.515683720900237
0.432601204920849
0.56639458505957
0.460243059377992
0.602492763016401
0.420100858786707
0.470008281674583
0.526504775238971
0.574832291878182
0.502726822730325
0.520576682552655
0.505715533627402
0.482793090259115
0.275747685734324
0.445995479741812
0.56776248110901
0.385987119346171
0.467642840037472
0.413663375737645
0.602880293556718
0.571945444418749
0.577763224238172
0.505187023633023
0.521024816976218
0.650150364346904
0.486002584936584
0.609365341385426
0.504792026540588
0.533412546078658
0.470818008127388
0.490530761199142
0.525318798794636
0.562287112378091
0.546756150264359
0.579392666324166
0.647960125897419
0.722150350006979
0.594437607513076
0.590228440978703
0.597776600323245
0.690828212186537
0.559277698376794
0.540751890868887
0.635901254495337
0.519559318364137
0.595869583359917
0.744796974093864
0.650448993678854
0.554140485170721
0.639383726493179
0.67861782405247
0.625465992675237
0.463988570798312
0.639237367902965
0.501775614136282
0.65683426104251
0.598859562496209
0.619793414510611
0.743612675422195
0.470470518087187
0.60960255744416
0.554669654514904
0.618870772231977
0.571706301899601
0.790683055853025
0.584134051374699
0.538124928415862
0.614707770434184
0.786689230212206
0.598445519432914
0.586035450211612
0.612675750988647
0.76553265078036
0.613250445525581
0.545700996381492
0.616772391889701
0.671789807798322
0.772432793033596
0.768916333116372
0.671562148607939
0.872815096753718
0.725866833282898
0.551214712952217
0.640267998241903
0.779994291989454
0.760918767565902
0.685062708071283
0.653620548607805
0.625770276258756
0.724658365840091
0.816345162657461
0.952299986236766
0.830333175480551
0.64626162529836
0.722420081643402
0.693156282067925
0.700923188409795
0.715330612982409
0.675257768170649
0.645757143784903
0.709640120287119
0.555729863146208
0.720641359033654
0.670900637743647
0.776435356322325
0.767390707484128
0.674175286888258
0.594988105035127
0.760028857927392
0.898711782992164
0.831780434027136
0.562883279143629
0.623513813133644
0.741171964312596
0.631949284739758
0.664924070335147
0.626219471009249
0.729550313608947
0.618609764126441
0.80932914261003
0.648499406634294
0.789023670856532
0.757994829042758
0.716840654569733
0.827613441380777
0.777450854835004
0.540672340848329
0.53844550841483
0.653199708387641
0.656536569344138
0.849959321686989
0.78012720515309
0.902430542607184
0.823970362174529
0.765297603378902
0.812121791783003
0.864310179344477
0.86153171538339
0.768376124564417
0.768680843684007
0.725290416599595
0.932598404807467
0.771229823703322
0.880801602689686
0.888297144404984
0.78716125733898
0.890000810217206
0.857800814920917
0.845164641872529
0.83570091045289
0.868689103981727
0.804649961382824
0.977812960232213
0.686302816221559
0.776527470584091
0.784094012886374
0.870518405180256
0.930195213202956
0.881465302995583
0.866941133882255
0.908051862966001
0.685287690227294
0.782796231589659
0.859783561535185
0.720096734632034
0.679723038595942
0.977539131571446
0.895582551204618
0.730777166226685
0.973854623715366
0.759984556953748
0.932748900456201
1.04725943773901
0.841145718996088
0.941706456265776
0.622302192099502
0.882403049718671
1.04542955959126
0.794913711463791
0.832114911181899
0.894742978726212
0.921711320367688
0.818278848124808
0.862648180031833
0.958766846492045
0.925108186718114
0.890741293097156
0.957915507349454
0.768456401042104
0.893528901364005
0.973083180105112
0.939878111127133
0.852579924305063
0.805165173475764
0.898214745710319
0.835534306836478
1.03612612829406
0.933520869579723
0.959773340742608
0.946697087021614
0.884146148526837
0.832073413423715
0.934380313074568
0.987977895064717
0.842835821764342
0.903067366128698
0.909422220957386
1.07105803682642
0.831341059422058
0.849457868922442
0.930117454909318
0.968902515402777
0.730050991338582
0.972355087204399
0.830572464279268
0.884191482749335
0.915358104977204
1.00239249961632
1.01971100886147
0.989144422472384
0.881732797677775
0.910874893914206
0.983176170465445
0.782743320020401
1.01895773623572
0.932505225846747
1.00617146114841
0.901793417799782
0.838444035354734
0.860788671019457
0.965617407546043
0.943457464220583
0.856811291412407
1.1562887927207
1.07963087280069
0.92397990605022
1.07040682961909
1.05020404543058
0.88371784773679
0.943186043865555
1.13077981235983
1.14059181396578
0.991525598955415
1.00898803404636
1.10561295590458
1.02142916422385
