-1.02464589277455
-0.765123470279713
-0.979999031460782
-0.834648229800411
-0.967834390119158
-0.926677841916455
-0.868620627586163
-0.909003840392319
-1.00927463065479
-0.913989163469545
-0.833826284545073
-0.889324924962241
-1.04956672744719
-0.953163819344874
-0.939955225932018
-1.00024055280525
-0.862262973055769
-1.04871811433673
-0.876123670396459
-0.902012503712848
-0.900589598096111
-1.07848054678845
-0.860304014148217
-0.800233917327643
-0.939958473352956
-0.976983349722166
-0.913868726566022
-1.00431783523839
-0.742649919526382
-0.934635568131654
-0.850011390973818
-1.0710270325184
-0.989401687417152
-0.838237865921295
-1.07341588283127
-0.888436441590855
-0.977153935794793
-0.831120502430055
-0.917524950474919
-0.960718053849912
-0.801300477417757
-0.924482867731174
-0.941513302234172
-1.05136192737397
-0.92415284363341
-1.0195519965869
-0.84270776387406
-0.927407668299888
-0.88837478827291
-0.907604259643797
-0.942480524468022
-0.831983624733805
-0.911647898617964
-0.707667245058534
-0.973609116091261
-0.736976969446089
-1.08548694907013
-0.90743431107343
-1.03440056250172
-0.879420227118424
-0.913428920292786
-0.816704939114502
-0.835719913111418
-0.869059109738801
-0.80333737908401
-0.979550425173607
-0.827160074583914
-0.882722374639976
-0.787691991401962
-0.731137409438969
-0.885598286982686
-0.802319239571457
-0.755365251116386
-0.866332647230303
-0.9110618167821
-0.888763552579931
-0.904709163404714
-0.819904520654747
-0.843549149257663
-0.962941142431217
-0.710128098665745
-0.816925931689487
-0.903979575068439
-0.919244944765199
-0.93113217529518
-0.804930833894057
-0.81373824457515
-1.00107226594643
-0.952019572796929
-0.750943046230619
-0.909643954132235
-0.813990069471734
-0.956582003245902
-0.767233937225008
-0.83767157783682
-0.970178793919238
-0.807348021999926
-0.759063032801251
-0.839986889150844
-0.78155785690017
-0.814540047278828
-0.792431070167904
-0.685448395275016
-0.786735044731584
-0.883039066737784
-0.848578466745737
-0.856050254063859
-0.816979442465547
-0.701782232431572
-0.81379154549282
-0.750341687253692
-0.767673851769663
-0.824234566924074
-0.759672031714997
-0.820827862718837
-0.700564497997165
-0.680500850121427
-0.751665860423703
-0.842266629628512
-0.760891129825015
-0.88602348047495
-0.704190077182805
-0.751617784945962
-0.753549704057757
-0.831643460464
-0.718029418536892
-0.718066891035821
-0.719612404379784
-0.703439896778227
-0.600830955765336
-0.813813304754259
-0.92333488137596
-0.673346940190057
-0.802806207394131
-0.608375126010716
-0.730885306367113
-0.709835056400804
-0.496640919107064
-0.660042105532036
-0.620727128836076
-0.746075739442769
-0.665473710407053
-0.522170263539051
-0.696860264987571
-0.754907916110515
-0.683705485045912
-0.721947257542424
-0.568548229235887
-0.73789644939148
-0.668389903938628
-0.72358649959583
-0.899104929823309
-0.760650022789327
-0.630618571032299
-0.635210243890826
-0.681968931465625
-0.645908360878126
-0.62243004277178
-0.764299796799276
-0.64343602325419
-0.643158251968206
-0.577630330830723
-0.710666408805235
-0.644590553276042
-0.588353592081497
-0.594199354354121
-0.646309296794379
-0.444740198040075
-0.605735420681031
-0.591090039235397
-0.572660649854124
-0.577232760238636
-0.687353057971055
-0.541445547310952
-0.762516712107799
-0.643569550993317
-0.729198691232539
-0.517039139520581
-0.543489009339572
-0.695867707109634
-0.559679577659182
-0.539771224415187
-0.665499809830142
-0.511113636252903
-0.511312072538023
-0.836239453163511
-0.662871965658787
-0.517707774533036
-0.645325394560024
-0.495820287377713
-0.65352978465326
-0.593741897837051
-0.635056922850235
-0.750737246131647
-0.682658749447274
-0.702331565441302
-0.553704199185128
-0.760519239213189
-0.681452159291105
-0.641206761967875
-0.742778037831971
-0.682579384094519
-0.544250393382424
-0.505928593171183
-0.693344129522264
-0.633278385395773
-0.604298962112119
-0.621088874052981
-0.513550937591253
-0.64752085024096
-0.629657264734455
-0.49754405571557
-0.474287249328091
-0.516441949814887
-0.5328493848791
-0.540111460807641
-0.621606903656466
-0.447966706052252
-0.542372446500492
-0.514661418698836
-0.640669770982664
-0.519005342463002
-0.567652238077702
-0.498884653761402
-0.703988630512649
-0.488499775628742
-0.520423912406518
-0.546034319489491
-0.516662183198207
-0.665706336829418
-0.592076711933645
-0.584117668976869
-0.517524648528173
-0.703977061931933
-0.503508952317372
-0.489202921371958
-0.571445634172741
-0.41335591889246
-0.555073071275349
-0.635650194580907
-0.47186263110276
-0.550351010406161
-0.478125925572544
-0.604043286101438
-0.481590551563797
-0.437111397046005
-0.42501982506021
-0.643587514578502
-0.403600325707869
-0.586668367773948
-0.494223407005171
-0.560284586044206
-0.389733781510467
-0.527926639515698
-0.352140475710165
-0.357763886720633
-0.446521908530116
-0.511548787858578
-0.524191230112091
-0.385430497975309
-0.475990280936484
-0.460500263076773
-0.478669599919907
-0.423454730706783
-0.480050924943944
-0.626567740413905
-0.343833081415387
-0.493056219176462
-0.385508992304719
-0.52570156085012
-0.460136898181683
-0.328044674945053
-0.464225138579914
-0.463529475465517
-0.583970336105554
-0.449441869721869
-0.430036920742364
-0.470049858816005
-0.317085726400661
-0.406596428797533
-0.529653135400626
-0.447546957118445
-0.373809442427185
-0.35367599287181
-0.275498384897566
-0.280382716930315
-0.410785291604328
-0.370991874047121
-0.348270311523153
-0.324469849091524
-0.314240850617539
-0.439113235571246
-0.380488187282631
-0.41353066769349
-0.346500168825761
-0.432156819455902
-0.538738564305765
-0.353509107658021
-0.198586381292153
-0.455317240161471
-0.346562471608696
-0.352276658976597
-0.361854431003131
-0.464958824715235
-0.344946139436321
-0.452715875199079
-0.44530787355296
-0.503272275424039
-0.345673585691866
-0.4311273343565
-0.341714961481771
-0.44308225338842
-0.416650816263284
-0.411122498521644
-0.395578645424806
-0.367918945083724
-0.496703307991735
-0.327247709944687
-0.355359099609902
-0.380814756374758
-0.353269432201595
-0.513282476372455
-0.389625536505774
-0.223143988966618
-0.331376843759914
-0.384372496995323
-0.28202820986871
-0.350284765737714
-0.49445656466862
-0.334941538539069
-0.310945069444647
-0.287793267624523
-0.254243955704721
-0.413349536880583
-0.374049946726886
-0.340550366205968
-0.390389185177262
-0.309673832378694
-0.253155834876647
-0.348220806481589
-0.312054724000191
-0.449749859535977
-0.202141865937634
-0.183593672747942
-0.240067805690561
-0.28221043350165
-0.326712340895708
-0.209312937288812
-0.247514331342373
-0.457996978492736
-0.179720841239992
-0.287681575583608
-0.431090782313974
-0.336891770284958
-0.329358345391911
-0.245248299843114
-0.273798568466209
-0.276288256754819
-0.282096837117414
-0.426634079635023
-0.267283844261871
-0.188472273157046
-0.313684794488841
-0.289006215544327
-0.353795082477211
-0.258438741100845
-0.348412191021424
-0.390857740004335
-0.291261818918222
-0.0740111284898052
-0.288381263760567
-0.192193242835398
-0.285509860818698
-0.226192209650223
-0.295853129350954
-0.266717328939223
-0.222596306957756
-0.196182095898937
-0.152986050161023
-0.275991125346164
-0.387837189664071
-0.161284386310395
-0.228848095272769
-0.235702131344805
-0.198948228783755
-0.358391192472675
-0.155184848586073
-0.119185648519501
-0.382328057153836
-0.225651434865493
-0.231074903956278
-0.118107977919165
-0.229555131122987
-0.28221196365371
-0.253210488502245
-0.395210448803037
-0.131582152246886
-0.243621244605709
-0.154494065643588
-0.217430638725025
-0.287446674322674
-0.150967414092442
-0.255890532229231
-0.258014527493364
-0.160895188412987
-0.128802191918049
-0.255668447822678
-0.115139954899198
-0.20240843982919
-0.088248430638114
-0.145596395306399
-0.154533083879628
-0.28077215256477
-0.179179686619295
-0.26102705333487
-0.26230391919123
-0.0820332969809348
-0.152064684124452
-0.118935417282579
-0.0883141757997119
-0.202935476129405
-0.0548608935132751
-0.193571169002247
-0.214899099523478
-0.0866846213750378
-0.148515043228675
-0.0241693739667724
0.0418998030593628
-0.0873299385208091
-0.156783307093196
-0.0974195968989001
-0.183278835968382
-0.0592635361696231
-0.109955490534256
-0.147937314904752
-0.125970408856465
-0.12200657247557
-0.0730560758469115
-0.1511467284908
-0.290618172751804
-0.189281715676947
-0.125023664633358
-0.0680320217336848
-0.0457450267551905
-0.272755476574437
-0.0559576629675108
-0.056308679138677
0.0192754000056149
-0.23072198169985
-0.216885753920273
-0.044267279709319
-0.0794403500969458
-0.090241583207843
-0.14247471778856
-0.0913472149345518
-0.148364446334514
-0.0264637089439104
-0.208494506864733
-0.124510886755309
-0.102745481226844
0.0426085208233659
0.00485051778069992
-0.152428859024839
-0.0973661564896178
-0.190217101912013
-0.102999766642479
-0.267698333491
-0.060493777455891
-0.0138365739784895
0.0353505737505982
-0.07228646738817
0.0651655088819594
-0.173914773853033
0.0242343936183288
-0.0463878645696609
-0.167402787832601
-0.178099870934781
-0.204738154917642
-0.0323728234718894
-0.153993400616387
-0.0639501185465726
0.0279224274128656
0.010439141053987
-0.0371517289195633
-0.145211598220821
-0.0422888872862113
0.0102834498509907
-0.14224049709975
-0.0852266752292382
-0.0936855094890509
-0.0941649223742801
-0.00972233478047464
-0.0489723227124137
-0.0749544646977169
-0.0531849244550572
0.0053551065818723
-0.0659696978723524
0.00219667153802986
0.141618848378615
0.0353202583959434
0.0985900302742188
0.0529084964138139
0.276684093864223
-0.0694859500084696
-0.0137686753475261
0.044721851953873
-0.00959087964520556
0.04589120243944
-0.0383157859811922
-0.034464580592275
0.0987756969715471
-0.0381998460420865
0.0630810172661905
-0.000873408880569688
0.063799911842895
0.0370897054574703
-0.0101581784200491
-0.063942267424538
0.112058012078911
0.0376150827983197
-0.0125908339325943
-0.058126036719254
0.0764770806855554
-0.00845452618929
0.0394810554851419
0.0567984706790129
-0.000431751061013743
-0.0740983037283861
0.062483442249979
-0.025388540865669
-0.0672975537716092
0.0927283943894123
0.0138144620678159
0.31216082438225
0.0168753739427929
-0.0243258656842153
0.0839677927885715
0.00743077518234395
0.0178460553992386
0.177475686407863
0.0992203903821839
-0.0435524345472412
0.176383899092423
-0.00247360357716982
0.0527336427234631
-0.0200724838115548
-0.0185231625017139
-0.116600001968136
0.0385255788421577
0.0209498410739608
0.174439715802162
0.0133709030968024
0.00628184784810113
0.00928663144575411
0.100029388437557
-0.0560906137546122
0.0711690993657052
0.107831480780817
0.130046238644546
0.150382960083967
0.0851695416575007
0.05565171811548
0.108720484596814
0.13085891569028
0.0351686775194555
0.298781026924352
0.137016195302547
0.114829362023503
0.205878773410683
0.200424197382913
0.24681586617085
0.13375577537363
0.269090118377108
0.2651536190137
0.148764252866628
0.229317319362692
0.111776543479889
0.0979660119507848
0.0700900146381281
0.232223810321257
0.15639553982615
0.0330986476109432
0.176356564407766
0.059025905953636
0.105930518799158
0.192888215968627
0.174656439466385
0.172907152117104
0.0582074433724352
0.0738750852715563
0.11687208996862
0.18130435186074
0.191356261023196
0.0516285676218945
0.070142347208347
0.225432507935944
0.349063053886944
0.212019549570711
0.184231200850867
0.190670787018031
-0.0160290636655814
0.252080605208618
0.194475239274962
0.341625113391248
0.246566449841818
0.311797387626471
0.182139532526233
0.316967814628588
0.229080477981125
0.0704908986627487
0.246519599732039
0.287626460862378
0.12493726090167
0.214521868538318
0.158123566308121
0.25881200069013
0.200916695183878
0.401415268763613
0.383839584235049
0.0805690592627387
0.383552426969319
0.262601827714265
0.145843811605322
0.310158819171099
0.359429814027486
0.117059784071506
0.226305022147896
0.141576803631472
0.192707653826745
0.136262838403134
0.252073677549829
0.36582402795318
0.296933947298468
0.314073580018436
0.257463736884352
0.187634042812789
0.252933654172949
0.181635056668596
0.216409056770748
0.158874797011115
0.424523339903998
0.299152334554878
0.181686094978989
0.286463822215688
0.33338098951596
0.242730529300085
0.250727350370736
0.361333109528819
0.120051059489837
0.183413364284434
0.4141968504439
0.330718727378894
0.503130902373405
0.313366432918625
0.388180435339547
0.36062892021527
0.281421762118986
0.277198295257629
0.301538145533266
0.379574898029535
0.448396381565993
0.283799462063061
0.382128264792639
0.3454801232679
0.383965251431465
0.416114076683352
0.305322936329627
0.179433320074942
0.442980565457677
0.363656116628278
0.179526010353563
0.527345213249591
0.387967376692741
0.354502535231729
0.319111518734506
0.345747042909554
0.489536705181705
0.425880678395379
0.499763290698601
0.362853597149662
0.382776248919975
0.426716861318577
0.396100138707601
0.451357974701994
0.395675326765309
0.470316842617336
0.448316359856511
0.440689230305064
0.355116008371722
0.261532969561303
0.395473315844741
0.33059479870533
0.394885207201638
0.31608610739002
0.453963345900631
0.27201057573041
0.409280924101195
0.468414239792122
0.451184104626911
0.402201139696751
0.419390251260164
0.274498517576231
0.380787984684289
0.316205002226483
0.477546206652975
0.504338165495039
0.4732381177859
0.445533164782487
0.555695592266256
0.445751263087683
0.411196365840248
0.49678816524173
0.546895176388617
0.516273087398457
0.412349669321327
0.46010158153388
0.347555213066331
0.361407332598712
0.455326345952257
0.450311101766748
0.559240893860108
0.407295685018661
0.443289704719759
0.421948712925519
0.411359810547688
0.469901017031297
0.406908094483343
0.431071622661861
0.544771403512049
0.573911646934649
0.492869726498692
0.431255351878966
0.438865810854445
0.537695306817268
0.37966935008125
0.518677548653982
0.333290436737433
0.548216502056707
0.513649788530257
0.485658495186249
0.387650526558116
0.561686278769771
0.391499597890245
0.674434542871955
0.684155422638792
0.724292093149665
0.400334673369893
0.397579535366044
0.574059880555449
0.441309844650078
0.441246896331834
0.52909013343323
0.349606223868541
0.398176198504894
0.506546973994281
0.411485977846415
0.488621472773668
0.351130297429162
0.481110356315832
0.578931628407135
0.502006268077517
0.401166117959129
0.510219014658173
0.577768050064621
0.426982535605208
0.436426904916272
0.397135646213967
0.575455039293186
0.474514137400642
0.563618645360943
0.561920372308428
0.561225315872569
0.405481157523644
0.424706597833537
0.683209126424726
0.579703935909395
0.600819281545312
0.531918404920811
0.461551896018279
0.70999577453746
0.583899638685434
0.600163267327265
0.375365555510214
0.711131667832466
0.518422050922091
0.607632630981418
0.610122972062668
0.578120270851641
0.508560279259609
0.533282951286745
0.451459998113603
0.630727569129297
0.653775765255741
0.661521434616789
0.549867191882497
0.552662433481422
0.386535704094368
0.58544783945867
0.537078658506549
0.657402002950687
0.579759147273816
0.619767150147543
0.688574861448228
0.621125252372739
0.46788171854938
0.733038718274781
0.751698115402031
0.625115365565506
0.459787653802655
0.730354964827741
0.686097717256895
0.54829914566246
0.715683260214007
0.580837937418143
0.444115218971445
0.543779106674048
0.537460056678096
0.556549954009942
0.648571812282798
0.688772551882791
0.524765024450817
0.683083896457222
0.480413008442419
0.672066290459416
0.681256301556929
0.592150672700159
0.680061746236266
0.583813494038974
0.797184138809353
0.751846926384364
0.737311790090586
0.65855803998164
0.684328825510834
0.547120167507369
0.682144334353868
0.654863918721276
0.406308191533776
0.723871191212798
0.615726772891988
0.61890043343529
0.535342642109141
0.604938315086239
0.736928140783103
0.765685293520822
0.528723345060796
0.688772350034775
0.694656857063201
0.733892866809293
0.623804940881944
0.685741646240865
0.543792407329603
0.773368066879461
0.833374039026612
0.876566106550466
0.713657773969903
0.821283930664615
0.667355212912145
0.837376597770329
0.678332979873148
0.70613215435128
0.772715485054349
0.728685662547461
0.660746348526682
0.784271354125578
0.751636021518775
0.709009320258688
0.636023544092895
0.686516417333864
0.759993626240794
0.895885425865092
0.792249260010312
0.962904260957865
0.861245907770857
0.769843349131221
0.803119439434816
0.815169638711071
0.75713586909236
0.910440201572074
0.86369525213753
0.706310515139991
0.638481310440069
0.839072578221393
0.888186692496607
0.705107731111145
0.765494487169477
0.778073125928284
0.803142874248484
0.840960340377151
0.553489544531929
0.585190628311396
0.776600031995491
0.733656084935255
0.796719658302403
0.749783379613526
0.72190474055144
0.813803577496945
0.732120464708255
0.650287364654896
0.84999840668738
0.769470023701523
0.739780560504469
0.815499094090753
0.759062580233022
0.752005189842659
0.812082274627739
0.900281567144964
0.876552220520991
0.809381351627582
0.81319146380392
0.756576054025266
0.961724795464684
0.838461057206828
0.82459917949176
0.873500112198356
0.664548423437011
0.807727264257009
0.899231358496734
0.831478475440512
0.826064578315235
0.741598786837679
0.813091168647515
0.787719690641969
0.771363604098643
0.869935316156269
0.693306699000511
0.829159629990001
0.801882707204406
0.748754478753633
0.933924265195316
0.777494823234278
0.824215925644046
0.954473485503625
0.960210102796623
0.926888006989069
0.819057788672705
0.917550302300552
0.878984507774566
0.851928192224112
0.788709676229741
0.81905486787259
1.00142889705325
0.953708167578998
0.812048428017522
0.849572702577215
0.910444663279435
0.979586755475394
0.92200808236632
0.93547006433866
0.7900412283565
0.923915110762132
0.98008186463045
0.886530750644051
0.896599045526829
0.94281598738925
0.943040568569425
0.82679122109655
0.965997310163869
0.902837308506322
0.799421438447608
1.0105887787538
0.934053276648569
0.865489366503131
0.955794168186362
0.843482473620069
0.936590284546784
0.842921158642585
0.949656972255484
0.98882410776702
0.992466710118024
0.976820768774057
1.04778138599587
0.931607854726097
0.92365168676448
0.777725962334932
0.967002220310882
0.995984914053862
0.943161937650394
1.00819661757585
0.963693938718645
0.92711733139559
0.991884851443589
0.97358202195779
0.953855843870628
0.94300834299496
0.99818877974048
0.964080007064768
0.921369558093018
0.923566027435319
0.990663281326129
1.10163250801452
1.09123988294237
0.856570512365299
1.0956966173308
1.06147031096646
0.999415012253531
1.13077919159844
0.991541974632201
0.981420623610512
0.987323923875952
0.757377352120319
