-1.08959893379884
-1.02878013383932
-1.08778520966455
-1.04679875214382
-1.11138366795493
-0.855863174027037
-0.8034242914508
-1.06834411451708
-1.02644143595922
-1.06772365307526
-1.01196158843677
-0.968769149364659
-1.0849309476567
-1.06360355196361
-1.05373110224076
-1.03539043305998
-0.855996715544948
-0.976914783755652
-0.884248844509825
-0.888631017291049
-0.935767398242213
-0.948651682411849
-0.856821587045495
-0.874226761583449
-0.882595212310614
-1.06967495501748
-0.939198236678567
-0.937910011519083
-0.720235534585808
-0.886369354215295
-0.923804476245676
-0.809312252016633
-0.88812114287326
-0.973693620914199
-1.01965612780747
-0.864981996654805
-0.897328416203498
-0.845172031251207
-0.971360903868016
-0.826770373105951
-0.865746287966048
-0.990822604904394
-0.950144588890808
-0.909632873252627
-0.901697239461451
-0.824982052239776
-0.898760315303917
-0.946898041176148
-0.859659933842351
-0.99297277681464
-0.702590206186009
-0.947213088484227
-0.900623192092418
-0.821062160340155
-0.826176842153142
-1.0503260610351
-0.875595710539968
-1.07171061278262
-1.00178474038879
-1.11383829855411
-0.95269369684941
-0.870433973242919
-0.814198687490028
-0.860228515884118
-0.99342807665687
-0.912495767441652
-0.792249186882471
-0.94743734376637
-0.875639679463328
-0.913176374655322
-0.867882336440144
-0.800620349994643
-0.724397892314714
-1.06424228030683
-0.798213812873651
-0.733282735898031
-0.751452203017853
-0.898225850943341
-0.950902663898095
-0.611318346275198
-0.715471045098032
-0.990109413714007
-0.672552518388603
-0.811104665836308
-0.883405949769503
-0.880288722372759
-0.799390189435074
-0.723139448363583
-0.84994819961107
-0.717358235684015
-0.82695455641537
-0.809667373415405
-1.04289361382408
-0.758107173147145
-0.965047896079154
-0.762058543662566
-0.743662893770346
-0.627732079679482
-0.706617440181644
-0.947058610552718
-0.722417707580139
-0.856709138756682
-0.754712973593483
-0.689977089330498
-0.758111422564111
-0.722496888148863
-0.824916257437756
-0.875934168329709
-0.712840231230331
-0.745233408015347
-0.698846546210548
-0.85916193414998
-0.801605985774696
-0.671592067890384
-0.669460151191126
-0.728172984010553
-0.874249857937416
-0.835651283740312
-0.737109519635092
-0.848946114749828
-0.736764999391597
-0.786941111948164
-0.747190286348345
-0.744932408395353
-0.796556629599255
-0.644618636751447
-0.820859161522209
-0.870590924305615
-0.762907797929579
-0.589086313604368
-0.736571254236596
-0.696969686440399
-0.786716430849855
-0.604669285500491
-0.646038812168117
-0.731012979664925
-0.636770755097945
-0.710021177012516
-0.81006762798083
-0.738006395258519
-0.870307357702161
-0.651964992994409
-0.665866286256452
-0.503273632208371
-0.65983498671047
-0.724720017607792
-0.693393156786245
-0.729775020618603
-0.768461704313046
-0.702813594346391
-0.743052044266021
-0.537787778339402
-0.678857822242355
-0.668870794005971
-0.679740977922597
-0.740612059519743
-0.72070813349941
-0.528090550276779
-0.691203855370426
-0.817515562224912
-0.706185326923962
-0.823761421088805
-0.824596806018235
-0.795832374944414
-0.620656810907392
-0.513009692373508
-0.830590387915145
-0.687779622681526
-0.71986454646969
-0.763016072242623
-0.572016735040142
-0.709537951499583
-0.570845265081573
-0.647986913962888
-0.641994578099706
-0.615074190749021
-0.559530328985154
-0.687929949403741
-0.688360259698926
-0.671982034500705
-0.572955026263859
-0.497700155528809
-0.717647532065729
-0.556845802028924
-0.666752850947473
-0.721614319276623
-0.715961301755323
-0.610436129445223
-0.687732463776692
-0.65552598755934
-0.605746534100118
-0.579713415302605
-0.687340190972816
-0.635156604837754
-0.73524027643688
-0.700338309305584
-0.602848031931401
-0.656476955432744
-0.630096679753842
-0.620693664023447
-0.643962163692564
-0.65688734496873
-0.596789040037323
-0.648526985751163
-0.520744214943424
-0.443453561273685
-0.445524027161586
-0.653050912892182
-0.608957804549902
-0.675014833722289
-0.570048128138006
-0.685186164266136
-0.553344119766261
-0.666261002270843
-0.562908140107854
-0.673579926832612
-0.470500612540532
-0.577121649613954
-0.596716758762965
-0.480841304902324
-0.569706585279931
-0.596780568788195
-0.588325221509074
-0.499872216062818
-0.651043695043666
-0.526792800694218
-0.486405956753125
-0.461351469798185
-0.390527896919323
-0.587811247091853
-0.592517096702979
-0.496096752835983
-0.723984780643398
-0.506702888204908
-0.567513388695336
-0.547754103154504
-0.410528644760483
-0.542067280311283
-0.491132314333666
-0.47861479634856
-0.542550260067882
-0.528926305648414
-0.667739467224791
-0.600321839369485
-0.543967942026596
-0.477969814226336
-0.688252628375072
-0.499027238989065
-0.614685425387925
-0.571266105112378
-0.453439261099248
-0.532075337779805
-0.420245338273504
-0.385309457769152
-0.450298142772435
-0.630709381443202
-0.528919066737534
-0.415741428646416
-0.513361679574723
-0.516613501686699
-0.534784314083076
-0.47164569178598
-0.494169113216208
-0.491726561329912
-0.64163730017974
-0.615368470504499
-0.508032963237998
-0.465381230595705
-0.456641608377999
-0.518910059764051
-0.692677358507916
-0.444938892046011
-0.466627950465021
-0.380349726794196
-0.365173538482065
-0.406551696328108
-0.522952721643758
-0.397888037699475
-0.288128930045123
-0.522459097290532
-0.315960801938151
-0.506359365950548
-0.407985342649602
-0.557656828318675
-0.473370485841477
-0.448218929201545
-0.465361979900165
-0.449847928112599
-0.559772751136338
-0.289948281554024
-0.527648704150795
-0.443417738579786
-0.280642504529687
-0.472213566302534
-0.388894930006119
-0.512727359669972
-0.352171840841725
-0.353394523359926
-0.337425301370432
-0.4057155214424
-0.453762054471357
-0.356436205830003
-0.247239539614148
-0.317444409612716
-0.419430081513733
-0.378925856268222
-0.402700773182297
-0.442562803645141
-0.483666821104822
-0.425127301380146
-0.453838029198407
-0.400348424571025
-0.281582085694256
-0.570164286137723
-0.293215651660129
-0.399441839040422
-0.455289129691967
-0.395264974729219
-0.398586653725887
-0.414949214840977
-0.370652814226282
-0.427677618563211
-0.307412934507327
-0.337767008356864
-0.348853504262751
-0.197819807006938
-0.334952151849777
-0.516692129101105
-0.414068881471382
-0.375136722171089
-0.328314804679111
-0.320061960156943
-0.414754651058891
-0.323392609556237
-0.406118465015293
-0.331748851839076
-0.183857630620655
-0.122635499459212
-0.274092490080749
-0.36952200792056
-0.251166054767109
-0.298603791241522
-0.418589102135118
-0.424760637568372
-0.295668022824552
-0.1926193984011
-0.260926236731507
-0.47432278536419
-0.322535778800393
-0.275410834209898
-0.189554487967141
-0.342910053252853
-0.262546830912903
-0.358772780954518
-0.354977736424724
-0.282494106097118
-0.38313654340633
-0.301346056399044
-0.159789261548322
-0.352222140713162
-0.234650934540834
-0.326701988493601
-0.380662336627806
-0.202087304591539
-0.245819340189208
-0.377806428901885
-0.129671123838861
-0.257002425996218
-0.222826880844992
-0.39863604626551
-0.225268038477436
-0.22144489536598
-0.236248367898851
-0.121616555224499
-0.310669983546719
-0.155067784029452
-0.330476116005484
-0.215585845645748
-0.262222220000634
-0.381007648919531
-0.272849833564709
-0.191487838343286
-0.0530153992527888
-0.313081660670785
-0.260680493886406
-0.248475449801598
-0.286457318426581
-0.266742705052643
-0.171750458304736
-0.120275290326111
-0.305899980689532
-0.178246556084277
-0.163421431740804
-0.31353186993953
-0.220492787471471
-0.234866084467135
-0.163832971599711
-0.22768866382242
-0.246567542258425
-0.223151644480307
-0.301776210921596
-0.232320386900833
-0.33384621650082
-0.0179776516913714
-0.0912177292264939
-0.259005684861463
-0.141146399026209
-0.0689980355704801
-0.157832552369395
-0.2233479763515
-0.125720677118837
-0.184690045096082
-0.156497206594935
-0.0562308260727434
0.00541338641482103
-0.188733975748295
-0.134082738588785
-0.245303955713748
-0.175261662553711
-0.107144714379077
-0.22680722200868
-0.0240321815194714
-0.341524014125529
-0.172128176973498
-0.332816660426831
-0.137445220913852
-0.226551371480401
-0.167747684445828
-0.0872180188181599
-0.112887261582288
-0.22756513194845
-0.0851890999659839
-0.0903555366493867
-0.17188798339683
-0.285506393201398
-0.111701995210337
-0.26049302832807
-0.174165339354049
-0.0964198447458636
-0.189436332395822
-0.0653076040236447
-0.262730255881124
-0.179589495986585
0.00114240484979053
-0.242995219092239
-0.160308517554331
-0.22444227754013
-0.0120595510540894
-0.088839926480308
0.0569969645272634
-0.0275128139367233
-0.106410091374096
-0.169228889865254
0.00846513210359977
-0.186147015824627
-0.0373375588582936
-0.172392475776851
-0.127935106012223
-0.0636954238350365
-0.0603102122136483
-0.109995045665621
0.00526737795196839
-0.128279104558202
-0.160587446063669
-0.0354660809304703
-0.119526615890124
0.0133672013833755
-0.138112256133945
-0.117987612586481
-0.153728114774417
0.0255355905045489
-0.0139707350511713
-0.0143196785160044
-0.111532550570527
-0.101984119206489
-0.097433263442861
-0.100116913637579
-0.0948245106710923
0.0921248118322118
0.00168202654701367
-0.0202636735191339
0.0806196357183945
-0.159544239489677
-0.132007408345741
0.0134200457551465
-0.0953888750525408
0.0093616718193717
-0.0091369350874968
0.00233295946148109
-0.0938623695504974
-0.0974215372133479
0.0341534182141702
0.0226768087844879
0.0477631431580962
-0.0487466751726698
-0.0987363993871628
-0.0230578990772883
-0.0284537674502369
-0.0514288424390536
0.0880389767662601
0.00794626265801981
0.0525282930601884
-0.170446627328785
-0.0129723959013769
-0.0738780110054986
-0.0808390066990465
-0.112232859422248
0.0809940675347452
0.0410225078657608
-0.0300098038971918
-0.0153681883951387
0.154895308309524
0.0692041169397878
0.104811394654804
0.0556802330470236
0.0030147945941219
0.086503167938245
-0.0722001722553299
-0.127962652549089
0.0699806670134584
0.0768010896068006
0.00850458787406715
-0.030541244848852
0.00121675510209486
0.0660427002232085
0.0319590818060343
0.0515289285555259
0.00431168341406478
-0.00714271460577579
0.00115392857006714
0.00140033393326364
0.125749273504972
0.12855971274807
0.125918474948592
0.0438236433202156
-0.0130774618310052
0.0398189518968753
0.107195380730954
0.207446427923343
0.10185971098788
0.116505274232422
0.0264175145540392
0.0630207443880799
0.096791413151572
0.0922903078584591
0.0893257115153458
0.164969981174642
-0.0666097417821367
0.101264544838595
0.139665956307152
0.0761650951799411
0.187815246189279
0.18778092184474
0.0783658082732954
0.00180327754608866
0.176800923017779
0.177771988323255
0.0942235389573322
0.109172848492091
0.304486704723824
0.239896169157193
0.0503100863036303
0.0124031202095123
-0.0312155029609198
0.0999967919942804
0.0771652128424931
0.116427715030297
0.132826986059863
0.0471174756584768
0.0421582662737038
0.17486258844496
0.259642137029772
0.102137767669152
0.309097312191821
0.152240407017241
0.120867174830423
0.238875366318613
0.145992988929678
0.0358209749789797
0.295245057354057
0.240045863504865
0.0689322828344002
0.20155332037269
0.255506939568081
0.254398445559555
0.120056824492032
0.157237883254832
0.223541668153792
0.136638248962559
0.126652706297722
0.0848666864171954
0.359051344363476
0.274804512547744
0.0524727590452111
0.202804235394414
0.190097079881325
0.259598607025693
0.191658086907278
0.112075754693069
0.190425785456546
0.205785053277452
0.310063108554509
0.270648334387736
0.256640069943843
0.173375769564149
0.247479909136086
0.13303767538499
0.176033501168671
0.254428628765821
0.218171638743811
0.293698026597856
0.252117353682647
0.216950804362678
0.175427330341849
0.253934163750772
0.202955960063127
0.219411689411806
0.0641211714108743
0.300262604750048
0.37725276214028
0.285766270571498
0.141240857560071
0.233000953034103
0.303516234610056
0.326133677541481
0.300435939767067
0.120366954211491
0.18825433119902
0.175998002140351
0.234163130087403
0.21779383013314
0.215728525243598
0.277205237508881
0.213250272001187
0.157677079976253
0.220923227000091
0.323837254941699
0.170772407127861
0.237872702162007
0.343928902595692
0.316056371767119
0.173053553185954
0.20441457600916
0.270857441331411
0.395597540598881
0.286129276465598
0.374072940756006
0.269056764284501
0.413325692267046
0.274221481378025
0.394174529562884
0.385314892067713
0.413170263963424
0.208668487364899
0.385605265784326
0.136736726551015
0.366229482771746
0.347925837667253
0.269163178819362
0.337315861093587
0.300695272203442
0.266830730726761
0.309496925896992
0.306597036401371
0.369816499112462
0.308449889913876
0.245448151713996
0.417523944709709
0.278638376730456
0.340335081449926
0.34259735096644
0.125394484354364
0.434535985581469
0.358683022188669
0.41650092613354
0.319406650966724
0.464240753773953
0.22067138866536
0.324404673738645
0.422091695128195
0.314578988862434
0.226168340826657
0.325227373983356
0.266034504360592
0.351909604046527
0.31269396893229
0.396697181122413
0.462280033619671
0.438215458580832
0.464219700713192
0.430526306782079
0.29196333155728
0.316024424641337
0.393532420788327
0.304740689970877
0.531922163165758
0.337421365593555
0.48381507382366
0.535007948630157
0.522229248300986
0.345336736509407
0.513578874840293
0.320771666146958
0.282575431484284
0.336190161270053
0.480003064164718
0.371118042250757
0.313416209997359
0.543286255390226
0.349481552861481
0.396270609179788
0.383836058281235
0.371758391165213
0.262860913411323
0.405512076465062
0.391428559671821
0.33679448010058
0.5751031862385
0.506412459907457
0.387163108952149
0.440798515116365
0.372496688044936
0.456896918710384
0.4622927454183
0.530919167290283
0.497217987390439
0.482528802558057
0.511012554408402
0.58192004881454
0.569144501562428
0.486081088642998
0.607691357554878
0.522177314770295
0.358466981765865
0.362875542392465
0.381881492877277
0.353008130354371
0.50209609830198
0.505508432544805
0.519025357389145
0.467346566115478
0.538441174217996
0.406734362962762
0.434927942865378
0.425460122139229
0.446946618328533
0.55987226584671
0.623982752340848
0.432702063618571
0.598087331566549
0.413398279566902
0.50613264853043
0.49369691832859
0.553306531671218
0.527159667134871
0.450583713796817
0.577960235077927
0.472026649779695
0.58718698051749
0.405394549061854
0.460840480237803
0.522012259700934
0.560855746043659
0.486397323486307
0.529914138519545
0.518242442979541
0.495360308677477
0.288412500947152
0.453749801910116
0.563534455966866
0.412373275767052
0.46314476728742
0.412405127326902
0.606187208153478
0.571588689924024
0.559094276343847
0.490418630051667
0.502492010033036
0.656674019054881
0.460215190393891
0.609964017814418
0.502274087270896
0.550693130675777
0.497583347986473
0.486746355202704
0.500446791826302
0.546999276061113
0.546963123935233
0.560870293046628
0.650252827510207
0.726905096444471
0.583667354773385
0.61311892504419
0.600651018272282
0.66522227796376
0.555445453555853
0.545650567175008
0.604230010581936
0.516468375180222
0.605078463228862
0.728060079805758
0.639580044357477
0.579180328417079
0.640890814019417
0.680853545697102
0.646084104995417
0.481093406579524
0.650684774077813
0.510778139553751
0.653705921120791
0.588481922251536
0.624975757623015
0.720031400182712
0.480555472263759
0.649602609784123
0.568190190526911
0.598947661856504
0.578095504930627
0.800974694071022
0.583650645322203
0.534323751168719
0.618451166257919
0.813278471670812
0.620982326392804
0.581903647221776
0.637148204064603
0.759534125417325
0.60190408416991
0.569029571686357
0.649949990382653
0.669002398219642
0.788659631075927
0.776176507275008
0.679113151264963
0.876189397266312
0.729422025633617
0.558114940697361
0.634750251359228
0.769949724528071
0.764104661698964
0.712112674655466
0.655153516877782
0.635528810915614
0.716588819864765
0.772569332880401
0.981183740800124
0.833865015778515
0.64859079934271
0.711744250651021
0.70073772864711
0.715618200439359
0.706534695930741
0.68123555063385
0.64047112389676
0.711196758177552
0.540854796922825
0.725234618041059
0.671530308286845
0.782965110846424
0.768120401667049
0.672812796593415
0.609679353429746
0.72899809197561
0.903623600289684
0.838115993240898
0.578253329975692
0.629403823948342
0.756522995522383
0.644865811616736
0.676289988440719
0.608609761469123
0.730492735968505
0.606276165074947
0.821955165062367
0.658012946576327
0.80172664626701
0.736203221698769
0.721288608899078
0.792752405017008
0.788585843563184
0.547695517924642
0.58219138141444
0.65215079939774
0.649288426341799
0.882712535426922
0.781258288816954
0.892114860609389
0.836708543824737
0.74851242001377
0.80792138311657
0.874195476717824
0.849278670644488
0.739742574749735
0.776220410651313
0.721519781649833
0.935621969926605
0.757239120627881
0.881517471033084
0.870482288891929
0.810783234765891
0.901238124570751
0.853300316013351
0.848604099728262
0.824272194233273
0.846321241241098
0.806453193706249
0.974973274567883
0.682002896545299
0.782550494092973
0.797847181612019
0.884801727174252
0.940384043470869
0.878735831048945
0.87698595486543
0.895170221248549
0.697979711273927
0.768782967060964
0.859235171590669
0.726272649288731
0.67195660406818
0.996566088914902
0.911170027140014
0.716151221075262
0.972205516924403
0.784122553034588
0.944787294227533
1.03535350327455
0.858598188684164
0.933397975722128
0.613795767342075
0.887871374976528
1.06430088703411
0.798160581302648
0.843686067940534
0.879678912365604
0.914453578110464
0.813063108775588
0.874777280449192
0.96439357682259
0.921811307951586
0.911327414684251
0.932925926191862
0.737746424044943
0.888496209567304
0.963850206675593
0.933249171282859
0.834786761445076
0.792655844323091
0.902329928844448
0.83043015346497
1.04319481452989
0.91818164997505
0.936514680328533
0.96445599231878
0.878437354890782
0.819809577754522
0.918979588994945
0.956434955625795
0.867050666184292
0.893770096467171
0.92328645070532
1.05932827170074
0.842725178732039
0.83310631344961
0.91396824719959
0.948117010411248
0.717627857385932
0.975240472803298
0.846614061309736
0.895488653069766
0.896355531916496
1.00412477373938
1.01453692148072
0.99003997231846
0.868695002922522
0.92180676493709
0.996215810574446
0.808627274175929
1.02834497629146
0.898531176794992
1.00634979364729
0.897597410937826
0.822617802925474
0.841757091302093
0.946553442052924
0.977687059501727
0.856442303748557
1.14797642346111
1.09827721598199
0.929792425176333
1.06321985161832
1.04683100535717
0.865699219584921
0.925782419811733
1.12472714714342
1.17026502682827
0.986647784950105
0.99953343061517
1.12490286281927
1.00458271293367
