-1.04318116601088
-0.766746147626344
-0.983819877419144
-0.840790767877114
-0.97251039968918
-0.922482597954414
-0.865945310770471
-0.924109802971839
-1.01248620744499
-0.932015465435717
-0.84347468203889
-0.878984709805415
-1.05376556785736
-0.955695665776126
-0.927706481378123
-0.991896468887963
-0.869541243775553
-1.05322162859189
-0.85031101539062
-0.927345414167843
-0.905509973517203
-1.06853765612426
-0.871817869972865
-0.797904356750968
-0.941765037397526
-0.969793172670302
-0.888603622665063
-1.00292587629896
-0.747499068276339
-0.947898399893348
-0.885785006279914
-1.05639017586577
-0.995464542589136
-0.812217866122061
-1.07881379327742
-0.88144659985378
-0.98903490459938
-0.829448877574915
-0.929610648582382
-0.968529198180221
-0.807293426591543
-0.910141761337162
-0.935925550519589
-1.05519039149583
-0.941961941098016
-1.00634136665825
-0.864477637477326
-0.93879433347722
-0.869066979553582
-0.912151716221393
-0.965060872804926
-0.798123669201214
-0.911874089262273
-0.727379381651984
-0.96447712296234
-0.751634119047302
-1.09886602293206
-0.924587178113057
-1.03892411748991
-0.877636956657063
-0.910176090055012
-0.81010294843716
-0.808907577478157
-0.871538302723566
-0.790725678840259
-0.975534717862902
-0.829983379310931
-0.883202735527342
-0.77672145159379
-0.725907252549276
-0.893556958399928
-0.804525495755222
-0.788128568928721
-0.890035353015217
-0.90402477536243
-0.889556563943445
-0.895737445224073
-0.813077162180835
-0.867624709444443
-0.951222035549451
-0.680548669740115
-0.82269368222865
-0.923049178130241
-0.92805419362334
-0.925049452004159
-0.775594457526459
-0.824096039241777
-0.991727613075452
-0.973784897165843
-0.759437173375294
-0.883723132625635
-0.828102378162315
-0.934467178718595
-0.768130790973991
-0.813958381369965
-0.981395435652733
-0.817366688887418
-0.769083636415444
-0.862400947045907
-0.75017826537134
-0.835690434235732
-0.810662381347531
-0.680337921472717
-0.802631197626238
-0.876516545839937
-0.836245744887209
-0.859069275786553
-0.819993010848624
-0.721496120014764
-0.806659346192115
-0.718594802386559
-0.789893417376488
-0.828586825990433
-0.770708623371857
-0.847021391327317
-0.707162565659029
-0.67146484937041
-0.771123387689375
-0.862831341119189
-0.760645833406078
-0.886737723967505
-0.680963914928186
-0.737678381840619
-0.76377690732715
-0.824020339275277
-0.708236659907418
-0.71154606992143
-0.709132789529359
-0.69477708114519
-0.57195522629391
-0.800195927986184
-0.924688125609889
-0.668048957124789
-0.80311768255022
-0.610268471025295
-0.703504797321988
-0.7077586833815
-0.511924051131582
-0.66054559172359
-0.606882627168152
-0.722543586904358
-0.688036851663282
-0.552788818963321
-0.680865705983357
-0.738965189989513
-0.682279634837324
-0.700704202690884
-0.565558343099403
-0.73235501046668
-0.681203870877436
-0.709007005057472
-0.902916959249736
-0.769154136592234
-0.638832400146911
-0.64204256023554
-0.676100989098567
-0.637149659466307
-0.640616990949168
-0.759152549763503
-0.651495816284783
-0.613045018286461
-0.573218350064237
-0.722115765127301
-0.660179340016065
-0.603834086546081
-0.593191386136122
-0.647283306463954
-0.444637700016604
-0.600935005033117
-0.604360147522647
-0.57452057986028
-0.571833546960806
-0.659939356904678
-0.564383178499877
-0.769083088930904
-0.619560273780569
-0.725955550629679
-0.507659698801363
-0.554508168833427
-0.687629478386
-0.549700255429257
-0.527759033743658
-0.683990258075475
-0.515016261103477
-0.526732995026965
-0.827180216548212
-0.675547027122181
-0.528084869600261
-0.629832396883301
-0.514707226013712
-0.646424903741973
-0.621297149859482
-0.619011620097283
-0.76071090865447
-0.681790504066128
-0.706466861619701
-0.543425707395732
-0.767665264043769
-0.659179104701518
-0.67078430181291
-0.736077856801445
-0.684254767713466
-0.534182864235902
-0.514449942390306
-0.676150336531953
-0.606297706522244
-0.604645600325918
-0.617617450833234
-0.540441247525105
-0.631011718730872
-0.631251124406417
-0.492152758824626
-0.470449292219091
-0.497570548414598
-0.529783758922442
-0.533415097110074
-0.611719573810248
-0.45481675359482
-0.529892763834568
-0.495457302391492
-0.611056381307994
-0.538219464208332
-0.58886109300521
-0.50489653321662
-0.689273572252651
-0.499714191256124
-0.534929898965898
-0.533704265158071
-0.533402944985127
-0.657537829941631
-0.584282938191557
-0.580236534325226
-0.524567066528824
-0.718425145564364
-0.495547756915798
-0.491800786325563
-0.582388802316086
-0.403496509738152
-0.548839319893166
-0.643036267096964
-0.472062495073199
-0.547025483634713
-0.489638748870923
-0.58456278905695
-0.482065509784334
-0.446813575905915
-0.404186414149629
-0.642620787012462
-0.390716866758275
-0.587634734740437
-0.474593592096435
-0.563066012024309
-0.346731592717462
-0.535825718339709
-0.325040510703661
-0.381112390887453
-0.448437737617535
-0.512370041716492
-0.528580786863376
-0.390297715972203
-0.45035493484843
-0.429676165530878
-0.512301539959558
-0.42270901718662
-0.466331971890529
-0.596264195252735
-0.33335863236858
-0.476051921487361
-0.36561583976121
-0.544919908878947
-0.44588723847079
-0.327793513140356
-0.43977416198563
-0.482686058394487
-0.584675219277941
-0.451007891734376
-0.412325823285213
-0.472190919167537
-0.316009572356561
-0.397565548179844
-0.512473169674376
-0.45738017821941
-0.378309924927609
-0.348262169216905
-0.27492189251345
-0.279059096672255
-0.429390169156293
-0.362215788719905
-0.353528544767929
-0.310340117034025
-0.320878918244509
-0.442981292061429
-0.390852151387864
-0.417700271936002
-0.340604561726904
-0.441267076534803
-0.531968290202706
-0.359388147650021
-0.201838027570309
-0.432838099731053
-0.351108368536277
-0.368698397706425
-0.370025086092716
-0.458133748783505
-0.33452721551307
-0.459613628499711
-0.462577650455255
-0.511580441131718
-0.345993141570226
-0.420924140109206
-0.342053966063184
-0.454019977493263
-0.437086265793375
-0.397736293578738
-0.397158689965039
-0.368878237147709
-0.511868871804508
-0.319819471837318
-0.336613132957083
-0.379471596154954
-0.367326606831797
-0.50326399568866
-0.41718627089737
-0.225462012988558
-0.345378034943049
-0.371993047142987
-0.28490115194516
-0.357342939791297
-0.472253231021943
-0.340494059326368
-0.305072822042617
-0.292899369302209
-0.23904805819399
-0.414533204234508
-0.375395092867445
-0.323015880593471
-0.379035485587087
-0.302155690776124
-0.263632033014185
-0.335972840951075
-0.324517170742772
-0.465818461401596
-0.218704964168944
-0.175143764506497
-0.259999724046785
-0.286919587636151
-0.340158064973554
-0.21408747348451
-0.261749344916862
-0.446953817672009
-0.193029857263491
-0.293683823520789
-0.423145994008133
-0.336851819441782
-0.310497445207765
-0.251750717583377
-0.254844827405105
-0.270924285168493
-0.276422980446512
-0.416692425429866
-0.246504631141781
-0.189792656889957
-0.313279974357137
-0.303266929711488
-0.355023089628829
-0.246886869136522
-0.350476248195637
-0.378901650999048
-0.305393744519619
-0.113110381075205
-0.288405432089378
-0.191992660616523
-0.282943988992084
-0.197112956222728
-0.298838944697404
-0.272699748620282
-0.215680875762896
-0.185355793535942
-0.163243721450953
-0.281116213574387
-0.400769682285097
-0.178817824518475
-0.222076826283956
-0.231042619701982
-0.190972224494804
-0.341711862553648
-0.156381306388101
-0.102640748633003
-0.389531075101985
-0.240390966206365
-0.228006966978288
-0.151822861881527
-0.230614438150755
-0.291975818220018
-0.258058870989664
-0.39425158047497
-0.138892209616034
-0.243948984591212
-0.159908564958507
-0.206945143341546
-0.272203728389727
-0.167349651380732
-0.27964856748801
-0.253400812778822
-0.14787053871658
-0.11607221975218
-0.260785263369917
-0.106853622449797
-0.208041382268772
-0.105323094547821
-0.146201275402982
-0.146356385975454
-0.287195639373566
-0.193371355447303
-0.250490204138843
-0.244174585703651
-0.0688970278355493
-0.159615886256915
-0.108910547789986
-0.11560174742246
-0.205141597890096
-0.0479087448131351
-0.198987373291755
-0.2049815038376
-0.0882098006936523
-0.183255719811817
-0.0439840750671874
0.0425044365160481
-0.0803370233604094
-0.145394384505167
-0.120040652295254
-0.191907444371404
-0.065098935649381
-0.114043000755223
-0.163808729090862
-0.128738033068373
-0.13376624409834
-0.0714803715986354
-0.141605423872658
-0.307471596680781
-0.201621999018842
-0.11005847895482
-0.079229907246926
-0.0502792281400984
-0.268108320049684
-0.0586458352075265
-0.0706150162149281
0.00643783783513666
-0.21248758688705
-0.237068800581423
-0.0360917208096834
-0.0979770967079707
-0.0901979296496696
-0.134269158777169
-0.0914874356480399
-0.143558364099375
-0.0320276626511546
-0.214129927439783
-0.133429887924539
-0.104961490605249
0.0456020383454842
-0.0130588404800431
-0.161078798971744
-0.103402011972281
-0.171805876439336
-0.121452539652941
-0.250533381565926
-0.0785453412534889
-0.00904065562775075
0.0562155121108447
-0.0611617022157413
0.0448758758707967
-0.149723747449557
0.0221486811454996
-0.0274839721190827
-0.153204222466807
-0.185035185186302
-0.196023721201077
-0.0383025358744572
-0.154682114140342
-0.0382086614596319
0.00893551329825507
0.00821857616187699
-0.0627068381468229
-0.154527093656005
-0.0368209376838548
0.0349819971104035
-0.140872249601306
-0.075403803920286
-0.091035381924163
-0.102915851857008
-0.00667206120375511
-0.0469065078345601
-0.0814373366357607
-0.0464265470158212
0.0254101602387808
-0.0603641113747394
-0.00313523487554034
0.13723405273402
0.0626501382648137
0.0979503864222244
0.0668790538816721
0.278244646895011
-0.0847292517288824
-0.0382612958066646
0.046645307971622
0.00863643404820376
0.0363019568907629
-0.0426483927678664
-0.0426155292072407
0.109746108568816
-0.0604713604639086
0.0645447589212078
-0.00468043301509904
0.0645874006024216
0.0283993284425552
-0.012182621182517
-0.0758874112923458
0.104109715457985
0.0154710263397337
-0.00476145801467121
-0.0288975930200862
0.0812354587537082
0.00393219040107358
0.0363354008124374
0.0694609776186005
-0.00548626443301358
-0.0546091905691882
0.0614013130284678
-0.035717913389448
-0.0489713644522056
0.0949076119223876
0.0433950234697318
0.300411404854954
-0.0180871976898034
-0.0218465672272643
0.0955023177086922
-0.00760759481033573
0.0089143923969869
0.175621264368472
0.106914636802948
-0.0260091130400672
0.192427251400285
0.00804847896040271
0.023704619154558
-0.0200099129598275
-0.00949592636715167
-0.114180070199245
0.0404702387609876
0.00825030492814407
0.156040846012659
0.035445397189366
0.0046999840726408
0.000634602627645116
0.108980340310433
-0.0461833193500455
0.0864112877909004
0.100691930596437
0.143358059578297
0.127581066952204
0.0894218969816656
0.0362325819938018
0.127629236304894
0.120695105536337
0.0594262677687606
0.283975344623687
0.139033075155783
0.101995674807609
0.196717171971461
0.167073427859255
0.26979590981049
0.146424915753975
0.24230059978158
0.264314164101776
0.159455120187122
0.219390425151636
0.116507288588039
0.0779360590669483
0.0773056079535509
0.219791471969218
0.150384861598036
0.057467952768317
0.159741193389676
0.0534935113709586
0.0862285792852199
0.173480141668105
0.18635714062664
0.144545279959814
0.0995395446965483
0.0463215926495405
0.140320626327097
0.187999676059234
0.205519031129245
0.0602902488185794
0.0961434157655224
0.214996485809094
0.339982828742296
0.196971286579346
0.176578578825179
0.202069731107275
0.000953644816257708
0.237044876160878
0.192187901394596
0.328987377330635
0.2319106912466
0.329689001575874
0.1862344901527
0.316306055391382
0.208756636047396
0.059061255384867
0.246652205961188
0.278892478197789
0.121512009216419
0.208758843577783
0.163610893127436
0.255208279461389
0.191714508273564
0.39224715295951
0.37116275700477
0.0778247288471473
0.39898780553541
0.256680735792662
0.158344218178243
0.295774154657019
0.368395338251453
0.123999600648939
0.209785537497353
0.165183932247258
0.194411169201097
0.130139298638023
0.262546772899714
0.370254832495614
0.297529558309013
0.313120773313614
0.25754110280861
0.193910114537897
0.265529040567824
0.186260637426357
0.206539008135061
0.169706850679743
0.415584218644102
0.307839156638976
0.207319328824733
0.307634564622092
0.317944536276974
0.237157042440038
0.243247270479829
0.371566255162747
0.139313074638127
0.181822158545952
0.41888729268194
0.32065732256247
0.505574124740101
0.333579448829002
0.379579533092637
0.361658760383403
0.303173735045116
0.2857319549898
0.292860725229367
0.368450910966655
0.4855762365755
0.284685404116856
0.379527060582359
0.335514659977616
0.366768421943124
0.42375330986748
0.315563307740514
0.181508151264944
0.42959428885873
0.359922929947405
0.130787463225967
0.521758756888086
0.368061874024453
0.366745639797946
0.33146313121866
0.344191220762173
0.471824213286237
0.4127130905379
0.511461001179054
0.362923616440884
0.377006921449345
0.442672001964319
0.396236149615437
0.44579653903739
0.383364736607928
0.489502862899335
0.430349246620598
0.412808015957142
0.35029472501079
0.250299516962871
0.367722052090208
0.335459626215571
0.402606923662877
0.325127187953959
0.452281644744203
0.273002568925447
0.411200764247732
0.456620776382692
0.426191853679061
0.405780818881109
0.421033441862966
0.266657281249115
0.358422236372491
0.310521280343531
0.482958742104362
0.50179576822525
0.467360802424123
0.443001090423711
0.580824838516071
0.452571313503926
0.431110159694903
0.510146512575517
0.545800195223531
0.51341548577426
0.406806891455665
0.474229434274735
0.334357324658806
0.348209831782524
0.439601292568026
0.4445449162238
0.548649475456984
0.407135911114
0.45148078384942
0.437949399006611
0.409131514416871
0.465267010971851
0.40064140257921
0.42464465097997
0.548773427701154
0.577068828806207
0.473041702740776
0.41318751615484
0.459230433633671
0.51671422867668
0.376660095023426
0.527772126103558
0.350036788396812
0.520616988472273
0.538468173418449
0.486417266909783
0.377672595058101
0.58159715461757
0.409748739489715
0.656211693487431
0.694665119484678
0.70550223645959
0.392008286450873
0.384704058525965
0.579849332817575
0.44610975451951
0.42807243115205
0.561401769696065
0.349200884699815
0.393753204021699
0.503613185191824
0.440148588556076
0.483911885124982
0.353077194095563
0.495953560016962
0.576912511092531
0.477547774648836
0.382900952550136
0.510372536167652
0.568252032669145
0.432224588120813
0.41623442516801
0.390915805526199
0.578256272647142
0.479544978948322
0.591091803300187
0.566915246806333
0.580754388449963
0.422652773103067
0.43379809468443
0.664714821612795
0.572024230128858
0.604498549586359
0.535712189051415
0.45244583111382
0.701008338768795
0.563437838936671
0.617690996914239
0.373150569364646
0.706810170549549
0.518568963156929
0.610741525648478
0.629006159311703
0.565564997819223
0.506821175257888
0.516637289765659
0.444084088048128
0.638589959766577
0.675370900361683
0.659535547326792
0.553765185284857
0.539544915164547
0.399682014467482
0.581758281500369
0.533122840329765
0.646218102170363
0.600569193866719
0.638623296356887
0.68123452810894
0.619925872328958
0.48240515235725
0.735360621925898
0.725294863422513
0.635649984723452
0.437760382322469
0.723239991216985
0.680858488967325
0.55773848689541
0.730601845371796
0.571933371322803
0.420027068293914
0.547583088283116
0.543302477166858
0.559795232958362
0.652854435562199
0.684845501107556
0.533084497924829
0.687991464145292
0.461772513346757
0.6699267026806
0.694234080035535
0.566440150818671
0.685345906453622
0.581653845831323
0.790437523053154
0.748753649265256
0.735443510314904
0.660958838198405
0.672111677882899
0.551691590140557
0.698940809940844
0.654477292477266
0.393418518326651
0.692867245869269
0.621744705632234
0.619723228186966
0.552231629719083
0.592196080112
0.698207662193729
0.753106609484535
0.505803882996046
0.691676902801599
0.67905759599757
0.758363129503635
0.627022348803984
0.6755428923431
0.556277342260393
0.794102347328418
0.809300492269106
0.864239958640792
0.702129759348928
0.821197491444836
0.660173437221982
0.836393499370763
0.683811719157845
0.706944732478558
0.768505584344278
0.713460938054466
0.644676285840258
0.761017614136296
0.743987915305957
0.695271505457315
0.644323156098906
0.673307712615796
0.769673759547088
0.890668038437631
0.826032410564968
0.984012505225477
0.873135339575131
0.775448941744728
0.784682385044583
0.819906542890767
0.758112730858788
0.920330320621467
0.846709254071697
0.705983518753695
0.649260844411507
0.849981726657276
0.894235822125572
0.730447846344651
0.775017967308402
0.751493464818011
0.819136504869001
0.840673570398499
0.591589961661913
0.581112719778088
0.791635609532757
0.749882705184083
0.816017483491997
0.735363410031316
0.700232058569386
0.815277121468667
0.725529417604874
0.655944491539007
0.844424386735661
0.780739489394183
0.719213385040181
0.788019749464142
0.737388070211518
0.775493232596515
0.820745508596447
0.901943275367935
0.867015637158299
0.828577328691675
0.817625443739013
0.743718718826847
0.943403502590413
0.844474986646463
0.820238227314453
0.873744788941113
0.682372731795555
0.793507045236308
0.893393798062696
0.830655769396974
0.822786177235022
0.749215627018482
0.822950604523529
0.764699106900828
0.769885640693553
0.864003967412505
0.696472325757661
0.800753006842956
0.809415181897703
0.760295874237504
0.918422875812096
0.74682749003274
0.837545557002541
0.966578013322276
0.934439611218351
0.917386717183711
0.834704841314253
0.907582598264588
0.897363619974173
0.859637214794793
0.808104814318965
0.808786059652962
1.00126823747154
0.957461727860093
0.820283717515437
0.844890551339357
0.921740710062896
0.969426811834553
0.933286736728677
0.926235660683496
0.781102575705919
0.912833586977922
0.97033024323996
0.857306530124648
0.893115516507405
0.938041695873518
0.936588134731244
0.838415737268088
0.947042527200614
0.883011217560409
0.835536837070853
1.029449814704
0.922888692663547
0.864569176690803
0.952504127562963
0.835383790133644
0.910274558340572
0.837014432400686
0.953865352238113
0.991962005472128
1.01501611809796
0.97085076354782
1.04916478810675
0.935987880974513
0.936314528733811
0.787409689192684
0.982764902161276
0.979277496325387
0.975162669143519
1.00627444187742
0.960351182453524
0.931112827191205
0.980425880956899
0.963911319435644
0.9326112473123
0.952303099967181
0.973292943586443
0.947268202931106
0.926896016270084
0.956380414252409
0.988880728813397
1.12422555386713
1.10066403924114
0.847314485384227
1.08725390657279
1.07117368236068
1.00854557775148
1.09606198964094
1.00411287636475
0.989933358433762
0.986207953744473
0.746029702490324
