-1.07484458677009
-1.02958997276094
-1.07020449420912
-1.06259046740094
-1.11921966068008
-0.850119322737578
-0.787803969189441
-1.09152770474647
-1.01582452981347
-1.05850951926245
-1.00859998854173
-0.9590232272298
-1.09232073618304
-1.08682876650364
-1.05957501614425
-1.01519312523842
-0.833139077877048
-0.982671588781235
-0.8677819544351
-0.879834451730641
-0.933359627131323
-0.975319572932356
-0.860446535067914
-0.882860544914184
-0.901882897569347
-1.0758001116275
-0.954887912295287
-0.933718147718222
-0.718673315418748
-0.872914185258266
-0.915364495528443
-0.787830999846297
-0.878290850644137
-0.972857667433681
-0.991228895356626
-0.858599441983776
-0.89815020623979
-0.86603102197902
-0.967319366625331
-0.837906171148175
-0.856530526235112
-0.969071714504327
-0.93470122775588
-0.912496361355618
-0.906109274114611
-0.824715815797014
-0.897766894839654
-0.948985819309869
-0.853086836584919
-0.994798546652757
-0.700440167561433
-0.962252269338374
-0.880207684864377
-0.810246648531057
-0.823345414792217
-1.04165081654381
-0.894377877015938
-1.05934294442285
-1.00282840556694
-1.11595026130759
-0.930535295903945
-0.894615902083385
-0.815873012178599
-0.855251576383633
-0.986033596819693
-0.916675315922135
-0.787929441678502
-0.946143727660884
-0.889458184066373
-0.886384867717719
-0.866120125702008
-0.784800070822275
-0.734759891479138
-1.08440754459978
-0.794001904213557
-0.734359516741834
-0.726590534249381
-0.893617895364065
-0.949924443261178
-0.589869146361073
-0.738369280731288
-1.00513769460155
-0.696796692105409
-0.833064081793933
-0.884072131369269
-0.868256022840997
-0.793042937268471
-0.734679224888934
-0.861786290484585
-0.734070463083443
-0.818795460727532
-0.816113775529883
-1.03491010866947
-0.745745838740916
-0.949017123148965
-0.746993803018869
-0.744874073860128
-0.662603550019381
-0.717109454523349
-0.966849857714736
-0.716546875618909
-0.850305022266284
-0.756360416697052
-0.694302328155713
-0.745315595131226
-0.731703734154892
-0.791161752594505
-0.859511751622654
-0.718073925080282
-0.751872309851226
-0.704612253124407
-0.852058796032155
-0.793251774272901
-0.667693059324773
-0.663720835930071
-0.726860326749654
-0.894820581455045
-0.827318101886773
-0.742202207919169
-0.833745195764094
-0.735265005235682
-0.794118118932052
-0.744558109816509
-0.746009219254417
-0.79100903491173
-0.636000169083298
-0.826567647197141
-0.846320692479484
-0.762786035206706
-0.590576940777613
-0.714176906091243
-0.697455835874917
-0.780793362487504
-0.616714856516783
-0.637273526872212
-0.742270535245782
-0.668173798436476
-0.708090500206905
-0.834879460853796
-0.752218267153397
-0.894325573499461
-0.656961566040483
-0.657267369861772
-0.510409453756664
-0.666079512386758
-0.708526848386654
-0.692882300377462
-0.734913984592669
-0.767563883399484
-0.687105957180154
-0.731451942215672
-0.537556532504697
-0.675144722190934
-0.646019359132676
-0.69549946708474
-0.759492963850224
-0.707663001481841
-0.534873497553096
-0.68474364806896
-0.803508036989153
-0.718414924506585
-0.816964771595173
-0.845151903359849
-0.803655927625771
-0.600697114601032
-0.499784652562566
-0.813585700612493
-0.671211291097174
-0.729654307031578
-0.742964588683687
-0.581526735699944
-0.713846198759268
-0.568289764110182
-0.655507003642919
-0.641070017383733
-0.613351211102603
-0.549532569542948
-0.698287407318192
-0.677497966644243
-0.685359746229531
-0.566503455464253
-0.514874806513499
-0.724600939512546
-0.574444522857552
-0.651125086524807
-0.685130429587955
-0.707547925596938
-0.59201493379449
-0.679407700030313
-0.656212408236942
-0.605479468291772
-0.601194838885267
-0.690942002946783
-0.633893461107551
-0.733976474395167
-0.696719735599148
-0.584503054486636
-0.652323672153619
-0.634349320138447
-0.604579744138403
-0.641831230237661
-0.632769589047679
-0.581733587640622
-0.647188409106817
-0.518321132955571
-0.463169439860175
-0.438045575094716
-0.614636607368382
-0.610957864070279
-0.662390305182453
-0.56643219248422
-0.660974697806539
-0.54319507188073
-0.654679999245846
-0.587681184142064
-0.700330283157356
-0.497140633326632
-0.553679704276707
-0.585546467247688
-0.476008079700895
-0.553461446978332
-0.590278004806697
-0.593253173027834
-0.514634398199635
-0.652371285766458
-0.522906530651962
-0.511095588725014
-0.465930260679838
-0.400190426343828
-0.564778359314638
-0.620644077933205
-0.502774345058337
-0.738011805649122
-0.516218196187835
-0.570492621306292
-0.51713130297649
-0.394152984587992
-0.513669650312701
-0.497797567122187
-0.473895602395762
-0.528958017146885
-0.538820497542708
-0.647147859257184
-0.617233990169563
-0.5345520424709
-0.470327070930282
-0.696793841594354
-0.509204386804617
-0.611265910400282
-0.57537245362065
-0.456132975204963
-0.530528714971019
-0.389618637350698
-0.391935005508798
-0.468754253199726
-0.623167753431198
-0.533921578676607
-0.420138809587476
-0.511786250043783
-0.518263483928432
-0.526430060617943
-0.45039602972693
-0.46912890146991
-0.469699588116346
-0.627776832892996
-0.596291713297906
-0.492498766610757
-0.468826355205635
-0.469593208213208
-0.514837299411373
-0.691902135549208
-0.448329637233224
-0.460540398283744
-0.401152108727533
-0.378013581755687
-0.416025815860319
-0.562256396179968
-0.413435573011637
-0.294665118108685
-0.505788759006184
-0.307790483370218
-0.50268006134569
-0.423357202193485
-0.568219597891089
-0.485235628430428
-0.462824184630508
-0.464460539697886
-0.475995927871273
-0.554583511981067
-0.304641316537606
-0.521378651458456
-0.45248759051244
-0.295386852833202
-0.474039655602134
-0.421011070581433
-0.527916667614885
-0.35105189713131
-0.352705232177808
-0.349590602407006
-0.4033636751715
-0.459372937004465
-0.34481421069497
-0.261738677167182
-0.323175794294381
-0.445559240799635
-0.381816648298569
-0.408762245717753
-0.450461006230995
-0.472480088448324
-0.420301390799012
-0.450740493703536
-0.413210708420571
-0.289228581903686
-0.573240312597947
-0.281843521495599
-0.385738378226096
-0.443076755028923
-0.372860849636044
-0.42534578431416
-0.396843675445676
-0.368659959543442
-0.42699017660834
-0.316448160034166
-0.351198956892844
-0.353304871405243
-0.186395717970761
-0.304677220165377
-0.510098880041836
-0.424515296104722
-0.38086114568952
-0.340643955715873
-0.297222272657297
-0.435135957672535
-0.330340363200463
-0.399780758286134
-0.332721148430296
-0.217492971019341
-0.099689984328658
-0.27919815581543
-0.405426741187142
-0.247492917041255
-0.295815808421754
-0.405499071343317
-0.409456060868622
-0.298895978857108
-0.185390059943881
-0.283386099495153
-0.450289045552537
-0.324916748456028
-0.268239075409412
-0.197835130870092
-0.368172512798554
-0.248134421694413
-0.379830862391597
-0.334391228712606
-0.276916806235388
-0.382884243749158
-0.310614179272696
-0.140186438669015
-0.342768772545024
-0.248682219029228
-0.3257436144559
-0.356698521055
-0.222870260077116
-0.241156168826686
-0.374623925865318
-0.150551755200729
-0.237247082392038
-0.233396009840589
-0.374013893810635
-0.180961667382662
-0.21909126847401
-0.232775958754378
-0.11860924693497
-0.317802989338555
-0.155082361510623
-0.354128684291165
-0.215164202893584
-0.266845114427437
-0.374590198282548
-0.27633913527968
-0.201789495523836
-0.0487477489994192
-0.28324552736126
-0.258151404280759
-0.245688229312113
-0.318922604390814
-0.270765578865032
-0.17759456049573
-0.128194645334606
-0.299638761205815
-0.140032011555923
-0.161229917611352
-0.302271685304426
-0.241428370003322
-0.247989864758239
-0.155266607024745
-0.223872967620318
-0.251513401834539
-0.221657050673472
-0.284736926859689
-0.259306521902405
-0.335241423514386
-0.00928310191718785
-0.0933540353586439
-0.254911409652221
-0.130568982627735
-0.0617177324196708
-0.176442388772727
-0.228440804958365
-0.120053391387264
-0.188494305124365
-0.151311914979864
-0.0546227879543449
0.0229457448217585
-0.202046150333801
-0.136577363777494
-0.254440598234498
-0.167053598237566
-0.104328048461377
-0.242347175037573
-0.00509156556549967
-0.353875646244046
-0.175110056405526
-0.341515982797954
-0.138123779185276
-0.219099581700971
-0.167936808925102
-0.089218004783001
-0.089068627338411
-0.228687386475327
-0.0658566211904266
-0.0815854538137018
-0.157995257604999
-0.272138755881431
-0.0836075975008813
-0.294248354330219
-0.183465230280058
-0.105436816228228
-0.170874751692573
-0.0703266471876837
-0.290553762949896
-0.170270950301814
-0.0162735404767879
-0.245214449850814
-0.129682322945468
-0.215224006332287
-0.00758167181737634
-0.0957474277255107
0.0755018299256226
-0.0245025412984678
-0.105606341149076
-0.149957717108349
0.000884156710564933
-0.199301335172691
-0.0491128306806201
-0.157500928654572
-0.116314527536355
-0.0635035417058048
-0.0567995918717489
-0.150396851487664
0.013838727025298
-0.152584958879941
-0.185209242029024
-0.0385435714003914
-0.100414940137447
-0.0102703087021716
-0.14569313420992
-0.108016375002116
-0.147130083384238
0.0476613213650245
-0.0307147109759088
-0.00226389002706272
-0.120110751013976
-0.103346908309656
-0.0811031989570493
-0.125931902434151
-0.0929175212991921
0.101399542088972
0.00486334379322296
0.00656285399214749
0.0767494370955744
-0.161438651088223
-0.137407497620797
0.0207234939790309
-0.0888087438747535
0.00799803745131034
-0.0231931935201193
-0.00538034650144304
-0.101576532696866
-0.0883286189670112
0.042911052984838
0.0222279092061404
0.0174646972548678
-0.0695521261304263
-0.122263752574146
-0.0325018991892628
-0.0233070001438464
-0.045563071442868
0.0842590355342766
-0.00735302083941948
0.0451326894486442
-0.16687318075872
0.0113333265778924
-0.0833830683264869
-0.0759264109423261
-0.117164903342819
0.0772270504140391
0.0523761506243209
-0.016803270947496
-0.0339949590662776
0.138252561785484
0.0887907334096538
0.10264790190973
0.0555834899331135
0.00831292388568471
0.0666150923324582
-0.0790613111771449
-0.128979307827819
0.0796646025236098
0.101068720718425
0.0199088389720609
-0.010312800484148
-0.00684072928535415
0.0518993202580636
0.0469925453448603
0.0804630858172385
-0.00428183794648604
-0.00576290174697071
0.0078934735643696
0.00610156646719037
0.133440467718722
0.118394079392355
0.118897770348589
0.068889041272231
-0.00406754551847833
0.0239586233591279
0.0987682648265137
0.214013550786509
0.0894697396048581
0.118223600266918
0.0261407622308699
0.0690853170116992
0.0854008033026444
0.106528529006891
0.0882230534043252
0.145804751875232
-0.0584463776037433
0.0989109327475204
0.14169293584476
0.0731305203708311
0.198427062550796
0.200687675699497
0.0713640983576715
-0.00267610784816419
0.189638499886855
0.190443563300379
0.0992322243471031
0.115851456219359
0.296190296162136
0.264832421034315
0.0354841759075892
-0.0115095124061218
-0.0171146819914914
0.113828600300798
0.0766498390196973
0.105049324305452
0.125361636748674
0.0458127150889472
0.0494167323640683
0.176547505842907
0.258309204392248
0.127946215326337
0.306232981466762
0.153457959993185
0.122040180140539
0.259262976340391
0.148723047301748
0.0336826799718459
0.322840943981234
0.262558260792766
0.0612065274051713
0.187377423255153
0.253151028625691
0.231411306105402
0.122072306837917
0.190720860724765
0.210969483985074
0.124782660512272
0.122149267463233
0.0846300827620939
0.359020774843691
0.268291405745536
0.0627900867689525
0.170812207198991
0.19787906771106
0.26119059467087
0.197785265225102
0.119770871176106
0.184321465160055
0.213481695379342
0.299381662003386
0.254973479174978
0.274860440440566
0.158542191612791
0.259630050316998
0.154767044289145
0.166098900965037
0.262228492609649
0.202814113339061
0.29434662449935
0.254471333150982
0.228013038727714
0.164781860094504
0.240263115042192
0.19438339143782
0.217869502760079
0.0465257300948194
0.311432185858901
0.374931197341955
0.283774905399587
0.157578687973409
0.224326682790473
0.307084550363597
0.320995170542472
0.30195927540638
0.14032068114281
0.210072669305483
0.18912400154625
0.22240855386889
0.226391750771454
0.218239532973025
0.266038240552629
0.222318704040703
0.173608286855642
0.219917047828961
0.316025536122547
0.156776662696746
0.244102796312319
0.338686959998406
0.277610868823072
0.184806570327157
0.206729741145704
0.262151831946255
0.378144875314436
0.273842834135549
0.371774946341877
0.272675423476544
0.404748044230904
0.269610195708234
0.420650922275426
0.359102257410485
0.40831035823152
0.202190335474549
0.373259312244108
0.162587697468435
0.355919214745947
0.355744803239731
0.247760376208029
0.360719728524945
0.319672248102218
0.261963756933132
0.298291813816228
0.30183597859548
0.390308930987697
0.299303899306068
0.267715101646892
0.416630832658318
0.286076651027318
0.326888623940861
0.329829839860606
0.123499689739045
0.436132645202764
0.358418179540455
0.41548106939374
0.311149454558799
0.458680457274472
0.221863536308617
0.340089690215873
0.433145963194984
0.316329422477903
0.223875865453943
0.313920253689665
0.268372628712755
0.35575761023362
0.322391522154613
0.376255067379104
0.463625732609442
0.417527691423757
0.463319924455427
0.416646475116047
0.30728525849378
0.314456917699963
0.397725589504561
0.30517925584022
0.525218686984117
0.350850213909163
0.486611493590394
0.562044887816813
0.51270884717524
0.351676783470803
0.515532247893474
0.311166162306274
0.266423674642494
0.332461034314764
0.471388379485313
0.37497313260469
0.322886149997771
0.542524984769846
0.366987818574807
0.376377337560657
0.372209420613096
0.35656759974046
0.265323433787852
0.407040621050459
0.400974759636045
0.349339173919763
0.561417268249327
0.496042025303829
0.3814831924336
0.445775765378372
0.368723079526521
0.438185438600417
0.457224513745709
0.546534342179392
0.494113941664041
0.478037001070722
0.494071658941756
0.57419387844736
0.550428228346978
0.468684939426527
0.630507894482485
0.507881617879062
0.351723264703465
0.371292752819421
0.361017438137923
0.314741428948785
0.483064492239784
0.494955408671019
0.535238802035328
0.472476705687061
0.557547454687652
0.387607481677121
0.422598915604306
0.42540496004828
0.454631092291402
0.566694850631966
0.649230527520892
0.450536699804182
0.5828262173412
0.42410199704262
0.537342071804477
0.478998984994452
0.54707070128608
0.517437117232589
0.431569366778565
0.581234560325132
0.473669453405933
0.612769460972183
0.4186020487136
0.446549335852529
0.525261263979445
0.578307623724402
0.473461819221741
0.546227060424503
0.528817536897684
0.493017027203635
0.295135505912467
0.449992217063491
0.577930484710045
0.394239942485766
0.458737652590289
0.432686030698035
0.60762850396057
0.558791492743841
0.549310064426504
0.501424578005601
0.511144951521973
0.662052258957917
0.465595362379322
0.600252476222586
0.475087609063286
0.525952521475062
0.488120392256397
0.488210595385095
0.51687675512163
0.553837651777682
0.539819894741534
0.571788772028199
0.646750999180221
0.720465230106963
0.579638023640957
0.597794519841832
0.618471057083272
0.679831378792564
0.56787971358823
0.542806880778819
0.621671471704322
0.513956979848062
0.623520704980484
0.759757618181901
0.648229268695885
0.558408963689179
0.641110468044784
0.695412429526044
0.651077614656651
0.465122566052073
0.636267173985238
0.507810513939792
0.666099718233207
0.603715961054387
0.614967283279319
0.740458872264887
0.467134380586065
0.606205578047538
0.576290809112356
0.614780521804191
0.559582349024277
0.804885964096395
0.5972601672735
0.542901143957856
0.608316759391607
0.802908580887794
0.642198396847088
0.583671875925288
0.630208219781719
0.7504081872271
0.618225130368944
0.564585961866305
0.656579000831847
0.658299432132225
0.769634193246966
0.78349866962241
0.675660159362077
0.887453332331431
0.719730803350344
0.532581668979884
0.606954927872769
0.77216517261207
0.74524459775979
0.685337767744691
0.652650778530316
0.628321646138522
0.737306020808255
0.791546756397171
0.981155606098755
0.834360501800124
0.649828447701046
0.704260524053636
0.685126301287732
0.712182706542394
0.735913970684812
0.685826131201449
0.642872160248696
0.710528164813415
0.561623163161151
0.727821770002778
0.662355072025546
0.78529683181624
0.772700908461984
0.674971458264694
0.59817729574644
0.740965743900396
0.871272646072451
0.827948648646483
0.572300231552192
0.630773377607741
0.729546651173025
0.645912581112671
0.651947178574367
0.632465392232986
0.743402049234569
0.622095106004863
0.814430687557478
0.646569721921719
0.794775671929807
0.766258082033036
0.728120846101319
0.817125756768037
0.787195743969041
0.54204913561094
0.573982588646304
0.657469610196465
0.660024837592958
0.882372870227407
0.77430272211414
0.881570110174191
0.832480072701579
0.7551817051592
0.797967503235785
0.866582969488302
0.84456335130086
0.73916248322325
0.793754858338131
0.704276514868356
0.924625800939202
0.758317950479187
0.876162710272234
0.854984841509717
0.797770061920859
0.88664825583529
0.852200716767817
0.873627818429746
0.833943108762524
0.863822977223418
0.802027108721675
0.980911985322714
0.690702147774075
0.784447997814158
0.812855995825173
0.881542563217439
0.934278216171192
0.871297034568585
0.87501063086446
0.924744525412257
0.69172311209708
0.791984449706418
0.880712048478054
0.749803520909558
0.699709565080353
0.990527476283333
0.909259979066255
0.723986037920325
0.978674870645078
0.768268839651008
0.954132186882558
1.03903600910783
0.863523573332855
0.956413450686127
0.625703178967659
0.893734713910772
1.05786633635739
0.810869621504807
0.840341985550371
0.907496019713989
0.92726642687764
0.81533483482392
0.885202837733061
0.947058150798505
0.931244871726814
0.903436291059227
0.962655748111834
0.773819101488591
0.885500838410009
0.981533078658765
0.923521748537853
0.82329925414448
0.807236121060375
0.911929421427061
0.855261832630511
0.996643945513886
0.896997352184379
0.964237876769114
0.956791068932672
0.880530758984826
0.816003609141819
0.928879917386641
0.973548260735699
0.867593901811396
0.912689968024239
0.895804946398023
1.05675062970705
0.849287131885333
0.832927159456217
0.905451243646183
0.954710126681058
0.744262960629799
0.974774174293252
0.825615904595596
0.896645536883111
0.888207890045707
1.00105123600855
1.02983316005636
0.990220802956161
0.877201019570155
0.933114851917776
0.999027725746903
0.79844910569866
1.00393493568409
0.927245371393282
1.00202120445904
0.894224846948693
0.81909642586505
0.870577791546736
0.978926817582676
0.962460200134714
0.844233209296315
1.17188741426207
1.08569905873071
0.952268265882261
1.06440374617392
1.0666070075767
0.885804257864012
0.898787962614389
1.13741941855114
1.15417449785812
0.969935167749657
1.00322903462013
1.1110303365344
1.01688870869514
