-1.08637166765988
-1.03757047298039
-1.09280703205911
-1.06218031939389
-1.1181774949886
-0.834453824006905
-0.813670444343823
-1.1016001420302
-1.02447083532433
-1.06291216988161
-1.00111964408965
-0.95026202188357
-1.0862468443344
-1.07897516630324
-1.06218160984358
-1.0313103342605
-0.850518449351959
-0.98360768365092
-0.889483068938056
-0.87503307167006
-0.949063006132931
-0.944240059311358
-0.877535082966232
-0.891003754962221
-0.91492852225483
-1.07609161250894
-0.955569847810133
-0.931124388471492
-0.710297784177597
-0.878176953409635
-0.944671126862667
-0.803063299111459
-0.878050395983923
-0.978604938162678
-0.992936389797221
-0.892162916823997
-0.863804547068965
-0.858747663389568
-0.948830560987067
-0.815712609109239
-0.866344276152827
-0.953212393489972
-0.944308763642245
-0.923721233997051
-0.915977925780863
-0.837975757118091
-0.886824869888238
-0.949948181299041
-0.858669536598081
-0.983058287953805
-0.699208730355493
-0.961269884986707
-0.895995605302961
-0.812395295488617
-0.850547701128455
-1.0565203272129
-0.889114540229933
-1.07140873642017
-0.988397061683561
-1.13465371671178
-0.940478105326237
-0.873106361844591
-0.802966475981722
-0.861361245244924
-0.986942423533698
-0.910969230187437
-0.796865791155869
-0.937426824032285
-0.888652444168295
-0.895032484822209
-0.861711103665899
-0.784932354750661
-0.738631481558929
-1.07454668253256
-0.81428542965641
-0.722092886843359
-0.740690912068905
-0.87561985592304
-0.945034352006761
-0.597291904845465
-0.711773350522624
-1.01902166766838
-0.666127106831378
-0.818346458133798
-0.882985944094718
-0.877301594092738
-0.791845010622172
-0.720955341234945
-0.839176332835868
-0.72908718421576
-0.834024726786311
-0.811086709007721
-1.03330920585362
-0.750424932253029
-0.936953911666848
-0.732600096083849
-0.739009476645562
-0.666144159027148
-0.703755813332875
-0.929304377976701
-0.718345251149525
-0.830716848107384
-0.751295616714365
-0.66864254567683
-0.751397165913756
-0.748660359890698
-0.803873463339406
-0.851944020735077
-0.719678650181145
-0.742861618698569
-0.71639165382237
-0.849150295073196
-0.793662077623985
-0.674346755590911
-0.663024563290466
-0.721915417876658
-0.889934580476257
-0.820309548919282
-0.745446812855177
-0.8431529674427
-0.727793372472477
-0.806817571351113
-0.763147862827928
-0.726147564850607
-0.795831997733294
-0.656833738846197
-0.805904133492209
-0.858545491586854
-0.740546913041604
-0.58656074730627
-0.735981752053274
-0.692013518579943
-0.810775001410277
-0.62480736128364
-0.655138179542163
-0.72574131240366
-0.659815452670076
-0.726012289438131
-0.813013794594718
-0.767229296876244
-0.884622748392328
-0.635411668689651
-0.669112725284152
-0.523908972391767
-0.679458023320759
-0.715522609905015
-0.683780488580138
-0.736671427417299
-0.774441184190068
-0.678189683714538
-0.733509464957167
-0.5297830409958
-0.678494387865369
-0.647054762832615
-0.693897771439298
-0.744775568356589
-0.717138378706825
-0.526260445539976
-0.708389063978507
-0.813095196047292
-0.699699517467983
-0.81997239137622
-0.832920467180688
-0.799478981832727
-0.601697294616576
-0.502684216563156
-0.835506506862721
-0.674103502746442
-0.724084705551915
-0.716981774815618
-0.581558397123881
-0.741256510277725
-0.574700925980504
-0.669641089736356
-0.652095401506838
-0.613190653970406
-0.549248776745838
-0.700842413569641
-0.695634575919946
-0.665688642175533
-0.565957703944037
-0.496175687066733
-0.711576200447633
-0.572012344547633
-0.665744881620436
-0.698796212980019
-0.727797033822654
-0.634556559179889
-0.671644472721552
-0.672105876642931
-0.60155259056721
-0.590178038223413
-0.675128477270739
-0.618142230815847
-0.727836862060791
-0.674083975120543
-0.592517742569713
-0.671098074930091
-0.618791011916478
-0.630048866041171
-0.62476851117397
-0.643977347294997
-0.599734611796326
-0.651300841675074
-0.533207124489376
-0.453941093543504
-0.466391971684448
-0.624369210631312
-0.6162715206677
-0.687353439718712
-0.581872459121528
-0.673420907185257
-0.55580884848683
-0.650966474461167
-0.606018552986085
-0.682962497535407
-0.499229086515392
-0.561901556558248
-0.607545020386867
-0.490625739832481
-0.553308833890122
-0.6017854340212
-0.577362335425571
-0.511578748264591
-0.658371710445744
-0.533185904103076
-0.490464532892019
-0.450837474018252
-0.412467621215407
-0.561959828679761
-0.60645787843935
-0.487808366257859
-0.735302065670979
-0.488650100189129
-0.584632533786158
-0.512815180862343
-0.392516850497682
-0.533792250989604
-0.516175429646855
-0.480255812107878
-0.521729856071782
-0.547321853374441
-0.650466393612531
-0.616444108549422
-0.516083478851557
-0.470827035936033
-0.716598516262528
-0.481408663745278
-0.601216462844637
-0.564165518031344
-0.459727200915215
-0.539941046901212
-0.406551637906646
-0.419791041756995
-0.4513682237388
-0.637167248672894
-0.510264977489377
-0.434304982881332
-0.524360875838446
-0.524146990769978
-0.53208271389748
-0.451289075364554
-0.484816536484743
-0.479759743587315
-0.626262079685635
-0.588711314788876
-0.475132670156623
-0.478414409046196
-0.471170573361045
-0.535326076434102
-0.695024555249078
-0.446343492082782
-0.47132645490702
-0.401118323336996
-0.350365758028465
-0.424876241823723
-0.551496590498217
-0.409324859444328
-0.272601325514155
-0.532195064745708
-0.29723645890575
-0.501972975137141
-0.420054902928715
-0.565310108305589
-0.483922706648965
-0.43905158203508
-0.443447057424425
-0.490516488180517
-0.550799177880876
-0.301792111027365
-0.525976811430366
-0.458021251119602
-0.271376764515264
-0.454475811695475
-0.396900861069658
-0.519197387364445
-0.356093068829914
-0.350383581828539
-0.339876566206038
-0.41497137399434
-0.459615853796487
-0.346052011483137
-0.244634861553309
-0.320639818227372
-0.421197884146709
-0.386354014731155
-0.405625760588074
-0.441351702856699
-0.467591395356183
-0.45758318593741
-0.456700489238662
-0.396368230411184
-0.292925688963869
-0.59077037518637
-0.278255739020469
-0.392799318183112
-0.418442881415112
-0.393890530673018
-0.389161887043793
-0.423160514443131
-0.393911155170316
-0.427188160647317
-0.31026088294446
-0.360219737023153
-0.352233890133741
-0.190766548441999
-0.305029740280341
-0.513081234832885
-0.403894637685607
-0.387514519340641
-0.351450469271267
-0.291322145251909
-0.426266946325564
-0.309666333774685
-0.399370958915388
-0.344226247771385
-0.215574265620289
-0.10053150410202
-0.276659088504983
-0.385410034486659
-0.255889501656459
-0.286226863884116
-0.413072948964014
-0.429500751132949
-0.305316188350859
-0.215575286076811
-0.267026217327624
-0.492685403788173
-0.318973712401822
-0.263562048080679
-0.191380862534542
-0.37192138343411
-0.248057216204548
-0.356512983645112
-0.349545214390159
-0.270873107832524
-0.366253902679516
-0.306631213560492
-0.148077282343545
-0.344962210212924
-0.24087195448669
-0.317458502726661
-0.378063387253276
-0.228139336563964
-0.236951058114855
-0.388380320879799
-0.128863415249994
-0.255524558673675
-0.208733840624338
-0.388836030391273
-0.208801479698808
-0.19464241772818
-0.224519163977235
-0.128277137513172
-0.321327577596048
-0.148539742295074
-0.338200865225786
-0.210862361884243
-0.264601640367937
-0.374074789974992
-0.284845595308249
-0.184050498521682
-0.0784976533356384
-0.298762999162221
-0.25278699970957
-0.270773684412783
-0.286795499557271
-0.266520578086166
-0.187015703011621
-0.126084584249949
-0.318020796109636
-0.18073995671187
-0.166061451213783
-0.297805047604552
-0.211994782387943
-0.243019706800755
-0.156865863525593
-0.247226016272464
-0.267557587605294
-0.240505198995179
-0.292838813794839
-0.25923616341134
-0.325690370334396
-0.0197917192239437
-0.088521300166386
-0.262280252097999
-0.133370767313907
-0.0882086572935055
-0.162436112626933
-0.223670486238128
-0.139636159545866
-0.199640630372521
-0.152095179673712
-0.0543942641751291
0.0141407148249002
-0.171980398130309
-0.142773856603808
-0.237757086864783
-0.189603259744535
-0.097201014822061
-0.227296114361335
0.0189541632691128
-0.354478021902138
-0.169433641853886
-0.33804179147365
-0.137078014312864
-0.200519843000824
-0.162749753072049
-0.101919432772016
-0.0918035361830339
-0.2183150553557
-0.0620052648998246
-0.104093015280947
-0.163561039175217
-0.262605043004582
-0.0879057556470864
-0.287103305594082
-0.186267407600108
-0.113747311612539
-0.161155005381556
-0.0837701814019904
-0.277034849924515
-0.178689603978369
0.000380588600477428
-0.232858820607073
-0.122199941400527
-0.223520497702328
-0.0169364191266733
-0.095706539658877
0.0670370672236775
-0.0273129188734637
-0.104800435975275
-0.157095896533751
-0.00192445244775198
-0.197074144398935
-0.045812661237846
-0.167104358836216
-0.121580832034557
-0.0486551975185897
-0.0727901116980977
-0.0954418023030031
0.00928122939826373
-0.144232049203866
-0.178362506631242
-0.040272219949937
-0.105281451734181
-0.0021467416998849
-0.134065542294172
-0.123029061644083
-0.14291207299526
0.0231050332313752
-0.0117416945851301
-0.01199034089792
-0.118394578966387
-0.0838735683583482
-0.0826613787801504
-0.11606895616207
-0.0835567264924457
0.0860546930442444
-0.0125670651505105
-0.012172377476714
0.0783288087012474
-0.16466674504094
-0.145903226673243
0.0150187673178612
-0.0927854434121474
0.0160354935419017
-0.00310857877719122
0.0137979249750292
-0.0979688122352979
-0.0957579395560478
0.0532507715517324
0.0260783689626755
0.0243446303200251
-0.0755133525184374
-0.0951037671206374
-0.0040956173243055
-0.0173209579722168
-0.0572124705596624
0.0985961618336798
-0.0108974169631844
0.0231635940474443
-0.168453326981631
0.00136947946221578
-0.0916084109341495
-0.0848326100351327
-0.124442634182775
0.0810052577180126
0.0453991941495339
-0.0386856652469948
-0.0121918498528759
0.158770513484198
0.083934300364618
0.125147863717195
0.0497115479875731
0.00491500297664781
0.0654492559161326
-0.0685700827582832
-0.112525130112545
0.0711876992150454
0.0681327803804927
-0.00124218021710613
-0.0411111643410749
-0.0219576603481552
0.0556011289274576
0.0535845407992486
0.0764637071993962
0.00138551265076708
-0.0093538793809503
-0.00622481799497105
-0.00450393445571834
0.0973360426596458
0.114638793476854
0.124992648143018
0.0416760290835081
-0.00873994002284272
0.0551376885660896
0.0930716217291035
0.216749048376323
0.0992804812938354
0.125382520723655
0.0377966434383401
0.0773641073439832
0.0868288144235192
0.0635921039779848
0.0988564138907114
0.137272362085102
-0.0522186723506525
0.0922558454038012
0.157296399828123
0.0604410260698485
0.198756279265131
0.207276058266726
0.105240292936355
-0.0102546762921866
0.179331412139743
0.213000542424931
0.104258317024005
0.137759432754087
0.306889543144374
0.251923692854502
0.0367224616181805
-0.00317983101049598
-0.0349360557000053
0.112945412724974
0.0757210625590864
0.12541307977751
0.136064007774805
0.0594359092596207
0.0460112651757412
0.165769017872187
0.267569783666792
0.13743889094202
0.282497847840946
0.172330076125099
0.114149350431354
0.247083812238544
0.141350571074361
0.0369948706108327
0.289664551260881
0.227499566209555
0.0872348954010914
0.170003315361837
0.263344883055855
0.236426384205019
0.126062586748362
0.172502534081853
0.2240368825837
0.113734253787241
0.109014199993567
0.0927704214534806
0.34916380768993
0.26426839385968
0.0532679951669522
0.182281187289051
0.187976798674152
0.27390096813865
0.189278644012196
0.117330338891525
0.187591899210672
0.199179343589784
0.320884560949945
0.279214559463286
0.274905072715439
0.188745960824823
0.269684159970409
0.156923868185341
0.188509545458769
0.245593113026854
0.215176606938503
0.286689608883023
0.247817769980733
0.219816516528804
0.159709114922979
0.22712132823047
0.207094330887669
0.21576978452227
0.0315589066524581
0.326181808669201
0.382621581142475
0.26407848205084
0.161326140432591
0.230300770094245
0.301104644441556
0.318501060633482
0.318400586343669
0.124674765504534
0.199985470351695
0.185369187136428
0.226938827865359
0.23651156013692
0.216386390105741
0.27821979244737
0.221264889896941
0.156388866619953
0.221164736306311
0.309996341330578
0.159203999660341
0.202488044339211
0.326593857452378
0.275323633513412
0.203106219750133
0.207721808328143
0.26545264277682
0.367132458281142
0.302946420706299
0.368069273750044
0.254524115359776
0.39870432211718
0.282210011236344
0.409718828213527
0.366757318079608
0.406860547446891
0.183505112025336
0.3408419761901
0.159460810503779
0.371682565637452
0.345523787383844
0.252277210576588
0.325672238832538
0.324176917978908
0.27501451481628
0.298368726311138
0.308445508201155
0.391706680460788
0.292172627896619
0.272447509484419
0.422574363402254
0.305616874908817
0.321970645866101
0.309896074783807
0.128111213076366
0.441850008690903
0.35353407092076
0.419721984693675
0.305270131809862
0.464820919809329
0.235776727726808
0.33804421845468
0.413296787595763
0.29598286409952
0.228539560795013
0.307978934158232
0.258474552215674
0.362493568595543
0.314804240941635
0.393752216316546
0.47345933346553
0.420899590797326
0.448775623263695
0.422991912752187
0.319833613601473
0.303735201942636
0.397520079583315
0.30251504498492
0.534525222406894
0.322550047293811
0.49207782061359
0.544393823921038
0.508496435778334
0.338679053405793
0.515238569124454
0.314598152237851
0.26405913232997
0.346413958150273
0.480530111805609
0.375976459570295
0.316177607725878
0.561111797086609
0.372905751260477
0.412242264392907
0.343559090448249
0.364969996298812
0.28623388913157
0.410060038698748
0.375850222234704
0.345080204477227
0.570212879776575
0.496026888566645
0.381414299343756
0.432910344163797
0.368808130826821
0.458785584968909
0.458802488826771
0.54670579231022
0.510493499866203
0.481020698714695
0.487626627078837
0.584781338844862
0.549031040162825
0.485074729235497
0.642441588231788
0.517607000500265
0.345621367558437
0.389556413613158
0.397430198514737
0.333200425366166
0.495040319197019
0.499051272242573
0.53725519822841
0.479453254343383
0.540730273112988
0.405679553078878
0.40654358769023
0.409335894653202
0.460916700033702
0.579374395647359
0.645984317479689
0.435049362802886
0.578093590101498
0.411634261135272
0.527320479392028
0.477169162837435
0.540678654662532
0.505500050555299
0.439043498337794
0.581990016582669
0.474011546950141
0.592081521257748
0.410390485728083
0.47283629227005
0.539322434813443
0.579395038215299
0.480201247680939
0.536550768258946
0.528644304049685
0.483145425419279
0.28732777489827
0.447514485355499
0.564401186721853
0.401312563375908
0.470071710260125
0.427573047495848
0.611876531342384
0.574213293583076
0.559233508682443
0.501585029737904
0.507492386597111
0.659714639954162
0.491956294067155
0.613953265206029
0.49320139384392
0.539753293482887
0.505525113069412
0.481866854737123
0.515781614071865
0.550112886524954
0.54281600747787
0.563604529342759
0.661706404380231
0.716841934625875
0.552098272715879
0.602913145447915
0.602268227525375
0.671341228660204
0.531542134618534
0.55722470978903
0.626055189058666
0.53719169027681
0.610475559023537
0.747625603147484
0.648957169168738
0.57189357823385
0.64314338520037
0.679518522824374
0.658676560843437
0.469957112625053
0.628945291951267
0.514075552364018
0.648024388671754
0.613711431660237
0.625119464866538
0.72396749627347
0.464652879275232
0.625966728029087
0.571043499075869
0.608197073339469
0.550143228545311
0.781248273706184
0.574919407608065
0.551798372429318
0.606537898342099
0.81062762314723
0.595190341301476
0.581046536737961
0.644969113991586
0.747511804441345
0.59961714979597
0.569786544635287
0.651069778832574
0.64306273409518
0.783861799372528
0.790407254988838
0.676562147124178
0.896396561632114
0.717751872548434
0.558701668852045
0.606481013438911
0.772295388545681
0.757025094567824
0.687437047942923
0.629376908067826
0.644249881626496
0.73908409397131
0.782394885877579
0.978419617042169
0.826304538714844
0.661184564467262
0.705997167553113
0.69145610382271
0.71009890428307
0.722688187020841
0.688811821179427
0.645026682125794
0.701634167273934
0.524577502027043
0.72427531108464
0.658969706568591
0.777515392339945
0.770220428384884
0.677241463782836
0.593738312231906
0.754430595649713
0.907449936687992
0.827169551999038
0.592455238949653
0.626912140626504
0.721148050720694
0.64787623878518
0.66474102813521
0.619534363104966
0.7144228375037
0.61603375777494
0.82936272726242
0.655973834218987
0.787085983462333
0.748038054401406
0.707994024398406
0.826864370453341
0.790216581231796
0.543445831565349
0.559424510459617
0.661209191692251
0.655485150336663
0.864808797426497
0.770963232460032
0.896767362565727
0.829294365539901
0.769297984265476
0.807705764096696
0.863480543217467
0.849471006109227
0.734255832103711
0.782681807342991
0.712067437905393
0.929786382758522
0.763833840122029
0.874824428518576
0.881100503078616
0.803564569004627
0.897860143265207
0.862256534114245
0.872191340921646
0.82882033951278
0.869391671795167
0.797564303842088
0.977188854485886
0.691720824408416
0.785325009611482
0.796664457275487
0.883660357427056
0.945765590184356
0.893773966354934
0.865800210401558
0.912528937350922
0.67123259305645
0.778649842274176
0.862914463504984
0.755963060222606
0.665377647563541
0.981245411658389
0.907420283214762
0.741075089664495
0.987620356567723
0.772499304705654
0.946592422886886
1.0588711821907
0.850650864150997
0.968302839014099
0.622571691286421
0.892004295679017
1.04812071825328
0.8037967100617
0.855927773362807
0.860665697909955
0.91512258453778
0.826413010390394
0.899056839748426
0.956418657490334
0.925945110101501
0.907991883097394
0.94829550326792
0.757253459421961
0.874569943041337
0.977195016379186
0.947602818400312
0.812406844352833
0.818167442403596
0.885812318913387
0.861458324025332
1.04332908352723
0.923221408176914
0.951474257740868
0.948929824714156
0.877425853588122
0.828278963297998
0.918226415352356
0.959985414571049
0.843172893834288
0.926810306460729
0.907216911040045
1.07375233439379
0.845426081012532
0.83795634174419
0.919834286187675
0.945519299385001
0.735134089614826
0.969200700492806
0.83418880301367
0.895184454068691
0.908213961593573
0.992553313000018
1.00617449775253
0.989574667230465
0.867279552300602
0.93672875537988
0.989513441698223
0.811328457872979
1.02404349638472
0.926592870710814
0.99666489636903
0.906754578838367
0.836532823174423
0.857850740333487
0.964568080191359
0.950620063882238
0.857073397650643
1.15314055040178
1.11202334674829
0.929028709211806
1.0588297755739
1.04890419833987
0.890672255637295
0.935143101909017
1.13037460796981
1.16958172622804
0.976010178762003
1.00573346685945
1.11232353575903
0.990895763353171
