-1.03335172622057
-0.776970321200003
-0.979148299601096
-0.859886217428486
-0.982306966748093
-0.923201146710045
-0.86143414501127
-0.90518366132038
-1.0009937550855
-0.909699929642261
-0.832554399118751
-0.900183167831103
-1.06857872708485
-0.96924078661105
-0.92332061207788
-1.01208147544917
-0.876880718494952
-1.04596462881875
-0.878823274904397
-0.916569504860428
-0.889779986692289
-1.05927004432632
-0.866529167348813
-0.798137435050684
-0.938828869086001
-0.95386770731022
-0.901727808228168
-1.00055531173867
-0.731685913497454
-0.938478887323206
-0.872563957904243
-1.07246615031117
-0.982207405179878
-0.81373077053426
-1.0681403327952
-0.893081934720338
-0.990569135105262
-0.84301142893482
-0.916666052333624
-0.97269143657019
-0.81514472151136
-0.910341329938169
-0.953237286103034
-1.06207796945321
-0.94365499316037
-0.994259384479902
-0.848260749489623
-0.942932091771607
-0.887936567882936
-0.910524812892409
-0.962909134472783
-0.858566703386454
-0.897814624500193
-0.707015617618442
-0.956864887237089
-0.748381305377031
-1.08725683009116
-0.908401173050158
-1.03761669251007
-0.852550726247552
-0.904030337576826
-0.800550071772475
-0.843139927338061
-0.874803105717781
-0.808158569727262
-0.968495541662524
-0.82103644744835
-0.888121993822058
-0.788161244781466
-0.746187105104605
-0.891864212055508
-0.815746027189228
-0.763568991331792
-0.868612077856872
-0.899845896014547
-0.852093987128073
-0.886415548297268
-0.809422326108932
-0.848968784518059
-0.976251142436119
-0.692522736692654
-0.812804909838282
-0.926920474984536
-0.906511342247903
-0.925864757188256
-0.791085922856751
-0.804212460392134
-1.00355732672143
-0.967263553618195
-0.759262371320677
-0.878861231514143
-0.821300243975406
-0.956335087066229
-0.743301304748684
-0.830049035670712
-0.97293494482078
-0.817812529219118
-0.763254827595239
-0.851211043458534
-0.751877111552579
-0.823460529955104
-0.810511367758286
-0.660521533747291
-0.798706864937397
-0.898417020360434
-0.859250424104926
-0.840205245295273
-0.799967052732134
-0.724810682352313
-0.799081690491279
-0.723627730021257
-0.759146609007824
-0.844255313908786
-0.776413241859393
-0.837817271020357
-0.703763724780387
-0.687171244329772
-0.761927828651798
-0.830792690085389
-0.75255246017588
-0.891018584851153
-0.692237663589642
-0.743264650709591
-0.759407141371332
-0.821247371723248
-0.704173694178693
-0.695123285788113
-0.732750967259968
-0.687204036107279
-0.562076474882218
-0.820053794745724
-0.922817153507136
-0.676843498414679
-0.793600654030305
-0.597892198803844
-0.70366415922214
-0.73285514129584
-0.51114752485848
-0.643059867743905
-0.615331873212895
-0.736627738344348
-0.676894667806914
-0.546154339909222
-0.695497941504854
-0.750629897372369
-0.683578060252974
-0.712902462784824
-0.564414290485932
-0.721480400135411
-0.680113259595852
-0.703169608558433
-0.90282438679967
-0.760985784985908
-0.644687829899913
-0.627954228178537
-0.658329320539349
-0.650828148008966
-0.645829947549256
-0.766054471304534
-0.683223041908032
-0.626712620376512
-0.575536904894248
-0.718618599742378
-0.66376138494634
-0.60403180379286
-0.605733048829368
-0.649021125475251
-0.450826729929816
-0.621027077639298
-0.600400000453392
-0.598128509450683
-0.574681050146769
-0.678440853902372
-0.541933059708049
-0.761503083082798
-0.61914660283529
-0.726873830841943
-0.496305244812602
-0.540377548719861
-0.696711568277904
-0.549100699783056
-0.537707220117665
-0.676373689185538
-0.508648065117369
-0.517859507264841
-0.833698795786593
-0.663866776873384
-0.526677657235559
-0.618823750936269
-0.518480240697252
-0.638813876509414
-0.603847049736554
-0.62045035777447
-0.752769794108204
-0.666686494728915
-0.701020038147366
-0.54850623411996
-0.753297683708334
-0.670488701089176
-0.64231885451411
-0.745235256306789
-0.693727037336774
-0.546755739522935
-0.506176188941731
-0.708604554523672
-0.631174979297191
-0.613859911175037
-0.601968239930266
-0.533054074868473
-0.658099696568589
-0.624717506400432
-0.499184363581129
-0.455982583037946
-0.472856884396605
-0.515855692493935
-0.536777083744803
-0.608877566641215
-0.455595068615893
-0.553878952353677
-0.500764021755644
-0.624468090184249
-0.520613620098916
-0.551710866103514
-0.492812898472429
-0.671475426887752
-0.495347917683102
-0.542113893967445
-0.546342410835996
-0.528337457570205
-0.657829674950774
-0.593347379118148
-0.583216562082581
-0.543645598187714
-0.718670368043568
-0.505024594672688
-0.485003038124693
-0.577708679264545
-0.388945113516671
-0.551897081478441
-0.64349482990117
-0.479123945461501
-0.542337186638427
-0.465469445471165
-0.587567932506461
-0.507333114539246
-0.430042907982134
-0.43435451841491
-0.625534349445966
-0.389345282567983
-0.59740205065705
-0.486404348149346
-0.565541888230852
-0.385673843011955
-0.551028055043861
-0.336917458525575
-0.388601445927238
-0.422738248623608
-0.525253459906904
-0.5213158791588
-0.377858492172285
-0.462883109549824
-0.442758154100343
-0.48478892654781
-0.428689663168269
-0.465065383584795
-0.620410690352976
-0.360819058727943
-0.482253236788432
-0.406791463475216
-0.525605233582547
-0.429503355653051
-0.303685884490834
-0.439332272004657
-0.49197232415005
-0.579996595517208
-0.470273507733865
-0.422538085885034
-0.465740527741421
-0.323417299433082
-0.396251528223624
-0.518405699585642
-0.445553444301858
-0.379406059218129
-0.339052068746944
-0.276541861437346
-0.292964986944342
-0.429963015001887
-0.378466171017892
-0.349141970701723
-0.30549452041969
-0.299313329270516
-0.444682172629797
-0.38622743409647
-0.423921584242853
-0.326618945818292
-0.445020036878547
-0.519671529550217
-0.350843458794406
-0.191687597420362
-0.437450231197333
-0.359288404031972
-0.343933841156487
-0.365261880744499
-0.462306360153262
-0.365020934153648
-0.456772960368549
-0.435252333324856
-0.513473443861502
-0.329885474120106
-0.432370555721575
-0.328400386753925
-0.434571704364474
-0.408901625706309
-0.414289336944729
-0.421863044785658
-0.378357470400629
-0.521537367775886
-0.335507795209789
-0.351676677383913
-0.381306769380288
-0.344339608457124
-0.521319542740171
-0.384153650426879
-0.241185131475495
-0.339308478116468
-0.381954704634426
-0.286356792631288
-0.348358671092339
-0.475794989670409
-0.324336473579405
-0.316463557310426
-0.295772568670587
-0.239554816008526
-0.415784805791547
-0.383237259725358
-0.31415937579273
-0.368211874850009
-0.307927959273085
-0.238660275636308
-0.325469320326081
-0.335636234790427
-0.446446203039034
-0.243950427688115
-0.180288886961742
-0.258409041853713
-0.30038187912267
-0.331421085383436
-0.221778310815282
-0.262099529982775
-0.447667899379332
-0.207190810554927
-0.266708947269831
-0.435299317176705
-0.31176981477106
-0.328400695899678
-0.228789365382497
-0.259344618628846
-0.258505513080739
-0.279625348654239
-0.42326088720792
-0.247576648616707
-0.186884955034005
-0.326861906005405
-0.289053789132795
-0.374392629463416
-0.251839650529601
-0.347398854213805
-0.391459189118127
-0.289721615317404
-0.109997165713471
-0.292667004853171
-0.197786618943339
-0.289126004456088
-0.205601659203279
-0.282146047546125
-0.269901472501519
-0.234110721563787
-0.1751401498606
-0.162923106577082
-0.275602947952485
-0.410194202942098
-0.161861989663989
-0.248663466467056
-0.253443520011694
-0.185698495344243
-0.352732195272304
-0.170678068534149
-0.0990739828851931
-0.364648270917376
-0.242726194318838
-0.243864251565296
-0.115649141150861
-0.215865234058327
-0.303116294192195
-0.247336411089651
-0.414786863961057
-0.138391929001548
-0.248175961664115
-0.160489703928912
-0.197286075306979
-0.301147992634726
-0.162498886690136
-0.285548567139026
-0.265438981493638
-0.159442559152661
-0.121672707958028
-0.252341179576261
-0.125633109867647
-0.182465268621121
-0.0826907487187963
-0.165621481691446
-0.143097491881561
-0.292400242815348
-0.194017553787366
-0.251736393220098
-0.24719892081764
-0.0812989459740593
-0.170291041466733
-0.0910525454587173
-0.101564670968444
-0.212387451633294
-0.0416768002448065
-0.193401341932874
-0.196660270593774
-0.0774641173027445
-0.169792490460607
-0.0516955612011823
0.0410924061579376
-0.0921371817811479
-0.154494116397037
-0.0945052796810446
-0.171406832373988
-0.0698353320727099
-0.107194265834893
-0.156861697621467
-0.119624443909478
-0.120425604135698
-0.0686136061709507
-0.16905016497608
-0.292469964161909
-0.191913617411535
-0.112085064026501
-0.0715224458799709
-0.0369699759691484
-0.266553004297659
-0.0399487639817619
-0.0835893392834244
0.0221155441167149
-0.230232784233899
-0.229712881369492
-0.0470597501592061
-0.0976862804094508
-0.0803422327492769
-0.129564192745298
-0.101233699814598
-0.154702904763422
-0.0219432274380273
-0.20158518307253
-0.128558326062533
-0.0911762782228204
0.0662151545605356
0.00927137514036257
-0.157433471448831
-0.118269046495279
-0.161080572521115
-0.11074057124954
-0.268274802751999
-0.0732698282233604
-0.00400810648725518
0.0405238113617473
-0.0538795063299957
0.0397853453694993
-0.169637554974722
-0.00129387827164278
-0.01845480166783
-0.179870344542072
-0.186725343656914
-0.187866207776389
-0.027692014366797
-0.159341349010911
-0.049142719032156
0.0527513588406259
0.0130326471665896
-0.0710954754679691
-0.164133567020753
-0.0320851138390415
0.023060900740494
-0.150763871363822
-0.0669532407685665
-0.113530031805714
-0.126394188197216
-0.0150374681161973
-0.0662379104505291
-0.0961388755132613
-0.0560192064273745
0.0323580559929808
-0.0561657988716139
-0.00959235666843246
0.122984919254133
0.0544922581168397
0.0982561238429197
0.0583967954555725
0.267320424130091
-0.0786212761262595
-0.0158746422049119
0.0487102808697221
0.0049350591664724
0.0250734779108087
-0.0194799400585372
-0.0422708868728642
0.131065377049061
-0.0369665217860716
0.0552444593904827
-0.00602945878686799
0.0792213075321772
0.0283093739219416
-0.0330963555682052
-0.0616557838182083
0.115270323089938
0.00966131734165749
0.0166925232767542
-0.0388315874300653
0.0920655276769476
-0.0146391241234335
0.0393747800529575
0.0532488989096665
0.0196874543371061
-0.0614012685562072
0.042496152877091
-0.0413164390157218
-0.0723587165779266
0.0834704678883227
0.0221887024062334
0.318368540603434
-0.00920135347786476
-0.0124609681900233
0.0902065190270245
0.00182558501423441
0.0201999978141783
0.155599692653996
0.107084415922946
-0.0279650858081151
0.183665563150803
-0.010229752448792
0.0299370072000011
-0.00798079129548316
-0.024421801095098
-0.0927624259825326
0.0377724700593638
0.0172525338192271
0.142155551372418
0.01076531902291
0.00863475901337332
0.0286219098338017
0.113078381566266
-0.030469458139688
0.0643083707287841
0.100887295544007
0.113185802534196
0.142671720474919
0.0977791628348935
0.0365232710304988
0.122069243739642
0.134700223955679
0.0587286890307577
0.280986353220494
0.147368155061924
0.109627143491394
0.199358934377032
0.189464362647324
0.23486615964086
0.156787624853642
0.243298035467218
0.255123371132974
0.158317121196047
0.220043463169638
0.1186912748033
0.0883159822688763
0.0609077257091092
0.23190077435219
0.148224745866646
0.044690783925173
0.185389997462915
0.0518134931203135
0.103113266600183
0.194162698542537
0.198229832304548
0.144288183032836
0.0907767507822407
0.0761830447139575
0.141718463006633
0.174351012546246
0.209195366326277
0.0492675728666118
0.0791018298355678
0.237931768567245
0.335576015436859
0.226605695069133
0.184766855476943
0.222930300307314
-0.0183161564945329
0.252859594181211
0.201576481870093
0.34171107662036
0.222560643946411
0.32218189142657
0.167686004365687
0.333449417293221
0.225945293341396
0.078604725178523
0.234232339756176
0.283350521153066
0.138935762919315
0.193242047072591
0.149277324681096
0.280013429868286
0.206686138655618
0.400760859051872
0.394284729157859
0.0840307405528058
0.371905553215368
0.262712829630575
0.150987054892344
0.30168911469551
0.369243624350823
0.110998351022836
0.224457730801305
0.178016921909894
0.19270861967384
0.133340420188049
0.263402911584308
0.341067947731797
0.3009737098043
0.300411228334948
0.276161777186639
0.187956809452281
0.268027038980802
0.18775518765228
0.222138654792464
0.147799862015975
0.438667145838167
0.304105862347649
0.19045295597591
0.310255907595663
0.331343256370831
0.238937401770744
0.254011000169233
0.37855262703635
0.14420246365905
0.198237633692688
0.420506738979029
0.320621110640966
0.490763205231715
0.31748387150411
0.389772748901729
0.354951946758747
0.259956925591552
0.287125528753295
0.29145733875842
0.366033808930007
0.473055584629598
0.291749600472775
0.36100865747236
0.334587392015316
0.373196677665268
0.418414722403121
0.321472629518612
0.171313121252642
0.418993098341372
0.361476730576223
0.140806952825207
0.543614866136941
0.390844113258037
0.349712691964854
0.350765032208862
0.345549923160941
0.483803345185291
0.417414489328558
0.515512230489764
0.361184678913498
0.390643085053879
0.431753922530953
0.418623666679844
0.459129151574329
0.382004173158535
0.482332709462796
0.447977931153532
0.422418500960187
0.37137318508191
0.27271554690623
0.397529147602005
0.328588322751375
0.410834054810995
0.322823054905638
0.444312008607795
0.278734441795942
0.40553584514432
0.474112926020063
0.433984072466265
0.414577149569177
0.413473281957621
0.271768902340676
0.361967865612621
0.302426659631694
0.474186159277881
0.475550192980894
0.470948953255394
0.430173471073946
0.561886757077568
0.467191672954078
0.424261589257633
0.509305437027845
0.54887796801164
0.512340419441842
0.399312066791475
0.475803835630658
0.336103760700899
0.356381879096512
0.433758941456329
0.466472691470937
0.536337744594126
0.407633205545239
0.433078212991154
0.441314910371933
0.401171273467945
0.468472582172092
0.402348282012377
0.450997366141941
0.559694809132041
0.579188750943089
0.485460900211188
0.418340711874484
0.449399580423229
0.502411363012665
0.377524187739521
0.499614183931817
0.334242338882989
0.52265111032786
0.524688084482531
0.488079755205823
0.374386843561836
0.568317411675609
0.394931657101289
0.644569820354231
0.703176885929979
0.726115567287284
0.394112144699108
0.394280650585478
0.564146198406299
0.438230952391712
0.426736802041107
0.542308117555624
0.372502361557088
0.39477281040058
0.49121976474606
0.453008045705033
0.477523943081106
0.356330836729657
0.499673638795766
0.572601596181632
0.498936610147576
0.376347672088924
0.525591080978874
0.568347166184561
0.417741518218487
0.423529298736907
0.399112488817159
0.575637851558787
0.468693851953285
0.553638545577727
0.574389435502335
0.552546548549552
0.406387714929511
0.421209258619435
0.668903542324275
0.560485674659969
0.606102512657126
0.525453810595417
0.466875570278328
0.728193738485054
0.569795483181502
0.625789069784443
0.382795321471558
0.709333184473573
0.520250815296409
0.626360295275881
0.604332168193943
0.592118035018719
0.504612295351288
0.530004200505827
0.452751210660507
0.627183431459962
0.701243076858837
0.647702083100785
0.534257694939683
0.532752800718122
0.406029767453211
0.573540593049876
0.525565072265334
0.663563849317884
0.594661262203699
0.649838030333934
0.675557330754874
0.639344702416042
0.479960248047035
0.729450015661958
0.747054010517657
0.605605638357562
0.459178303109556
0.720840443959812
0.686005274132779
0.538592809024953
0.718620243375133
0.573706754311454
0.44363032021984
0.552838205416983
0.510611534552164
0.572426392678544
0.632116641974791
0.70121641640746
0.521736733835908
0.678228357177192
0.45904395741956
0.666688484328294
0.689553984209822
0.583684239579419
0.667782058508464
0.584464469656824
0.818029766950665
0.745222556501592
0.719219450392373
0.655476620135865
0.681000257903432
0.57532366808443
0.690155397139106
0.632497580283184
0.388753392878031
0.702202418376895
0.624931151320747
0.637800469280393
0.548491850824893
0.599323495677573
0.72848165111192
0.771642100766682
0.522169211766426
0.686765560508941
0.685429018934533
0.743427697246694
0.62004952885752
0.680303469776535
0.56411025377292
0.794417676507453
0.844435161157568
0.884323647351266
0.714270311912929
0.826835182174629
0.638216615373997
0.836761997361348
0.686051243659892
0.704336413157764
0.774030686373279
0.716938144577241
0.668036026026728
0.758584506560619
0.732855600766911
0.71400160922277
0.659118061919456
0.664838836905104
0.754314921668679
0.868373947622166
0.804407407645398
0.974836124913517
0.879202154108091
0.769424392940302
0.802970633376917
0.833754076685951
0.760526285476129
0.887419455344447
0.841786083792499
0.709232360853843
0.643125245547464
0.867169258614599
0.883637547312304
0.71433287229653
0.767978388762632
0.762302385708709
0.815590009556529
0.850745446739488
0.589079307650698
0.581660354280603
0.786007173974141
0.732923270588598
0.824802995379931
0.729850771871578
0.708136095371132
0.810679349614405
0.743167321991874
0.67397543951937
0.8401001371913
0.770693832116772
0.712966994602436
0.828151204842096
0.760506979529495
0.758990528964991
0.81921883718044
0.886795721056109
0.848432471430554
0.841127895462365
0.806589264504309
0.744392168836801
0.957225477461004
0.847985669367144
0.835261518849511
0.866104882038142
0.688622842524904
0.810017137389475
0.88946712243373
0.839221336361377
0.832318079647304
0.762962555353264
0.817686074822062
0.776485502378325
0.787026938219222
0.864784305940464
0.711971332700868
0.809466023198855
0.81322381911729
0.764072799607696
0.90620926907124
0.7709616285013
0.836829901914667
0.956471045730101
0.939925257962952
0.901858550481239
0.835997460474772
0.914525828511562
0.878179542854858
0.870802668156317
0.800536071573396
0.819039072056699
1.02185331782824
0.930082958500011
0.790311519487833
0.855931355340813
0.92008219580241
0.988089864068336
0.923345377331452
0.930284063804653
0.815720670990613
0.909577202861799
0.983248246361429
0.864031145486016
0.883471087707763
0.93426781506027
0.938641108246483
0.839020048756468
0.966103542089751
0.890570955381841
0.807491155164967
1.02473810362725
0.921308562753517
0.869099877383959
0.9610952258509
0.84909791058546
0.926209555684941
0.839872006604605
0.955591059647616
0.990283861428224
0.983551778812787
0.965067872610361
1.03853049189265
0.915825512234906
0.962201215246644
0.786959263987753
0.986356311653518
0.987323562733667
0.942775712063491
1.00708583455521
0.971829746375992
0.907667644534137
0.978832316026238
0.957349416572959
0.941745534446696
0.936200178732459
0.978340569000171
0.957690548576287
0.923224711238522
0.971128768173127
1.01209845518949
1.09661097584474
1.08442463507115
0.864365344062626
1.07734731866524
1.08193466961475
0.997897934431598
1.10370073372801
0.964722121714019
0.979465355629675
1.00139532597339
0.75421492051969
