-1.11886863021805
-1.09795690746162
-1.02773695907073
-1.07031908351136
-0.972107664778136
-1.18668198532899
-1.06897888711959
-0.925730577626195
-1.02196392445208
-0.845012477236647
-0.911886712016572
-1.07349863807685
-0.999718273588631
-1.11150428697074
-0.942007349323077
-1.05294100163165
-1.01147773953886
-0.841914441070126
-0.927244081094061
-0.875677798387697
-0.921929907900271
-0.861925330607114
-1.00378075504027
-1.01126176833382
-0.983809354461587
-1.03517700134991
-0.880935345091034
-0.888509127319155
-0.827030801142665
-0.890273900864074
-0.840348860069883
-1.01543729624067
-1.00445062844729
-0.823176803648562
-0.914755273182565
-0.952641875011434
-0.929582188483847
-0.987562917349804
-0.840535865650675
-0.953208773006822
-0.96414503768939
-0.907442466400851
-0.933002611697529
-1.09348103741203
-0.723925679742824
-1.00003078861125
-0.90883009150385
-0.893117648489728
-0.9047083182887
-1.02447420573221
-0.737065091499162
-0.920226600287853
-0.887967815648194
-0.915089570493497
-0.864738456563167
-0.833118529619683
-0.92000024308814
-0.739576364332643
-1.01270683649795
-0.829478519061014
-0.930919849136098
-0.802553595735415
-0.8534907143348
-0.86329997129024
-0.751426076721182
-0.855178452257226
-0.930476191245404
-0.811895118715648
-0.801555686064191
-0.780393374955399
-0.833097171017999
-0.809131903298631
-0.909044794670583
-0.827556255020467
-0.865815418507211
-0.84358415166046
-0.880648931203864
-0.746524649566519
-0.880654171044105
-0.856441439940208
-0.957875028711915
-0.918134550208068
-0.862719845872644
-0.876203153586262
-0.691266372090591
-0.946905829355909
-0.811462345734943
-0.853312813544549
-0.925998121037456
-0.811895264312506
-0.83753278483946
-0.898774418520528
-0.940050393375126
-0.661623127589137
-0.807296147271435
-0.875191059451178
-0.740429914109256
-0.852044765077099
-0.877652063383417
-0.798638912947797
-0.92759927948081
-0.81050174965705
-0.73828591613293
-0.903610321026967
-0.732331995676625
-0.855745589823723
-0.864525059367936
-0.80864792924182
-0.749032517833545
-0.780646843558057
-0.726231841341851
-0.74677220481512
-0.661226160348617
-0.814590704960188
-0.729720610886966
-0.782752582057082
-0.807089625928049
-0.693244107000976
-0.67552931106117
-0.774578221219299
-0.70061581410858
-0.916709387775248
-0.66401499112508
-0.707638480139659
-0.691835742727334
-0.861400161477242
-0.759781762056604
-0.724856331879647
-0.826148215918443
-0.773258567370512
-0.661681084481033
-0.81903391279742
-0.719185738555652
-0.620403841308411
-0.712052457225295
-0.719727963778876
-0.772534537884758
-0.842312043571743
-0.742656531809481
-0.823640946452915
-0.836914427148451
-0.626702788180357
-0.642254932675282
-0.743778138745137
-0.628051969750356
-0.686462669280299
-0.534189967109724
-0.417403360651966
-0.669248132040429
-0.688023413579219
-0.630434068445562
-0.660150728818371
-0.748761668342634
-0.509633290902647
-0.578321601548275
-0.545512903043051
-0.670145829137823
-0.451561341491785
-0.750125064959302
-0.752204487845412
-0.59103761832254
-0.591490389052717
-0.583027672711421
-0.625921056265666
-0.691671378032128
-0.689440723882415
-0.740170293194797
-0.691118648302003
-0.621984240059367
-0.624306600023283
-0.563959182336352
-0.652733814838731
-0.635844272779863
-0.614897694482861
-0.636295939471567
-0.695341823846147
-0.668868071490203
-0.661879345531735
-0.533286130237072
-0.699448336981133
-0.641343684737292
-0.520168558655543
-0.663133341659512
-0.662420050529335
-0.517371099044977
-0.483945506853443
-0.702084451435409
-0.686875370120824
-0.604736003110449
-0.658378024438725
-0.654134192892257
-0.534996777401475
-0.64192328225806
-0.715688325420171
-0.629262175685601
-0.669807799874934
-0.615869049274155
-0.795300195805973
-0.558762385054225
-0.586880756256505
-0.505243163936994
-0.645514791735525
-0.47594545588815
-0.58401847386571
-0.681510928147175
-0.564477427156572
-0.618215870912908
-0.550660884533181
-0.610138212567384
-0.498748282075522
-0.532429426155148
-0.577103070014616
-0.619255686468686
-0.379356582002017
-0.427709486457503
-0.646927460736131
-0.653557108423644
-0.684580510201035
-0.536926827791628
-0.504319687893944
-0.587782067992615
-0.441018127114095
-0.456519567113381
-0.67742720420721
-0.452152060197937
-0.712780225310849
-0.408215760512123
-0.59057732060988
-0.618980535606244
-0.499482315971737
-0.452176307090785
-0.574356555081102
-0.553391290937679
-0.684291815464503
-0.653958485895589
-0.592096391322879
-0.478646611195867
-0.467210546589738
-0.56057400702765
-0.335808835653045
-0.453068167708892
-0.596941467937452
-0.441204516037828
-0.455640453921918
-0.525515466954061
-0.544649195893186
-0.482027098363761
-0.493277027356338
-0.378816963257204
-0.525851583914962
-0.407906337187374
-0.450073640361176
-0.486670484026526
-0.60504438638137
-0.644359230100271
-0.510694527981645
-0.534517497318719
-0.451544761329972
-0.44490279190661
-0.519619539488434
-0.463599594750289
-0.547056031758522
-0.47194272419704
-0.508099294019963
-0.436068465255171
-0.339837199304956
-0.543180786530171
-0.425320800945927
-0.584879859447977
-0.612759354030272
-0.30573188131631
-0.469096022435207
-0.482753178269776
-0.414813547869806
-0.398684686901543
-0.455564540436205
-0.504478519480559
-0.398942968135247
-0.488683330157929
-0.41433922547635
-0.524645278945842
-0.386382124386667
-0.307280526169251
-0.506917374544997
-0.359379158595082
-0.474774257975728
-0.408672780207365
-0.399889460738153
-0.485806175279726
-0.351360225600996
-0.440047778706169
-0.359767142786255
-0.451082325509175
-0.383669884636629
-0.542723472718558
-0.594487850533703
-0.523888324210847
-0.40097601275853
-0.318489123431009
-0.442244809879149
-0.439406347041215
-0.47596113719172
-0.345062382363149
-0.361016332853446
-0.396973266579142
-0.343796693274824
-0.459289102505785
-0.433739953294318
-0.33186388485796
-0.326939064177988
-0.362829475382913
-0.444321863935863
-0.467342560257803
-0.37904516528611
-0.327108982965602
-0.384321823609314
-0.221687061201913
-0.346082209147678
-0.241290493213667
-0.328260380293494
-0.328999158019622
-0.297354434827246
-0.3864672126056
-0.168542939501807
-0.309903307369425
-0.370886000836742
-0.321964626416896
-0.253789832498569
-0.235877917094974
-0.331631585259142
-0.260549396945492
-0.335399690014863
-0.275871544590537
-0.337970658341813
-0.338947297205356
-0.471340762573133
-0.325469079418542
-0.201972156614
-0.425210666286635
-0.444985131010163
-0.218094348701662
-0.409264280981831
-0.270589249881892
-0.300205898983756
-0.329668324034535
-0.348170996305788
-0.212868632523581
-0.282673716249674
-0.271907127104823
-0.397695841991921
-0.234755806445908
-0.275303532855944
-0.367954613080919
-0.40009009402727
-0.453289188789313
-0.149672256404598
-0.273799901727553
-0.306483689259498
-0.178361014736432
-0.268356732689165
-0.153453765852946
-0.28398961428126
-0.164923239333886
-0.324838660610859
-0.361311209782599
-0.284103808375117
-0.306474256304391
-0.0816383825291344
-0.242088230103828
-0.219559189121636
-0.280979847752897
-0.29395260470083
-0.294443368004151
-0.0955089892278728
-0.317555466691605
-0.144794022525139
-0.488875554719332
-0.229758040345791
-0.0974093692598558
-0.0973535606838901
-0.399408738655361
-0.27925462277442
-0.0201186830963521
-0.332337637637509
-0.207597701050797
-0.254326568458801
-0.0690632383416198
-0.24680283543084
-0.247181288362938
-0.18977592653034
-0.185217512925505
-0.157291222444516
-0.0680839973948929
-0.279498057852931
-0.251219021851974
-0.235949029324591
-0.160660870024075
-0.196922936334914
-0.159258828090941
-0.211998765118983
-0.156294795359204
-0.143334428739365
-0.132634526586647
-0.218189048865485
-0.149373112454783
-0.091746021087218
-0.21925573789057
-0.296100301496395
-0.155861321735834
-0.0246578394632369
-0.265428272213423
-0.32857148710366
-0.210297476462707
-0.0793914146164988
-0.161675969098628
-0.203042903318492
-0.124746768989843
-0.129522953338051
-0.204475362361355
-0.0766646820001269
-0.230908930744287
-0.0432666216130202
-0.261737792472437
-0.100283262993189
-0.32278896911253
-0.182023443748152
-0.11818993838133
-0.203599907296878
-0.00192217210585201
-0.135172129332086
-0.156743558393622
-0.386105618942188
-0.112914953616735
-0.032444455029658
-0.195855349093705
-0.0289036237717886
-0.243176809299043
-0.0748304812902711
-0.110582305481808
-0.256869695767396
0.0451269259864342
0.0270557485144905
-0.170165816882412
-0.0769228816565273
-0.277816818542139
-0.0561501083852607
-0.107317398867114
-0.158703535868349
-0.240769409528169
-0.100775594125807
-0.120036457852461
-0.103027863126664
0.055976526852105
-0.0200594476740611
-0.0821739831114344
-0.0909625117956463
-0.0450908113098518
-0.0390431851897528
-0.0774869000402924
-0.0824406761024112
-0.150021400680661
-0.0523057192508649
-0.122016914567566
-0.0504140589662936
-0.0933732668542066
0.0397093666546828
0.00356754019235629
0.0570664009859202
-0.0985699250519389
0.113762053271889
-0.0574018889033762
-0.151917856995109
-0.025602545099943
-0.0118916016453684
-0.139681968846366
0.0166465273156246
-0.0401935596991215
-0.0149676537456208
-0.00301766927753391
0.0164249850951399
-0.0140272541914149
-0.14942309219556
-0.112914887258076
-0.0504426741066795
-0.0360199013870032
0.0142873296713169
-0.0836766608450398
-0.065686895439247
-0.108095691161291
-0.0515275905431469
-0.0432728233082315
-0.139700535221112
-0.00305688719705213
0.00642122761231105
-0.0364407199916571
0.00455147786686877
-0.0510209724941105
0.00848492265211085
-0.079445928398945
0.038688324731684
0.0174647957292786
0.00444304166554331
-0.0028427456249799
-0.0374645968632567
0.0282324544813182
-0.0354069912135209
-0.107966344064138
0.218254693842649
0.0378824208420893
0.0662944479131925
0.0766276516230054
0.0407619528361515
0.170343290322676
0.0032964450857829
-0.0407284094583939
-0.118339183439499
0.0360163326719933
-0.162607246860674
-0.00166041887107261
0.0972038581493845
0.00745633958121567
-0.0461291938439687
0.0169570034047657
0.0817235441428575
0.0361101706782561
0.126172548032393
-0.0453394931665032
-0.0418787698453174
0.130307089433954
0.104541154695555
-0.0302459572369941
0.0143471010097149
-2.62504812809909e-05
0.114424496734434
0.0742779756989044
0.101788848381101
0.119639688303376
-0.105242386634789
0.0213787201263608
0.122078703670021
0.0943776076102468
0.0344252135332068
0.0823400587877108
0.138653024284195
0.101486486655425
0.135018249239838
0.124462241047629
0.0997643492470824
0.129659208606871
0.0476131266542982
0.164443878221483
-0.00811344388883183
0.0390862049796897
-0.064426149399824
0.0867449799253786
0.040984652589445
0.123702469631752
0.134284004095797
0.0877630664992876
0.140295873696971
0.0330288036256694
0.158924460123715
-0.0472347320552361
0.161958122709126
0.103542691739599
0.145504997230379
0.0455079833216921
0.124112439086552
0.10114602302247
0.196815953862547
0.232432157157899
0.181662603851348
0.224331040455969
0.103185422760752
0.157263881259243
0.30688716853534
0.0290836543464303
0.122373872662353
0.192230369519692
0.253702228239481
0.277870070759008
-0.00949738891666101
0.10349603722037
0.231472025963076
0.193688481148709
0.208636929556402
0.0460609096274846
0.0501553454422242
0.19416481154807
0.292562542965413
0.0749171133239515
0.225562086489402
0.129996476350356
0.203273023554613
0.0727116234725939
0.125888062779376
0.150932805405488
0.320576885509909
0.358712463215071
0.034761967458342
0.125522005500833
0.301776436864395
0.142130608077442
0.177909559500014
0.192710456582042
0.187917027864431
0.203053926269135
0.119074750728365
0.348552798167032
0.146961513808689
0.19113401833999
0.327459719508277
0.158207915304458
0.359233591308626
0.387960438946247
0.187777602886134
0.207631895867292
0.32931943007524
0.413618092968121
0.202931783745346
0.357319567832422
0.26376141096747
0.086674349288768
0.204924047725046
0.270001370953125
0.105524043025098
0.260552961182027
0.332446091026947
0.392063705053642
0.234165610084393
0.258757775413869
0.179389982301028
0.294604770351733
0.221751060216399
0.194757031549205
0.195585155031911
0.340608723927289
0.239340348257126
0.43208796462845
0.27359519844651
0.349067149082125
0.181937045947747
0.31033575976786
0.311072797152435
0.295875395786465
0.252006873153942
0.20843002683775
0.232144179104959
0.314735151028769
0.319068409520683
0.352534690877809
0.246494959528705
0.25010006086423
0.277866857706764
0.303126161062776
0.407385416567367
0.334120265318178
0.333013963456132
0.40590563342254
0.304899724995082
0.30776554028576
0.279853056873398
0.289551226892854
0.398180213396058
0.339535698827718
0.224012162033087
0.367304217858686
0.486721194494415
0.428155113873135
0.258406697752798
0.31666902173296
0.229098414081922
0.327541625306863
0.324371988622158
0.443044812913156
0.23710472210703
0.366343084693966
0.238313552654202
0.309185765420888
0.226457104623685
0.344730550909227
0.358299307943272
0.387658410112022
0.41513461211052
0.390835497275748
0.403357405238783
0.465775875451223
0.298244986784523
0.447033096552836
0.333054239092584
0.343294264892036
0.487020934420226
0.456572649169889
0.324480422112574
0.407612261051484
0.328190836286604
0.370602417329571
0.415342583123534
0.483919720303588
0.377667523853809
0.359185962551863
0.513987731499998
0.374943141557288
0.403158389864079
0.439150808900298
0.324143034947853
0.334973082880726
0.377752066258477
0.483470014321547
0.460283937902907
0.466597667780361
0.469850988913418
0.47631614732285
0.553001997692184
0.404147185935259
0.385480256027789
0.515779230374305
0.377694557272398
0.54703464869219
0.496170657216463
0.448540533994936
0.585349944809181
0.358283928329684
0.368988765051533
0.247321687829873
0.449452198968535
0.352536958211131
0.411047733501966
0.490404887272065
0.587895158925127
0.456943361949776
0.392929115371332
0.437233637089761
0.530416560848227
0.484317943660344
0.522849370043133
0.506509972627463
0.479091721894322
0.562468636156324
0.637699468439338
0.409189610107652
0.602422119990912
0.4977896938304
0.523210480355736
0.536289652170876
0.457143087143616
0.524540254031154
0.555348928249084
0.52911843685512
0.579727257650621
0.447295098254781
0.502784702191044
0.514563126852872
0.410454664571704
0.521423137110409
0.44004539503861
0.612578682707681
0.569131728176657
0.654033978003991
0.538659028754094
0.567657858975315
0.418066541452215
0.477872022937369
0.334284335452825
0.517419811051668
0.632223651950167
0.538600823946371
0.679284859846623
0.417790847322462
0.449395423759232
0.529005896105784
0.644861076174636
0.419252964789461
0.554462967245364
0.527195608892787
0.478796816841249
0.546020795982329
0.559847935377679
0.589011366389528
0.602814379421865
0.564615461837131
0.613475067202479
0.608518917688231
0.592877681964293
0.526746056692421
0.605183798356853
0.602467560324091
0.470845082584311
0.725111053440757
0.585682209340557
0.493070820521498
0.566959287748133
0.543004672054932
0.539388278806674
0.647396792009227
0.748097283346998
0.515543211684562
0.567815665655759
0.517201824095682
0.529945766131133
0.552858273149459
0.507429734729111
0.659702505776004
0.556984280145001
0.720365509544797
0.562761913019602
0.579565622082751
0.721737060455943
0.508032248458805
0.592276038621487
0.495093579539096
0.491456592532426
0.569805002461585
0.502245209347365
0.637698133828027
0.747693788725185
0.72345929774227
0.690496977829406
0.656755529004856
0.602135571747783
0.605577728258194
0.728799303405259
0.53306565694456
0.584158311608031
0.681938210700788
0.590033414648839
0.594177381266754
0.579855872107835
0.720468103475251
0.832587024867324
0.66716179523522
0.66430990049743
0.693763017700011
0.741201118099523
0.591561352640526
0.710808519129818
0.571325761061454
0.701037678494815
0.588402067247911
0.664017639039119
0.643205553721112
0.666475190508428
0.851600712163056
0.520677862136064
0.693950056616882
0.709377058232178
0.79435912837327
0.830025802752449
0.618461053202096
0.705481870881685
0.685922262032014
0.838991245742171
0.7147117957998
0.821975828718377
0.750692298850764
0.704966631231057
0.679428302736502
0.834602661718102
0.725631892053852
0.835604334561052
0.708795086345263
0.721882032185992
0.581669665261179
0.648131263343932
0.772382636484668
0.801087778026655
0.730345180440034
0.809199401633223
0.684358839311289
0.721466916796681
0.783500301881376
0.648907114125507
0.737440875367497
0.641047103274724
0.787624813422253
0.755447098908281
0.661778680063168
0.684186382041752
0.6915610047372
0.659637411265639
0.703383217999207
0.656332528453808
0.639453208722544
0.792651325095291
0.737561756382053
0.767692170612213
0.766788944577349
0.666025037601251
0.631662387672522
0.715321351630538
0.878641852769434
0.853046143705126
0.752885079607
0.755435957087466
1.00889438212865
0.816468140920666
0.730174536754295
0.672020175779453
0.738038323007168
0.873327981400034
0.822419109182298
0.770043908399728
0.872073029888561
0.769035887117884
0.714975960424348
0.738683609125151
0.807899248072139
0.659891207546171
0.878717845866356
0.608570196066485
0.842913443158694
0.770407751334152
0.948297829055563
0.959184923592359
0.942214360156275
0.887598482427343
0.781808815419445
0.873729544456414
0.73342574369784
0.837737803120003
0.752645298670499
0.817184206451977
0.878150828193438
0.820462595649266
0.686550980214457
0.960254555733343
0.862009471611021
0.874758820491636
0.834994969904269
0.892329766905472
0.862810088356787
0.900388899834825
0.934170129191176
0.798437797905251
0.904114574522921
0.926884507560822
0.883256907099699
0.858107682180939
0.965603399251575
0.960685063862456
0.789790990940489
0.905523655100873
0.84967768126161
0.89633174666133
1.03221364934222
0.84088088433933
0.83198883759143
1.03237399098695
0.925503312538578
0.919222119750626
0.952965170172394
0.952151975874577
0.9587458902269
0.850642736188532
1.03648819086716
0.881298133454981
0.869079628587767
1.01779033746685
0.890944479979855
0.966758570812147
0.902357279112668
0.777933817664717
1.01968665665742
0.893270438349629
1.2863938246826
0.88873863924817
1.02233094236921
1.03887276281474
1.02509992245695
0.892926606882928
0.961274608264223
0.854538104007839
0.87932926534025
0.823036208809429
1.04828985179788
1.1803324924821
0.992373592701813
0.976806564833885
1.0193250134049
0.940970177274662
0.887563299741153
0.985528107782039
1.04859512610111
0.999453920675311
1.01379758433599
0.985748942467507
0.935584024657555
1.07353886401236
0.878373262984779
0.997030972322935
0.919499780490507
0.887027769118058
1.02020880783324
0.778808354360708
0.879011215490631
1.02874455307434
0.985471308759191
1.11952746842463
0.948684875636242
0.939443611402651
