-1.03114428143734
-0.773525026288257
-0.989780322630202
-0.848674453794085
-0.984385340006693
-0.913959084068926
-0.873364719358763
-0.936932033655841
-1.00224927169155
-0.935043300358154
-0.814746872866632
-0.893805166914222
-1.06474176649291
-0.9697480090017
-0.936365103093126
-0.978407513355891
-0.871092532888229
-1.04305760096165
-0.869574408915387
-0.919351708790027
-0.888435638951867
-1.05624364677267
-0.859093578504906
-0.816469515220101
-0.92276526561409
-0.964031587766286
-0.876863684138995
-0.986847303382413
-0.739094797172853
-0.945347727525021
-0.86461600751624
-1.04791781895131
-1.00142959055034
-0.82245652010544
-1.0661063973152
-0.892239040759053
-1.00283469944187
-0.827810294587192
-0.913108494502564
-0.959988399499129
-0.800510955314695
-0.903658278398106
-0.947105874959724
-1.05133552835885
-0.948618523981068
-1.02569707550135
-0.857230378345101
-0.931373523663964
-0.900745617055474
-0.905983438721383
-0.963140297984178
-0.813602070790631
-0.922593743069124
-0.692769978521056
-0.958460595476351
-0.743939588607177
-1.0645728556863
-0.90201654295863
-1.04438512132942
-0.874165768512087
-0.897558995868016
-0.814218200471525
-0.840891728535416
-0.868036447002308
-0.800069187620756
-0.982044916976484
-0.831148884938408
-0.884000561581114
-0.776343001086219
-0.760465135493399
-0.894772162167809
-0.814116991564195
-0.765079354800805
-0.867062991596357
-0.910138060376048
-0.871119916786513
-0.884459586095113
-0.796443425911271
-0.835816243940176
-0.972659348102674
-0.70035883002138
-0.811902193184977
-0.907111164789162
-0.905892138549706
-0.940804864762085
-0.779830515438571
-0.817876549849683
-1.00382668452255
-0.950437772735913
-0.760303887989625
-0.896500868596383
-0.81840920153773
-0.939020014606059
-0.743539571355761
-0.842504930061114
-0.960292644645781
-0.815712589394562
-0.770693493716825
-0.855363544273227
-0.741031675579956
-0.825385199829158
-0.799876138692044
-0.684143529012342
-0.804063545785274
-0.864984036797553
-0.859115623066754
-0.84885097670237
-0.794553134684072
-0.719415061623742
-0.797832172252294
-0.713009199607776
-0.761287840683734
-0.817394932350173
-0.760706995715008
-0.841010857256755
-0.702474188845925
-0.672620622600436
-0.750609994017278
-0.839308938096905
-0.774533714531524
-0.892312931032829
-0.693940275798935
-0.754561588533642
-0.760549870741432
-0.818611550436636
-0.714584225363225
-0.715323839451282
-0.713823316261143
-0.71253372891833
-0.562575999459843
-0.811954727733832
-0.905880415330367
-0.675847921231709
-0.788035949473046
-0.616092710753427
-0.709808818928984
-0.710622815208311
-0.496164321447015
-0.661912320021271
-0.636953474787753
-0.734300176050848
-0.679960257015777
-0.53013985151999
-0.683402695963191
-0.744015497650254
-0.698067879039793
-0.716893765794208
-0.575741482159855
-0.721278759743299
-0.660705297295294
-0.724026075417828
-0.891066513730348
-0.766521105547387
-0.640683198660131
-0.625903088841458
-0.671839607927158
-0.633142811894288
-0.626006281103652
-0.784743122041324
-0.660169199396441
-0.612627061237807
-0.570342923057847
-0.718948492930478
-0.648783149322546
-0.585886598898585
-0.597869882412783
-0.659300583525912
-0.459686240744043
-0.582939747342441
-0.583557673139968
-0.565970377964066
-0.578279086815904
-0.679806890361462
-0.552638723044309
-0.736073798584703
-0.639801465528541
-0.733236987380291
-0.52583831089352
-0.541239531567234
-0.705227762473166
-0.57265577495152
-0.548521722126523
-0.679057472844274
-0.510831604404715
-0.523010320122716
-0.819206956244243
-0.667661880763186
-0.522008264032401
-0.629453985793567
-0.517272955753142
-0.630658935112884
-0.607023114337143
-0.616965563109431
-0.76917045440261
-0.676992227038321
-0.706998608092611
-0.553817446497925
-0.75333956262734
-0.666910324193393
-0.633050008228709
-0.736608290784171
-0.707360523197493
-0.545115206944792
-0.521750392774196
-0.708107695768006
-0.613799981993243
-0.592503723190412
-0.606044063876822
-0.538267970490898
-0.629777900335355
-0.603387130610191
-0.5216633056526
-0.46763327615786
-0.487795299566313
-0.547367508316858
-0.537995503737839
-0.617248423206453
-0.449411332849313
-0.521119143545921
-0.524102332271422
-0.605876250852646
-0.539393098217645
-0.585050231812475
-0.502553285278892
-0.694830739095911
-0.496929376258528
-0.518312516845481
-0.518588710977609
-0.519455856954709
-0.642717100362749
-0.586425068638954
-0.566680973119045
-0.533836318815893
-0.719940082870064
-0.514442427137002
-0.502392809737728
-0.566756899440019
-0.377260856438156
-0.565271746227433
-0.654800736761636
-0.468440827211392
-0.559154928592594
-0.468790900914683
-0.612951677797458
-0.484831983881649
-0.442238774795459
-0.420311531739756
-0.631532403767088
-0.410106928697918
-0.593239370784496
-0.492935286475309
-0.561556941510465
-0.372400975096476
-0.540408643756595
-0.349586857560567
-0.383903183258173
-0.433920099813781
-0.520003213201832
-0.510500138888909
-0.388118168023862
-0.459533690006577
-0.427179677152507
-0.484835035858566
-0.439979749643394
-0.466696481745639
-0.592441622941276
-0.34272631456884
-0.495175017412403
-0.369566384481711
-0.534381035793345
-0.479908049056028
-0.345796165588846
-0.448999772287462
-0.482867566407861
-0.589392864000902
-0.464365245556431
-0.417297790877424
-0.443866868851974
-0.328865000588394
-0.395790592049969
-0.526644077475929
-0.434243138573454
-0.377670681683651
-0.343392639019764
-0.26300007518878
-0.274386374012281
-0.422708230297536
-0.37203267792087
-0.353915899942268
-0.346864963253889
-0.325805560874056
-0.439774834051873
-0.423868637636722
-0.407981855914908
-0.340123820756482
-0.455123580592878
-0.534368479359521
-0.342324364159462
-0.20065045195482
-0.435432548226835
-0.349472218670043
-0.36877337333694
-0.372696095669475
-0.473467628530977
-0.372626014098767
-0.458926009563745
-0.441284967479546
-0.512651270419699
-0.346496480769865
-0.416450920562815
-0.34101252658486
-0.429567510911565
-0.426743137927312
-0.411979662229641
-0.413944117723028
-0.365532238421619
-0.505540770578812
-0.33841075846198
-0.338207495849168
-0.364151187843855
-0.369492345689093
-0.505405108564353
-0.379375366217286
-0.233860717653967
-0.355159460104728
-0.359672081865679
-0.27978231757134
-0.381393182137202
-0.475333421352667
-0.312989616050252
-0.328087318724259
-0.301139385520131
-0.228301851580408
-0.406110105901687
-0.364777401619307
-0.323673008705055
-0.383590888897413
-0.300705645734673
-0.271126814853745
-0.329023992777742
-0.321954702355732
-0.463529485711581
-0.213380082587128
-0.188558656646949
-0.265091346607701
-0.282380335540603
-0.333033422393368
-0.221864355009436
-0.268568493603398
-0.437110320638892
-0.206760044939477
-0.295171371270335
-0.421680093573722
-0.303478855554145
-0.310309618527557
-0.229480084740249
-0.275680939620926
-0.279082318705303
-0.272642414577941
-0.420974883747461
-0.25220942737083
-0.183666335922644
-0.332861634585399
-0.305290076195526
-0.367403126728218
-0.249014506587494
-0.349180654458071
-0.395542748423905
-0.310075478319174
-0.100917757633889
-0.280218213394546
-0.188399816207314
-0.280160170341719
-0.19690657137987
-0.294608169363627
-0.274713842468608
-0.213171546189905
-0.197877155088976
-0.165817115442041
-0.286141803004286
-0.392179316175003
-0.155367038792802
-0.250369351873393
-0.22643902669606
-0.195904806685041
-0.343646869722845
-0.160126217115726
-0.0947503039466582
-0.39862252610947
-0.250091188522579
-0.22738992887172
-0.151556297982926
-0.235653299762351
-0.278370477006946
-0.261922283036615
-0.410743078021964
-0.153546669603734
-0.25680534085792
-0.157418161541095
-0.20486636366663
-0.277855310995636
-0.160023029699666
-0.276081422879868
-0.273521397479068
-0.164717516280712
-0.110425541695099
-0.254135679685058
-0.109210792074662
-0.187982286421144
-0.0817381226443982
-0.143987264243062
-0.143792089605891
-0.301584244697879
-0.201507662638436
-0.257166262163535
-0.2518638444479
-0.072931230080318
-0.177023387526262
-0.108675069503929
-0.0816145792458497
-0.216322099594009
-0.0492298542025392
-0.191796976353806
-0.211620439214579
-0.0759261868114151
-0.160601179701864
-0.0217578144750972
0.0193428683727679
-0.0872727755276983
-0.148277339289559
-0.125812493629766
-0.181092964598707
-0.0673321466026013
-0.11661257741406
-0.147103772711798
-0.127576411713792
-0.117486444712429
-0.0730372708451703
-0.151416049380337
-0.301153149675926
-0.180175339809708
-0.111168785358856
-0.0791231236322353
-0.0672262488649314
-0.259340431751494
-0.054880206088361
-0.0909456239010593
0.0357751413184192
-0.225127398018755
-0.225423821184836
-0.0585566415374689
-0.081009545125603
-0.0881802580077276
-0.150233660345181
-0.102813578413698
-0.131073370095112
-0.0451465303089306
-0.226770395843333
-0.129682556969531
-0.114329441335177
0.0518559516037905
0.000692246402205091
-0.154717999261418
-0.101614732883249
-0.193732806651386
-0.130939627429428
-0.261390816063431
-0.0762326470075364
-0.0253871154957158
0.0629762287363047
-0.0632583873035493
0.0763281907708763
-0.154794955633685
0.0302466081076909
-0.0310196370159454
-0.177562123593565
-0.177053758261569
-0.205373938061927
-0.0111116607646025
-0.156424429865869
-0.0165237797974433
0.032479042542548
0.0107134752418896
-0.0514954455911169
-0.155835543145691
-0.0385675863914523
0.0217241158699297
-0.152919711514805
-0.073444033267456
-0.107053609207323
-0.114936191070261
-0.00142749134676435
-0.0492931847996135
-0.0735336618720387
-0.0431040256374812
0.0110598550591472
-0.0619912499466293
-0.0247767615786839
0.115292278215709
0.0383049272244857
0.103669027928668
0.0800686934353614
0.308639413297741
-0.0868052082462927
-0.0116047595182649
0.0683873789082296
0.0136051239815865
0.04764247346103
-0.0330179812848653
-0.0358283255068276
0.129608084080193
-0.0443904797192834
0.0596661191871045
0.0044880860697784
0.0627875010926655
0.0305594866033685
-0.0275105335179736
-0.0641843191385856
0.119471942137593
0.029052875271015
-0.00355828187129651
-0.0565892922713169
0.0904596547070577
-0.00964272651948917
0.0353109789133036
0.0593483643748527
0.00740819917250098
-0.0910492606521233
0.0350641167072105
-0.0294869764766093
-0.0424597971706954
0.0859894779696679
0.0233083571895
0.298079671873677
-0.00616877986467508
-0.012792476572765
0.0839824381714047
-0.015573600988818
0.00108116689082782
0.171721797624235
0.119251294709056
-0.0320114202185908
0.19106938529186
0.00812449050174294
0.00640857076990427
-0.00883070346141379
-0.0254537606758025
-0.117794381266826
0.0262772258034584
0.0218178496105387
0.153789967862712
0.0320835494933888
0.0016489749918565
0.00850555950841008
0.123132981610706
-0.0623111462844269
0.0792783984040365
0.0832563450004142
0.122909627575558
0.146349809714039
0.101729892682155
0.0459183039223641
0.131850876268787
0.139502961053436
0.0663668802711458
0.290180914826256
0.149744958124363
0.108368761464937
0.206807060968745
0.178754041349914
0.237291471764504
0.1392700086736
0.25328509860281
0.26018646410906
0.139902522588826
0.213269003538843
0.102427014346377
0.0808615736734205
0.0738925741053781
0.234024359159879
0.144320336725952
0.045336274851747
0.178813715200144
0.0278048594656517
0.0690398774106348
0.175857620833398
0.201868296493679
0.154631080737847
0.0794509275933945
0.0637502837533818
0.114016030813154
0.168915385602963
0.197174424579585
0.0656604544926369
0.0772967209067779
0.240633478904259
0.346213534399158
0.213135723147806
0.185647417278099
0.198036836617073
0.000905643714839409
0.246751256588263
0.198032871605778
0.345764837824295
0.227289085991541
0.321054480478735
0.185464390977566
0.317919862354632
0.233017681051491
0.0746508653576622
0.251920334278921
0.26915863350438
0.137585225449886
0.22016039866434
0.123126946376424
0.254597529993752
0.193633911318252
0.399553737735931
0.376048498388662
0.0695480798857339
0.395677681555563
0.241783126359968
0.151782372931708
0.310234180710013
0.347893754463283
0.119089483000188
0.218921483218431
0.179450718492696
0.177804600832614
0.148020759486036
0.264183681674084
0.364948542803062
0.305737844241216
0.314273504144357
0.264750931599892
0.195191075369287
0.283263627566495
0.166917114072806
0.204581963267672
0.140139783008765
0.423358475453442
0.331091710465369
0.168770925614291
0.285810417120828
0.327134382357756
0.219711447659545
0.262455050536104
0.377514737091061
0.140508164867315
0.194872690923788
0.410593485911082
0.339823412385204
0.525925762138317
0.322893311372123
0.393504779292814
0.373661692161242
0.295733560240214
0.291501280733923
0.295788378025589
0.387197412262064
0.463334246001718
0.287943442546631
0.373189456483756
0.374396696036255
0.356087382003099
0.419818169256458
0.317586205949151
0.194331667092667
0.43382418143031
0.364673520729405
0.163107800278132
0.551554999771451
0.386848433037957
0.348275394802995
0.366621397804518
0.350505355840546
0.493891857290759
0.419712424908681
0.508793723962034
0.384613217174793
0.386621352408928
0.437363027029658
0.419616507769661
0.452479827050084
0.398360644943215
0.498007628481821
0.459007890954154
0.404867021582639
0.355215693290793
0.265612093248979
0.389849775417841
0.326145537933909
0.400996589929145
0.322018326395636
0.446588511397532
0.268073464456717
0.429930805802641
0.452637055869769
0.441352593105784
0.420514204714816
0.403531461752302
0.272634519911704
0.369347609131899
0.311663472967799
0.503006398756676
0.519253498295447
0.482675492200101
0.435387197555635
0.564904563400451
0.459762972625989
0.424942012928991
0.512314986868657
0.536623992640436
0.501688446172088
0.418177353689928
0.494903976718229
0.341011218710789
0.342346688494609
0.4385625322229
0.464432947879381
0.545366586737771
0.400257569868559
0.448300028882468
0.43411053620253
0.425710326857931
0.454080765852148
0.396267262064451
0.434805795518472
0.549849365809636
0.557885899539817
0.510967476972902
0.396171365017037
0.449538159057131
0.516846507271477
0.36878422942689
0.484962091463548
0.331286302857313
0.570385485034651
0.544980494291693
0.481152101038028
0.39605589501595
0.576531627368364
0.425101516713544
0.672929399031112
0.7039131433293
0.716572614146513
0.389136311859247
0.381388488139606
0.565744694404322
0.461899618235187
0.415226802766945
0.556310176610973
0.364606368837732
0.392731750261453
0.494313507888927
0.436675194274392
0.50542836153441
0.369541995898597
0.496409045270431
0.587614436098818
0.507753129115689
0.384646435044602
0.535700413779715
0.573898871250684
0.426155257838809
0.411517937174876
0.405695950745099
0.557196276306782
0.469120272691236
0.571734725244148
0.570576101510323
0.56497847913045
0.41092261230574
0.408878579204728
0.678368975145028
0.58229909465495
0.618674270140598
0.547337128331053
0.473646767900892
0.704012304092638
0.553892488854813
0.615952361918665
0.372424490023481
0.716711237007756
0.503856805459656
0.629691368709615
0.614570928014002
0.575198487187477
0.515401041636983
0.530937301028751
0.441634159524231
0.655666421419496
0.65637860391444
0.664378825915657
0.536999426761979
0.552932519287312
0.38291834220216
0.592058031653113
0.536327629467195
0.664129034597428
0.606024738523815
0.658240162744299
0.687392344986871
0.627167150778973
0.470316296991293
0.725040236090356
0.741653802670379
0.625375000253569
0.437956937112583
0.733807454416632
0.67811388988138
0.561693900466969
0.714510014828575
0.592385936783743
0.442426464154091
0.557282924985018
0.504911312853985
0.553294015919213
0.64232900804023
0.698848854046288
0.524306440571182
0.68600933128076
0.485814414107292
0.662300397044233
0.679387458626971
0.578683227226373
0.681725728268231
0.584203587227481
0.829913380141374
0.743419100607246
0.720358806400958
0.650177541009716
0.671135528221827
0.545674820146965
0.707375677553342
0.649614034968582
0.38427162420128
0.722189760842533
0.646047967860809
0.642548836815127
0.558018532870363
0.606501435981702
0.723800764305926
0.761652917194533
0.528420477058933
0.674816684287285
0.687341131389536
0.739786854959988
0.621098969122659
0.681011534933791
0.558705876264411
0.781259362885229
0.828187744877056
0.866179892525432
0.706375097368136
0.811440273112265
0.66843305394361
0.845192098084995
0.673992620198687
0.709629944456629
0.770224903184248
0.728701499426402
0.645568577726326
0.775349772153809
0.731645205795269
0.695918613194021
0.665547411089475
0.660398012870735
0.765602234300665
0.883276126786345
0.802500164774817
0.962646560954892
0.878345891869206
0.776812166144673
0.798995606840201
0.821517236243706
0.766589803900141
0.910337270919471
0.828585432653456
0.70619087983327
0.637338635317429
0.852817425559916
0.904601534672145
0.694992333852337
0.760932297432516
0.759636411854355
0.808115900177152
0.853089931393755
0.579792147660226
0.564775980392232
0.787935741190439
0.728367146183607
0.77671302599912
0.739656237332243
0.699882817876343
0.810081370053574
0.73509244364625
0.664752128300837
0.857984135306777
0.76364143943228
0.716733017983182
0.807908494437497
0.765883740816074
0.776937708624154
0.839681029231342
0.88008381865527
0.867118750085746
0.838406376751105
0.811816205334159
0.752098712026878
0.944191405818138
0.816577327293252
0.830537634010476
0.87211440127447
0.670619821261344
0.813139422684255
0.890535744539454
0.841939336870941
0.8272067146856
0.739321445024333
0.82599797254827
0.756438359284026
0.777162358997983
0.857944585142039
0.7035483086232
0.816094591690345
0.801605769388066
0.774269916053106
0.916809338872518
0.762672738791223
0.828859965331133
0.945132445188584
0.946073401450891
0.910189056700834
0.833996991253059
0.927445909150123
0.879069479275598
0.877620715553298
0.802766949196724
0.8156563722699
1.03253104605558
0.948012138510846
0.828095961686785
0.849449741707071
0.922592398718048
0.972627915505764
0.930103490656453
0.918516112263022
0.791520978754222
0.900450551546263
0.98245340423971
0.876385723667406
0.893231835182667
0.933849212844048
0.928589491940027
0.841688872765081
0.963311673001039
0.901416271591852
0.833098281556396
1.02623827471958
0.905239654440615
0.874814188127366
0.950917666699639
0.863350617017464
0.944156546430168
0.841429533514381
0.941411876630949
0.9852679186596
1.00175360361327
0.98081953987083
1.03979104796269
0.924188446643092
0.946552491907512
0.777002557692432
0.982820412413889
0.998137387271337
0.942908163787219
1.01023774801604
0.971294478351853
0.920568896929436
0.99288629396226
0.940168573227298
0.926416814272635
0.960448582037945
0.984445414919925
0.955152623652886
0.914830693791003
0.961075494209706
0.993920310681866
1.10626095880606
1.10465086714508
0.847415897346214
1.09017351422671
1.07971245738823
0.985536034757898
1.11980043474158
0.992654782857789
0.993914409193425
0.991654938509425
0.757343885082311
