-1.0575431019169
-0.978658152618068
-0.89256608535591
-0.941006612893283
-1.08245289593738
-0.873970915494691
-0.921995501213745
-1.07092040210216
-1.05581199962592
-0.902861117281528
-0.842114078119357
-1.12741223249242
-1.0175170358587
-1.04415027089943
-0.888823672392512
-0.953734252182911
-1.16604187267092
-0.97062482376568
-0.929399136333221
-0.810636631189492
-1.01537378380346
-0.866832356897179
-0.938314524658997
-1.01465587926871
-1.04642269459528
-1.12791833598813
-0.922390573266174
-1.12404818585777
-0.949200750484039
-0.840483537235867
-1.00258341997565
-1.06626769523832
-1.02421545236812
-0.851639227557623
-0.93700617292266
-0.984958541531978
-1.06101478597293
-0.900431452729572
-0.932349008677464
-0.970559085206001
-0.912493073934954
-0.880931733080556
-0.816107605363529
-0.868846988101206
-0.933299070013571
-0.949077780596141
-1.00814471046129
-0.901700274529316
-1.00520100529643
-1.03755613129152
-0.984172978731022
-0.888753802816852
-0.912649745382885
-0.871298587691614
-0.939089057149438
-0.896280355214233
-0.848579432167214
-0.976520500198204
-0.777347778205535
-0.916662396544187
-1.05413460679006
-1.01580174108348
-0.726687878798779
-0.847299416453877
-0.7589502667993
-0.786924885939306
-0.76988014848625
-0.7584184373318
-0.857927687786097
-0.912228212729065
-0.933128756120991
-0.888505878005568
-0.84721135438695
-0.84197074256947
-0.875895421057909
-1.03321578040849
-0.767963476937077
-0.836078044032043
-0.977858932681319
-0.729792216175202
-0.867608300930173
-0.808388066128672
-0.766475609043989
-0.784583911371637
-0.832457438883153
-0.866745967738751
-0.831067112271002
-0.821706707525212
-0.860803268661925
-0.816027894487155
-0.873709303613046
-0.872911092925454
-0.741762847369312
-0.739790220851477
-0.756695415342787
-0.838773505912478
-0.842985370558103
-0.748671001538043
-0.800609416809952
-0.86644300998585
-0.94133932105875
-0.736455287917706
-0.799930818590954
-0.950678101123534
-0.77840926373341
-0.851585984867516
-0.823012577732799
-0.742998121497897
-0.806329257227063
-0.902693446042366
-0.741999550545862
-0.718252210137006
-0.771891562526993
-0.75854770675364
-0.753892902228958
-0.678334101044364
-0.710719588940193
-0.83936677937227
-0.879114573193118
-0.779498591738491
-0.741856496019203
-0.672312706163989
-0.776084953497212
-0.677819125559757
-0.728597910839693
-0.60107376748297
-0.606600634085218
-0.779715303408409
-0.728483691264666
-0.772833886501285
-0.709472952517106
-0.713133202564374
-0.813503138485588
-0.74928966357994
-0.667590772766387
-0.816231281744897
-0.821973293317533
-0.826081042400694
-0.731002200386401
-0.67927864931445
-0.746458604254524
-0.849591887296897
-0.753556700919696
-0.811512377567778
-0.745268527455964
-0.797396855588353
-0.690141904627022
-0.666250442022985
-0.516575727916772
-0.724742346903787
-0.702287758312246
-0.709271327059291
-0.703632415190253
-0.640062815302787
-0.622895788788222
-0.609391842631185
-0.739763523084677
-0.75199237038209
-0.692641329670955
-0.746657845721136
-0.847942632682374
-0.512521570073508
-0.716802921143897
-0.738795201410965
-0.719769456958217
-0.650176155169224
-0.703462824788785
-0.660495911738485
-0.710573720236277
-0.663943601695328
-0.680009824481725
-0.595375621072199
-0.606236502879955
-0.634245090631711
-0.69593428650932
-0.554684433193021
-0.883781639740289
-0.710126829926751
-0.736748321636806
-0.653473160796133
-0.660116594092832
-0.651268416348165
-0.636412473518588
-0.687120741460587
-0.52172864431176
-0.735287971138717
-0.555814821679524
-0.473726464673432
-0.601281988071752
-0.569537973734496
-0.564734962044074
-0.65211796715019
-0.636676586876526
-0.652227240983081
-0.646065996262669
-0.70114354923384
-0.667152358633131
-0.649461083785256
-0.583316043401561
-0.561804843983217
-0.675105304750472
-0.640635850320178
-0.7050371496084
-0.555490828672176
-0.569455009211993
-0.605630960470291
-0.551391026619225
-0.642294512091793
-0.731069679713935
-0.745551464043996
-0.632672872798594
-0.67561633237146
-0.661702077518426
-0.455832644606531
-0.489855553742043
-0.671582724614402
-0.461223414752788
-0.595104704406211
-0.439012346237567
-0.721070788951298
-0.644868141537493
-0.555783788394589
-0.579265242718132
-0.475596301021214
-0.478966156870781
-0.628132852801031
-0.593999180703991
-0.482706102695792
-0.336984038518681
-0.565275118231447
-0.42368990401184
-0.495402318800408
-0.670647850815167
-0.406795802105754
-0.436059930909608
-0.544456230005107
-0.344630615269571
-0.726620604911848
-0.560021337189904
-0.633901704098631
-0.567019783589129
-0.502538643649036
-0.582301223966827
-0.386637163512383
-0.54153851455488
-0.510137471992881
-0.576989643494836
-0.477570578706121
-0.652821390101394
-0.63220487709677
-0.517352936355272
-0.504098966648433
-0.636937122055738
-0.439894780932857
-0.441795915808425
-0.550958980365054
-0.644951365497378
-0.433369930435723
-0.490062874310276
-0.491338438977827
-0.571398412727686
-0.469244251673761
-0.27302875925667
-0.653977254936952
-0.466386494010966
-0.57093976602709
-0.400920070351477
-0.516294651329634
-0.457327086494879
-0.54248667521853
-0.453885118796994
-0.287109478569395
-0.605773458387919
-0.538037280573982
-0.491322324992636
-0.551101021276444
-0.429654775096398
-0.529178133984142
-0.493465321595154
-0.456925435555421
-0.609228831932726
-0.534914247932103
-0.353118404858114
-0.478377806664591
-0.378541244791275
-0.418339473290064
-0.291971048147482
-0.610397000027506
-0.519707966877724
-0.393887085576868
-0.392496283022088
-0.493152420817925
-0.231346867977472
-0.349489103712738
-0.250624736442879
-0.429773607474897
-0.421701093393001
-0.471389529858495
-0.530237068409034
-0.321835424587763
-0.479477696909136
-0.264085494346752
-0.33796824086565
-0.440984091198238
-0.470743267022938
-0.338388646510135
-0.242150038035676
-0.388712272433346
-0.445233976058579
-0.459891428142742
-0.428207007793249
-0.351740752678395
-0.276227384392884
-0.426964024273669
-0.456758395321991
-0.300565821098136
-0.385568735811583
-0.353398012996973
-0.44815630378412
-0.322872675154735
-0.359456334490063
-0.420363037660164
-0.401983508861175
-0.444751529303547
-0.300873999574145
-0.306297675381121
-0.355120572326922
-0.502268861101534
-0.352720013342148
-0.160605182212335
-0.314163426335878
-0.236272197938373
-0.430792024164774
-0.267066190638763
-0.0303019754205218
-0.354681768696338
-0.330121303589234
-0.388085765957597
-0.302261796360113
-0.343244827509693
-0.305562403183429
-0.303050745419467
-0.113668390473724
-0.320373920907482
-0.17286958540755
-0.321547100690062
-0.361563179860433
-0.273390447581805
-0.275724989699807
-0.243836017992751
-0.308246940153624
-0.285602542980827
-0.295239766945862
-0.356859128422358
-0.17541274748818
-0.222556195940063
-0.330843932448735
-0.348880003440413
-0.347592598023228
-0.318533236636668
-0.322736020065615
-0.343471730443193
-0.430752158393824
-0.157092609170919
-0.27877772622727
-0.262515619475719
-0.208204157797441
-0.313040808566091
-0.19890811414766
-0.282107526874597
-0.165028194997316
-0.218697115189187
-0.275425426319057
-0.24496450812537
-0.203896692033978
-0.20458883135242
-0.273675036676391
-0.345648703182926
-0.193082902795606
-0.222184240451676
-0.326237453487902
-0.329891533203203
-0.10568908690434
-0.218312321516781
-0.163291880808772
-0.224867112854368
-0.192980024370049
-0.172019086310616
-0.251575994308663
-0.328571176760521
-0.267917633615429
-0.257462807475001
-0.249269910633855
-0.149599009715387
-0.176060292681783
-0.160718408048233
-0.303936069044209
-0.316504742074203
-0.180684143119213
-0.298789544973232
-0.0469039593995326
-0.201117614031227
-0.289108747347667
-0.202699167500802
-0.1239324284692
-0.201429061117237
-0.199821402864404
-0.262731786679932
-0.264358977245603
-0.163505037053299
-0.383633652700731
-0.0553523818846671
-0.197354487931363
-0.260312834295732
-0.156829139448206
-0.0254146715347611
-0.257718174542085
-0.14266318720841
-0.146887865998663
-0.214377077202057
-0.415828385241447
-0.0050151574796552
-0.277813078431723
-0.191273894756074
-0.159739999974544
-0.141337810431357
-0.0765912793638823
-0.300499516713739
-0.185046023567396
-0.112347724196157
-0.132532715984569
-0.249623231597545
-0.131630301320078
0.0247906232051673
-0.265675063764878
-0.175747523187051
-0.278377371682981
-0.112717703449017
-0.162605946575254
-0.136726616940448
-0.0789932021241099
-0.131983526722325
-0.136913667187917
-0.0436972888762732
-0.107139825248594
0.0165760752419915
-0.0489603821798754
-0.0394226196592313
-0.153531589702513
-0.158126554883888
-0.271814906311926
-0.13674992452682
-0.116979280391477
-0.113222601500351
-0.0574798505683146
-0.0798248755987062
-0.0712905742091818
-0.0631762496632585
-0.0993889392942094
-0.0719986081815373
-0.0787569554550038
0.134932750822468
-0.175400340097635
-0.122183707164535
-0.0692464688545592
-0.0893988470317705
-0.0530364620657409
0.0235506876609907
-0.129231471753182
-0.0527053741806332
0.0227646493095183
-0.222108786502981
0.0686741921542553
-0.0697591511436493
-0.0225694899413554
-0.0809412440707176
-0.147416562778135
0.00218680820593283
-0.198181970053058
0.10576902520194
0.0520097065953085
-0.147844008925966
-0.109280623131455
0.0615482982119715
-0.0903976205150859
0.0413011423634797
0.0148461354087158
-0.140868400333906
-0.0465543109653471
-0.0330708158708574
-0.0334276701778304
0.0655332856714437
-0.106719195986349
0.0728666025107595
0.0292734359142091
-0.219689218576606
0.0343920728467449
-0.0812831376350359
0.0417326089968645
0.0313696803779658
0.0474224452468939
0.10942013657343
0.0532786830296116
-0.034004444942914
0.0239243900820116
-0.0376817990830308
-0.0278061833850034
0.0440080338245295
-0.04248878494243
-0.0424661860664672
-0.0634917453347644
0.0401229821945861
0.0812884217542419
0.0088591294951583
0.00592918434257003
-0.0269350279261485
0.212488284320903
0.0578361152549585
-0.0235682973260664
0.0385243724288514
-0.138389511988543
0.0423259209336434
0.0315950242787852
0.0313738347586236
0.000717503785373238
0.10894092063591
0.273108328876963
0.0764466129650145
0.0729008931131403
-0.00243437428453573
0.240504812899395
0.126922737435962
0.0706211513276284
0.147237114745268
0.0936839663985785
0.0770114392397959
0.120809280485868
0.0853654812340784
0.00388205843678578
-0.048740003152294
0.00319788441629846
0.0849644384733773
0.103534063400709
0.1409708261289
0.105431245560723
0.0606859303068782
0.173955806569893
-0.0132107604883466
0.0516345010544911
-0.0933907016240801
0.256571988982305
0.0879245473000777
0.0150304924340863
0.152846038708455
0.176842531651834
-0.0723457805580508
-0.0356250670205309
0.089546532978867
0.0788030749101201
0.178841684177483
0.101531944352621
0.231178276365414
0.0615498640699294
0.0658021930996372
-0.00613184743628156
0.13484917121969
0.10556251346434
0.14656329888675
0.155901820773176
0.176029490163301
0.0834457789005845
0.206874398653763
0.231377624779591
0.264444945714265
0.145032492360933
0.0302227568820867
0.269803640868325
0.277384385079222
0.112912177519823
0.164541279727599
0.288600574185231
-0.076300008087556
0.0482673087416512
0.195272409425407
0.103578386727282
0.203300657610807
0.0816228584004627
0.0522290890413002
0.143819241452669
0.225794595016124
0.108555146569303
0.238590645335291
0.0758508875303889
0.185367886792049
0.126407083964535
0.297328107074925
0.282447049661382
0.354482132676049
0.104722910040005
0.153230401648319
0.120019016655769
0.168436568682438
0.120299299968341
0.248392349028517
0.158537229225121
0.367601445418116
0.186311043916799
0.301358365515084
0.248397118363616
0.236215101702715
0.261640143931816
0.4185688959364
0.0392796512337516
0.213819365962652
0.31965291002163
0.357445679974887
0.137497349176854
0.113872905570511
0.321268655581304
0.300039422661252
0.214791333689835
0.179738078145892
0.37903465008652
0.301372935986065
0.160336103737205
0.267827391353039
0.332307796654472
0.211166067119769
0.215591415908556
0.183230567885682
0.435723092520641
0.246354156026137
0.168977521979214
0.361953544091891
0.334571207209384
0.282417501756934
0.280875287273789
0.201797339523447
0.185606974044787
0.304302105998204
0.234457595263043
0.155800831491299
0.167763784027198
0.241679092691352
0.289294910728193
0.45307109862808
0.337465511848824
0.205009584168439
0.330138299274208
0.187061220011708
0.266361749741081
0.303537092823349
0.329212470302056
0.267329203726986
0.155280017724687
0.396790340289991
0.400568490644162
0.323469135951032
0.334855954025222
0.293368360266501
0.283677834038501
0.322433940551793
0.34793376042169
0.371616473299085
0.180930169372081
0.394539037997613
0.262598771010742
0.330338829479157
0.211539056746562
0.263177093935118
0.272721766528239
0.439748731601131
0.386163770199003
0.25954713757552
0.383664097020832
0.263903377478574
0.421507495462821
0.373770230144866
0.502994902040259
0.420267983505852
0.283457948240539
0.262199690271906
0.323407553956516
0.48578810360604
0.466541444146325
0.382719423030886
0.13850493697629
0.498824409534908
0.296058689015612
0.372423679251875
0.291442853001586
0.412090522221812
0.313076739147013
0.416861233742366
0.358506971291998
0.385659840810879
0.390600512938418
0.462121091446954
0.527937041983829
0.308706413894429
0.423517035484886
0.492940045754644
0.449414682254507
0.439795304903273
0.447068285944089
0.545917975030845
0.357185445061865
0.306458593672327
0.341120557794254
0.427888280458444
0.436876632976431
0.417132193487777
0.413288605867316
0.424996133636836
0.29446347625585
0.398690868259061
0.438063697652647
0.413415854255439
0.353060370411142
0.545153568562854
0.452605118195184
0.327175923049716
0.49439112138019
0.550796276310349
0.483767034604533
0.386809169685713
0.465893018957086
0.439657328937419
0.595174552427208
0.573066376989974
0.460584882689365
0.391813867270718
0.48698470682855
0.406832310386335
0.352111019375551
0.434346758083862
0.436843075458666
0.668933422511294
0.239501095796729
0.398638383597152
0.512710867934296
0.413528295526596
0.401676809391973
0.454290980020436
0.415414788446035
0.42514680474701
0.63367630278506
0.530699910812253
0.446472422385407
0.540936179241097
0.501324404287879
0.375682989887184
0.607557026273982
0.485441228396481
0.416798385467626
0.646728531400309
0.615165921344056
0.5561499331999
0.464873386110339
0.535104908515842
0.574222946067238
0.523578473013625
0.473399384047574
0.571569628086636
0.464671496829679
0.376022734987956
0.568172969923267
0.509048434057129
0.440522039206407
0.63748560923199
0.370326644291007
0.55634890616797
0.491128061094481
0.610798671941261
0.524585529055383
0.533037336719948
0.505702514937426
0.363294116723568
0.605542690914332
0.665367079770526
0.618494040522935
0.558742323130007
0.66118536680402
0.508849795254027
0.573328004758925
0.606768693454921
0.50354330601874
0.569512704884503
0.58013159040408
0.748613776267383
0.644317446144032
0.63899711880363
0.611237411701495
0.529013004616367
0.767988271359398
0.546862890578702
0.502273700411162
0.381094610297563
0.593110013918272
0.6356903332191
0.562565503486734
0.581447659640195
0.595120424631915
0.600470361809809
0.688066923202936
0.596315240119682
0.549429293426757
0.694918602694474
0.664593202793412
0.429249794796641
0.732863786884326
0.700863460767105
0.626410994352397
0.481214324434024
0.680984948956773
0.700020088902952
0.439034422896775
0.526411079659194
0.532812611953607
0.768108154764158
0.804022745803691
0.694322325287145
0.652544314450784
0.530116672947999
0.67034439363862
0.574019774547604
0.683303046487017
0.517727101835052
0.696202714215004
0.601376620986283
0.589398103312748
0.838511609769759
0.818439277798741
0.725991439913818
0.707836765305672
0.545676799906859
0.694304226341855
0.740969428685816
0.676154005497905
0.63018543821048
0.507321896380104
0.580854338195919
0.790564427785391
0.709510973795622
0.629623176064712
0.656141261028261
0.651637077870023
0.733952065246285
0.579930393635967
0.737712457801679
0.688860150925107
0.816243758369158
0.636387744479863
0.741123499313224
0.771030092432292
0.845321431334837
0.647233379502116
0.795322052457614
0.628664783978317
0.778088154176455
0.784417863672203
0.705948220229835
0.680059325942198
0.70451693107731
0.760578041121267
0.705474619391326
0.765897815188993
0.624440432619866
0.862566083822786
0.694720400715485
0.659864483654236
0.737439589513954
0.626216718875653
0.793736494977243
0.545244988661408
0.703272069520557
0.874217088979051
0.727817170782103
0.758763504242976
0.674182632578386
0.782769536039258
0.717113751239724
0.724181198846421
0.78342149002735
0.782534351812857
0.793287226027852
0.624812736486722
0.803533708986893
0.830480453520578
0.680135154963889
0.707538668733711
0.792516130361132
0.817228779877246
0.841470983805036
0.699587717658202
0.881050943891
0.810283419768319
0.873918682499794
0.548552969668186
0.796216597369606
0.907997776948921
0.707722360249935
0.773413942876953
0.737908201023141
0.880428690367682
0.818403499449354
0.763478435038483
0.888245461170819
0.819164719546605
0.782033239879437
0.787083103399025
0.880935962339631
0.833014893967978
0.874750561418361
0.854123379660943
0.836228185947891
0.843443555672298
0.907699116633062
0.745964014899267
0.784509552229632
0.750742766698066
0.747146440429261
0.99741760151805
0.898934348760023
0.842374558634822
0.935202090499545
0.943931266329278
0.748580163827732
0.835575682421243
0.905574302854511
0.920722227387056
0.742375030469682
0.85487950429035
0.996120570663404
0.992348764682054
0.797786341490344
0.882956959806837
0.932714049769454
0.947087646070174
0.897187991126237
0.884618178316066
0.779629632150368
0.965266649493975
0.947863019505484
0.930721905241261
0.834274264489607
0.796043778244495
1.0392760220284
0.824973756072247
0.798769747970481
0.98418844759229
0.767281453023886
0.830656813527881
0.894442318610955
1.07535583729068
0.92705445711416
0.951285329297849
1.01538642339531
0.932320604460883
0.912260285274044
0.929491113953978
0.876281051986128
0.995095986552477
1.03952723596928
0.948175332267827
0.86753017663652
0.989898201698767
0.958141390574851
0.90842687599889
0.909845793229027
0.87175530362126
0.906650228950619
0.849434504689236
1.14129716221758
1.00199138881924
0.878870089941759
0.942504243027745
0.980913806969361
0.901416255906185
1.01268052737991
0.901981946449853
0.926155209551091
1.06697406289715
0.953824455790253
0.957605078600394
0.952278640011762
0.881623055516349
1.04302556982276
0.99379813576994
0.979993427547131
0.903773073808659
1.00300941532271
1.02525925510183
0.948542422807657
1.0158507436537
0.929514982501595
1.04248534986027
0.906243875958571
1.07453361787013
0.826293618874488
