-0.992192918807356
-0.849626077991951
-0.894425710456863
-0.900619380498784
-0.756523705672735
-0.983450445362562
-0.975243740378725
-0.950137561732994
-0.949658954999845
-0.944639371211031
-0.832571942052448
-0.885496357207855
-0.891606659425824
-1.0710732075082
-0.90966515616299
-0.907823456307721
-1.02503613107697
-0.913061471366228
-0.882988691221564
-1.09319798930125
-0.943494274328806
-0.952772268152101
-0.802747935524312
-0.951727651311617
-0.909647691653877
-0.972192673150088
-0.907017011631487
-0.926622742604041
-0.910746871635278
-0.886129443674653
-0.984498673336661
-1.13385536171679
-1.01342134148949
-0.952914047216459
-0.978993800555698
-1.00542014073747
-0.917746028945759
-0.871097122404432
-1.09617052974094
-0.928142851175283
-0.968602664697901
-0.823518621923063
-0.869835316388008
-0.876562309552541
-0.850451344306459
-0.996931536377884
-0.968471244445022
-1.0332899730635
-0.914479330262026
-0.847811377337589
-0.905703271593504
-0.940408726996233
-1.01989278103929
-0.936546193211275
-0.698552289348179
-0.795637012328921
-1.0211482051932
-0.854343846881333
-0.894452454508297
-0.79143993526406
-0.804851500889937
-0.959038344804264
-0.692071396357466
-1.00201820726613
-0.996520480535003
-0.769365564889182
-0.78387441007143
-0.883053236967928
-0.861771010025599
-0.842096562036647
-0.826425303588124
-1.03971125583111
-0.950733643737441
-0.824918204462463
-0.884677955272332
-0.752816830901275
-1.04152878447721
-0.778482391895208
-0.771565546487054
-0.762918235877358
-0.785006437672114
-0.956183971959177
-0.721512858564212
-0.772546320570095
-0.905878028526036
-0.861057233657864
-0.676189507523149
-0.831766276368888
-0.770982284105835
-0.788361494360401
-0.955291397084903
-0.592872299211818
-0.795765882631524
-0.819010086143067
-0.701347767838501
-0.837247787141583
-0.879286028774475
-0.88467068283167
-0.885632640995023
-0.610010041991556
-0.894872838127323
-0.717510750231209
-0.729305220853416
-0.77649104596314
-0.991728747543827
-0.907775827071127
-0.789631611836681
-0.687460612654322
-0.713474433839359
-0.921272100351235
-0.604207864069555
-0.714574023250509
-0.765879661564741
-0.750851153610984
-0.819972018884645
-0.771769391786129
-0.749940688767502
-0.758573984802024
-0.794856115698174
-0.849382631548864
-0.721459586030529
-0.804597215904671
-0.778231567031694
-0.960164340708726
-0.764306292733154
-0.793540831121417
-0.749660007776789
-0.755416169888124
-0.654630405118693
-0.824080111590577
-0.738046093594354
-0.626722171298768
-0.982288387377252
-0.735528518773372
-0.714848158532002
-0.814751335803219
-0.560874800283854
-0.652962322800967
-0.814382706819233
-0.68937248987487
-0.781281990052394
-0.718080635946467
-0.724601765641814
-0.715515330847193
-0.743924051429991
-0.71983205858392
-0.492785889560761
-0.689613304026687
-0.751005152626018
-0.693686117006878
-0.667777668610245
-0.568030461389152
-0.71580789952498
-0.874584890469895
-0.611832345923922
-0.653956235412009
-0.567274331843841
-0.634017448284134
-0.802538716753943
-0.710313305134278
-0.776738175858175
-0.640296976071191
-0.574160611012367
-0.595328473439629
-0.690439268074173
-0.679531873291747
-0.697428987553335
-0.663519790538569
-0.604329862720539
-0.644893291919861
-0.522833206051512
-0.64312609911021
-0.600575880820582
-0.664259826139833
-0.648906553444384
-0.753175544440408
-0.504412493611176
-0.614337614112893
-0.690434157704525
-0.515924777749076
-0.662170247498521
-0.667271532298647
-0.627148269939375
-0.663442973643715
-0.552574822624619
-0.686955771498905
-0.758759129819825
-0.404457141368286
-0.543441349183915
-0.55392379573162
-0.651313752106214
-0.64154753423519
-0.648344246402777
-0.648637860695299
-0.561600288122845
-0.68764201182182
-0.673915131365617
-0.603510727346896
-0.641791058436757
-0.695386307540123
-0.66574579897136
-0.543146384972276
-0.60588748511592
-0.420161900965574
-0.670141012986877
-0.619143605525804
-0.567473755404046
-0.696022600082705
-0.570436013367995
-0.545201414963585
-0.478991477887605
-0.415068634483201
-0.447724299464865
-0.507581249594644
-0.558086259808834
-0.732537298328409
-0.473128466996599
-0.510504299782271
-0.478341379875988
-0.643250089429201
-0.700044477744787
-0.489736821755003
-0.618813826583404
-0.581511746549324
-0.536295515329829
-0.576724311442018
-0.510156717442432
-0.625953810203988
-0.611333589217465
-0.56626240521831
-0.397831463970636
-0.506609391960397
-0.387756565900496
-0.575729141173055
-0.509776776853642
-0.570527013724813
-0.381280182632317
-0.724531531939341
-0.670578208269942
-0.525009535083082
-0.605582408045212
-0.525216355652316
-0.492202529437494
-0.490125832738211
-0.469635752367813
-0.570355455644509
-0.367946292113536
-0.53509833188924
-0.470590171882103
-0.325410814623313
-0.565584259605965
-0.427294794792419
-0.467243456045709
-0.415565112730654
-0.58934022351777
-0.517793827811717
-0.574265742931972
-0.459031555580398
-0.642947012964309
-0.59422010551092
-0.438421937071837
-0.43475618031229
-0.558199972927468
-0.424952173505153
-0.409188021637177
-0.519351433783262
-0.528020408288018
-0.380644985467123
-0.671470884694168
-0.519621589222115
-0.506331980899066
-0.42254852309926
-0.414673538121429
-0.416382422357903
-0.388243676547214
-0.414240633690153
-0.513531561220289
-0.401778694522564
-0.539984564002313
-0.650734890391863
-0.366085653396196
-0.484572193427801
-0.430211509870406
-0.388172099776722
-0.459335277660971
-0.526499837850608
-0.470873373451457
-0.444959551610708
-0.445454204293723
-0.593268409020636
-0.3780268161891
-0.416406835811355
-0.499151701800021
-0.471404643758791
-0.469447099704832
-0.332600151095995
-0.570821745116653
-0.242522018697989
-0.374347146879668
-0.483484288528164
-0.414023575834038
-0.441033583366073
-0.543262552289673
-0.34292065048775
-0.428817598791539
-0.422808169484182
-0.307575782053427
-0.559904606515124
-0.39836711539434
-0.410749460381478
-0.379021215014902
-0.411152174781629
-0.46426404858984
-0.346353483128008
-0.362927106285196
-0.358606768182009
-0.429901049101344
-0.398649551071707
-0.391813885619288
-0.355599907624056
-0.384430105592636
-0.41552343534905
-0.338591851718058
-0.378316844183465
-0.386794444746622
-0.600732732193638
-0.340978315597376
-0.255596584496142
-0.368277551420062
-0.320786743394781
-0.382644634646493
-0.382997535517851
-0.413646478239717
-0.425584357570052
-0.432981538881955
-0.441685627399808
-0.287398695345013
-0.309761348017907
-0.411877449808835
-0.407917070506151
-0.303573792520586
-0.16381816963987
-0.547615782516771
-0.245947374272933
-0.322901379543511
-0.218210156359573
-0.179112001348483
-0.25585519368205
-0.302539989325102
-0.353642123689989
-0.357800282902692
-0.353774736175849
-0.33830847471645
-0.154834074458904
-0.390979855062834
-0.471808881595582
-0.350411835965817
-0.317065735654373
-0.336837637926935
-0.394918890129358
-0.151954843882025
-0.382721372436995
-0.355640582933564
-0.351120335603412
-0.175470948088631
-0.302025844689731
-0.280218603326912
-0.284825893782849
-0.346617390640514
-0.300085188403768
-0.12034007374959
-0.283574814572761
-0.217118421305113
-0.318597294462462
-0.37754943622797
-0.242374582400361
-0.293461014707286
-0.288483244567403
-0.225284834093107
-0.320498589693458
-0.210184992145104
-0.0635047612469092
-0.097970390278189
-0.14592605802201
-0.31724565458914
-0.232767861982544
-0.190313064936049
-0.188801235144563
-0.0824009775902286
-0.235643616183501
-0.232965327152357
-0.287997364084527
-0.219972398451312
-0.220242225966891
-0.249894735772486
-0.257116979987504
-0.226714283789393
-0.247342239068368
-0.223300965209737
-0.0771420179655065
-0.294658378797526
-0.249917520748239
-0.184314690699139
-0.231638884985147
-0.208629511468552
-0.189822472645264
-0.112753933418871
-0.400905607917636
-0.215604839458878
-0.161700742440194
-0.165571834870345
-0.158437983606522
-0.239675182390705
-0.187182503876994
-0.15216639287668
-0.133757027807759
-0.223127465458771
-0.207144925110847
-0.12112811189608
-0.222025435744242
-0.22215040130474
-0.0595708423633155
-0.12427660868778
-0.1214630289469
-0.107966617259993
-0.182467329736191
0.0194022081858575
-0.27545532829999
-0.224839999595595
-0.134186091458817
-0.114923402731367
-0.198290521010675
-0.16524940308682
0.0818332411022539
-0.0797847864322154
-0.224303262586903
-0.205665846541896
-0.145697251335119
-0.055731751057334
-0.167370723565831
-0.154973874548128
-0.189132644899539
-0.0354960224483827
-0.0156533667572208
0.020093887896625
-0.175406934752708
0.0406002296118916
0.0403166549193293
-0.077180465290332
-0.171513316728651
-0.154583513149372
-0.11124741927416
-0.0240039638239662
-0.0871620374775485
0.0773178125970672
-0.126354292136845
-0.110627979756029
0.0113567125070157
-0.0361361690176662
-0.0860112563413629
-0.0446491947764238
-0.134286970385717
-0.196903305328587
-0.0855090384360792
-0.16940633856975
-0.0637269379250984
-0.0649168003710386
-0.211461537679661
-0.0344488506945477
-0.17492896250643
-0.00872007621166429
-0.0397477746216692
-0.0316475060855352
-0.139121198302364
-0.0600077012872965
0.0241689395258283
-0.0948698968144793
-0.0297668803702725
0.0714584840755464
0.00152369942774765
-0.0577553476145436
0.0543032088629319
-0.125142577989487
0.0119477108509289
-0.0211438400136433
0.122330268905579
-0.170559376584409
-0.00337906449742686
-0.0606438206036745
-0.0648336441435568
0.0345750939759925
0.0385668610017214
-0.063528187209693
0.0277968676689336
0.0505020770943393
-0.0882047915896727
0.108613456294353
-0.0350223918397084
0.0957772713121243
-0.021031434894184
-0.019428501063218
-0.0298821935700154
0.131132075982249
0.0345890636111164
0.0134664061864483
-0.195738673628948
-0.0664451592782561
0.0844031713358755
0.00475252700656273
-0.0389889599898252
0.0834347811635592
0.0724356561777438
0.084061878692165
0.136269547607126
-0.00608433174291871
0.123350292183117
-0.0261954369883491
-0.0168194003634397
0.123423467598727
0.093862927833129
-0.0372233762402352
0.0319238749575779
0.150007746713316
0.0854018749387715
0.0525909901390285
0.153441047006431
0.00540557788013804
-0.018765133143936
0.012981282855275
0.0858644468416975
0.0779088918582008
0.160678038504392
0.227835510089333
0.24376616375954
-0.10675954848198
0.178803132919383
-0.0228391965175706
-0.00487162363927685
0.124404019016203
0.171378198878596
0.020875204356432
0.216201761227754
0.00931616124039729
0.0287009875496925
-0.0854431405416
0.141853528294826
0.176743943400142
0.13809502273994
0.0538230623636617
0.0932088969542068
-0.06167094639763
0.00355583514084066
0.0625373087411032
0.236438315257119
0.12913056507608
-0.0335337713144805
0.245241141983001
0.0681883737906005
0.0947100553802409
0.242159829586844
0.129866160475165
0.159944807183216
-0.0154189550768663
0.0340900757777079
0.0413310562292124
0.211758075713883
0.071704347248273
0.197372394265454
0.0285990522774102
0.131550418229127
0.245097116097967
0.0880581095288952
0.111466098757929
0.213870085896727
0.236217499661478
0.133907636038286
0.129464528034645
0.108591985175948
0.112568274041085
0.177777654261633
0.224649696896188
0.20104547774991
0.0642082187428698
0.139023402922093
0.0879602111144343
0.0872251288416365
0.182854789772523
0.275139235443617
0.202805136939812
0.185484151729454
0.023707161907146
0.204442519883172
0.16721252063065
0.171231679214705
0.169583520578474
0.0783774559355401
0.222922323906197
0.209021239909178
0.287533757575052
0.266279983189099
0.270271300799017
0.155376749496839
0.159809300575948
0.137320995769554
0.132255455173457
0.302396117009532
0.184417582830796
0.31789676289549
0.346963936444066
0.385273261143888
0.148518123868249
0.210235465905107
0.25443129076612
0.243719807057195
0.108931832152015
0.257767692413827
0.195422588589686
0.0814205673183335
0.286259489045533
0.131115148385267
0.167158223821437
0.215499879820557
0.282873990457901
0.290180628277932
0.403384573227145
0.12857470580891
0.307846141943035
0.305987242966554
0.205219616490355
0.125325327587113
0.197300829658427
0.257541157186083
0.23848134498877
0.321966627549735
0.234695085114247
0.282287629000109
0.406712389063655
0.26535147595844
0.140758717629691
0.202029619975176
0.186994509777118
0.302956631998429
0.237426659602772
0.339089493856977
0.234537412487905
0.290988309045914
0.305474627798784
0.121304612426348
0.26910098717779
0.313772169330279
0.35800601531699
0.141494703808299
0.278119466804518
0.263978994333429
0.445673924731458
0.366802327523173
0.378666555635748
0.524532693143712
0.365028951911623
0.308231502583662
0.229398820636022
0.362023658058883
0.461903610886969
0.297404363786332
0.150960010778329
0.382639456970816
0.398611786491259
0.354553196088021
0.315636501730983
0.215901947272659
0.264919472227532
0.370814110437051
0.343421817720503
0.274609632449995
0.320491321298139
0.495530374694181
0.464338780471009
0.267229035235586
0.281428050987985
0.313190493221666
0.261257187781336
0.356984407682396
0.251629256721113
0.450304600712404
0.361303771726039
0.337144740371035
0.431355711880924
0.432558224178692
0.439053036982609
0.464923228004866
0.519504801357828
0.418526000136914
0.298459250107022
0.361651418000746
0.378077134199819
0.439736596557214
0.352163356456334
0.223341744467382
0.295961341434393
0.442974922786482
0.381508348886623
0.435174493107555
0.424925897429624
0.44541918785974
0.337696328527023
0.449314369233366
0.260190007272857
0.441514211115133
0.374313908672164
0.611500406201272
0.546442466976301
0.391729293058116
0.260556930973442
0.354742852012976
0.44786427336531
0.438687531031029
0.391946331422192
0.397717774942277
0.486224130592712
0.596114844729153
0.467526434192246
0.533470533691584
0.445297907108859
0.269853513454449
0.540268921250958
0.549673017705348
0.4724530306733
0.427605132768145
0.300255002527738
0.306741178061031
0.400349556035411
0.489825201768514
0.440818812093102
0.440060004963327
0.353670767415134
0.374204135891716
0.437778940864
0.531057786344637
0.5125392209357
0.319717784189456
0.493023975108237
0.369235093732315
0.377745633626147
0.379395714556118
0.546100566664099
0.567780851205579
0.290721058440949
0.386301463320572
0.527871448150773
0.55273432879468
0.471988606806067
0.50523692141926
0.43607224909008
0.459189381799844
0.608305674971164
0.353538862585857
0.65423766693333
0.521945861132012
0.375661676686274
0.468086560737679
0.605129684184588
0.563635654509513
0.547675653954343
0.498370452050352
0.507279710219671
0.613247450757384
0.561391423662777
0.615065401200439
0.586034531225006
0.600860128433407
0.484537363431746
0.532528030327761
0.520613673807657
0.510188184974255
0.790397361068986
0.599935117020138
0.476289437014491
0.412201726268392
0.515689730921521
0.652861097682892
0.514318232551905
0.645433072341744
0.472617344960322
0.603337974193511
0.705934098372273
0.589763026537354
0.593790518511301
0.667804519803045
0.607480701290125
0.583334062397044
0.759359299257075
0.508906614243817
0.618234314852637
0.531584677144473
0.576251379440542
0.573133435808892
0.675692124112829
0.638979350055489
0.604326494039058
0.534954269190482
0.605378986615758
0.488083630466825
0.584638119999653
0.725800881295063
0.604791370423856
0.622259049620077
0.578331477451948
0.503547196794519
0.672190993249901
0.573706853462087
0.814279797918278
0.628658526873109
0.477338000356292
0.609302591860301
0.590271242114394
0.705987657960192
0.556884926040364
0.698267057502423
0.6385089018111
0.774637167152494
0.674349171133426
0.72750155056206
0.65241055987348
0.720219309153243
0.634931118560107
0.554240396624391
0.743821673440571
0.591504137477314
0.69164234785419
0.784762352130897
0.747877085122526
0.72554320064334
0.714126297673761
0.637506320030411
0.507488996968339
0.730555913882019
0.586215976782826
0.582940580238272
0.813661892905295
0.675691015415578
0.528744287023146
0.536706444813277
0.794894377607932
0.533588644358278
0.716990599243474
0.590176877263708
0.853604195954795
0.736767022113463
0.710467966057634
0.734341360526831
0.697124868003671
0.762130688677423
0.844116135940364
0.643725455068472
0.755354811712693
0.847208927717339
0.89027850350553
0.729342649024906
0.784598295806772
0.816540264401904
0.668438012654559
0.830905489784283
0.710666814004945
0.666981048430508
0.718603965870006
0.810341421647375
0.799198723897763
0.663959325150551
0.751674203263476
0.710262349508062
0.725257258482627
0.692475271685758
0.694176093835743
0.877388072140919
0.825131920510656
0.715482920883503
0.77763474977725
0.801842667879403
0.72462919436974
0.805068256210388
0.826387071681787
0.752518879138138
0.871122576651206
0.826289545154173
0.870319204644009
0.853874739189714
0.66452146428481
0.800426943605651
0.793700120163383
0.706550332818078
0.887973258870252
0.732903498257214
0.897884481887928
0.844609471593766
0.958673064820867
0.867179933096561
0.836123953864449
0.731922361385458
0.758186928591609
0.743678186427768
0.847472059495328
0.868949100591266
0.755089397317787
0.873110842720623
0.742110985404868
0.932685969319
0.87913279606851
0.705796134326777
0.903913461652529
0.762625676084693
0.673601792934797
0.718611115385143
0.753178931890811
0.958625646644313
0.972569424768992
0.940408198434839
0.801153678813619
0.799037668759162
0.735808271851358
0.97489144571559
0.820566583615599
0.895157041410847
0.818764972491161
0.830044230229441
0.793087091752533
0.862720351926579
0.847576539892569
0.804688242972087
0.81932266037154
0.990706204519522
0.747333702051433
0.986689330615166
0.8772227426353
0.845993649794012
0.811682808869553
0.722068209569312
0.738768850117167
0.880271082388314
0.888850658243138
0.889470400802585
0.984805135489537
0.853513051386834
0.884242844581947
0.97179586698192
0.868825232992865
0.769245422219761
0.896653087791823
0.879252831453314
0.94487557341162
0.961237333216889
0.984727103994883
1.07354088818689
0.984585602863445
0.969155375393631
0.886466071468567
0.955863845723546
0.988188857394761
0.898704042849247
1.0261904294079
0.830593303089917
1.15277250346912
1.00656477701815
0.756718158297718
0.963248122165402
0.895515732605542
0.740620299367739
0.900792814235588
0.956274381201714
0.899768621849352
0.811894486130395
1.01270367177862
0.958998041442502
1.02774418904895
0.928280323883495
1.08993857438509
0.803112586813814
0.991356021047156
0.89837222759797
0.859959749607624
0.88787684153347
1.08200628847786
0.882961770323723
0.959852646269967
0.997989893422602
0.903524740218606
0.943615903476876
1.0749372204045
0.939337910597725
0.932713340337976
0.91554726438291
0.985458892217338
1.05401615721111
1.00407764493391
1.07632137736604
0.944266890930849
0.981414638699531
1.06545699927175
1.01247440542362
1.02532236416229
0.998591720531832
