-1.07201552934553
-1.02068034868825
-1.07106230965509
-1.05007274357671
-1.13182884857525
-0.866556351411573
-0.795872434352823
-1.07938086051888
-1.02910733318685
-1.05526416827607
-0.990396713355047
-0.969507738771214
-1.08845670876467
-1.09871043629391
-1.0480847379641
-1.03569852205561
-0.832234574029017
-0.984478365942556
-0.88748948187021
-0.862194497266352
-0.937684101878839
-0.943423090722371
-0.862431312819729
-0.874269905763191
-0.894809066746182
-1.05319720402562
-0.941508215730514
-0.922104840954638
-0.727846642207891
-0.875151738343447
-0.941775113261347
-0.807122713613774
-0.865045206562431
-0.965505170478785
-1.00534009596822
-0.870719199699822
-0.881963684845404
-0.874524904425558
-0.964057579374311
-0.828931322408077
-0.863133672629854
-0.978501882664062
-0.939308032699713
-0.9162214187357
-0.890529466435861
-0.827593320190635
-0.903708697682284
-0.935767448120586
-0.866934858321323
-1.00568734822564
-0.686809891357431
-0.964882119270694
-0.880687987521388
-0.823587387310566
-0.828328767281192
-1.05210829924463
-0.907860048581298
-1.06609306336901
-0.980688763715578
-1.13293507638818
-0.936362029591047
-0.885594223348034
-0.817816554391578
-0.846836642921338
-0.998493146318946
-0.895784436614828
-0.787704388275185
-0.939273094748315
-0.883443792723641
-0.8864562258426
-0.857116257962068
-0.80194887686301
-0.734575433487015
-1.07007382015445
-0.823963376654506
-0.73039093490295
-0.752839772583715
-0.880369125774196
-0.938535804959498
-0.595283060232139
-0.710111574921214
-1.01555554579964
-0.687260953184671
-0.824713130852772
-0.889809327505661
-0.869275218154232
-0.77955653338355
-0.709818710860195
-0.858990054517157
-0.711535519174986
-0.817395892446357
-0.824148830673861
-1.02535832424184
-0.737286060539853
-0.945197961175376
-0.769349723429841
-0.735311181192299
-0.653840900558537
-0.719159322379786
-0.943165161068492
-0.703061755709725
-0.839695741030013
-0.740145046921684
-0.680100990254864
-0.754797178305526
-0.716028473787867
-0.810462909636613
-0.860372976564171
-0.711089803982266
-0.730783237175797
-0.72152790251236
-0.86642399634129
-0.774562457392012
-0.674209240377578
-0.66596646481801
-0.71515694508943
-0.874543545229939
-0.828058454638289
-0.720902695209697
-0.831424507619272
-0.743587435437631
-0.787269558271071
-0.751670230123622
-0.732441963402408
-0.811779800521261
-0.649336808752298
-0.815261700388539
-0.846582243080005
-0.755257893980374
-0.576192571794316
-0.732209155327153
-0.676147138571484
-0.784458487334074
-0.608905971916735
-0.644105128860374
-0.742386080149409
-0.639607740652189
-0.726033381249457
-0.816229309005377
-0.746463324567725
-0.878390402339632
-0.624685481213949
-0.682956080376144
-0.519604028295667
-0.671550193299955
-0.737641224149198
-0.691639621587157
-0.725036356392252
-0.769922620164691
-0.697059571515329
-0.749164491813307
-0.536924279680922
-0.696796920250119
-0.639725477382331
-0.684358728399181
-0.761433362776409
-0.716678680570334
-0.524262383242748
-0.694706633114353
-0.80977340808796
-0.715017510667537
-0.822659467922169
-0.84385005084218
-0.808633604531172
-0.612349968357858
-0.505099155608006
-0.827497689591999
-0.691187231771645
-0.712494506769615
-0.720910346068198
-0.571618976324119
-0.698665589932384
-0.585345803117268
-0.673359286816229
-0.640845481656024
-0.604856370298556
-0.555747531438057
-0.71158168281634
-0.689796390681275
-0.670340518984516
-0.578280698501705
-0.518419573063498
-0.718013006995908
-0.562399274667778
-0.659952588249088
-0.699204898028402
-0.713371473841991
-0.606323978459837
-0.677623676273619
-0.643073379762232
-0.594528239374865
-0.586089938583907
-0.673897991047684
-0.620691824257782
-0.719677959252933
-0.700271924766981
-0.590947393198647
-0.647495177958395
-0.618661699957295
-0.633576299212886
-0.647874717062924
-0.654602671251837
-0.606613528827332
-0.633168156438436
-0.522184176833324
-0.445368870121604
-0.449631125428599
-0.633920300989548
-0.600942949039913
-0.667056875033855
-0.565989813895386
-0.653636307680227
-0.539135534254734
-0.682857103931961
-0.574967961219533
-0.692626707319541
-0.491263173591492
-0.558447475597435
-0.600452134120236
-0.48623286933029
-0.563150869479183
-0.588580774229642
-0.577648043765557
-0.500382843182792
-0.653976954062156
-0.521824364226752
-0.504923138598409
-0.45683168319017
-0.384571206332941
-0.558370855265679
-0.604367492802797
-0.484726816795129
-0.742342512411416
-0.499455611946172
-0.559318640701218
-0.530239583552462
-0.394766379684034
-0.546312807889183
-0.503202762823063
-0.470828901053943
-0.515447232952783
-0.528605200926105
-0.652668149714454
-0.607130787446031
-0.527499641340859
-0.474500331610512
-0.685430342954202
-0.490126849823303
-0.598704826308429
-0.571519007538761
-0.460530097277842
-0.539360674942446
-0.422255003986837
-0.381593175278278
-0.468947581043749
-0.612998582738372
-0.517579596163163
-0.400544099408519
-0.515205529025511
-0.520273655990286
-0.536082034337709
-0.443671855883929
-0.516661134923144
-0.474825962456425
-0.628440626077024
-0.585888788468668
-0.506520144336012
-0.483481640126283
-0.451352622058797
-0.510651602141878
-0.673790245516522
-0.429135645489815
-0.477855823406961
-0.394168876957431
-0.377684129566059
-0.396799450220955
-0.554105982494314
-0.427380179808644
-0.304934992072159
-0.536282230890574
-0.302974329507152
-0.493242529428886
-0.421060225911266
-0.570802736789645
-0.474590201294208
-0.45635129927886
-0.466513417060855
-0.455896164573339
-0.558622449522423
-0.280547094948083
-0.511498883965185
-0.461743950732778
-0.266051785780841
-0.485840091937614
-0.417795779851428
-0.526056764562648
-0.36185592645898
-0.360542845621029
-0.336561021225267
-0.427718861875338
-0.449709908316897
-0.345176883772675
-0.254758131065214
-0.311073984881396
-0.435834142522731
-0.379861988810942
-0.399655906812136
-0.44555507346672
-0.473393382342128
-0.426186794750136
-0.453237831351099
-0.411113387594473
-0.288867391569623
-0.57483392739692
-0.275376300278399
-0.392513465724832
-0.458286528035541
-0.399638524347931
-0.403438995159564
-0.417666549958299
-0.359840660160052
-0.407389079869884
-0.327734407673756
-0.355152748445983
-0.36638677020811
-0.206066995534215
-0.308218022497446
-0.497370289867342
-0.393088826767305
-0.371410947131634
-0.334980203313884
-0.301151690689969
-0.433921870905659
-0.334519373731568
-0.398322066991168
-0.335230400265405
-0.207043843281126
-0.104018722637748
-0.279072527720985
-0.40609198067236
-0.257936993569978
-0.29359080759816
-0.40213241257842
-0.409867464083364
-0.271765539960132
-0.200882403804219
-0.259328005955905
-0.471122812090246
-0.328907692916582
-0.254362377122326
-0.192804227969586
-0.353979920654166
-0.253530515327931
-0.361432204834554
-0.352685364946839
-0.261338409077672
-0.383573175307073
-0.308592661569453
-0.14624126827548
-0.353555026932286
-0.250745239725722
-0.329111194544705
-0.374653910645648
-0.20076220259578
-0.230317286418955
-0.372443155152796
-0.146283707353307
-0.250503719307368
-0.218908372666135
-0.394516839430041
-0.208589632451741
-0.213976676161252
-0.235319206558471
-0.124950169729329
-0.31164102438453
-0.147669388679523
-0.316048256685737
-0.224925355630914
-0.27680073397074
-0.377298912002642
-0.267458977327152
-0.203207175181551
-0.0471523983465157
-0.303414222313762
-0.260974551557798
-0.251508941771152
-0.293604084691699
-0.261253295860054
-0.172172010677345
-0.11914168729119
-0.319952968796653
-0.169354370127067
-0.148930194631573
-0.314751265982386
-0.232729196181656
-0.231203268202685
-0.163572496338767
-0.219391392555329
-0.255378858072756
-0.237396867287782
-0.30276488122358
-0.254144677432138
-0.360633512172283
-0.0206394237791363
-0.0862461628333182
-0.261507344803339
-0.136099587689092
-0.0795950204957376
-0.153010812093491
-0.24025955977992
-0.104931482760704
-0.183151831452013
-0.150939718415153
-0.0667586119460597
0.00876655306902079
-0.183208443302036
-0.139253044306694
-0.238524313366942
-0.170077002540474
-0.0994341301042744
-0.219569639868986
0.00837313464508796
-0.354036543409006
-0.166108638831868
-0.352595291373229
-0.1289056052393
-0.189182672818236
-0.165239465864691
-0.114291371681529
-0.106216245678322
-0.209384557532559
-0.0832082919867478
-0.077589502788632
-0.171626762661645
-0.259590558721421
-0.114921204588391
-0.280423350098366
-0.173920014252346
-0.119632056003743
-0.166869348367786
-0.0653014713952781
-0.273691884434502
-0.166567730873272
0.0134920067745261
-0.238208721413511
-0.166979587633808
-0.220153843451223
-0.0228587044507966
-0.09699815365531
0.062133559073393
-0.0331290378129326
-0.119829086609907
-0.158529204801874
0.00652409213490925
-0.206540167641141
-0.0384841425253788
-0.170901572963495
-0.115162111744314
-0.0480964202545059
-0.068742317501851
-0.115626305707174
0.0145836176297498
-0.156288796483475
-0.154348529218771
-0.0387674934881636
-0.108239448612459
0.0106697333503887
-0.142999699552033
-0.125393707516278
-0.146170660187628
0.0586847692434634
-0.0238782373232022
-0.0303123424945472
-0.136804609904485
-0.0945968223769647
-0.107208049038236
-0.0925746077432967
-0.0918292111161778
0.0860277255098159
-0.0111286675401441
-0.0299051899463038
0.0739496047415166
-0.155077294412058
-0.135772030177912
0.0256115730777954
-0.0884761375843247
0.0174715178758898
-0.0115143631981973
-0.0114007368351898
-0.10122178070373
-0.0907720897238437
0.0457857305774374
0.0321447515613176
0.0393531960439058
-0.0429469539593561
-0.109792903552309
-0.0134057606268078
-0.0236834234112205
-0.0212169738757386
0.0722647226355643
-0.00526431861022139
0.038807772776536
-0.157991936707053
0.0215515758707417
-0.100667523987886
-0.0943883710461756
-0.103646848713508
0.0783943327533645
0.0445822852323657
-0.0199037014639637
-0.0159081902537423
0.146964861231127
0.0688498917253788
0.127001714816549
0.0672518995859446
0.00583809234301998
0.071918690857803
-0.0667749701561766
-0.123403928006944
0.0778923558600913
0.0707806940437624
0.0156915216799421
-0.0342194549814067
-0.0132037039452723
0.0434799889886843
0.0492057817798882
0.0656386813956942
0.00967029160751481
-0.0310207039298714
0.00118036314986042
0.00808737669708878
0.115177710861888
0.130082223568859
0.127930880768586
0.0349000704264797
-0.0218160034676843
0.0397544066203538
0.0875320869924064
0.215223614672818
0.0742223295519456
0.0924724354227233
0.0349579318334862
0.0711257267772517
0.0971463672778203
0.094172355897109
0.0808579834254837
0.159278098216194
-0.0368646217591466
0.103866564334253
0.144095040870575
0.066273875944083
0.19018227951439
0.178066497277801
0.073933758710554
-0.0100708818141426
0.173003802714251
0.206963995027932
0.0984758765287332
0.118692531002207
0.277573237590813
0.254079088222234
0.0415237855325846
-0.0134859965778796
-0.0438765796610379
0.106399245737467
0.0910994536271287
0.127911568035691
0.11972043281901
0.0578799498716513
0.0528059268039063
0.174690107010086
0.274326846682545
0.127523821141496
0.3121444495835
0.172983705317327
0.0951997403840599
0.245605173220717
0.165419676301278
0.0399084685040886
0.289714503520318
0.25038975551207
0.0645765381819983
0.1874370884481
0.267325376644296
0.233237372918327
0.123007951732948
0.181962875037466
0.219931066783011
0.138169354740101
0.117271430748521
0.0890648739010838
0.352622451302264
0.280117166171086
0.0507137657779352
0.18983918826025
0.207981086684513
0.261168825371072
0.230813702507269
0.122740201893723
0.204502422568817
0.210027639250886
0.315564073035268
0.260118797623004
0.269635989953476
0.16702562139114
0.292558348538017
0.125526634118034
0.184936883234674
0.257422297233724
0.19856972689407
0.281424231127529
0.248960600050936
0.220067763172484
0.157013807177759
0.255056868170315
0.189647390618219
0.239076992397201
0.0451219993240289
0.316066844145186
0.367202422793556
0.281808393240888
0.157656462100519
0.234043047024522
0.305073116639353
0.333781121206886
0.306474627750913
0.132231191026474
0.221351977470962
0.179420346234904
0.229269149707681
0.236088261564935
0.22706619635166
0.285279856013072
0.204647521372848
0.147906715040235
0.219396766146717
0.30626345637343
0.143023147193225
0.220316356347639
0.338085334295009
0.306640653587734
0.197922689690242
0.209588809335154
0.27004244311221
0.380738703070178
0.290528518031297
0.381147288617743
0.267126049567257
0.401351747216707
0.295909873668999
0.405801953896872
0.381104045440632
0.408368486347597
0.194058965526791
0.365902820939109
0.136888086385736
0.380586097701337
0.359399533444325
0.269912814682534
0.347321395942066
0.310747119104369
0.256656217524662
0.306882840487099
0.32492601243409
0.382913188101195
0.312386798269015
0.273355410433223
0.411946390916467
0.306435143958732
0.331666187510528
0.326545407721306
0.103214480562888
0.425839561483489
0.34708833613776
0.425756138424985
0.30215890235118
0.45455735969212
0.206134007272227
0.351312743203377
0.414616201820348
0.291358581419343
0.242853217257318
0.318690719931563
0.264137184136576
0.348628228939251
0.298125778460271
0.400546501962685
0.475112639868289
0.435694747660856
0.457545859113566
0.411064310105715
0.323144508996605
0.30435652033788
0.388336262773764
0.316594719107455
0.547427655105724
0.318187081456423
0.492549381685732
0.553610518530696
0.511770599885087
0.328899119822499
0.514418198652085
0.308793325913137
0.277808330270456
0.350115469946526
0.499985073390534
0.383180539301372
0.312013411780061
0.561430918206453
0.355014793864225
0.403683965122847
0.375271612165657
0.392016618150096
0.267348587590367
0.403838161909751
0.38949487136348
0.351995492288265
0.562680832589268
0.507666506123396
0.378618803286152
0.434345780316468
0.386955685038056
0.435411366180599
0.458965451145886
0.54810999014801
0.509355793306606
0.47866159108634
0.504346792149637
0.581319275935346
0.550318547835864
0.473982390499975
0.618996843426881
0.517377024125344
0.347793290787553
0.404564891914533
0.387979246011161
0.326206356595504
0.49376605750906
0.506966823934292
0.516214871565542
0.490318344735006
0.547284284822914
0.391177010466488
0.423183890035634
0.426484101709258
0.458888348789459
0.568038895125868
0.622462121580206
0.457492631986856
0.590104197225925
0.424102038324844
0.504065194187621
0.462958869655213
0.556187187066241
0.51459859839455
0.448703535010246
0.573204894714951
0.462290347090646
0.604149103848477
0.421696120778858
0.468690749897509
0.546526745400869
0.567701677748602
0.494068014204798
0.524395018833842
0.518582266739119
0.512750970246489
0.272564271637548
0.437068864663223
0.582193230176277
0.394759266838057
0.46269760336798
0.424697101691384
0.607765644224786
0.568664177442309
0.564102751479172
0.511465229693761
0.498638890210698
0.664293392941246
0.47787406768261
0.601086615818336
0.489418088372425
0.534663576089189
0.482747932270446
0.470754559152428
0.517042508493381
0.560974379738068
0.521193433876687
0.581509020579025
0.653100291523714
0.700689553393847
0.575765412176372
0.611065640854782
0.602646763929374
0.682950962203504
0.563136689209828
0.540185489543467
0.617496044998836
0.516979037726017
0.612731225383025
0.761186348659232
0.653519612708665
0.557242800457922
0.648415893835142
0.688022174629887
0.625833693700072
0.471008484107685
0.646345989274437
0.516115563785911
0.661092062999416
0.586971429307087
0.621684833191456
0.738020093508346
0.466350578667915
0.61381384038329
0.56553743705237
0.617259324915779
0.564082233739659
0.813915516487828
0.583549837366715
0.55120981021277
0.607564689439797
0.799503944767817
0.609859060000538
0.582507146109098
0.619593946766417
0.742030825681373
0.61457170224003
0.566705965926242
0.632707657785771
0.62554086790239
0.786699730659576
0.795296019466798
0.664808505353949
0.892142730298977
0.711230765503025
0.563181742045923
0.604077617493075
0.780841953664037
0.748262218664119
0.688474737489017
0.661584296093632
0.63236539713456
0.728984112185902
0.782304049149946
0.967501391526459
0.828289314398196
0.642799783410378
0.724472679708117
0.695195035782947
0.699364258631527
0.717786530300023
0.683849938084335
0.662498621894192
0.72255829646691
0.523039329594069
0.728585942592417
0.656916842021683
0.780345335513469
0.765414698251602
0.688183117089006
0.597134286619234
0.777401422351364
0.901566872767371
0.835544603309744
0.579708644931409
0.627120246376588
0.729785729919623
0.651070945177496
0.658967120946722
0.627851652842385
0.723779613237342
0.615776905529049
0.814710499502712
0.664603854948134
0.797187331449553
0.76974256892963
0.706593371096048
0.780890223502575
0.781362172688323
0.556738754457254
0.576216753181005
0.65815492535429
0.668281476152163
0.869257141230858
0.766028782022826
0.880063268833253
0.833377441776407
0.748597676850961
0.791765213325141
0.874273997286184
0.852042145171495
0.73253125955742
0.775253677726607
0.72083392704162
0.916932494999567
0.752927901442582
0.881786859296128
0.877586781100122
0.793556356676373
0.887739895178743
0.85039051528681
0.868511280041147
0.826814640775358
0.870746364241536
0.809146850965378
0.977255352004899
0.704472749176886
0.765433919651515
0.786174489881912
0.883495354268718
0.940851931413726
0.871092199896548
0.859813420087038
0.893534660017207
0.672465345424652
0.796603272968443
0.866328218053157
0.747181050725425
0.686520783678093
0.989974907830607
0.893111403558729
0.737019203196524
0.97114975169086
0.765283844568769
0.932097720717606
1.04486288140374
0.84450653370626
0.937238285361948
0.604273118699207
0.879594971140315
1.06185425217979
0.817607157580909
0.853095172671654
0.898732586784816
0.906418000214342
0.806133515056652
0.891604848860824
0.963585477633888
0.943740190181376
0.917754935339841
0.956521438773937
0.785658224482124
0.892586088071763
0.956479147876321
0.936979766852564
0.833660902025633
0.804910530354072
0.899980808288209
0.841813530231124
1.04319187771645
0.925810475555903
0.941227865519377
0.964099177546857
0.870244613403979
0.826255138902003
0.913526986970752
0.957558634476933
0.853054275513574
0.907085917681
0.905982149426189
1.05102889397217
0.842475420185388
0.828431249444728
0.897974204847674
0.959340100059291
0.713539561603277
0.96999217610592
0.846873754029867
0.888207074316287
0.917774853169384
1.01537608008932
1.00969581564918
0.987603969453531
0.855059288009463
0.92589928106521
0.998222161759048
0.791866018083402
1.01167049419344
0.928268810818814
1.00151163413286
0.891015243191767
0.827189949590427
0.844996421484958
0.960014587381458
0.964845710542205
0.861074002129553
1.16557113310756
1.07898281071909
0.940096457489072
1.0741278986085
1.05673904776391
0.850862258155536
0.926679928717187
1.12271164665403
1.1480707478307
0.981196966670537
1.00300634508948
1.102633541158
0.997152002649856
