-1.06652990323807
-1.02146583908783
-1.11391564603497
-1.07433632605838
-1.13552812562373
-0.848781651389368
-0.800915996024927
-1.08383663529547
-1.009416304724
-1.05622061412747
-1.01450868221863
-0.964191839574374
-1.09981676355707
-1.0808794215969
-1.05386426017299
-1.04140561323327
-0.85456746076074
-0.988906267521759
-0.86307338734723
-0.860160694033795
-0.933189325254689
-0.946450964280709
-0.870520512068692
-0.882832538693573
-0.901547374745208
-1.07451921798998
-0.946991758938792
-0.925309342869363
-0.702873833107773
-0.872619625732379
-0.943702524716702
-0.805001216801384
-0.874535775714528
-0.978703849626808
-1.00723721581585
-0.886153486270328
-0.878889714937919
-0.85394111705248
-0.965724911436044
-0.840843278449366
-0.847614179997881
-0.991368058332308
-0.947225350106479
-0.919506842892929
-0.931057385887559
-0.834555176462002
-0.891705476008778
-0.952801252940675
-0.861129607225036
-0.980811334416812
-0.705841961431185
-0.953884800433755
-0.893860557084709
-0.81664838580528
-0.83405668867148
-1.04068916971158
-0.903866882256056
-1.07385815101522
-0.991933190879049
-1.14840818038028
-0.947132390204028
-0.891797535733077
-0.811931278948969
-0.866390725042885
-0.987141993140561
-0.906269098123637
-0.772437132873826
-0.936786231068351
-0.880994358116227
-0.879072253089985
-0.863740052988541
-0.785972100057568
-0.733850249515838
-1.06262088630954
-0.819451614689954
-0.734909094944477
-0.765116051360209
-0.881110575014246
-0.940899215419263
-0.590007421986759
-0.71998420927765
-1.02479084733961
-0.687693355491807
-0.806322499153665
-0.882412299804282
-0.868863612271445
-0.774638686128519
-0.740352430122416
-0.847823260052447
-0.709540129192804
-0.842621432249115
-0.806452007678413
-1.03415116284895
-0.738501483105393
-0.954380822137391
-0.752501800493713
-0.740815580958892
-0.656131305997085
-0.707478596621685
-0.969493919005395
-0.712324269576672
-0.844771602314787
-0.748037560128716
-0.676529654629966
-0.745733059591271
-0.723243795769433
-0.808492105882999
-0.843395325962699
-0.71305056176795
-0.757052868851582
-0.717194760401096
-0.85358364582474
-0.776445897396325
-0.685293956929272
-0.680707020509331
-0.724823523472281
-0.893992631670715
-0.825130861501829
-0.728453302132502
-0.848305105339309
-0.738272709819629
-0.793653723652165
-0.750179967382865
-0.731862435703748
-0.795260902969043
-0.641636436780361
-0.814609930098731
-0.857594214994233
-0.776325005441071
-0.576119200971929
-0.721039140653135
-0.673438997640911
-0.788254658264347
-0.626030791315842
-0.648024731667741
-0.721465204047043
-0.621461745117088
-0.720445186999475
-0.802656443124744
-0.73326492138022
-0.874038848953024
-0.625910339442102
-0.668853089825332
-0.512090888524215
-0.657785616788968
-0.719128688384189
-0.688271616539728
-0.737148754646506
-0.762074363093771
-0.700877961758484
-0.733693629450609
-0.535673226023029
-0.683648806833372
-0.650217285408182
-0.692583070136346
-0.755145966185632
-0.702418914634487
-0.524577146913996
-0.706797216526827
-0.807469645829681
-0.706776873979086
-0.804198680343735
-0.840879585251067
-0.819195249021687
-0.602060060793641
-0.516179389908958
-0.828605430642673
-0.683697105017754
-0.716573852734852
-0.739489896128384
-0.576300712648336
-0.719020997814722
-0.56486103541861
-0.66225112129608
-0.650446969065329
-0.620693694565157
-0.566426932984174
-0.696568609119677
-0.673186603434699
-0.695777376295991
-0.55675957251175
-0.496466748958081
-0.713618201301818
-0.571875918521126
-0.662887945770307
-0.700374410149216
-0.719222317945856
-0.62919945889371
-0.688407382769234
-0.670748916680569
-0.604213075761448
-0.5793340405854
-0.673733542656301
-0.642566907466266
-0.731728001499181
-0.709865203717483
-0.584750724485284
-0.667983011825015
-0.630838006162096
-0.620124383273522
-0.642035012117799
-0.649858485550443
-0.604941677455192
-0.623824191021797
-0.528199525832292
-0.443989562464822
-0.469446149532965
-0.633042000686525
-0.600136530510432
-0.66840870118416
-0.577566023812485
-0.66935365759075
-0.565120962452679
-0.642899832912065
-0.586710330829379
-0.685146097032816
-0.492655401016654
-0.576003641347535
-0.622107567926605
-0.456061221005979
-0.555013754748502
-0.596872796710106
-0.582210318697543
-0.495119549238749
-0.629241292324505
-0.533773118165017
-0.510445461098823
-0.462056008101298
-0.396225862722368
-0.573239754037631
-0.606960697531984
-0.503331933633222
-0.714842061674501
-0.508525969763161
-0.574931952889861
-0.534913312799719
-0.376534693011215
-0.536731117959944
-0.492163635910335
-0.493593368386102
-0.515796296624801
-0.565224693533398
-0.665888376955624
-0.610427253115673
-0.542089891577012
-0.488592796842722
-0.708407821754658
-0.492789467707229
-0.619807874963228
-0.559472218363292
-0.4524526162596
-0.54244555239506
-0.419792684483166
-0.391023001855119
-0.464471521739074
-0.639698418299577
-0.517770418314575
-0.422061261388913
-0.522275962249725
-0.525394500021741
-0.532780789493287
-0.473188007574991
-0.48591213312844
-0.489870101170434
-0.620967460082254
-0.592170976129428
-0.490540373812531
-0.468930331253843
-0.46973065421805
-0.521832799603306
-0.700308934600971
-0.431142714101429
-0.484663783988342
-0.387841943509234
-0.379571727971778
-0.418954387185685
-0.523151828257233
-0.430656536622825
-0.271979589263246
-0.521376711844034
-0.308062015750523
-0.497234686568694
-0.418932605812731
-0.571273976831118
-0.476444232720538
-0.43419625340889
-0.483707048058324
-0.463574156294248
-0.556805615774612
-0.281397813199272
-0.535175272873295
-0.465958250345732
-0.304094443034012
-0.467472723453766
-0.407927260518013
-0.518908767970466
-0.357913684254647
-0.344738625363317
-0.327418957092897
-0.424462169186669
-0.452980071055696
-0.343630075311025
-0.269687594730846
-0.31649935343749
-0.425842824892231
-0.37648279713028
-0.407070158804544
-0.423775930024541
-0.472578334675924
-0.450138209424551
-0.463344156145131
-0.369969459987622
-0.308958318618033
-0.584154691887326
-0.282080535520904
-0.384537891481208
-0.425846214204727
-0.3930114715739
-0.396660425513331
-0.432607530356904
-0.355779065477829
-0.422087654641052
-0.321559041451705
-0.353609446272332
-0.355702377111616
-0.200673225095109
-0.318955845092408
-0.513403854561679
-0.422524829921166
-0.388058927834256
-0.34453477565464
-0.314259987211921
-0.418157060926552
-0.309821415741711
-0.407518732186501
-0.339448484042299
-0.208534746609644
-0.0985440688052083
-0.288695733909558
-0.384522098044323
-0.228083659054606
-0.292628963926904
-0.413587865205814
-0.418185821555817
-0.279466636840062
-0.187961976731297
-0.274621265398666
-0.463216492455788
-0.327224100147218
-0.266189161460818
-0.179726549276562
-0.370863881648066
-0.255927718513728
-0.358111283042397
-0.348385650026198
-0.256329686897831
-0.373569647601029
-0.303475933585033
-0.1559026589746
-0.362466808375904
-0.240395833647422
-0.320051157929542
-0.39664058344383
-0.194359414161796
-0.213514681446092
-0.376058817101008
-0.125071700677363
-0.241079421550342
-0.231536297918703
-0.396567477383131
-0.215810186093838
-0.203262551748499
-0.22788219722673
-0.111442902108043
-0.313351572481783
-0.152694200032058
-0.33542474938462
-0.211593259563088
-0.263251552961927
-0.39497364217254
-0.274240859025042
-0.192326212344189
-0.0660166021614607
-0.275328682241335
-0.250110853960199
-0.272573108092989
-0.299704740179998
-0.27163421879128
-0.181214020104165
-0.10645229599758
-0.302399661573595
-0.169591425177392
-0.153296827341889
-0.291885587069672
-0.197363314732635
-0.262102670777405
-0.170789814716695
-0.224594578906474
-0.252533875872079
-0.230574990888407
-0.308812648790602
-0.244766753164499
-0.345807256296556
-0.0168619155146811
-0.0938350539903697
-0.256148801971188
-0.143613979196307
-0.0654452840710272
-0.168074445077789
-0.217909745045671
-0.114691724389121
-0.180229221661688
-0.171538237919024
-0.0607065177451612
0.0134099554220344
-0.181760228165511
-0.137205070511853
-0.248582276347503
-0.169478438728393
-0.107203304062639
-0.245929276153917
-0.0152865949666198
-0.349672868702135
-0.197903771394871
-0.348030818969127
-0.132829864115383
-0.219068358962055
-0.172770783116209
-0.0856571433303134
-0.104647726213005
-0.218971087033044
-0.0846422203307482
-0.081289159120427
-0.146833937969518
-0.283317066725937
-0.100595741777176
-0.265597184488126
-0.167755670157443
-0.10292040795362
-0.163027274488086
-0.0635016707935516
-0.277036104095289
-0.194631583389763
-0.00457142669134215
-0.233229614189424
-0.153488874001309
-0.240206792683363
-0.0258739479433502
-0.0792040911578633
0.0866817337433356
-0.041160263059171
-0.105095815479204
-0.156936545623145
0.00479143878341893
-0.18928082517026
-0.0273027401252206
-0.164841487668629
-0.125459180554042
-0.0739685100068417
-0.0693686489749611
-0.128528687866022
0.00420540254044187
-0.145134834491955
-0.167644820919263
-0.0344296796178945
-0.114260385548391
0.00925911256522974
-0.146305959095224
-0.125791972464488
-0.153632370480031
0.0325205794178151
-0.0321753939808301
-0.0253292556667256
-0.125888082388479
-0.106517170930711
-0.0839573038439472
-0.112851913759633
-0.0824859677015671
0.0904127024454031
-0.0174783132377395
-0.0295408877468343
0.0737476905447707
-0.162805103124169
-0.120312257973958
0.0142492568300277
-0.090560890361061
0.0126722620661279
-0.0115628372521307
-0.00753353744626338
-0.0944604645497364
-0.0815953334591011
0.0270357343093315
0.0382908847498804
0.0275218322207548
-0.0553881273874863
-0.117967204622637
-0.0224430358927144
-0.0310274592177837
-0.0551245480357378
0.0891310933044081
5.9445612672145e-05
0.0343560903410137
-0.183534406419764
0.00347197952018454
-0.0778044238305336
-0.0869017708907286
-0.107867323583304
0.0829341973242325
0.0571425697041415
-0.0321458137486848
-0.0279313832475243
0.163230610288229
0.0961367369979295
0.0955566859753876
0.0487094909534568
0.00142046155142463
0.0703530293570124
-0.0702410825343378
-0.105666734987357
0.0748848886738821
0.103970376225352
0.024319670578096
-0.0452208398453695
-0.00703606151971638
0.0664958954238442
0.0348169205889822
0.052337096480944
0.0056989656572129
-0.0174211127373182
0.0190521662033953
0.0142194024605347
0.0994296386005336
0.130303652816322
0.136128729038247
0.0557750497615988
-0.0055335166780757
0.0306597720169943
0.099903577404574
0.222354654447424
0.0869791542497303
0.122950577293983
0.028210533324853
0.0660373461187272
0.0871735360247693
0.0789872396889751
0.0939062923372835
0.155148527968911
-0.0492297666202159
0.11642406869738
0.137752608284562
0.0417832238487425
0.208386642222262
0.201247066174905
0.0772169762817772
0.00450460632289198
0.20662976013626
0.171078931244612
0.0981228377920948
0.121062596048525
0.275044285701399
0.263378144318744
0.0529241004983408
-0.0125627020554128
-0.0522153974805704
0.107246369006824
0.102710628142509
0.12743030934074
0.130581879920328
0.0533873077134562
0.0429400335477342
0.179278980171218
0.262595342193789
0.10679652864112
0.283045185786465
0.149498925243957
0.126045415893596
0.254549927252264
0.154810153206236
0.0467384937539435
0.306052596978582
0.249220580485448
0.078052024727547
0.191922291094417
0.259143088083149
0.252045847908316
0.110603988430495
0.164867571468689
0.22429117786845
0.120801882223839
0.122051022826921
0.106056379816166
0.356084193183936
0.271378098200739
0.0469002330606376
0.191696223169897
0.187038024849455
0.255749269228029
0.212595379190103
0.115013019597377
0.19114180657775
0.188982834053225
0.320951837122031
0.257491763045398
0.277768824646176
0.162546128800786
0.281057289402698
0.175513532478653
0.193509879650411
0.243236780644633
0.212817450798353
0.284906338624927
0.241300517771067
0.224272770609014
0.167131715454434
0.250875028250603
0.207064490467649
0.214356104332528
0.0355743428127752
0.304371810327844
0.348584176886669
0.256262930046156
0.139101811587568
0.236485262628614
0.295050090751179
0.324872146859393
0.303881112307271
0.132269073636662
0.185121373017038
0.181873844572206
0.232352855462688
0.218181386338284
0.21854014442855
0.269565394527994
0.195923979374737
0.142294402856036
0.223818214597738
0.320584160407875
0.181842897306889
0.242678035286225
0.338960932203556
0.287202846249561
0.194227620446
0.203563293681233
0.265288812406386
0.390297345534977
0.27347404005007
0.369520258356606
0.282080919573439
0.402100744791241
0.28398649777277
0.409854364189827
0.366493790149401
0.425554976947001
0.179749812961086
0.362266928822344
0.137612622626537
0.361980573213492
0.353813357208454
0.280468024015619
0.324032081757009
0.302581996451756
0.280808566293919
0.293212707923873
0.304513894512586
0.387424071375207
0.297199658977997
0.254959141649026
0.40304507319355
0.295038881568188
0.34902468843891
0.336763281343243
0.125678336815973
0.43778119930406
0.353428701272542
0.415888317666205
0.305392117508223
0.460584749795704
0.235588762627889
0.34372264902853
0.399895415075872
0.298747654499227
0.221574061234467
0.31635208345574
0.246907059910485
0.373934794943598
0.301070690502942
0.373483156025344
0.48360229449657
0.449196180153632
0.467125622506876
0.421804487194448
0.326200814750377
0.291989776557707
0.389627253700509
0.308008033212141
0.527779613804519
0.330088947017253
0.487853666088828
0.54898729181675
0.496472785820521
0.336420672857869
0.536975264687247
0.332670582035856
0.245042107539356
0.350360688043693
0.498919159680023
0.353117639676135
0.304236875201774
0.554117478518332
0.379108384942926
0.39041231619737
0.351656396576505
0.370061737256102
0.264829686222408
0.419110869847014
0.391046700076365
0.356628034087904
0.568931462680043
0.49781551606327
0.380268924154205
0.456537810037412
0.359398831465945
0.446118966725919
0.448195341510339
0.528780253278521
0.510767531635234
0.481296802483033
0.494212749001578
0.563859629248012
0.550388337859476
0.475489292563469
0.634685525150099
0.523840862777216
0.365064297270441
0.384593677038205
0.379233698942117
0.336402781535245
0.49726856032185
0.499406677079085
0.512677527756294
0.500914730367684
0.548397117285495
0.391970079857786
0.408460706477337
0.404692899237714
0.445258425838901
0.559813165898233
0.64144970801422
0.443717682992314
0.558375460334917
0.421568571596719
0.517040235880371
0.482281807918285
0.57329688822782
0.507200934432898
0.444242711026084
0.593583536546778
0.48300842245303
0.601898568918112
0.407551375664078
0.465033840897772
0.514434385029012
0.575899055707443
0.500197177285603
0.527964194445684
0.509744981909443
0.494885367381548
0.279683920639806
0.454541660880344
0.557210714607055
0.398833198372843
0.475524517355231
0.422776834113965
0.604128403273352
0.581463228095888
0.562321724315465
0.507562059916898
0.518572525268031
0.661428953175008
0.462307105645593
0.598450512006819
0.500056289032756
0.563357136398944
0.476523172901364
0.489240043154269
0.501074465241237
0.557530065898658
0.517404940147784
0.576774371322268
0.662853350075531
0.703878888655144
0.571590852377651
0.612653431963737
0.605821838705422
0.678716617590468
0.558515504531267
0.544988320197822
0.63524012670528
0.527743607422108
0.596683766189785
0.766166401594214
0.638364506556392
0.545870194204421
0.65254292527755
0.689043041705019
0.629830635977204
0.460261871986498
0.637062333774337
0.511085088857433
0.653020285021861
0.606329983811745
0.616482285379309
0.732917518722651
0.479729381811887
0.630812167712257
0.561875185930803
0.599165679825832
0.572780634420351
0.786928519519983
0.597877008525561
0.52747178266225
0.612175717312835
0.810428453645725
0.615237931053989
0.559215164285452
0.636292973943886
0.743300917439066
0.619199332430924
0.570593800629184
0.641367466016495
0.644203339600948
0.767961828654046
0.779691479890692
0.686653959863791
0.898887788377072
0.730313146824485
0.546317831469442
0.618830240735685
0.772085204441312
0.757258629221871
0.688137404606104
0.641500281856615
0.648522590246504
0.737165750279325
0.792891681358024
0.978246992347156
0.846446861752636
0.656383237595468
0.723301056459206
0.692049400972517
0.69816758641158
0.718691083390989
0.683191746249815
0.639955140524099
0.722532602437013
0.554791707557618
0.732515403058937
0.651789687731145
0.799165050991943
0.772419380923841
0.676131425357604
0.610672989155158
0.752536248701376
0.884172611394063
0.818374722759646
0.578229425307783
0.630854888964441
0.759773280490371
0.664540144040343
0.674963638779017
0.631650315731825
0.722923990387807
0.606462966051507
0.794277629881838
0.645812600103694
0.79556241561576
0.745164542674385
0.726625086915689
0.801815226384813
0.797770405857516
0.552472262953425
0.569083559452416
0.657625184213894
0.67195064677994
0.875057802592635
0.774347789954959
0.889983901934151
0.828869731389323
0.769933481700657
0.803614456489036
0.862580574925875
0.841947387315915
0.735197501203352
0.783777042794811
0.703336801994863
0.933489853813218
0.774323024786974
0.893188636660561
0.872222345173709
0.802105748383309
0.889563825159472
0.839841392566479
0.859722355760758
0.835947589464174
0.87630776272366
0.78882417442031
0.962783729629312
0.68404545897243
0.789082854618217
0.800943268483649
0.868114866700205
0.934821389646842
0.885390713305441
0.858082707557038
0.910852201410954
0.707051782287909
0.785307827088578
0.892265959356324
0.752597171220276
0.681051874595225
0.989563688484921
0.895497416267156
0.732130697458377
0.968013174185393
0.753325063059387
0.935257796118826
1.06752178407071
0.845588804133269
0.947656691139657
0.622978478234942
0.886384454576378
1.06148800826155
0.810678024521287
0.864155983046116
0.861581084188846
0.916067147740235
0.820545752070212
0.87374171767423
0.969897367721741
0.935351443737429
0.908944485488183
0.955422699215758
0.757075746503422
0.871959850481961
0.985744065435714
0.910704340788378
0.823460835069093
0.796164194776934
0.898489057783723
0.841038843777988
1.02663286932187
0.900840047621974
0.934412087510153
0.945933692504951
0.870122934919248
0.83031850542262
0.915566754007055
0.965561611048243
0.845608051656182
0.907587035558614
0.910111899144031
1.02385342799936
0.819675323482505
0.848322459421411
0.903553304091383
0.951300290343925
0.735166180578572
0.954991581929764
0.840618521391624
0.895971366000046
0.92657532580755
0.993429199736907
1.00806065386488
1.00069595112429
0.870751342858624
0.920170681259999
0.991028771981302
0.794263538700654
1.00629527029892
0.915387003722106
1.00175435383753
0.902504598663837
0.844294201492337
0.853734384869923
0.963054695448874
0.950136112229142
0.853212247757857
1.16033013720089
1.08511627406078
0.931433617328131
1.05518585017528
1.05332716028129
0.872038047434565
0.936066090274165
1.13501812922018
1.16746309264596
0.996411361199436
0.992753340757976
1.09639645094736
0.999165513648412
