-1.11241895694304
-1.09990794379458
-1.03462399826355
-1.07272396416606
-0.976801562624387
-1.20031630664758
-1.07958122988641
-0.90675537269284
-1.02329579037444
-0.840521965150081
-0.891769796087456
-1.07947846111607
-1.02196726100782
-1.11823295620283
-0.962127499230078
-1.06631132633749
-1.0185527132652
-0.851680595418993
-0.914806682698055
-0.890208357781695
-0.906750798852341
-0.86550634157223
-1.01679098286289
-1.01223039891126
-0.982350371637184
-1.0464528989153
-0.87007560565276
-0.880167320527076
-0.852924192444509
-0.893358197667039
-0.840374494997509
-1.00075366876932
-1.00404456323991
-0.820485790460371
-0.920851353973669
-0.944810203175783
-0.943259354744761
-0.985878061815753
-0.834593656903794
-0.948479420391654
-0.961451373900636
-0.92314701450982
-0.935887194917505
-1.07412231608882
-0.734465790273389
-0.983575013517452
-0.895910116396813
-0.901922838338423
-0.916718509444446
-1.02567692967451
-0.739529606979668
-0.912153897241504
-0.899641516731881
-0.923072101337742
-0.896083772833346
-0.834957374029698
-0.930300445367099
-0.740284916541068
-1.01090625173158
-0.819510668276055
-0.930553835614636
-0.803204075858618
-0.823779440748933
-0.879610772140554
-0.732175474214607
-0.872251009513751
-0.922987106983595
-0.813839983098814
-0.79596461488522
-0.768204295358981
-0.843228705761332
-0.796722667637705
-0.925993485877292
-0.80377091127897
-0.86881805936415
-0.837183083457884
-0.883588744850632
-0.746190752697074
-0.883274126636756
-0.868495816925397
-0.945642874207568
-0.931070341957864
-0.866391459409832
-0.89093938972423
-0.694930328976727
-0.941992640607919
-0.815434711479089
-0.88450816772963
-0.937433537061023
-0.778136312801751
-0.84775119204259
-0.919298161902905
-0.94551539093213
-0.646854421137413
-0.804537878011232
-0.850051256387786
-0.745788424826374
-0.844372380109094
-0.888051626842054
-0.799850678221454
-0.920764990440567
-0.809037617543296
-0.730557725152253
-0.893908198126387
-0.733617732432388
-0.854343609802722
-0.843242819807102
-0.8065866069478
-0.752066660603116
-0.784769755366838
-0.729420153718503
-0.747429945589088
-0.663234419933914
-0.8173864783193
-0.707622342770354
-0.788425099990327
-0.841480566361885
-0.721572754976107
-0.663317305181124
-0.779581147513612
-0.711794408145097
-0.894967487649315
-0.683101213516832
-0.714055489192723
-0.688379736110563
-0.860860058609297
-0.77562006747283
-0.705563142690166
-0.821801181637312
-0.775621246647271
-0.664824511336844
-0.813634862241063
-0.697590222282153
-0.628191507394416
-0.733185411179263
-0.711319937340102
-0.770137986785776
-0.866802192349687
-0.723761263285752
-0.849347264277885
-0.827478951623601
-0.622745262112292
-0.64538639801353
-0.73690926716158
-0.613272562651483
-0.686558433495875
-0.539903198151025
-0.435361990631459
-0.645053424857937
-0.686448274567674
-0.638848921235739
-0.655815130937993
-0.736850300494383
-0.500887063778395
-0.578668793203573
-0.542769256864334
-0.656750830310377
-0.443393537707253
-0.759350261604859
-0.755732647699608
-0.593017482713692
-0.604192234527715
-0.579011257193088
-0.611336859599314
-0.680514459688174
-0.680788633204523
-0.749511713920218
-0.681366589573907
-0.640205783790631
-0.62724488236779
-0.557285315189407
-0.645392167045496
-0.628161052847203
-0.61767174543336
-0.61682034737363
-0.703866886257244
-0.68399214646314
-0.657237786161848
-0.524819620102327
-0.714052691064238
-0.634487897187372
-0.509311325255063
-0.647993332552787
-0.642650440366893
-0.497640587846459
-0.50285584724853
-0.69283156454552
-0.70432526605044
-0.602695291816395
-0.675607472588655
-0.610377063091676
-0.550924387188717
-0.643112959070462
-0.705289521353158
-0.63335357927767
-0.675322603883601
-0.599785384290799
-0.815200685009047
-0.523954468394537
-0.572344822069619
-0.478340884392713
-0.651497261376274
-0.476266376751679
-0.58278970672935
-0.691034923942588
-0.567038904332906
-0.588554021294762
-0.533943740846535
-0.616702069533921
-0.498395970479644
-0.543463464819076
-0.578295779306133
-0.648692944129516
-0.420374370850696
-0.421243021384322
-0.638550604018356
-0.649274716452468
-0.701084515598429
-0.547766833608873
-0.514665422654201
-0.571664352462302
-0.426375372353615
-0.474550596073199
-0.695419249623337
-0.442176552001734
-0.72964945329083
-0.423192543905643
-0.582054904510909
-0.590065828842804
-0.510188596297868
-0.453992790685176
-0.571718279380568
-0.564756171540333
-0.653808065123337
-0.655854748667754
-0.603756763790268
-0.451916117799492
-0.486225926966505
-0.560234492984077
-0.35301240295862
-0.444291328920546
-0.605450801440625
-0.428757356523704
-0.444473224793858
-0.535007561553871
-0.526285436818562
-0.479227832740657
-0.515975914408993
-0.395550003048528
-0.525594615858991
-0.416654955748194
-0.46815643700287
-0.464687649020817
-0.59633198720602
-0.645859342812862
-0.516127447317337
-0.494431651766786
-0.448130030039228
-0.428572013480018
-0.513393060681215
-0.467111652395251
-0.52898817974399
-0.454306372059485
-0.519583498561574
-0.460649126992256
-0.320799393960178
-0.57833362386231
-0.420205844246733
-0.584252260182384
-0.61267481787499
-0.32698423548635
-0.46119582330176
-0.464936308978822
-0.40439614481194
-0.390016774410614
-0.449631207315636
-0.49049376512513
-0.391143295466338
-0.505482225937866
-0.414616052897406
-0.51899347412358
-0.384228543031508
-0.313802579956857
-0.489609922426396
-0.387994344985481
-0.490898765222223
-0.39430419653818
-0.39766782345083
-0.486974150158937
-0.346790471836731
-0.446423577298165
-0.348842972932118
-0.4327321431557
-0.407319184304629
-0.542324517924096
-0.630728291789128
-0.515897525689872
-0.380528267352101
-0.322326928651941
-0.451503536099028
-0.423795673658919
-0.464431381753738
-0.32045271557445
-0.370974277769513
-0.390001419955878
-0.340531174982891
-0.456404369697101
-0.432453216967036
-0.332834052901871
-0.33051863840128
-0.352216246193795
-0.437888732516787
-0.442723494864819
-0.395164309869559
-0.332840271762512
-0.39453676781185
-0.225346690316615
-0.324050868433377
-0.243690288488667
-0.319523155252437
-0.334503854660719
-0.269381753398917
-0.373923500808795
-0.177947358255536
-0.304562423986626
-0.375354930533187
-0.320349133576434
-0.250895591581516
-0.229796561873779
-0.344383971768098
-0.248065589302512
-0.313858204043763
-0.273457523708649
-0.332748073385115
-0.342543537078846
-0.484397299106325
-0.32582282841895
-0.222588855023919
-0.408173002054415
-0.446540804081622
-0.221193618305194
-0.417027883368782
-0.278626928594753
-0.303880916356161
-0.31664187215842
-0.356179435731199
-0.220029963336819
-0.274039440553362
-0.279243594197982
-0.419657030016994
-0.238580238050927
-0.283416977001612
-0.356147257782344
-0.422360839609956
-0.468295373262434
-0.1680204194086
-0.254228843034876
-0.305203359954913
-0.183798997293661
-0.277020412187011
-0.163833051936874
-0.286813480707196
-0.141755721807012
-0.320744520248388
-0.374522202899323
-0.308241332575686
-0.304141317387258
-0.0855221747724788
-0.240369156022421
-0.203551276845111
-0.289590535040484
-0.295688889047737
-0.28736440023537
-0.0764453340375301
-0.307325305725464
-0.151251930969044
-0.496811502256839
-0.241603916195858
-0.0907470431756415
-0.0873218131122061
-0.40265525338238
-0.271547115582182
-0.0400534110169156
-0.327790193228335
-0.207479058369617
-0.259129456139913
-0.0566796537760181
-0.242497880624206
-0.238024507532992
-0.205045909557093
-0.183646459466702
-0.162772070966313
-0.0815609866614619
-0.273661526210827
-0.235126555537528
-0.239530744510125
-0.176036636561246
-0.219324349287044
-0.124949036412422
-0.217638952821308
-0.157628297109029
-0.15573552478584
-0.13654025243875
-0.215605870032352
-0.131664929333225
-0.100468367367351
-0.203039537602425
-0.309657870942656
-0.152833348003748
-0.0323534587055136
-0.265464880104125
-0.332136186573318
-0.200593526843679
-0.0958322257869296
-0.141260969124149
-0.219683214821814
-0.136739872568347
-0.149053366873692
-0.20680772550358
-0.07041101759018
-0.227545677385758
-0.0552777415590854
-0.240710197619516
-0.111259670967348
-0.310933799303908
-0.171170347087402
-0.0933853720756839
-0.196542766261262
-0.0237157983652214
-0.129569037877884
-0.149389864392424
-0.37816417307169
-0.121971422122019
-0.0483249308748498
-0.199294505141085
-0.0189534856752782
-0.235765258945229
-0.0679045625240674
-0.133553268849178
-0.285553517572328
0.0617856866686448
0.0262318503721149
-0.132134718908893
-0.102499474234567
-0.28457398584403
-0.0430662485795656
-0.103617543294725
-0.15161592788862
-0.228170705998759
-0.100390072341431
-0.118696807861175
-0.124363340983617
0.0396964473272779
-0.0542990216156547
-0.0984109060297957
-0.0967193860093571
-0.0337521208969466
-0.0111542264613618
-0.0882537543329164
-0.0712185642899506
-0.141799378264783
-0.0428894507692116
-0.118871133362827
-0.0718739959431168
-0.0725977296592535
0.0405701338091811
0.0120065081208816
0.0618030079572925
-0.104863108790855
0.116044071396968
-0.0576692443834607
-0.142126060647345
-0.0200610258341936
-0.0264350927817794
-0.138470268671194
0.0093155406028661
-0.0436383722353552
-0.000269414235059734
0.00595940040097876
0.00181947728609483
-0.0277999588879379
-0.173505739884041
-0.106346325411589
-0.0620352935356665
-0.00328561772977496
0.00517428187139691
-0.0911482838036002
-0.0561418941286611
-0.117200774031673
-0.0222185049750151
-0.067148566230512
-0.141598494387164
0.00182380751531307
-0.0178051863369441
-0.0162185708424749
-0.0162401502094433
-0.0710449683873475
0.0398292962809705
-0.0924144220950189
0.0392531250891924
0.036274671071134
0.0128388441268071
0.00529137097274118
-0.0247062373529662
0.028686807033512
-0.0388639585778443
-0.0919280805773905
0.204320737179764
0.0123223254793127
0.0350690634718393
0.0764266414234534
0.0634964361316274
0.178574716122669
0.0238420839088757
-0.053326608756065
-0.140267786030219
0.0736880005899349
-0.154907127762077
0.00630236732835346
0.0949833742530959
-0.00251029131735799
-0.0534230891188793
-0.0173791233418997
0.0842314965460217
0.0356515774086626
0.124960307405306
-0.0301774083478151
-0.0463333257354576
0.113994790380031
0.10345388488486
-0.0295536683473353
0.02389990381906
0.00827567405699414
0.0937113988641798
0.0595339522596532
0.0957155263409885
0.109142271414685
-0.102817589648626
0.0147007179182175
0.130134406355661
0.133229012546001
0.0288763704049059
0.0981406047408959
0.13422833634344
0.0878806206044638
0.149320546888052
0.113574197395703
0.0955362070193169
0.121003481333776
0.0439006718524148
0.176217276564478
-0.00232939925988478
0.0291805244010365
-0.0324253884056905
0.0742561900724757
0.0434882679856004
0.125600071179534
0.146491935153819
0.108695354292834
0.135359430185552
0.0325644162279745
0.163443329511218
-0.0440893128059339
0.147389259299342
0.084309612288691
0.144242476697128
0.0721749917666155
0.128530452613801
0.117013411330945
0.221478654662436
0.243324196694559
0.177129161605238
0.242419144738675
0.109202417808343
0.151034580424497
0.291408141630337
0.0298352844449352
0.113010768576146
0.188396908196594
0.254316868402142
0.275886717063766
-0.00697091835476822
0.12071063299448
0.228104169633023
0.187534724887501
0.199931798863028
0.0463901910995417
0.0444129764103513
0.191617677925611
0.301454889010084
0.0884441066775133
0.223738294538935
0.127841305903102
0.210296950187149
0.0743253781757436
0.140937533721672
0.160955981436348
0.336109569970838
0.360626376274236
0.0292144304280214
0.124092156872237
0.294814243441111
0.146700502061421
0.172895261313215
0.198713549232252
0.1764998958992
0.213757502352372
0.105210213920522
0.326251189908742
0.151505302857179
0.20449648014605
0.360461691931758
0.156769845791165
0.357095870844236
0.378047060306593
0.202152688219667
0.206654643754243
0.319875946735883
0.413563413522605
0.190264357616695
0.368334448006917
0.283245580387287
0.0758201134425454
0.195429204558545
0.286306412831673
0.102685890442821
0.26548775079669
0.341590331307958
0.400577344294715
0.258715898059098
0.25515926563395
0.175444442737929
0.290079166646107
0.212300976382367
0.196481873456736
0.19871199521929
0.319936579476137
0.239116726501331
0.451446074893831
0.268195644213789
0.321524874124573
0.177821783686116
0.306815146609255
0.307818500315727
0.270290277865737
0.230932032159655
0.202606226818846
0.228175072130799
0.29031276439213
0.318853321572463
0.372855982244463
0.242762233412246
0.245676654433901
0.263375615113682
0.303134371622047
0.395705417315475
0.2979951005351
0.349809116126422
0.410739370600767
0.314158675987584
0.299320486513131
0.286974049822876
0.292651024825468
0.403667450016147
0.355298770206354
0.216648572076716
0.383605175451543
0.489139093637056
0.441139508671865
0.252725683996842
0.319740811091203
0.23086184055719
0.345723967592051
0.311050703777749
0.424466457566773
0.217694602593261
0.361981730162144
0.237362752208756
0.31414758499504
0.237824286329479
0.351931873153972
0.352787092046425
0.379059419100209
0.399365588613271
0.403594399974153
0.395110822254617
0.430773897063776
0.290640977770972
0.46684808217902
0.347771328899996
0.352740954430918
0.489462372919488
0.445662642160928
0.304817903419642
0.396299353968601
0.328728045986927
0.369139322071501
0.410600689949782
0.470914485724135
0.369085684495308
0.359973656389252
0.516593990134917
0.392217865333698
0.395162732427889
0.448843250644519
0.300424525806038
0.327594777442008
0.367260841049407
0.488267201929013
0.447579214887623
0.46394248398153
0.461623854006333
0.469026485111062
0.54844695181118
0.416712511886481
0.369251780628619
0.501510754076087
0.373303316780359
0.53857438213853
0.510990459715639
0.448351174757143
0.588236127273218
0.354475811594064
0.376616978641141
0.23015828761041
0.474990650206929
0.356596468136445
0.408773451969863
0.495673795099766
0.566394412828413
0.472046131638804
0.380742516120513
0.454459423829085
0.538701953961695
0.478918774733458
0.522016874121822
0.484863889477938
0.493247644769646
0.542729844904209
0.625268032829476
0.397815753878701
0.591076081330607
0.496227534890928
0.515078882935002
0.52963201852748
0.448768199614131
0.524168444147138
0.567618452862394
0.524198637826878
0.590322683350196
0.435471070057935
0.510857128740363
0.51037250303171
0.408197327560524
0.547745936673594
0.428585595334286
0.596491718292063
0.553109220673269
0.655139661612155
0.540899584149306
0.570036139265038
0.429123608044524
0.477043368059144
0.368921710315611
0.497043638104335
0.611510374853414
0.540309822459188
0.684531109912331
0.422419538796203
0.437605755823087
0.54321637802548
0.655809955186922
0.433009965372578
0.534908165896529
0.524566371460184
0.493505111039895
0.55764769210655
0.580506040116291
0.5953676606481
0.608090948278247
0.583301813962581
0.59157029623734
0.613808458764388
0.613347634770475
0.544642006713073
0.604453359153263
0.615902355752287
0.498540080015308
0.713400158790456
0.589722195113213
0.519398601660707
0.572053764008425
0.540760680808186
0.555122426020402
0.652924690991578
0.766662574090216
0.524819881271243
0.565781601270546
0.511922866629282
0.522720150758339
0.539628508486863
0.516528070846131
0.661011391836377
0.580751300243546
0.711866179386902
0.563717160505459
0.549213224324612
0.732164708315314
0.538864486570047
0.615679210180432
0.496869787552047
0.491004356311797
0.552752623764657
0.52317097831724
0.642279116872745
0.729885457371673
0.706746959885343
0.694940273545633
0.652442857429316
0.597945805656571
0.583534921659916
0.721258178431173
0.548242706946802
0.578947892271773
0.690416195212635
0.58801808581797
0.579755126926029
0.600838885624898
0.716932105337528
0.859204119764552
0.658336249955559
0.683549590838849
0.688262151712108
0.733348789204108
0.590128287071553
0.710184853075204
0.574522817165182
0.710803597646287
0.584404682482572
0.663604421431584
0.644726313829792
0.667612352111766
0.862961073860101
0.525707434064304
0.691040771351627
0.71024422102944
0.778531545325582
0.821454561044297
0.59834115739179
0.710140178077237
0.689494019351054
0.855070249149838
0.712398793325434
0.837321595309994
0.757139934822909
0.711164344452375
0.64938440835831
0.828812849666225
0.714566492493634
0.801796498160072
0.704466795526164
0.747930857788502
0.579718987830261
0.665133244871234
0.744887238284481
0.77252156455504
0.705075707889299
0.817953360454724
0.687629992978316
0.731526773480459
0.790169481778921
0.648538579563074
0.743617720665814
0.64816159414629
0.763615573770675
0.765987015158958
0.682876758113211
0.685705127269172
0.696561262936147
0.652395955345243
0.706685521008241
0.665253123848094
0.64535055687542
0.802077367512445
0.746885508707476
0.742121221947396
0.768730927845897
0.648192031447586
0.644936422630589
0.695385531307899
0.890833798880811
0.86679103788892
0.756078706693386
0.757905844802741
1.02055593982538
0.800958622006353
0.733219026450944
0.675493303848704
0.742108306610715
0.864902162600594
0.848222109093068
0.773608281699435
0.87350051023696
0.781149234135626
0.724971097251162
0.717085870732951
0.802265649259089
0.653306251308809
0.884494378086511
0.623261195121743
0.867587725679329
0.771356224821866
0.953014552272694
0.948293110324544
0.940085819901923
0.88454208677756
0.785795380523887
0.880990318209611
0.726128899992394
0.839612817988124
0.773190204617661
0.798972262929465
0.863674572621291
0.810746148676832
0.685209488380461
0.962562837094196
0.853983989513537
0.888170844360209
0.839690755946496
0.90083968742965
0.889002703901671
0.913745634322705
0.938217751400895
0.787853727798587
0.908868306008056
0.921763841415154
0.875795724501518
0.850402210688376
0.969514966282907
0.962779855111752
0.799291314638388
0.881905919014668
0.866058484158991
0.881010834557108
1.06508478453776
0.841347968378991
0.816905300061264
1.03296628537941
0.940720030106193
0.917489779926057
0.971919072878186
0.963960706918343
0.98658119433709
0.848525370529459
1.019049498053
0.887388143784813
0.875344254558685
1.00999123448456
0.875656092358444
0.948489725402829
0.879369772272313
0.809689284602847
0.980641598893602
0.895703012531661
1.28435468352375
0.883430972433815
1.02409364365914
1.04086579885403
1.00820618225907
0.90638803007078
0.967433649212236
0.857267416727663
0.885491665845296
0.834736089109224
1.03736755439945
1.18578518685942
0.977762895752439
0.98940747889333
1.02140533070855
0.946642998419165
0.909542988625404
0.977581266726745
1.05243641755654
0.998763388703617
1.00614561793283
0.950051089776875
0.933023841625166
1.07183838829486
0.879765073868804
0.981629713260809
0.93093393615618
0.896755337019907
1.01061095705605
0.766491617620231
0.871515026395641
1.03627474635647
0.966954347355649
1.1110467400611
0.959664969496194
0.928789858579208
