-1.08865705159615
-1.0061003864606
-1.09507235332741
-1.08127651111564
-1.1102605183237
-0.848678020995421
-0.804659276237963
-1.09835128420119
-1.01341577178713
-1.06126330392514
-1.01967203578127
-0.953874946917363
-1.09603407649377
-1.08387081417684
-1.05323381805006
-1.04487159596668
-0.845391573407159
-0.992006161352911
-0.893992218949745
-0.878244071478466
-0.935623977255409
-0.981688020809396
-0.851888056747651
-0.877657732082864
-0.905407248189519
-1.07896683951182
-0.971515486045775
-0.930140455090935
-0.70196685124755
-0.876161626387093
-0.929242080393755
-0.794930321085404
-0.873416426026734
-0.983467949803701
-0.998464829907492
-0.872572498367669
-0.872093335797072
-0.880141633425992
-0.973917015288618
-0.816703298095684
-0.873120508069705
-0.994704302049149
-0.932150038708169
-0.924627623535746
-0.898667835086615
-0.837867758496759
-0.896239323102986
-0.945299407115993
-0.876002272935915
-0.989952199060489
-0.701549627451761
-0.966009003670077
-0.90881745801047
-0.824754440032384
-0.844532804680238
-1.03904132657205
-0.90357893009322
-1.07512096304059
-0.989691851845
-1.13409251136828
-0.939633214161103
-0.894487745609057
-0.802615769126652
-0.848183859249601
-0.997590750811038
-0.910065984406724
-0.775199366742233
-0.946720346005801
-0.892949565755558
-0.885740167264423
-0.860628553926905
-0.785662805493585
-0.721430565873427
-1.06798882791493
-0.812527441677603
-0.731316413529852
-0.769973912527965
-0.888749436691196
-0.954279417343478
-0.595379590736121
-0.706608215161967
-1.00836967967845
-0.667637194170932
-0.82502821459531
-0.886387114271019
-0.871072519471801
-0.785283286736506
-0.725973472970767
-0.85497343898478
-0.738272301092901
-0.838599201627569
-0.78347278133219
-1.0357819248391
-0.732554367263086
-0.940855853945857
-0.744879217147946
-0.747243888960629
-0.660015306636183
-0.708897063656485
-0.936638900557783
-0.704071296538992
-0.843322730072142
-0.766098626188895
-0.695966184912403
-0.759638338165971
-0.734409137433301
-0.802244877924533
-0.849929531168171
-0.706470043477738
-0.759963815804808
-0.703752921454109
-0.857077239091945
-0.774108318858355
-0.671892527992395
-0.672906056125913
-0.723536967568955
-0.906621283632324
-0.829704287267749
-0.744268398341112
-0.817922016023174
-0.73905514806757
-0.814054636315419
-0.747079163012193
-0.731001872895046
-0.784413945448033
-0.642367590626206
-0.793868108143188
-0.865185246021719
-0.767798091652666
-0.596530916080422
-0.719142705853359
-0.681180480744001
-0.794225314868964
-0.608806747900379
-0.662033680657522
-0.718788708928047
-0.625944190535754
-0.725196865940557
-0.805767177273219
-0.747577568637933
-0.887830252486132
-0.619250564919959
-0.661818504629695
-0.519341889755329
-0.670142372843319
-0.71340513356762
-0.710233630983515
-0.719593672379763
-0.75912181257814
-0.681636595295735
-0.749881282888208
-0.53363025369336
-0.694108645250501
-0.669855680527782
-0.68904461516998
-0.762952150100011
-0.711757590051621
-0.539222745220746
-0.706208157413957
-0.822844066111899
-0.712403173740231
-0.831321849257419
-0.831539830692636
-0.815305443102398
-0.621859921251945
-0.493428411144883
-0.814349185404385
-0.699839230174326
-0.724602529041189
-0.731547542046024
-0.585803908490574
-0.711751328155851
-0.560341333199693
-0.655422040673607
-0.635763605554124
-0.610032142818517
-0.560712833842568
-0.694274261845623
-0.714695680134084
-0.66574629198516
-0.578400583688597
-0.493849784751346
-0.734805971240344
-0.581790682241297
-0.662775720776853
-0.690075738353829
-0.695056160422764
-0.608792008832814
-0.685670196862727
-0.659126608893946
-0.608295703464779
-0.594860236558857
-0.67314822016677
-0.637096764986394
-0.726601196458709
-0.685314325880103
-0.603312138476029
-0.682012084041284
-0.623208383703716
-0.628812290885424
-0.65095381816375
-0.651480267008566
-0.602749271412792
-0.641824462051412
-0.532021651102903
-0.445552856656242
-0.441325257305574
-0.638288903992296
-0.608070973283631
-0.67428158782068
-0.565841819723188
-0.683197688092625
-0.542166286518604
-0.67076795464678
-0.561002391574088
-0.691541502110536
-0.512353795946691
-0.557126132520902
-0.608765694311789
-0.470020312976219
-0.562063088429791
-0.599773602953849
-0.566151033876158
-0.487210911885357
-0.665678989238039
-0.51393035847023
-0.495771960423692
-0.477655055738237
-0.37335452537693
-0.564577578559402
-0.602769095944303
-0.48487493192074
-0.713779937828622
-0.514796417957179
-0.537611404301639
-0.526083910762129
-0.393910055491446
-0.53644302844661
-0.510655839930492
-0.479827921957389
-0.540564921416206
-0.539787046485616
-0.670879296797478
-0.597109624846182
-0.526594108667407
-0.476811945510378
-0.694926730279973
-0.516126847813049
-0.614837782923619
-0.576449518112439
-0.460343262284586
-0.523627818473192
-0.398116795904804
-0.387663017589609
-0.466869021357917
-0.634267957730806
-0.52035140221935
-0.414405929343064
-0.528626794623075
-0.52418091302912
-0.531283101269837
-0.444399255169382
-0.492841568600325
-0.46899044215067
-0.642167359649724
-0.623597089720273
-0.502737121025143
-0.474456416741788
-0.477840726311657
-0.528411417213782
-0.69593131589865
-0.451447823147058
-0.478138746548286
-0.399453669954675
-0.376886150915419
-0.40093645961454
-0.552643228545663
-0.423328807097733
-0.290852777536888
-0.547776967420401
-0.302844687220347
-0.500444821033144
-0.416401181134568
-0.560274479862234
-0.475254850973945
-0.449574731671058
-0.479697377194853
-0.489878762603272
-0.538912237079909
-0.298131697961408
-0.512199415143498
-0.462828385328876
-0.285775658688736
-0.487149262960216
-0.410160422355873
-0.504998182149824
-0.355720810674523
-0.36179631836026
-0.352254745219826
-0.421831238241712
-0.445966268168284
-0.347159873629437
-0.256157385652328
-0.309841729497771
-0.442513843310936
-0.371808023996777
-0.418257423436564
-0.42822488017896
-0.483779405470725
-0.44483996832653
-0.456439252545971
-0.392783584967898
-0.303613894983387
-0.587738034987609
-0.282450852785417
-0.399651434434026
-0.452867915105262
-0.387323999302461
-0.415922757523867
-0.420840935574488
-0.373538436050631
-0.42279710042057
-0.324292316999904
-0.327548262610956
-0.356150826199504
-0.195425928948947
-0.313376180192592
-0.519068780041004
-0.404539258167041
-0.369749563929166
-0.320906146510814
-0.29588747972319
-0.42466198865999
-0.310367352520356
-0.397120540463376
-0.324599927947342
-0.210646690355891
-0.10831164729509
-0.271008284593072
-0.371676363170803
-0.256168853903989
-0.269944180166761
-0.387717317556145
-0.38783372824868
-0.291115535185301
-0.195520285835204
-0.273488714707109
-0.484090818644545
-0.299338624678982
-0.267360006308379
-0.181472456969262
-0.3674418928702
-0.265713710313379
-0.372392776629357
-0.359147218498011
-0.283170926289733
-0.379441347106879
-0.302088923263089
-0.153222271533341
-0.361539940893107
-0.245626921313236
-0.306172861489862
-0.373223967637987
-0.207587106298743
-0.239694335710749
-0.377846253969336
-0.161549032515655
-0.251171479354184
-0.228354518765505
-0.377733864658159
-0.200175459855194
-0.210092744096256
-0.232906186219934
-0.0965006347019506
-0.276609355991195
-0.155202438592154
-0.312610131560799
-0.227094368331272
-0.273865316220055
-0.387730800388669
-0.282036398736965
-0.186186041732754
-0.0710122286192764
-0.288803261578259
-0.258090411533186
-0.274278947284535
-0.299840172978619
-0.25278975885916
-0.149816873461262
-0.11437596271248
-0.30290067792921
-0.158622583402851
-0.157605225861872
-0.300010074961021
-0.213734788761252
-0.252473938333666
-0.155206784527059
-0.21939092681278
-0.259165203843902
-0.24331606967564
-0.289771071511839
-0.26279226689059
-0.324462408017662
-0.0192489672671861
-0.0824038333398346
-0.278146769432737
-0.150626381016786
-0.0718779927746878
-0.175116075971454
-0.209879561974111
-0.123436952396392
-0.178227449037701
-0.168984618013505
-0.0733344364739272
0.0262880506920976
-0.190854736808623
-0.129545064506391
-0.249809016597614
-0.173848128794654
-0.103952532119711
-0.228015396325523
-0.00736358807038762
-0.346401677815989
-0.191411061832832
-0.350382539554796
-0.144768206315798
-0.209456072973849
-0.171129858810338
-0.109663124246821
-0.110022100104261
-0.201300103967161
-0.0541456094039316
-0.103376021428689
-0.162260028775421
-0.281671743700299
-0.125662809044775
-0.288477808541624
-0.179537600100694
-0.125373177382439
-0.16502821745145
-0.0863432986951316
-0.268757437869498
-0.185526188405489
-0.00496727019433159
-0.22956692620167
-0.136553061507419
-0.234134309897993
-0.0117076419845416
-0.0979021034958981
0.0802667674611765
-0.0165075574539201
-0.118664869442707
-0.152459560916283
-0.00126837184693253
-0.201271133528413
-0.0291119804659344
-0.17689669475485
-0.116175348811649
-0.0665846627951819
-0.0548849338170472
-0.125058055924956
0.00696775326773629
-0.128151481849685
-0.169756397519515
-0.0450332440935819
-0.121429294754078
0.00725851506404222
-0.142605208862754
-0.131392895738621
-0.130020481996255
0.0466091015856176
-0.0206526701631636
-0.0237347200042228
-0.106195815799737
-0.0995688269745312
-0.0688231554156351
-0.0980838255595399
-0.0804625041504333
0.0930088760068713
0.0182318360816139
-0.0267349138608673
0.0563586448791257
-0.150100145088042
-0.116759513249622
0.0166073556018847
-0.0673176554394646
0.0069677564415741
-0.0145486301956355
-0.00126560797007353
-0.10291720741144
-0.0896430055250879
0.0382127180748062
0.0168214532935372
0.0316548832575527
-0.0678532416172446
-0.106093290664356
-0.0209572349849035
-0.00678494576641727
-0.0527449748910512
0.0713091235842873
-0.00220937541782181
0.0466654656144919
-0.159386347317148
0.0040654192415325
-0.083642772811948
-0.0835144116271598
-0.115255422984018
0.0973893097398166
0.0301212013548899
-0.0198971064732632
-0.0317205148300475
0.166742107340082
0.080542849274792
0.118614526081096
0.0450989123257181
-0.00882494023111951
0.0904734688654442
-0.060200896270571
-0.125771520541039
0.0525966860612159
0.0579966671240205
0.0298181215638704
-0.0161285441543084
0.000539159365784091
0.0610276676504196
0.0342871358293697
0.0753823895155664
-0.0060471120341548
0.00942993418708191
0.0280980901943077
-0.00525159802067249
0.110961236884882
0.131058804682101
0.11689860318275
0.0281871534029486
-0.0107454215392215
0.0438147053771391
0.0895305793551731
0.219100044061614
0.0814783520901512
0.105961718718122
0.0291583853403603
0.0835836792524196
0.0933764113056425
0.0950342878375933
0.0921011593089435
0.139993234112556
-0.0325196679387387
0.101302486454173
0.142357130884134
0.071679614446432
0.192022638117019
0.185975877626929
0.0779435028707241
-0.0156454031326364
0.175601423699713
0.204314472056056
0.105641825455787
0.124147167472132
0.295898394345191
0.240580142405497
0.0500772021006609
0.0127895144844278
-0.0480646798693816
0.100704046492836
0.100980708237874
0.128035349098393
0.139361348792673
0.0625674760351956
0.0562629618093412
0.177219043813782
0.26336347287198
0.122812922073126
0.301720517892689
0.156046158847249
0.124749367479289
0.260541316507036
0.147720978506526
0.0306278708459213
0.305312672388733
0.239784946341674
0.0835010876734298
0.178639739084905
0.26872194306735
0.233329262615373
0.104447690902911
0.159508755646409
0.233747920016993
0.132105274643662
0.131541261179312
0.0995034477466441
0.334166119808818
0.279567332277137
0.0535276790939755
0.196069092339189
0.202203854689783
0.282850656124998
0.210798408641622
0.126164771289625
0.190724658889017
0.178531652858974
0.32111285791892
0.265281740158802
0.264792903744618
0.191885550786385
0.280727862311537
0.153805275741306
0.173530239160909
0.229651355587066
0.206231933024475
0.28022265918835
0.24376706873637
0.222434272083244
0.17486666001727
0.241135527249463
0.213119650337793
0.232838536246833
0.0460668409962172
0.306216805754767
0.344258381789559
0.285483346149426
0.146965813838806
0.236512951502425
0.314639683406802
0.319425126652968
0.294646984916752
0.126201373077386
0.197122700612665
0.193387609246014
0.23362829154358
0.219610172909423
0.207856504687862
0.288127555182353
0.203126402100905
0.163177921072397
0.22819961984904
0.325432627407124
0.183844467845213
0.241333733194483
0.346775358697756
0.286946246864483
0.190626888186797
0.214208759014749
0.259716735355797
0.394623373007974
0.281813302097938
0.363451551835612
0.241014568816653
0.414266214045557
0.292861865004725
0.400621574721688
0.362218364793583
0.43252305409465
0.19495201224406
0.349596617437489
0.151669590259223
0.352550615377098
0.37487285177807
0.258889544606473
0.352246142037308
0.309939727662181
0.281115523641071
0.308173442186753
0.304895483184063
0.369434423185516
0.315434859226839
0.260517078309308
0.414229514900413
0.287444921841022
0.333159641262948
0.326306372497036
0.129456886737376
0.433199277688006
0.363184128351367
0.411945248404359
0.310049227028118
0.465517208742384
0.234541434336369
0.336827319466553
0.433983052158242
0.297662101770882
0.225545530570047
0.300731471997878
0.260342191292432
0.347551646606445
0.330709688715579
0.400225089968666
0.46320996538377
0.437554881987124
0.466516067922644
0.404244281910441
0.322038740076909
0.298179024392364
0.391488643761213
0.309793420652736
0.546612958295739
0.324909305914294
0.475846656752062
0.550303505600833
0.510701596006805
0.33182137112037
0.509531905904658
0.301974348815137
0.255615617195199
0.351604226444919
0.496421641382082
0.38876280592823
0.308605076756817
0.543523024739296
0.359656279937748
0.381469899066162
0.375992238908252
0.380248722212625
0.261497283104254
0.406810467654513
0.377024490377565
0.354515629491765
0.577014805687522
0.500122551491601
0.365082765386026
0.449061604208347
0.381915699528974
0.44957914001457
0.449627947133
0.558594287081801
0.508659692709069
0.473092739534508
0.486829967977859
0.592018919040483
0.565649833624789
0.474951019087084
0.612599643943218
0.526987323945672
0.365352674852882
0.36657011937969
0.386000539212691
0.336478223903621
0.505902818169001
0.497444200581739
0.539575922053039
0.473301987623978
0.53289376776107
0.390582446353004
0.427037889365122
0.432843648465819
0.451907691346024
0.53604036720135
0.637080177300513
0.434803616762587
0.598819436744016
0.411221556187981
0.534476962552467
0.478926147799205
0.565349887569425
0.518528698262257
0.455947735876963
0.576898673396504
0.48035989018795
0.584247284433513
0.413081272875101
0.473701210213835
0.531974023492988
0.560932554033337
0.488760666242759
0.524029221107337
0.524121137360126
0.497024919040651
0.294440894622045
0.459402680993918
0.579825333718004
0.399529247151476
0.460642821294355
0.411745972182115
0.595431281275839
0.571791913365674
0.553091658421588
0.50511507195495
0.506524118179459
0.656528051299856
0.466861341900228
0.59394214129051
0.47682283751954
0.539193968894228
0.482880566719351
0.489794748097597
0.535633846195557
0.568073305308773
0.524814210398497
0.569778103874945
0.658301236871538
0.713156120439037
0.560644371414931
0.598659117595717
0.595947737289472
0.661923450311726
0.534772450699074
0.551973639363392
0.621855850935971
0.517444129452519
0.60388331371441
0.749223690589306
0.633800710367993
0.57693118608569
0.65509115985042
0.695995698578822
0.63124802541501
0.462667114989089
0.646954547791634
0.501974479936481
0.647135023681239
0.608297026434905
0.625471593203918
0.71853857678723
0.478438245053815
0.610294488519244
0.55091819144364
0.611743127945706
0.559894002807863
0.785756718923483
0.599086880781904
0.541978720140975
0.607167959293503
0.808265524817311
0.616563821527328
0.571237115714641
0.625669901823045
0.759884613853224
0.62527770908527
0.552074076925613
0.639335275545286
0.664518312457263
0.780877939117183
0.789448408182439
0.67333672720759
0.878809970379931
0.711385603051519
0.553627743507919
0.63177487180235
0.765610613739048
0.762923306068114
0.691718286153126
0.646944283206884
0.648332423651417
0.731636900393622
0.788401318701591
0.958900368361284
0.833845668758481
0.658570005574431
0.692367171721725
0.713261616060139
0.701935704035723
0.723610119592792
0.689305059641613
0.649173132449545
0.717372006343518
0.548380553292536
0.73160987539206
0.666337955453909
0.784206140366846
0.759444158706607
0.675048379398304
0.60194463382696
0.775663454690745
0.884253850947666
0.824178664341264
0.585760993714935
0.626311883273968
0.747450159193863
0.656388886973734
0.66830854281676
0.60552264114726
0.721365100192603
0.611361355539465
0.837575415900013
0.64855474934874
0.792359718929283
0.773514031606196
0.716189827167649
0.82322805180321
0.777747903638197
0.550425598103584
0.557123760471859
0.635670989854744
0.662212800085989
0.872825297174757
0.773004929348014
0.894490074178159
0.819542049803625
0.767870406038645
0.811534166280056
0.853543566377819
0.844535832970711
0.75243767327551
0.777695878431417
0.707753014547091
0.934810271150148
0.777785090415564
0.869583961989897
0.871871679658649
0.78535138674337
0.880685660685635
0.843268224756018
0.854079011992577
0.83898841011305
0.886252981055508
0.791211684037379
0.964414458324648
0.714283673099798
0.793787947227249
0.789207918650266
0.879901627080028
0.941083629312488
0.905166268567215
0.858846950943705
0.918359687187869
0.69245814107006
0.801987007312663
0.872773561973832
0.734705809405521
0.674129467713772
0.986491787035956
0.881373002890953
0.725292218022139
0.963965063533131
0.77076553248217
0.920461748054098
1.0482530336245
0.848541628546371
0.9436733559849
0.626699491520858
0.904062056622056
1.05735820647446
0.802495610795575
0.859977822859067
0.876887922829884
0.931425819958968
0.814753305051014
0.894969980176716
0.960872464502863
0.946559121429802
0.909885768958091
0.958097821402834
0.763286640889138
0.910493230975041
0.985320666997068
0.942395686436526
0.831546433383738
0.805227966489877
0.910410947216712
0.839549871583848
1.04557870784853
0.927008599577732
0.939405540614685
0.955022716663817
0.863523027660355
0.828127997027405
0.923246659952703
0.962705405628015
0.849532484610267
0.911861065584576
0.907878010165835
1.05916001720326
0.837969378287427
0.828575790295578
0.911989208072495
0.949925677222438
0.726790728648346
0.977452365338854
0.83594574798215
0.873153266608081
0.896659039375068
0.99190415127385
1.00975176006116
0.984911870606843
0.877016585978211
0.930193028120987
0.971081998483696
0.802759262121395
1.02076930830267
0.924791042230797
0.993890215802955
0.887058444720945
0.835234383916607
0.853197901611429
0.958681556813625
0.981112429457862
0.881165661944052
1.17028306053679
1.11112614992282
0.93444982631065
1.06721069820026
1.06441241560795
0.870506536102828
0.946629039424442
1.1328667624291
1.17462372517824
0.987233526667089
1.00560584900135
1.1273110157152
0.993367753662175
