-0.985134445485667
-0.876456437243809
-0.884278654982909
-0.905346132188234
-0.775639442284399
-0.987230395757502
-0.994107899904309
-0.951697190468561
-0.972860936122864
-0.937380558398753
-0.83371453345114
-0.909397633537628
-0.889730999960584
-1.07479668151445
-0.924671880668822
-0.917580712321415
-1.01594030209815
-0.924526451985492
-0.865456257803697
-1.09307166149106
-0.955313419418042
-0.938886989573411
-0.801181820557824
-0.950894907824513
-0.921326420704452
-1.00000666058002
-0.928518012787044
-0.911887249517317
-0.915706205526164
-0.897404341459172
-0.945760506135786
-1.15091100685852
-1.00847962572974
-0.961551008992127
-0.960439680134165
-0.976927353248641
-0.900781816960929
-0.887893040346968
-1.0912083708532
-0.917237469572077
-0.98400543321822
-0.812808285373472
-0.86449719540832
-0.885089866466529
-0.835671041342307
-0.9944432634643
-0.954439210835106
-1.04519706547935
-0.909123471366314
-0.832427514428457
-0.910369786330289
-0.92153712664278
-1.04453704737122
-0.928851367123747
-0.695268117446163
-0.788628332186089
-1.00133835475006
-0.834010252239439
-0.901783677402229
-0.793605259960465
-0.783446615697135
-0.949617812956334
-0.683907981664695
-1.01174989703282
-1.01287509692598
-0.771988334180488
-0.782544972649666
-0.863344141620918
-0.859555879356877
-0.827755711287033
-0.824206866556151
-1.0644220865919
-0.92465799084666
-0.838477072527258
-0.881309200659573
-0.76117693491186
-1.01345495272558
-0.754896712579101
-0.785641378407843
-0.753662559254604
-0.77256527902598
-0.957508919542871
-0.739161264689739
-0.794665733908437
-0.890233070791429
-0.864652118810777
-0.666360842121486
-0.830419282034958
-0.778583662487134
-0.796540221038152
-0.961546431432544
-0.579621973344114
-0.793647704653351
-0.834809603666055
-0.712028818867466
-0.828485371284419
-0.849470385140956
-0.893770176423364
-0.889581711602414
-0.589924067632032
-0.863937791257804
-0.720735760920276
-0.722532719582615
-0.772249974821501
-0.972159163927801
-0.915084451372266
-0.798155774116004
-0.704067764616786
-0.732872189643265
-0.917010591711416
-0.603970177620009
-0.682443427474648
-0.760450834825976
-0.774712978661829
-0.816693276930674
-0.777516416234485
-0.73946710565772
-0.756280474487104
-0.821561538875743
-0.861022557194978
-0.729818028387332
-0.788647042193054
-0.790463492095643
-0.947616714281393
-0.765458000228157
-0.81166876403796
-0.740648299532173
-0.761765672721156
-0.638071707288369
-0.820886375880833
-0.770182453886721
-0.627823078920881
-0.94821880654719
-0.727516327059224
-0.718496934860032
-0.836170239751613
-0.54585329434654
-0.647492679748563
-0.793352939921778
-0.690405904651582
-0.779756128440314
-0.732308503538985
-0.739273189382407
-0.725595162418218
-0.722978011100633
-0.732594776077126
-0.494037283673562
-0.71930103801011
-0.748000896927284
-0.681169938565732
-0.665593623090962
-0.577305111679797
-0.715778855731291
-0.873415171156796
-0.625560104959299
-0.650739918122493
-0.596258477738773
-0.626270592481175
-0.784627310041104
-0.729316513183436
-0.783023116593185
-0.665061313380266
-0.563912168408966
-0.605302089660689
-0.674192417608337
-0.669925439960854
-0.697556233474816
-0.685521966158296
-0.612036832858831
-0.6394466131065
-0.526329285801829
-0.641562581614543
-0.598255710134728
-0.683068801531472
-0.651623009632885
-0.750339489449439
-0.502460723564472
-0.613677466331132
-0.690435478678433
-0.536021087754604
-0.671268325414272
-0.657267239357677
-0.640672718503838
-0.690762952607378
-0.563155478966943
-0.693063471142388
-0.744622984418813
-0.415422450418257
-0.533490061022549
-0.550038682951066
-0.633615903687112
-0.676611686831036
-0.650102922190682
-0.626521022067111
-0.551192305603943
-0.704689981560801
-0.688964606744823
-0.59994905154516
-0.639589623478114
-0.691743221278523
-0.658864902481497
-0.556627305177094
-0.60351229299769
-0.443149364623973
-0.681314744397028
-0.612667364619548
-0.563751092992246
-0.686709054935124
-0.568009102834746
-0.528088391667736
-0.489524066760996
-0.431244822856223
-0.447656136532216
-0.524505547450676
-0.566269571333526
-0.761747303767389
-0.470470773825965
-0.522548095902581
-0.480944623442911
-0.64761173502083
-0.697208562265026
-0.499661879468209
-0.627667233661688
-0.564299612879436
-0.531841976982467
-0.571299422971976
-0.543538430206959
-0.635779527009846
-0.616463646812937
-0.556294005028989
-0.389995448017025
-0.520604341321329
-0.388298034636638
-0.569830785291681
-0.522252536505024
-0.554109709401699
-0.392328054589578
-0.713941740023045
-0.636234675656981
-0.534109045338158
-0.605726999354555
-0.521680683860983
-0.494115938192284
-0.468424375443529
-0.491384608944536
-0.58636128730044
-0.396484845554107
-0.516427211011912
-0.458896961330844
-0.340741287619574
-0.5901632041826
-0.423843636271566
-0.453050154431721
-0.417704556671022
-0.603380360973558
-0.518401002228831
-0.57390234881091
-0.471534555734088
-0.642543989801593
-0.584567810899399
-0.416648450061522
-0.43768749702318
-0.556207753553271
-0.417242378628014
-0.43656988524149
-0.530142353018421
-0.52180892071169
-0.386671339219395
-0.678013689830215
-0.535275075038892
-0.512125982261709
-0.428088405359607
-0.427719836986823
-0.411965796159647
-0.392187098628931
-0.411592346696463
-0.527910292088861
-0.401340693181825
-0.533711269865576
-0.642314502172571
-0.38605358219697
-0.480945777596204
-0.439173754536334
-0.380837152359518
-0.458662484304526
-0.544103826992536
-0.46892599766126
-0.449393038016681
-0.46525227192187
-0.588107046186125
-0.379865877678676
-0.399480293692191
-0.478940304791322
-0.463890409758794
-0.479279273964646
-0.323737514171216
-0.56130498598949
-0.244397060173362
-0.389785856497389
-0.481981865828043
-0.410965388142498
-0.457159791592523
-0.535727245495304
-0.349589797645283
-0.410402654061978
-0.441749053436287
-0.29239968555261
-0.563386648926052
-0.382802613453132
-0.42168368894566
-0.379416554886612
-0.410255437829366
-0.449947219992779
-0.354341786300678
-0.358966340849124
-0.367151587943701
-0.420500245737199
-0.387833227063325
-0.391257275605996
-0.343085850797272
-0.374264807188972
-0.405538662314047
-0.302399349099333
-0.351351280855449
-0.392204926686155
-0.584651624673634
-0.372412259661359
-0.263471129423182
-0.396372344656044
-0.330934666785251
-0.368941604749189
-0.393766105721697
-0.406523110698421
-0.424839195389055
-0.438517923011385
-0.446900854324343
-0.302014645275819
-0.307998570155393
-0.429498164857944
-0.421747044726574
-0.293451610952054
-0.197638247610411
-0.549218777201623
-0.248863508648395
-0.297037252122511
-0.186802505218047
-0.159747203474262
-0.268680191716209
-0.303687459915747
-0.313264514661043
-0.360170202435204
-0.362985909964481
-0.34333668144945
-0.154207947194533
-0.374012691768698
-0.455139031871538
-0.368017345603516
-0.297396523034241
-0.332371546042572
-0.396807328184743
-0.140925471692713
-0.390599155137393
-0.358320750841786
-0.377892004811275
-0.194253103836594
-0.287244213956843
-0.278501213234599
-0.291024812304477
-0.328605051593341
-0.31009857956961
-0.14241762496867
-0.300953102725559
-0.226556105067304
-0.310568059014297
-0.359457556037593
-0.236681612975429
-0.279712859179611
-0.29896206284335
-0.221814579951839
-0.29098917003228
-0.229870566219551
-0.0656800583845612
-0.0954526268088026
-0.165124393334774
-0.329054333861732
-0.227202953484459
-0.181089365630466
-0.196382118383163
-0.06262320258096
-0.254942096632488
-0.213669511527454
-0.279055111945061
-0.231555198456343
-0.214526618045165
-0.228789064765426
-0.244853035850004
-0.216034080613805
-0.241713487208689
-0.231199066390782
-0.079604736357073
-0.305737095417865
-0.261621832115775
-0.193284571801835
-0.220944608792869
-0.216760424493412
-0.171930344149748
-0.118916629524145
-0.419138869690242
-0.230147823209963
-0.15320645138149
-0.145551378072703
-0.149274152701437
-0.242175605160454
-0.189663290190941
-0.140245402144873
-0.129234190939604
-0.217918646165934
-0.216074823755905
-0.147706823218718
-0.204509795917162
-0.209900436155158
-0.0836119637776831
-0.0960890877387707
-0.139160575916857
-0.128901351286401
-0.158853328415201
0.0238572123053207
-0.269277432486924
-0.21727773348753
-0.139595965671564
-0.0911054559554447
-0.180275262618793
-0.167578246806111
0.08128292638773
-0.0803871176556878
-0.209910017669467
-0.207107268190204
-0.157272367139793
-0.0413211922221443
-0.170755539912713
-0.162657024148518
-0.180232334554056
-0.0432973906546711
-0.00550717822960436
-0.0207857781563707
-0.174264256697346
0.0227635939970551
0.0232755444770527
-0.0926131068881916
-0.14984105062767
-0.161624994623807
-0.117771120958623
-0.0469297465330997
-0.0722924582982168
0.0797121017120909
-0.137661233347308
-0.133318744785099
0.0206922608462116
-0.0473666613601888
-0.0758000629932903
-0.0355453787658329
-0.137484118864292
-0.208283618188407
-0.0721674144599785
-0.157037585668688
-0.0659429467789787
-0.0786006364441516
-0.213921342670317
-0.0570855308327122
-0.184405331171609
-0.00399332758805148
-0.0299628164357629
-0.0252162097588566
-0.159272138562312
-0.0370584115081237
0.026738209131358
-0.0958833546281966
-0.0265945378150274
0.0783115695725794
-0.0144781507073184
-0.0630722715088329
0.0459949572017308
-0.130858288033901
0.0231757530037939
-0.0297189456783215
0.127337605231118
-0.1668847476088
0.0163781362820651
-0.0653592793585519
-0.0640203850801114
0.0290126398018282
0.0379601089198459
-0.0542837487805163
0.0246636307569812
0.0348618911470047
-0.0807359140989594
0.0969204321704318
-0.051939776810378
0.0954024507633002
-0.0229752367541483
-0.0171317474078797
-0.0284689061207082
0.150992855812501
0.0636023191699738
0.0306891616246111
-0.199978748346747
-0.0519750194227844
0.0646485824405108
-0.000566863618806476
-0.05347789314909
0.0966902122996982
0.0618241708815617
0.0504734149536058
0.125273413298068
-0.00352030757343343
0.126661667269123
-0.0308312590937024
-0.0218202029255794
0.124049273811651
0.107210805647889
-0.0320215673994639
0.0285009082796295
0.160555450522238
0.100234284341841
0.0549073449894838
0.145771317534763
0.00629581923456583
-0.0174751134196348
0.0162432400344261
0.085965713967225
0.0624315885910075
0.138713894360671
0.215553443457293
0.259147248654748
-0.080330689379678
0.176567602588346
-0.0287561628265815
-0.0131682607279647
0.102074321164684
0.171026826240843
0.00644977214948168
0.232890202498526
0.0188104289735472
0.0524715338048217
-0.0856388334549504
0.157614049604151
0.168177289382599
0.134803914144179
0.0415624061567478
0.0739766844286821
-0.0763817847188335
-0.0114547708763247
0.0516808746348785
0.243584019094271
0.141758929524184
-0.00479754322928542
0.251849649894554
0.0701782179668314
0.0763597620942376
0.238358938504612
0.142034192380395
0.165367306671493
-0.0278398270038848
0.0441081034085496
0.0223136375540953
0.203940657453308
0.0872382377847038
0.194679613619036
0.010777986897551
0.111570518610371
0.218559654398669
0.0593488346844255
0.0887043531071589
0.208229933589919
0.223674293688361
0.121443292398576
0.152831295511003
0.13003225476504
0.0943661496708307
0.183257037810207
0.226522089309094
0.215967541267888
0.0803360678049801
0.134648532953986
0.0872673167731798
0.0928868670173697
0.158232548556645
0.280702036429876
0.21291230015848
0.196717822784484
0.0410305545158093
0.211309922503341
0.168781488208818
0.177198345093306
0.164162257338697
0.0781038021047535
0.219309950117747
0.220020702908852
0.312608064857217
0.272498250075604
0.27004763572863
0.161685254240489
0.154159474310138
0.159224360820979
0.126574431654851
0.316935242579657
0.189493411434864
0.304182460018684
0.349899072210167
0.37327626541536
0.144873835019193
0.206583092964761
0.243339999503561
0.226576859276644
0.0906418678942975
0.236665583722111
0.197969552014043
0.0471719708295733
0.276767300120958
0.127677200157765
0.155014389753266
0.257161442577988
0.262099253339816
0.295096589886787
0.4256584016867
0.120514633969329
0.315026167729725
0.31546574168686
0.182156642445952
0.115926363713307
0.198315482046033
0.258905839650911
0.23823535259345
0.327320326161749
0.224073665316577
0.293067247159926
0.402087673355462
0.278086758125766
0.131348744282329
0.198739745294502
0.202151676500843
0.323453291192027
0.256128795511127
0.338167769069061
0.232501548877929
0.302145865957798
0.29529846231804
0.123974867137376
0.277784425207011
0.305984003852623
0.346792096719651
0.157943521475623
0.275519578786413
0.277720892494761
0.470749433554305
0.378383347290846
0.371106069523071
0.51065099810755
0.364743196245621
0.310702449272369
0.225194750740949
0.370897215859589
0.457952789461573
0.27959838430609
0.167315323766876
0.374942251347657
0.402975157137518
0.368651694791101
0.323663135074451
0.225938621275109
0.259274389203109
0.3675000882168
0.334825932330473
0.266193296623796
0.343020274447385
0.475349451684294
0.471230188316447
0.274039546496502
0.296012815028534
0.30864716905216
0.250645683015374
0.35244147449156
0.240969736903379
0.458031269512765
0.365639652692362
0.334203842040691
0.441756755425252
0.408742355589557
0.437596708727458
0.448388840211256
0.516982361707567
0.450348914534121
0.304418214983653
0.354292625662507
0.38595783646927
0.440817913730079
0.350429623259044
0.209838791887518
0.295776290083409
0.422647562609764
0.376302919331017
0.423672380983346
0.429986139780923
0.444274492407051
0.355740700328887
0.449874031619052
0.260516508212368
0.447070420167099
0.384073769898972
0.603172911237158
0.550867153063675
0.390148632177922
0.287658323394858
0.377869811670174
0.463574843746727
0.432641348411118
0.410649014730414
0.418238797647217
0.467014759972883
0.595251550490945
0.462192217449885
0.525148961893244
0.424118387287692
0.267355548762188
0.547844366515576
0.568933248813407
0.466933679646535
0.43404685537657
0.299391859865565
0.308594293616261
0.387614503507695
0.49230423801494
0.450923304165306
0.438792366624911
0.332906456246632
0.353552851589209
0.471078752662583
0.544252450193944
0.507235331733806
0.327483743294786
0.484610719375786
0.390805003714419
0.376209882911944
0.370991171901342
0.549949868650597
0.556764103639525
0.304384052753297
0.387381787665741
0.534658170540519
0.540774801708895
0.47678454113141
0.499604292476829
0.422489582111786
0.467815490790206
0.622246110430948
0.374256286075062
0.648365929613996
0.499178068673907
0.369413041632359
0.462485676318207
0.608105082503107
0.59597972411294
0.551565344854412
0.50414746196794
0.480342946353609
0.604659558139505
0.540599316092236
0.62889541573807
0.588081427121884
0.595173557695142
0.475891465467623
0.511743575158948
0.504019321827772
0.490832642741547
0.762465275552178
0.613840330498672
0.483180023790788
0.394276771916743
0.525939606709898
0.659537050884101
0.502119181014288
0.641673557599087
0.466661021881018
0.573999349293493
0.710951958066818
0.615669501218367
0.593848703651642
0.700536882214618
0.608354798922957
0.5430009431383
0.761098767403698
0.498237579745848
0.630022397589016
0.531206642897568
0.578547460515577
0.558356378577351
0.660431680544855
0.639968060709591
0.589283011803994
0.534138014145278
0.604715558893503
0.479116182685148
0.590870476673583
0.732964803592418
0.597535105058657
0.591340060085128
0.563885038904894
0.508546452323574
0.655380337633548
0.579687880210658
0.812470464842644
0.633169191824209
0.489407106672534
0.601313999971823
0.575386688108755
0.707235121124386
0.597186241994461
0.704233691847621
0.644640200173766
0.796146401082711
0.662709760268287
0.730915673019914
0.653346583711284
0.737908981461863
0.624815437773196
0.566451307255609
0.752513005384234
0.596760851719917
0.666115259296501
0.796233764463804
0.751389367834552
0.728890775717912
0.714585452932895
0.616285976589204
0.509431001385472
0.736401804238677
0.606244946372931
0.581679384688555
0.796197901605453
0.676303979170479
0.537736895817864
0.54524321270351
0.775261711600374
0.528655993086723
0.69255004684825
0.605382121950505
0.853218805029938
0.759559957857304
0.703346961868709
0.71449627823876
0.697059909309593
0.729168497234015
0.850316847789526
0.640705065704329
0.745867537141213
0.832196628357809
0.870899711736913
0.737518658890211
0.797088529252659
0.815692338675273
0.677428933257102
0.828955160297685
0.7260284058569
0.673962219270418
0.708272540731045
0.806293978888552
0.808955223900177
0.671971296069498
0.765537669928446
0.711614933840921
0.702690592502843
0.687625758132914
0.706289823439491
0.877082703959012
0.834563633767859
0.724630562548553
0.780115402474041
0.798413436393508
0.72777191300269
0.783305430930921
0.811064010752094
0.755667651252804
0.868335645698426
0.829198036740629
0.865651168976341
0.854119181912786
0.665054159838975
0.806986479712476
0.806349620509122
0.720112663339601
0.887407467847587
0.73010436689034
0.881551359896748
0.860095287052044
0.964153310642923
0.878251614881793
0.857048693615532
0.734793026367365
0.754636260762943
0.747666218297194
0.860629987563813
0.866303260284093
0.740949066809319
0.886196664222692
0.76134201554643
0.932148559873483
0.884585280452704
0.714848940761257
0.918274112930601
0.745723583400108
0.677930759578396
0.732209215404493
0.770482027593232
0.956837436417824
0.962056942141062
0.918360204288239
0.779412085853257
0.796065593273351
0.723240020996165
0.967947991214133
0.824222473648382
0.892855885719361
0.813018404419234
0.855314353101398
0.792672732429062
0.858055870632762
0.864146505684091
0.810664370451352
0.814970300767762
0.968085258355551
0.726293845515419
0.975582247183569
0.879181449496985
0.827990807415573
0.826339691142536
0.742789154676264
0.740561361460208
0.915203576563671
0.868979547392529
0.89310192553145
1.00073367309872
0.8615623015329
0.905738826852686
0.950947948575431
0.878642581133821
0.776125172172586
0.902683985068947
0.898856320152195
0.942983822491524
0.983179726663188
0.975647942358707
1.07768688966711
0.970228546775689
0.970625386374371
0.884766683205051
0.98960797769018
0.992466097441557
0.898716358188415
1.00298009361455
0.833508520120687
1.16600511469662
1.01023819263754
0.780979758665749
0.970206219421579
0.900948439199747
0.762225348110492
0.893325087432295
0.957550185194798
0.902877410223868
0.802834320856598
1.00497264659352
0.965602083466685
1.02127187236725
0.948411025546784
1.09565096458238
0.783975467246764
0.999051994358268
0.891513131198212
0.848094453118738
0.895751441279879
1.09637232462952
0.913951578112901
0.955298653472044
1.00563692897873
0.907588740551174
0.939831615909728
1.04497376424606
0.944702879310853
0.94073919021506
0.90685779772136
0.993122399994663
1.06620433490373
1.01118109174887
1.06346313089765
0.913429465948544
0.953538314773012
1.07498095386264
1.01188216485878
1.04997048045514
1.01240006303735
