-1.04772268362217
-0.980528675418407
-0.888231120210951
-0.962600191969879
-1.06848241756549
-0.89018288516754
-0.911698923384709
-1.07068458847104
-1.04892867089092
-0.890462739930563
-0.837540892081886
-1.11644798892972
-1.03469528354545
-1.04140567970455
-0.878524829170608
-0.96494010870238
-1.18757082630305
-0.943276220749224
-0.953790290709457
-0.821100328089101
-1.00485125068104
-0.857940942288491
-0.937890729098619
-1.02178750071401
-1.05036602539457
-1.13016451758598
-0.938127478776359
-1.14128616169305
-0.944513040296544
-0.868263637400537
-0.973991966101198
-1.04487115867757
-1.04810613152707
-0.859003886527988
-0.943114278785853
-0.997797383342685
-1.08662509748462
-0.895856607492992
-0.932601319314256
-0.953401604010788
-0.912848486270378
-0.881701615861942
-0.810230027416141
-0.867198547830516
-0.936265666740495
-0.952438947450004
-0.975556287069672
-0.892612249258431
-1.01596140347858
-1.0080294543981
-1.01368743470584
-0.881855463564904
-0.900386215751091
-0.88459992649684
-0.907870045190772
-0.887680692459859
-0.855439206911441
-1.00278049345976
-0.77996020916756
-0.913325576257847
-1.06348554784493
-0.991359596967962
-0.710684732595539
-0.848546482136358
-0.765415854451679
-0.812889865611936
-0.795572116442596
-0.755567269493239
-0.860646338467611
-0.929100017234091
-0.919535696411978
-0.898539614160497
-0.86417444870698
-0.852420892911325
-0.889990047177922
-1.02624399293226
-0.747921495573746
-0.855230623039104
-0.958698968755993
-0.699590559755241
-0.870406927651242
-0.8131161650339
-0.780629973186647
-0.781626067426089
-0.827294083365654
-0.842614554728678
-0.835079367777921
-0.832041896046093
-0.847931577717206
-0.810539154573256
-0.865888747290515
-0.88233145620131
-0.751937405115237
-0.730079465568785
-0.743642384012726
-0.836125897135637
-0.855066135144533
-0.767655442812246
-0.789831085048132
-0.868984586055429
-0.934870853838284
-0.747750393600555
-0.820640793265526
-0.948229722114177
-0.780495930445682
-0.828368040591927
-0.820829347704391
-0.746947721058593
-0.814643922750024
-0.920652350779466
-0.747043357534984
-0.682051480699706
-0.775276265838559
-0.77352122837839
-0.777780506173728
-0.669019230554665
-0.69556431385346
-0.835570057537214
-0.877575558080817
-0.772297289648214
-0.726627974621297
-0.659274138363605
-0.791232688508571
-0.686154605185069
-0.757218093788698
-0.595588831227419
-0.614886012110144
-0.782085439187344
-0.719583313908984
-0.781435282507653
-0.704170691541487
-0.716045318845442
-0.816795784190773
-0.736825734233927
-0.638808871790149
-0.805080792927506
-0.807634484245168
-0.816616058912689
-0.738377529825178
-0.681873302304735
-0.756307078538468
-0.83995894144087
-0.732867202255292
-0.805883937569844
-0.744695719706775
-0.796613260510785
-0.694407559827955
-0.661220067622583
-0.530941032369999
-0.724836048736802
-0.701706124794036
-0.706975782971433
-0.712583097616603
-0.62177321058318
-0.613347321968983
-0.618663008730825
-0.755317233582095
-0.75161724069748
-0.678300941144474
-0.732685303656732
-0.876959978865015
-0.542241573514183
-0.729786743482419
-0.744915690580125
-0.730199991969596
-0.641050685655891
-0.723466883750008
-0.643411319529938
-0.7247666858807
-0.660220336717166
-0.6663802331171
-0.600728939455718
-0.605104538416506
-0.632073777299235
-0.697987592218362
-0.554964361262723
-0.871494251236367
-0.686913281074091
-0.750880895041341
-0.671122181092709
-0.663649627031552
-0.642612301289291
-0.664650960444897
-0.696281560226428
-0.532221949907085
-0.726111813568966
-0.565539142205112
-0.47268543915822
-0.601354470799412
-0.577744909825596
-0.556488061486578
-0.644840848439732
-0.610896996863484
-0.648436905022937
-0.634617452741175
-0.68140086700093
-0.661287642379847
-0.630089463698981
-0.567443315283767
-0.572980741425769
-0.681150042874717
-0.623903065069105
-0.707754509728867
-0.538878831195677
-0.593280221585183
-0.606638867027514
-0.543538863927108
-0.660243028617175
-0.744978329165662
-0.72977888605617
-0.635032125303846
-0.663772063303013
-0.640702534988316
-0.455519669476522
-0.491666263256643
-0.65462418084541
-0.432485291859364
-0.612344755488208
-0.427675790948472
-0.717451418596953
-0.645899141245827
-0.540520450801697
-0.597008641361714
-0.470985852639838
-0.48844374889238
-0.607168442979076
-0.568969677505019
-0.48211945072485
-0.364464923144413
-0.554200595152093
-0.448589558946318
-0.503630140105499
-0.66988600001502
-0.424529751021365
-0.425373667247763
-0.542172745679542
-0.339863734699318
-0.722287645153309
-0.542968557520362
-0.647070927544018
-0.568953375208908
-0.501314472455175
-0.567865602571411
-0.40976617442189
-0.532723738870683
-0.515557715365478
-0.567592315353663
-0.474917411451988
-0.662385449810669
-0.641810200640345
-0.510673503270569
-0.510479653006337
-0.627446582516796
-0.454350781763539
-0.450532443572278
-0.54431964494559
-0.647090133099283
-0.444835030619783
-0.48766334779971
-0.491977319017498
-0.59755094755322
-0.450326126450663
-0.30375284495134
-0.648497312874003
-0.447838193415572
-0.590454372485064
-0.401146625564088
-0.490721815571894
-0.454263123002052
-0.549978359279102
-0.461197362382782
-0.309941767120828
-0.587797059088601
-0.54973289633951
-0.472984227814917
-0.541726976790308
-0.409637413114014
-0.5506137825823
-0.485856029430067
-0.484371492115747
-0.609405276095757
-0.541704071426259
-0.344679262912772
-0.48060635737305
-0.38609168192924
-0.417890388731569
-0.297407919563672
-0.594492325969646
-0.501390771655371
-0.392243990493354
-0.405849105528999
-0.489652944340361
-0.230748335409089
-0.363721989894514
-0.245618972810384
-0.429474352933294
-0.400875980115667
-0.474110550620072
-0.518254355299716
-0.324833093138719
-0.498444231180671
-0.250789674370082
-0.348616561267423
-0.421447448214968
-0.476315653920986
-0.34319166141427
-0.23289218781157
-0.392440604720476
-0.439197768872149
-0.485897652324337
-0.429907834425765
-0.35455480835434
-0.301773484764814
-0.396556240663681
-0.467993618092153
-0.279872636061117
-0.406924772072942
-0.344181369905384
-0.469961289571261
-0.333975573714209
-0.360955781178396
-0.442238314565995
-0.396964179050152
-0.466076162971963
-0.278740810785989
-0.305006354826096
-0.373463798857308
-0.50442448657594
-0.348418282317614
-0.158209196257293
-0.316113625035517
-0.219352922803633
-0.429343882241903
-0.278736650854026
-0.0394645114396682
-0.345498131513457
-0.323545001960757
-0.379408569709189
-0.299303413325793
-0.327507403521203
-0.295730524852383
-0.28747099199253
-0.116349166505291
-0.355740490916132
-0.183758693319415
-0.333072793573335
-0.375215441626512
-0.269991427524801
-0.300598020467106
-0.240482537421355
-0.30499093813767
-0.289346972563534
-0.295258402487196
-0.344044719725191
-0.183664074383467
-0.218011301801561
-0.319058640096615
-0.378377711416223
-0.360428893962603
-0.319084027637409
-0.316014366565711
-0.347950803155919
-0.420534050254037
-0.150527434067482
-0.279730919351593
-0.279290097327967
-0.225880872789718
-0.285477595591079
-0.218876791687294
-0.304485409640022
-0.165841746585259
-0.225817128835998
-0.270832507531666
-0.256683539431584
-0.225145841834121
-0.184596665313461
-0.287668329650089
-0.321849335952677
-0.197494656380604
-0.243146459134711
-0.335035547452913
-0.347199529495185
-0.124540630586982
-0.202685550095243
-0.140444734907066
-0.228518520059509
-0.193856167015097
-0.17144730839208
-0.26303468960535
-0.346710308467136
-0.248439076269948
-0.259474411041538
-0.237572533912923
-0.158790951937879
-0.180757798069312
-0.161857243739536
-0.301101563717821
-0.311691103019513
-0.18784539721663
-0.296445169000902
-0.0833605287846362
-0.205757817116829
-0.293158763775955
-0.20093166001775
-0.125532137635984
-0.1920387913335
-0.212221114106992
-0.254146572660392
-0.282278422434735
-0.178356712153885
-0.389338435198772
-0.0538620426141051
-0.187760115957046
-0.266842338432111
-0.165007643962997
-0.0277685969070602
-0.237194824077601
-0.146792538274559
-0.14687327457356
-0.217876585404758
-0.425498119135932
0.001534613980005
-0.264750111206405
-0.194774638197691
-0.177421052887665
-0.128434861746576
-0.0697635444207338
-0.310518536601199
-0.165436769563693
-0.138809606157466
-0.102706209852138
-0.268272191283297
-0.139927548480177
0.0344914514381427
-0.247184519063063
-0.201434299854088
-0.297818994187846
-0.116102769877004
-0.168434908126546
-0.142338687673189
-0.0885477835980389
-0.128039898665747
-0.13409432974583
-0.0402122158741772
-0.129118338494258
0.00265190726000551
-0.0637233090050504
-0.0229518761665956
-0.124869331643836
-0.177068512403241
-0.26898014703405
-0.12477545737612
-0.101123666428941
-0.111851758598791
-0.0679855128848173
-0.0817417647311362
-0.0664734062517242
-0.0610783027710727
-0.083229069462113
-0.0604032975091153
-0.0878796445614338
0.145800819029936
-0.148038098431224
-0.129127283669145
-0.0778815216028782
-0.0961730488566678
-0.0373163627130614
0.0364152827040363
-0.141753129155973
-0.0374950854434086
0.0160866851093389
-0.231378025993077
0.0381330874110138
-0.0694165842406854
-0.0514651304794806
-0.0600470311856839
-0.147432059290363
0.00584838555593253
-0.195944305151148
0.129909137057723
0.0696679377612148
-0.160991046956011
-0.0884673389019084
0.0530275523821875
-0.106903358884568
0.030786903098279
0.00482107522833825
-0.143121571879346
-0.0577530059383113
-0.0361814679836132
-0.0326695011811962
0.0642874782464708
-0.101745681421592
0.079153559012818
0.0280756882886369
-0.224559788397607
0.0481743838707759
-0.0674842803432238
0.038284233993359
0.0368695404589125
0.0590976564898303
0.134897057544233
0.0535881076787913
-0.0212993350185668
0.0147338256754299
-0.0375485537171203
-0.0150673736660304
0.0670962942257952
-0.0397884239912408
-0.0303036699941339
-0.0492004511004645
0.0231523672631933
0.0830535363588947
0.00128461987019402
-0.00224310873054775
-0.0279064726834224
0.205029147542855
0.0514585202532735
-0.0229337618944254
0.0146204584479014
-0.112013101489455
0.0444790665933955
0.00305596435193491
0.0213132515429863
0.00922316753656094
0.122914121869172
0.269613278986763
0.0784573932737596
0.0837991170556483
0.0343731218033725
0.220649763385144
0.113908678611574
0.0664192368477136
0.138776548664033
0.0872655458246544
0.0669664465332739
0.131428417200423
0.101409294625923
-0.00556110806960336
-0.0440215705691184
0.00692530494376216
0.0680326803479088
0.0812414082476102
0.136151342032726
0.104395987816348
0.0675058328917551
0.185588506314359
-0.04013877415217
0.0742481469506732
-0.0950724504034412
0.239487636165864
0.0989513534815417
0.00733589695467615
0.178424084607979
0.197829003983931
-0.0886612368147192
-0.0354037316893963
0.102417393550223
0.0581360537930111
0.183079925477327
0.102349926314494
0.22848726407472
0.0595019561188917
0.0507272543422364
-0.00307031854162377
0.12245056750573
0.0813628296287025
0.162885124911745
0.155018425138581
0.187062511103855
0.0931598464586242
0.19556690486223
0.237117658938711
0.284822571489546
0.136197521270108
0.0288383843507845
0.252662688745908
0.271295486829668
0.111899213351848
0.147403643708536
0.285255553611069
-0.0680036083148456
0.0370214528773133
0.175910409167706
0.117113787965088
0.192302620882878
0.0776351288677667
0.0550390415617316
0.150837461898175
0.216042405587297
0.085873076378349
0.247601632772365
0.060976362649497
0.201064074560738
0.151608174533296
0.320423551786162
0.285669669276563
0.35501214918907
0.0973330608804479
0.14471504043764
0.123509713679729
0.158571573814346
0.127149719884717
0.241313739787191
0.14023926079887
0.360724916904957
0.194463233340213
0.30437765624823
0.234842839654496
0.23048664375493
0.261634890813928
0.414022086944831
0.0407706477692338
0.20038541704265
0.345659654886192
0.356909089920703
0.140154761233931
0.100262225590915
0.311005468476353
0.273490992722069
0.176531692004674
0.185188878613556
0.389596481881898
0.304390823224607
0.152079657094393
0.273634758135888
0.33849948991842
0.193079104187116
0.20873079426841
0.160736891021444
0.416676049252327
0.228900672379607
0.16554902393159
0.360313469717734
0.316547597432642
0.274396284108159
0.290654470238708
0.213683531617358
0.173411358631049
0.315798645161626
0.233537991754368
0.168580874825959
0.171957121071677
0.241619053487164
0.291975981686461
0.455343416770422
0.363867218961488
0.190864139285834
0.337195643032401
0.164234148016533
0.260205720352715
0.337673223140898
0.319714694702694
0.275742453835759
0.154791608565052
0.400229692092526
0.41446452522937
0.297338330829635
0.332273404034191
0.288577142049975
0.268264561419229
0.312326100766039
0.345320984028148
0.365601072493429
0.160427488012978
0.404859253432334
0.273460033555976
0.338817587129813
0.2185034416323
0.276022218857508
0.259546003735329
0.466270107281791
0.384781463138102
0.252185791230562
0.368073710979657
0.302836206419796
0.418528696646831
0.370850971832467
0.49761573923501
0.416035068052616
0.289344767322903
0.261790643332435
0.342048142339488
0.480727715872861
0.473080082429267
0.380809955268794
0.137689800357926
0.485166567765704
0.322697866771076
0.397401709447183
0.298449548527686
0.438135898577828
0.304908392376002
0.429241709210631
0.347821989939855
0.420743801939461
0.391152264862824
0.479048681188181
0.534360540835362
0.333532590112126
0.440978947743032
0.496323158558124
0.430395510155363
0.459331834073569
0.46222281935837
0.529918652707373
0.350001269564259
0.315594151738844
0.35066892711503
0.423936928776976
0.418589087274539
0.418966513277745
0.407048318486237
0.424748987773938
0.295944953398028
0.40107408001948
0.443494874600463
0.418845851561928
0.341756514297008
0.53195455096044
0.442470937924888
0.336413568720385
0.497503355202555
0.558145731382747
0.497819827169673
0.36406633137966
0.460045488717792
0.464569132139707
0.597640439506132
0.601779587719192
0.440813492503446
0.376129479278754
0.44654355206358
0.405642484735053
0.372477565102073
0.422143788800287
0.427059068937993
0.64706246785469
0.241109071064678
0.395327305525261
0.531557390383493
0.403557526446727
0.382185818286003
0.437726617535098
0.447608850398165
0.420227474880843
0.630291836922907
0.549733753435137
0.425137812918486
0.53120045970085
0.501193828277585
0.401123528082554
0.600197550870334
0.500670721664312
0.418994316227155
0.658580398167072
0.60071648176546
0.56207972526821
0.467344257931014
0.557188263779936
0.57793630375619
0.541177793876983
0.474973901860308
0.589202544902439
0.449660205997212
0.389458406208379
0.570021882475479
0.50500588488857
0.432758466036306
0.631504374635568
0.369908927131206
0.567348805839559
0.501427455760473
0.579342829470057
0.529598557861812
0.542727022932422
0.499366591435184
0.373075410971334
0.611941631043362
0.664430465291133
0.60945909030387
0.565183249765892
0.640388088134142
0.524224001620792
0.571691361949156
0.608507385759785
0.51840089069646
0.569403677097605
0.580450599453755
0.740510495945388
0.639358788791769
0.636255320207507
0.596570435283339
0.526723254862341
0.770480459281093
0.549325784773465
0.488724667941294
0.357917365449087
0.605427315486103
0.638014970459904
0.548253729498581
0.556592821147448
0.594104242110029
0.601285709934962
0.70006514136711
0.594333348737273
0.533450041871129
0.685046312947981
0.655386895744664
0.442510731526607
0.7458385602132
0.701537306306773
0.633094036739789
0.464755281837902
0.674933630348172
0.681277092735027
0.461800030890986
0.498556243157453
0.559668464426022
0.785046177528448
0.796578630346827
0.678115727040426
0.664974912480574
0.533141096288789
0.667377846453588
0.57983462081032
0.69489698744118
0.513397383635106
0.68339059006733
0.611967161745931
0.594779074492699
0.861904536459525
0.837553451355779
0.730076449535375
0.708385899607902
0.5387942830985
0.688355613463756
0.742354336314756
0.708618485708331
0.612196893806561
0.524437843424922
0.598265164237358
0.789814078804391
0.697465134994802
0.61604474120117
0.656241703635737
0.666531301478533
0.740239619797862
0.574199672168211
0.742841702841927
0.690576017410539
0.79618908166735
0.647906909309027
0.721143012517914
0.765858621199437
0.833299775958949
0.647205097300472
0.802702164868712
0.652335014627352
0.785188756477902
0.805985573434354
0.68579832240957
0.675397999569459
0.695617760269965
0.765673621087599
0.693851449656359
0.760853232831943
0.615241259124379
0.860463776437169
0.699969022798087
0.6618135090451
0.737608931244791
0.590292189396944
0.79538815472242
0.578480973296385
0.698238147144617
0.875533941526128
0.719919749975728
0.741569633794812
0.640547746173173
0.764075627490381
0.743414266047735
0.715326760114287
0.824174437639486
0.798689758181437
0.787609011156417
0.608209844331049
0.801812365615572
0.794850442644803
0.680681393496385
0.719683525495225
0.80278339437864
0.82014103145907
0.85528537921509
0.722557508736675
0.890525165535332
0.764929136656145
0.872508228249973
0.551198222741082
0.782340974561174
0.867799425744911
0.682303167373781
0.764847840243715
0.742804242608017
0.900074369455156
0.832447332127048
0.751155559533833
0.88289867824777
0.80577911663946
0.776570668088967
0.772788255958306
0.878982926523591
0.807220782008485
0.877163682590467
0.870416925584785
0.823179462803917
0.834680444067225
0.930109505276012
0.765544621954902
0.790969805135234
0.760216451195495
0.733540444280016
0.976704972585483
0.89569287388627
0.853123714193537
0.91516024690797
0.970254674571863
0.779621173203698
0.845645718469532
0.916273106752833
0.920005679761092
0.740665929546238
0.872360696381134
0.975325255972698
0.984062812031704
0.79621208189286
0.877152628545304
0.946748371378013
0.919954355091632
0.901658725927751
0.900800638492993
0.775222474922343
0.965910656770463
0.954986192369191
0.944504383341689
0.826248222723712
0.785599364374565
1.03532510331391
0.829801919091223
0.809187672608651
0.982828225206899
0.782175968738277
0.831875979911884
0.906779589193707
1.07370685303529
0.940803736605954
0.95875495892728
1.0025606003807
0.951367878123427
0.917441415453091
0.935922519839608
0.871902639301805
0.982033234802015
1.05122618335225
0.938994798235893
0.881283093828222
0.965221229233706
0.926680440804604
0.908511065984336
0.890929694742414
0.865603137363892
0.905088910728957
0.849146372301785
1.13108722262737
1.00004651233367
0.837038244123618
0.926926870726176
0.998032371098192
0.918864557369775
1.00511894279356
0.899645210754846
0.949597361264773
1.06955220474009
0.974449577487568
0.95302731212786
0.954575922111329
0.877825206624687
1.00918221580755
0.976960979210386
0.981159256692432
0.917006788624717
1.01394696897806
1.02486114334583
0.957356188639953
1.00948920605229
0.931306790155222
1.03712252485404
0.881653966535672
1.04534542083737
0.804238846179504
