-1.04537729665183
-0.776148239456466
-0.956340827464709
-0.854941333490831
-0.955701138203917
-0.91943810983606
-0.876344726601349
-0.908740463325281
-1.01024517267336
-0.930205598149904
-0.841867110587839
-0.893290802452061
-1.05743505654423
-0.964044050257728
-0.913009195075123
-1.00797998713675
-0.864420453819812
-1.06161458310806
-0.852427714730533
-0.924947012996618
-0.913198548711817
-1.06032463774122
-0.88035161260901
-0.80220604437351
-0.934477895260162
-0.976944883398038
-0.879442929351799
-0.99481423905703
-0.71329872206355
-0.930683947162658
-0.862875186661723
-1.04611999590335
-0.993014810866985
-0.84074390302858
-1.08450630552338
-0.882705679562579
-0.991206786512784
-0.806528484778418
-0.923259940838767
-0.973014305073561
-0.817028892288725
-0.915306372867596
-0.94008489968141
-1.04798234315738
-0.955983235297489
-1.01755705129208
-0.850820344994812
-0.917822374329597
-0.905842224387762
-0.896883529108512
-0.962191204545575
-0.816853016781471
-0.907551349868067
-0.690474917485614
-0.979022776072084
-0.759026982061561
-1.07598442838134
-0.928555500524699
-1.03785526120235
-0.892222882682891
-0.910132362309059
-0.83251782553487
-0.850727529917228
-0.838334241708728
-0.810552638193491
-0.980699149387256
-0.857501926903569
-0.877411456367071
-0.800314632465622
-0.719071649484277
-0.896540764247573
-0.801970148800905
-0.770824343143069
-0.856835135811399
-0.913415896108871
-0.885480713502035
-0.898696204490207
-0.826563056458259
-0.842137928418441
-0.989271237930936
-0.692897121600497
-0.804347304907898
-0.92423598095562
-0.917342682232485
-0.934456569320888
-0.811927241286668
-0.822366731476235
-1.00506255140358
-0.952603205542447
-0.751340707144992
-0.886038472457908
-0.81385877458334
-0.972118248892076
-0.750529530980807
-0.818288915063735
-0.982226707995359
-0.824554386441035
-0.769684095843514
-0.854160792112269
-0.735086427776334
-0.851372657149696
-0.818707564459229
-0.677432463177021
-0.782769013876592
-0.881694280473292
-0.859107588138962
-0.862481407438241
-0.817151669330301
-0.710363620538835
-0.808135358858365
-0.709518807262571
-0.772281194196387
-0.84766030310968
-0.750956166462638
-0.834299615143382
-0.716180416952533
-0.668444136506481
-0.748007439292699
-0.829062852650629
-0.755792971102337
-0.88199309775538
-0.701319808504339
-0.740685846437739
-0.759540497624086
-0.829444832716241
-0.710704504752234
-0.72986169825114
-0.717809349510861
-0.686603968802684
-0.572343385949926
-0.816131704161194
-0.919285746983112
-0.65627440509053
-0.790751268018952
-0.612963529797286
-0.71684581134325
-0.7086000342175
-0.497491017017326
-0.670904787851099
-0.643074651569656
-0.721320451451816
-0.68808068054772
-0.547749094618687
-0.686217442169043
-0.765713300381342
-0.683907133997761
-0.714608277946987
-0.568455540100538
-0.741206994693133
-0.662398613047341
-0.691096940517899
-0.885290719106829
-0.760496587630051
-0.619721937226015
-0.622289326412545
-0.691069577058446
-0.655765803455896
-0.623799300862138
-0.771458405682146
-0.676998157879777
-0.610285094147904
-0.578632787756869
-0.717147857578671
-0.655744388168167
-0.589853058042813
-0.608973714924718
-0.659187381750321
-0.46495341588259
-0.587305493590502
-0.6159571071446
-0.567731149687189
-0.56728616246837
-0.665129065952302
-0.522185487393531
-0.754702610548768
-0.631999153676753
-0.740317070379562
-0.520422842826072
-0.545043703604514
-0.713961710591317
-0.56191447064934
-0.521307843386867
-0.679200156288918
-0.514854378032472
-0.540917709016963
-0.834494381542326
-0.673279201092978
-0.536537554819947
-0.640905969471506
-0.530439980318358
-0.637275790265144
-0.593458891586407
-0.625995961612138
-0.754388845961277
-0.682885637146287
-0.716205989051479
-0.541724839065762
-0.737718180350219
-0.664015277255778
-0.634414831297673
-0.743953652329236
-0.694965200209094
-0.564714396720496
-0.52174839315534
-0.707874750977924
-0.613078315313109
-0.582814796179807
-0.605273197725243
-0.551346220566864
-0.644862855400854
-0.628034100210218
-0.496633689330947
-0.455056372309378
-0.499581204052954
-0.543071882934347
-0.545810979723131
-0.60468447106521
-0.443900220446856
-0.536579387749195
-0.502565725263697
-0.636512118782477
-0.494608158380107
-0.575936965415863
-0.502075694212951
-0.687388028506841
-0.508785161380757
-0.523825347057801
-0.533037045672958
-0.523066116905612
-0.667531469856105
-0.589454125109021
-0.581840803572427
-0.524015281315311
-0.717251835482575
-0.52559132880029
-0.499835009358978
-0.573746584770039
-0.402861232830067
-0.539610266706274
-0.649931536267876
-0.458694258321182
-0.554624557750231
-0.468562827674064
-0.593382351172892
-0.500577449367931
-0.450554174722796
-0.416150821035943
-0.648745501536324
-0.412836419347714
-0.610428019930286
-0.476759923931882
-0.562937755049511
-0.402661503066549
-0.540912771955829
-0.319033406834746
-0.381971668636731
-0.442053348681984
-0.519053564931067
-0.512199278730303
-0.387263833010077
-0.468913117266553
-0.445303144770919
-0.499094412026372
-0.416136976946538
-0.471046845813676
-0.601402514495501
-0.36066859640083
-0.495875367977522
-0.376864500784139
-0.517322892835886
-0.444340288195759
-0.33278174282835
-0.438694276934773
-0.483060347157181
-0.59230784837132
-0.446862201308648
-0.421276856983999
-0.495393434312337
-0.305205958145181
-0.408675303736034
-0.515663860344424
-0.44156165297407
-0.372053899444727
-0.336667566643865
-0.267190431399196
-0.288855022478089
-0.41641470712866
-0.375769272027939
-0.355290980977902
-0.335314333063888
-0.308847700083125
-0.435946728529084
-0.386709164737268
-0.407053306714683
-0.340544892041885
-0.451190488786953
-0.511201283137484
-0.341267009484519
-0.191671210465404
-0.423412622183488
-0.311910252134008
-0.373362185619275
-0.343932139219277
-0.459553895949277
-0.359193419047982
-0.441576259489686
-0.442556122005908
-0.516585555878895
-0.345833596733231
-0.416843368147197
-0.318178735176598
-0.455801903755442
-0.43272761918429
-0.405610022380003
-0.405830763448672
-0.367067787708438
-0.501876915309537
-0.327366498820386
-0.363790021910462
-0.385636398023616
-0.361661247370472
-0.504391122231064
-0.396818508852494
-0.24770871770838
-0.320503330945675
-0.362641407177845
-0.269239265850766
-0.365731290750237
-0.471912191291059
-0.340198773680386
-0.323982392433434
-0.28878271984938
-0.236778899020555
-0.42430577836952
-0.389425195213952
-0.320745368994118
-0.36960897002898
-0.302012199605412
-0.256112818802305
-0.328987886148567
-0.31154953829884
-0.458482932606949
-0.208181423355469
-0.179800003445473
-0.253741681037793
-0.286759071658997
-0.341721684657594
-0.203489121850256
-0.247143749108588
-0.456892583655878
-0.180994924983627
-0.281091185139937
-0.411484342286191
-0.318438369107642
-0.313254084533599
-0.239117122897929
-0.25908298098365
-0.27075482306589
-0.277399121151026
-0.399433917641428
-0.254441307563539
-0.175140776737854
-0.326483666196357
-0.292751474125563
-0.37266432578483
-0.238109293781965
-0.364594071153489
-0.392088813057241
-0.29684983410768
-0.0925271181999565
-0.294754686255559
-0.198339766023484
-0.286158045240385
-0.203345277647073
-0.28968219484794
-0.272705111549621
-0.226941234545524
-0.181465555376892
-0.154011705825512
-0.25632098025655
-0.391984230451182
-0.163955518834964
-0.204246542734935
-0.252118032533822
-0.193882060159196
-0.349030468031164
-0.155344052752256
-0.0914014136252479
-0.38156690955466
-0.239417645296059
-0.235913496225364
-0.144118041264905
-0.214580378218575
-0.255787106074684
-0.260747779489133
-0.403655919302147
-0.148581607707161
-0.247046596266064
-0.162587636195745
-0.212133979252205
-0.294925657063042
-0.174011924520624
-0.26238298958518
-0.259211496742088
-0.139313551065161
-0.101175703414649
-0.251839924788002
-0.10548041612581
-0.218573233579651
-0.087256035347851
-0.149502719231124
-0.12311765433085
-0.278484275424417
-0.164226007268113
-0.278244325967377
-0.247498950203045
-0.0656267343243908
-0.151885465791627
-0.115627940294445
-0.10856029233524
-0.21500113754361
-0.0483709777254647
-0.193286096435568
-0.221392753228004
-0.0858874270026591
-0.164141087126555
-0.0434843756827001
0.0256402171956886
-0.0737468593152409
-0.138839893429563
-0.114089180695437
-0.184950262786732
-0.0355959631581485
-0.0959785240921725
-0.16322723835086
-0.136926114223864
-0.117969148843573
-0.0663269151255865
-0.133195958851751
-0.302204245094415
-0.185362650196291
-0.130645284881928
-0.0769279751948796
-0.0605251567983225
-0.24961125735521
-0.0593425613696064
-0.0937670190736487
0.0153203817415829
-0.222365895612857
-0.238363907847228
-0.0454564855540429
-0.103307029863774
-0.075302236330138
-0.138836274409843
-0.103295893869743
-0.152275646483612
-0.031656238860474
-0.227769752852629
-0.107222876900637
-0.11086704369387
0.04349129400461
-0.010786458185458
-0.157958172339724
-0.0931649099294105
-0.171395902502232
-0.108762864082667
-0.254384554204795
-0.0683305631138487
-0.0139630405243141
0.0645222226600348
-0.0691589019856658
0.0681260982710157
-0.166311292671876
0.0141539792801141
-0.0297019886516075
-0.176260340647906
-0.194634958453636
-0.215133171827575
-0.0146122409427546
-0.134862075205129
-0.040712416572746
0.045598704416604
0.00145350658777504
-0.0631235245438158
-0.159603510475145
-0.0377437270202994
0.0243975040911875
-0.14115678864906
-0.0773312566036767
-0.0934651929900252
-0.111706040461385
0.00194523614369514
-0.058683070816849
-0.076976477145758
-0.0497133144151603
0.00954602324667926
-0.0592592578917731
0.000212418279612581
0.116162031284954
0.0568109233465402
0.0980450717734039
0.0539471273263388
0.288494661179068
-0.0754729378803325
-0.0184399199441267
0.0474048099456002
0.014380528164224
0.0431751310019488
-0.0332103346696432
-0.026718915494007
0.110514237449581
-0.0649019058744375
0.0434939662150466
-0.0103963104229205
0.0815299658185664
0.0218855093608593
-0.0127548102715444
-0.0564512116120633
0.112914442909104
0.017676788211376
0.0167237553492328
-0.0327821049768039
0.110034042412531
4.90023540395978e-05
0.0363826159832389
0.0564328543585372
0.0175907207715047
-0.0922353004327327
0.0487788701999007
-0.0503753696758056
-0.0711485062541202
0.0955654748523283
0.0361302734023067
0.325321959191344
-0.0145755286795768
-0.0109546573038085
0.0769819465730551
-0.00933131218775751
-0.00714133885864107
0.151949660176033
0.111604266648479
-0.0222738496576148
0.186916418258874
-0.00413529989026112
0.0270488053642776
-0.0248533948691123
-0.0259418557852733
-0.10715004192923
0.0329156501550346
0.0217096142858599
0.152281725087372
0.0320682933720286
0.0191437162204563
0.0220599453465015
0.0964137670199996
-0.0474305560080531
0.0652592529237768
0.0898572155357382
0.125378627236709
0.132510516759533
0.103513648953787
0.0601037222664629
0.13370263996767
0.131504961593516
0.0522565689134216
0.295826746556866
0.144663255795003
0.0937138848041555
0.228824565757441
0.187520488040219
0.262968524093963
0.141884187302309
0.252577599316407
0.275970626484055
0.126523655711525
0.224531480376151
0.113917136845667
0.0783527859192136
0.0601399604870986
0.233779842677405
0.159695934439697
0.0406331796586606
0.18972028403777
0.040242357101069
0.084665005046847
0.180684748085436
0.173366709775868
0.166853475125312
0.0886443786039376
0.070139434663516
0.132893865593407
0.181977730775492
0.188999964009215
0.070513587817344
0.112070405573
0.231957136565734
0.330333189221448
0.186692280060261
0.166190565636945
0.215884135014901
-0.00519025101411377
0.229215570665407
0.200132558539325
0.334069855317934
0.230621968186495
0.304494266743419
0.17787454317486
0.309332150256263
0.228090497342696
0.0647725867604798
0.271062848043879
0.269794074708332
0.136671186686119
0.204554345023106
0.155624691200991
0.264243554444603
0.203373944002193
0.392646278062906
0.368788499889244
0.0576409399283122
0.398923312564642
0.271938626253023
0.15652121683412
0.320714327235056
0.361644323178658
0.09915971813708
0.211536515855687
0.171750376377424
0.169133462966343
0.137101562721443
0.259716944061704
0.345715554887629
0.273390831861048
0.316326220947991
0.272872438620521
0.188246543104802
0.280534360361701
0.182008048038901
0.234442898641865
0.171640039917166
0.432656733370567
0.313574716542036
0.199804755673249
0.302558157252887
0.353086787229614
0.228027709716096
0.257554156369655
0.375007683099156
0.141415137533574
0.176850667772829
0.401744215989883
0.346656779751647
0.506382817000071
0.335046199613528
0.388114324667609
0.356968167785658
0.304062965603768
0.271966606282787
0.281730045248552
0.354274218338019
0.460938451476186
0.270074529108016
0.380254526849323
0.342198437417833
0.383895721356226
0.40835235924783
0.31590852206281
0.187443900297923
0.431083859461771
0.360813503547675
0.150942825985202
0.536671927707643
0.36626116013927
0.347818935677509
0.345294116044344
0.362807355509333
0.482853318119459
0.42014964753611
0.510097993884688
0.364913375955963
0.390183707506044
0.444036836442311
0.418901024906435
0.430816092904647
0.38252952085628
0.479326942135806
0.443115825677166
0.41336504816137
0.33725267527811
0.261519172697931
0.38814468720632
0.320064381118218
0.385349251854612
0.335512776696171
0.439692982506372
0.276187226522141
0.415603400641222
0.463143258211849
0.458422305923872
0.424256933503344
0.430821279235557
0.294502938305758
0.355233415592688
0.328034483705437
0.491893872910327
0.505997468147885
0.466707048172982
0.430898728134424
0.550013251270417
0.439137093216358
0.438003806604488
0.507261374539187
0.543561821790649
0.511834858197217
0.398067273423679
0.497563856664266
0.339128494585827
0.348527593844409
0.425841202893303
0.452664897436693
0.561465613454228
0.424003762354954
0.452777304215877
0.438220891583618
0.41269975785857
0.433070824411141
0.409581533593133
0.439380875238245
0.545335515636829
0.575084232325495
0.479005943825687
0.416605369536653
0.457983807073323
0.506794205994903
0.362773357886286
0.496691038302271
0.340093259160128
0.53319179024828
0.524475834573262
0.495024959871215
0.380346324573891
0.551874482464607
0.404257960841234
0.664935248175857
0.684106123514088
0.713179198586458
0.403243223703884
0.405977538736169
0.574811524604141
0.448527190444227
0.434419111123343
0.548498762627616
0.375384657716515
0.404150405787645
0.515807780497049
0.450880811902548
0.505844422886981
0.365767971312615
0.505996656911628
0.580473470315082
0.511612011339524
0.380743573928352
0.519845310513435
0.581756909633874
0.421260512519758
0.43901556128261
0.400960149882583
0.557356990838777
0.462755254997589
0.547476301187679
0.570698694187748
0.557603373390546
0.414735508339814
0.437653874588406
0.68208267596305
0.561742290866931
0.60988758733004
0.551029053161019
0.460973773636851
0.723698679018027
0.57418548962671
0.616828152536984
0.35798690025001
0.713554531136069
0.50038278785791
0.619151643111424
0.611156086159363
0.585237666026624
0.516779756036748
0.520239437101999
0.434236173871858
0.646872890493028
0.676316902675684
0.672870169284113
0.527738499713002
0.519031704532107
0.385877233646264
0.573002260132585
0.531349396769376
0.64100573179218
0.603108255590834
0.645446523262371
0.671686332049513
0.635542617498689
0.475968817892444
0.740561951589218
0.753123849333925
0.608785859518443
0.443817547866248
0.732818504579716
0.684810124583936
0.539654557037961
0.714976784642549
0.561295126477632
0.414631237217153
0.562382880332273
0.534770307887963
0.560738565589831
0.637286772619933
0.710874512631347
0.532818696225393
0.6893770409953
0.457444256037968
0.656580447807489
0.674875572514034
0.571555442931911
0.68742207177008
0.590825002704386
0.804708150517663
0.743707519949755
0.730974155860543
0.651488018507483
0.683820121301159
0.550704427316618
0.694464930651079
0.649415722119263
0.368990295398874
0.730495492340291
0.635761894609979
0.63078274429993
0.546858601184121
0.609883739979227
0.712740647902377
0.758232637163936
0.508911311515452
0.688206418345433
0.672471247130589
0.712064073967032
0.625200448144927
0.678355311174117
0.563133516679395
0.794556562210445
0.824606567483484
0.861223077709734
0.683842998352208
0.819193767352404
0.66695510204568
0.833975653846874
0.686141563192932
0.721079753635995
0.78023157218744
0.717794181590273
0.667739410980533
0.786336549239493
0.714266965803857
0.708950996032647
0.646757681289067
0.677635930479217
0.764363121933232
0.88419231279578
0.799916642425241
0.99222221514616
0.876944878609822
0.758206431387781
0.800799724356112
0.837595305293913
0.754754015004305
0.893274705051151
0.853378013937321
0.708899448367515
0.644469952298641
0.86441516749587
0.879480912397561
0.701986453169057
0.773973349664231
0.756354230707609
0.810636437582711
0.829773231441572
0.570698863409415
0.581941936237249
0.786379525694814
0.729796354299305
0.802206493993048
0.762752061387106
0.696663268524844
0.791423107629196
0.716698055304758
0.647808980115744
0.852831538232301
0.775441364971398
0.726297168668206
0.819932656171176
0.759826045709357
0.752248101156181
0.825262458295501
0.898486558636058
0.85905384344361
0.805169653430336
0.798035608039624
0.746238302784014
0.925240065231317
0.827625653655365
0.825894583327454
0.875001749548534
0.675971048308585
0.812717527691171
0.910623786086111
0.846743342381841
0.816409665202251
0.734034417950142
0.824935486830121
0.755059552782622
0.801130095565572
0.877154558542649
0.672927920238845
0.801612883592732
0.800067899486664
0.758505582757863
0.914642199320068
0.743878984846425
0.82303045928549
0.952860320417676
0.934312837028069
0.934769706407364
0.818916866954387
0.928628639066685
0.872076769242247
0.860020444700122
0.810354450058506
0.809642073735393
1.02415821839054
0.921929523675623
0.812785533171507
0.838642906985013
0.90396397587846
0.969271070846949
0.909057503437758
0.928304580502984
0.799911757121314
0.903449506461838
0.975077333554777
0.874082509686095
0.906305028384161
0.934866015640517
0.916496518057511
0.830078279619516
0.971067078912991
0.899355386658902
0.819948266951618
1.0060903980209
0.908802337225146
0.886400909701452
0.946292413507899
0.859847086737767
0.934679123101713
0.85373373564131
0.94844786849378
0.986152046673644
0.995986919377892
0.962811350014994
1.04035294841711
0.937819459057191
0.948861540664199
0.780118495583384
0.961942039774452
0.987265754061923
0.944884798904747
0.996645245460078
0.963707702904256
0.9219959245794
0.962188092563111
0.944801080013334
0.929795497680643
0.962583907691242
0.969389661695014
0.964342309142968
0.912637071312622
0.95971383211818
0.987444924003213
1.11854175893209
1.10192907715984
0.848947549376812
1.08753104882504
1.07117813323872
1.00061956164451
1.11157442078877
0.988625201079974
0.979361274519903
0.999998088867423
0.764587874787498
