-0.969388086217884
-0.892622939665575
-0.882341682307688
-0.924441784242409
-0.785825168742617
-0.982542279137572
-0.984123358804853
-0.949347398183676
-0.969442177716555
-0.936720132918647
-0.834227138228855
-0.902497937756812
-0.894227628881323
-1.05842588015329
-0.937481029406292
-0.907769423869732
-1.02211605505376
-0.924037965139844
-0.872974351653103
-1.11726018899585
-0.938295227311548
-0.941548601509387
-0.793727308000042
-0.938552470426472
-0.900644800428826
-1.00007001914988
-0.924502972794226
-0.930232183276023
-0.929038138438356
-0.882745167661158
-0.968621741724706
-1.14719855092336
-1.00560648164448
-0.955460649293016
-0.958455300402069
-1.00697125558671
-0.91437477248476
-0.855578675202654
-1.08388963818125
-0.914335380056087
-0.976076094439583
-0.818228371835447
-0.865260385801932
-0.887548136792342
-0.855705420818906
-1.00095919463286
-0.964612366780005
-1.04379950428745
-0.918011620611128
-0.837012720570666
-0.913643714816109
-0.915778760992774
-1.03262554167031
-0.931967912728013
-0.687679069125086
-0.791394756162715
-1.02640343129685
-0.856598058043188
-0.900725696121012
-0.794596810410558
-0.801628383144752
-0.955106543909208
-0.692782301552808
-0.995669358064062
-1.00864279865703
-0.793070467875044
-0.776190506775698
-0.880231663002454
-0.848141297310305
-0.858967883902887
-0.82661017664985
-1.05906326163111
-0.937376501585968
-0.849399021647085
-0.878427313267096
-0.761888822246279
-1.02791689031998
-0.765917802575237
-0.781527149382152
-0.750171996201584
-0.782075211644981
-0.95159896960127
-0.742362505120669
-0.790235102088441
-0.927020439444944
-0.878817422086363
-0.671843069027042
-0.833808049736417
-0.794089810564625
-0.803428973539642
-0.955874336889139
-0.601785387343229
-0.803790664989532
-0.82586920199434
-0.721915884151601
-0.809817074072149
-0.849300540665194
-0.88907165798791
-0.886294407049483
-0.60361414315912
-0.889572916743197
-0.724061439945302
-0.72817547021006
-0.736293519823128
-0.982781717052134
-0.918943213911409
-0.797441160611017
-0.654250547741017
-0.727700319657536
-0.926369640741021
-0.610394251404761
-0.709584232082511
-0.777223699187367
-0.774106417125694
-0.7973531705843
-0.751495346696482
-0.739669481849437
-0.752112218110879
-0.822910860748296
-0.870235303900686
-0.705834159565924
-0.80452648131398
-0.782221752628053
-0.948858937310323
-0.778597973936152
-0.79921263910419
-0.758358179963424
-0.772330836897179
-0.654629772992926
-0.824173685928014
-0.772689677539147
-0.624771219928268
-0.958290338342124
-0.732704294219304
-0.726645913200198
-0.826125734596544
-0.557588057420818
-0.651706217828252
-0.807791213042942
-0.686725452661283
-0.781770730989176
-0.714716037296629
-0.729492522986731
-0.706509714172723
-0.72792567707094
-0.743443628874788
-0.504478852006243
-0.724805131598392
-0.751352341531438
-0.686945820621715
-0.658792156332934
-0.570828378668775
-0.719124733127049
-0.860188856313198
-0.61490651964964
-0.63233765568932
-0.584369204094039
-0.63593195697071
-0.811227624145536
-0.716399977057358
-0.776604154937884
-0.631207484698426
-0.59877423067646
-0.589080400027024
-0.672523819452714
-0.685538703316103
-0.710894033667066
-0.695409660368079
-0.61439866982175
-0.669104107246301
-0.523932640599551
-0.634589416857548
-0.610168895909463
-0.672152166122833
-0.639289528241642
-0.744689069763782
-0.519035382717533
-0.619855192722086
-0.68168942846671
-0.522784181663164
-0.671041310071249
-0.661415371022212
-0.625868216068594
-0.677487563073725
-0.559845124753412
-0.693692357492483
-0.750232909689548
-0.419273478905731
-0.552430251247699
-0.554670768230511
-0.621579690485217
-0.655927855982384
-0.636739251593104
-0.62475422297855
-0.559665103048305
-0.695472115305801
-0.685507183639193
-0.603926816400313
-0.651874041098027
-0.697039000657897
-0.660105120838587
-0.543440431393093
-0.606341551552621
-0.442428350118012
-0.66791836245182
-0.621996743423023
-0.544940483238974
-0.683195279723976
-0.569034437370382
-0.540620001623035
-0.480412744883079
-0.428619900410329
-0.446697881513089
-0.522212774690949
-0.555362763294829
-0.715096480128565
-0.492581233159641
-0.50520809109892
-0.467951008341431
-0.639517888224183
-0.672790466381456
-0.499625021538929
-0.59794412111318
-0.564564552907749
-0.536941565651431
-0.566798330684909
-0.547777442803948
-0.62197593950346
-0.605266102382543
-0.549234108233596
-0.397794653991445
-0.511736819584031
-0.396009578118974
-0.55357829140056
-0.507746547335472
-0.562911029548352
-0.386536393824594
-0.71806511382068
-0.660836792877744
-0.541601311890598
-0.609105207209523
-0.539749759840172
-0.515903071755654
-0.482708882266072
-0.479494092749487
-0.5613478898409
-0.377687035787183
-0.504007735046634
-0.451495586139125
-0.331381150861812
-0.557095815675091
-0.433853069946836
-0.452351703943855
-0.420627419059939
-0.604862705782332
-0.509259634423945
-0.564550649614381
-0.462481071279273
-0.655695854984063
-0.577292345997879
-0.420379315325349
-0.438494798049916
-0.539818911051696
-0.425504270476808
-0.421783207455643
-0.546282975416753
-0.512333272056633
-0.377336287061072
-0.673124640297588
-0.516448359462523
-0.518008044936179
-0.430070848588178
-0.430133934406349
-0.413153879457718
-0.381810696313098
-0.393459438125843
-0.52877412824741
-0.397315745908458
-0.540961947585216
-0.645847387352626
-0.387307180329017
-0.492375803073682
-0.411811744691199
-0.38937359306896
-0.480293158784466
-0.514210746996261
-0.479291499885915
-0.435040872045436
-0.43797011734636
-0.59505529443804
-0.406316872453786
-0.424675639673006
-0.498952935031794
-0.460221110889583
-0.471653550038761
-0.31168710950154
-0.559747735336642
-0.25509393437654
-0.37560116232778
-0.46021458581719
-0.416947976652259
-0.432380990291375
-0.545272357323786
-0.346049526079704
-0.408380143040722
-0.436259709240872
-0.301239267038451
-0.550591849754627
-0.383681823607697
-0.412806714806734
-0.368179019051255
-0.410494499067755
-0.457886094720148
-0.346647251519274
-0.356812069922032
-0.395254746140998
-0.431124798090524
-0.382765657628781
-0.391655040580003
-0.34306291399457
-0.362624829558838
-0.426832384347979
-0.308028901319633
-0.361865075775322
-0.386010671787969
-0.575020190689992
-0.363519097703301
-0.278480929393755
-0.381071623759356
-0.310586127747298
-0.395116498623853
-0.393009438944445
-0.417151846655618
-0.438925568169945
-0.44717521267525
-0.442020126809042
-0.316607753048115
-0.299725318480596
-0.401074871503024
-0.423426912568079
-0.303539076036021
-0.160082347672632
-0.543854409823175
-0.239268202362019
-0.303142347675829
-0.215955965239433
-0.167146400460251
-0.252683458804881
-0.318652809799767
-0.337480053717323
-0.352070121552842
-0.368072363517431
-0.343164933329192
-0.148914066268447
-0.380124320443622
-0.475901284492777
-0.336780881449854
-0.30205767257195
-0.342236450575686
-0.408509232989898
-0.145186918299613
-0.388060381797132
-0.359421741230245
-0.374600045100356
-0.173820400884216
-0.320687932153791
-0.262369625317611
-0.308314675419544
-0.334389149523686
-0.283284581412655
-0.118627129970354
-0.294586466987725
-0.221285482000115
-0.302192657664213
-0.358312836436155
-0.227882548205234
-0.280795395001323
-0.295970063231712
-0.221987417326532
-0.29799910135492
-0.204439264267733
-0.0702031540720628
-0.0866487670854102
-0.147995385248368
-0.33299260736799
-0.221398892593445
-0.196757271327753
-0.188266303404897
-0.0611173924912123
-0.235409514799134
-0.222405766554096
-0.278012804796845
-0.209062448823168
-0.242181721659703
-0.241887427467179
-0.256228613496063
-0.229443296610631
-0.230388900999357
-0.226347139737809
-0.0717655484473981
-0.29985287522177
-0.244966080329552
-0.203924761502931
-0.222650714897293
-0.207992874835802
-0.19671890423412
-0.137295531831068
-0.41140480523636
-0.240869922274609
-0.179651408400605
-0.135463723104515
-0.162390738630946
-0.23078626196491
-0.182632645898672
-0.157323898798927
-0.127546564043157
-0.217893125909988
-0.215144027040546
-0.130673474389627
-0.206836134047234
-0.21484503686837
-0.0809814325242521
-0.100478475977212
-0.155230245076904
-0.106806505819392
-0.187311591662609
0.0337555801121807
-0.270988318361293
-0.227789165323571
-0.138984067375561
-0.103801449495266
-0.212434134977573
-0.135725967648769
0.0629221573247388
-0.0577322473402621
-0.210192536585
-0.198059050818654
-0.151170490894448
-0.0545373431189395
-0.184638358396907
-0.144296659880277
-0.177094328408988
-0.0447896298057651
0.000258535500968652
0.00725110053335811
-0.174728733283071
0.0206039040228852
0.0142799854150759
-0.0794294562212248
-0.172335900093086
-0.162176897944215
-0.120370632290959
-0.0238487307716887
-0.0784810496205712
0.0746637963996747
-0.142774532322241
-0.123931332642181
0.0282859666658272
-0.0302416826192936
-0.0784909763219265
-0.0321758941813529
-0.149871934350839
-0.218651088863833
-0.0780184458358257
-0.165540308984781
-0.0522586586405532
-0.0677707362005746
-0.214160946573946
-0.0299261233871596
-0.202348757994865
-0.00355281296883947
-0.0483908398636221
-0.0260525258423313
-0.148436443229856
-0.0583757488235842
0.0155727756407116
-0.104232261204633
-0.0162838791457395
0.101234594104034
0.0177277268404043
-0.0660285511087639
0.0439030580468553
-0.115682485597651
0.01769166486697
-0.0301835583485794
0.107809256112551
-0.170890705173665
0.0135875071691973
-0.0750506773247188
-0.0785218294186935
0.0353670565685258
0.0477864696248404
-0.0644606287585191
0.0441920006194981
0.035622385840843
-0.0805500309203795
0.118686852101178
-0.0513484456094401
0.0890781140339212
-0.0152751828659426
-0.0113094973421134
-0.021025163929556
0.159351744131287
0.0660152311277188
0.0398015318695669
-0.20509307789308
-0.0497452501729214
0.0843617921383184
0.00531958415109343
-0.0398076404399288
0.102497192099262
0.0507325356755109
0.0806856346088904
0.128770427134938
0.00399483694425591
0.138709360553235
-0.0244269136608081
-0.0105431587354292
0.113970006232035
0.101068586691887
-0.0504908236380927
0.0495393245096275
0.163194482563958
0.0948681690392439
0.0586729083593886
0.150280884293094
0.0258045558770933
-0.0248667067241457
0.00344266350415994
0.0795134883182344
0.0577101519675572
0.146679264881589
0.233509510415324
0.255503610343108
-0.0798091956844456
0.169710675146379
-0.0221665206168169
-0.00183146185497028
0.1021968842786
0.187627890138506
0.0102923806266676
0.237850357611809
0.0286328714508186
0.0366035203463173
-0.0902854749656195
0.148767316886648
0.167793452455359
0.124325658626236
0.0306344164122268
0.0932145058873327
-0.0689752279232499
0.00136948382759971
0.0614534618744201
0.24750289466033
0.130952920083146
-0.0212187410870955
0.240832701622783
0.101183436069447
0.0767458277843876
0.252660304032936
0.134365331447788
0.165505781037899
-0.0179578181561407
0.0389838200980729
0.0409976941768716
0.219145564643446
0.0765727384974375
0.189521884880068
0.00445176886855055
0.143943094350099
0.211315385733177
0.0855368571680828
0.0883547573763327
0.2136818877584
0.249828194637998
0.123332416323456
0.141402084639594
0.13429781337086
0.110027219202701
0.17935002985375
0.235900788772349
0.210864876182175
0.0669763338665891
0.130492533435285
0.0851791549615172
0.0890466100166744
0.169290225038327
0.296931753848335
0.217317508152228
0.189252660134209
0.0272285255425951
0.225153779078614
0.170965880745457
0.175661002188275
0.170284813104987
0.0828275493022437
0.190288232013927
0.217983359270122
0.294019867475081
0.270140445275479
0.262225255068243
0.155648034463135
0.142494018650074
0.161714656485603
0.13982494023048
0.3148130178302
0.176355917456392
0.311000801549546
0.345711081140218
0.354654152808952
0.164005624020011
0.213163977773409
0.244585057126146
0.227548204554477
0.0992396989714737
0.251717895447443
0.192681890168515
0.0516761502170857
0.277996908347435
0.127379426489568
0.164167177490481
0.254628859171929
0.256679971155285
0.326101140927438
0.405683046196454
0.115711801376698
0.320799473784511
0.288820617779242
0.178751865613701
0.134204091599169
0.201683293547523
0.259169784937821
0.244789569970866
0.339471558702906
0.22740866006333
0.28830715274491
0.395331671297299
0.26943964334369
0.133992483981822
0.200136892273968
0.185465317469057
0.307547527726264
0.268523818575537
0.368011691243998
0.217825082061195
0.31367201862262
0.293031442071501
0.128901601396337
0.25514227122937
0.307189267220133
0.338407196612765
0.150099462103765
0.279834135649788
0.257523834855858
0.452726064761121
0.369282522975366
0.377209663557165
0.515354572064256
0.355654966201579
0.293831538951061
0.247337271327339
0.36110964537898
0.467468918869696
0.29238208011244
0.158116829660229
0.388462687770629
0.38825181603896
0.347019458165588
0.336259407743158
0.209412223182778
0.246956754876431
0.369397044554423
0.342737970274811
0.273301373857568
0.313876005134548
0.481112389556005
0.453733024082677
0.286070210500541
0.291646411180722
0.317635819871787
0.261342277659019
0.357225595750087
0.234591265298264
0.436027493079073
0.380918853547865
0.318333032696009
0.443327898021579
0.409496604016012
0.423681662218345
0.482802389579213
0.526354122803253
0.443873276959279
0.27235299346563
0.369246187938527
0.407758083121397
0.437640426814913
0.34964339636576
0.231430511442869
0.32448621427212
0.428173749779622
0.38607408030618
0.431956256066234
0.451804174481179
0.454856978409434
0.356804376325672
0.449456760535778
0.26692071863261
0.433208539227793
0.3864337434347
0.605080477499414
0.544785805253884
0.388983224394916
0.274863706343797
0.346886656247774
0.46050638374581
0.438126650526983
0.40718489330855
0.394200561945311
0.476296062153328
0.59176150244376
0.456545315868544
0.522645363448621
0.447762488746802
0.27023521657894
0.535515193781716
0.54347047775575
0.467474510295697
0.417991424974316
0.29961870738662
0.300406727610391
0.399877235648051
0.496112069789745
0.461303881453572
0.446436584992347
0.352753614323523
0.372847017508094
0.463131689975135
0.562885191697993
0.508190962175804
0.313472097614707
0.495329587516767
0.389306056663174
0.39463434187016
0.386168585900948
0.535748676073808
0.568130520143546
0.29233590412577
0.386354510034926
0.530068925301134
0.546790409042909
0.477415076950834
0.500177618081487
0.434311832217557
0.474920620137622
0.629372052940694
0.358197254024375
0.633871684138792
0.515058614574383
0.351563234151499
0.467233714295786
0.600575006507826
0.582034088872033
0.529189353586915
0.503787911581592
0.47907943699264
0.601013564484088
0.561565107659333
0.632418824466787
0.589748396753596
0.596783297416863
0.47552362585338
0.496810600574322
0.506161072766292
0.48683105085113
0.778563121971187
0.598599208785518
0.490698985464273
0.391451083204888
0.538823066619943
0.664900275871021
0.507523438349453
0.649574788385975
0.473691196966768
0.586777910681047
0.717794047064714
0.615105154860913
0.596469026872739
0.667428088656102
0.603733888727342
0.561730549409019
0.761830277506366
0.489118235460107
0.625474031381237
0.530384651607767
0.577968139894205
0.563089259158702
0.645809658670871
0.638064351859757
0.613803065131446
0.537041617135173
0.614912305456414
0.498813762869634
0.585403382027835
0.700876431235729
0.603302415279333
0.593947984777019
0.573807218993146
0.518481145576683
0.662734956285881
0.562866205096666
0.812058786439096
0.613252917432783
0.487990153918565
0.621947536698632
0.568742176908574
0.715112213961807
0.579498162653509
0.734666717498797
0.669942958224321
0.769782130622027
0.66393453139559
0.71571903682123
0.646298934920613
0.727313529565582
0.62662206968327
0.55297340541091
0.764589690841746
0.579696896101593
0.680320283561349
0.791513846704587
0.745281900208109
0.720031932353585
0.726186087942587
0.635095775396996
0.527099227126313
0.724816160958461
0.607058858741922
0.59280181184688
0.803420677077163
0.697137529984949
0.524166528654753
0.52217328066624
0.809061814495298
0.522623831576934
0.714669210958705
0.602918584656727
0.85445430514703
0.737711362517077
0.696783488410714
0.738534891207192
0.718479741837569
0.767980769975897
0.833969988250643
0.652091096229999
0.746874760179056
0.849100808012786
0.874523767575714
0.719884987452388
0.792571647242896
0.808519319649181
0.691215158899147
0.825921279110065
0.722034009692555
0.6825099029161
0.702559535391576
0.825207352989186
0.808402767041671
0.658299137396591
0.770137723820183
0.719826918810789
0.687881137593018
0.672205725750885
0.673373527335026
0.865174893333375
0.828548976398227
0.712500272451148
0.777848653575063
0.769798001263694
0.725950142177316
0.783339632355404
0.816447930103837
0.754600647890205
0.865833680098001
0.819038781494655
0.878171759746363
0.860608332593252
0.679241058864787
0.810754959632191
0.81637539346949
0.719843950032969
0.905321409904484
0.717703864568359
0.876928162784553
0.862633313328233
0.952791560456538
0.865729746966295
0.852904039620858
0.72992666827761
0.723921816770574
0.738891603142076
0.846643235900378
0.871122390074783
0.756479917010738
0.889015908347949
0.758981853637352
0.950056694285776
0.912475196739391
0.713656593794322
0.904064285325975
0.766925380223657
0.663791025639092
0.720846409267922
0.772711405879637
0.957227923020413
0.955355606440884
0.935060409307419
0.797573061337512
0.794709035883482
0.752566125650984
0.983461051882002
0.828181692289323
0.88151093016657
0.833121548138774
0.86387469779556
0.784025626342748
0.869118897905293
0.865796301798999
0.816958556019471
0.830728364384054
0.982809399533277
0.739754920893941
0.992827434258932
0.876663091365611
0.820763515130951
0.81538193322945
0.724356218487039
0.740333972965204
0.896928918877281
0.880645279171078
0.866655079785271
1.00511920292265
0.855738807306666
0.908953294213157
0.954499741713887
0.856339501579729
0.777487540730499
0.904184867565881
0.888557260171285
0.93246416567416
0.987694327709906
0.976028227694727
1.05558407041979
0.985336497932586
0.967755785952109
0.876000188060811
1.00202568135908
1.00153991047285
0.896541977775558
1.02139984407301
0.863270719093344
1.14127926314921
0.986240370718955
0.785177572251745
0.964309242923655
0.89605527787984
0.763009508704011
0.903445547797206
0.954018841059805
0.892729499917321
0.842365336355529
0.999102727065751
0.965428025909242
1.01104768907358
0.917388269040194
1.07239570585774
0.809273020305147
0.983815421161453
0.90061170711161
0.850714893357894
0.880857837852208
1.09871763864002
0.890006752497906
0.962629903567582
1.00333770602205
0.911966359560379
0.94016014341714
1.08676135528804
0.9624869241049
0.951252989541064
0.906690019501896
0.988162044760665
1.0530387674409
0.994877558391978
1.065127885679
0.889587747827759
0.969490499364344
1.05508510573845
1.01867803212608
1.03284940653441
1.01541999528183
