-1.02793639912756
-0.773362273145136
-0.977694845249318
-0.854409289242713
-0.973353988438562
-0.905183214370332
-0.87285833140212
-0.911011185787408
-1.02241812014383
-0.920279885100584
-0.843099408093881
-0.895970135443672
-1.05729030747964
-0.955329231731223
-0.92747696504984
-0.979369439046333
-0.859693076967067
-1.03893312491245
-0.885714748182302
-0.917132522418518
-0.904160945079063
-1.06437259310918
-0.866156009293712
-0.816293987243512
-0.933923880371374
-0.972959268687596
-0.875348545574503
-1.01340754216538
-0.72813676261091
-0.941298754500196
-0.869838771505319
-1.04774750064422
-0.98603015638233
-0.814389863439807
-1.09606743553913
-0.89283264757991
-0.975155825110295
-0.821146924180062
-0.914051685245777
-0.968318887509939
-0.818673601639918
-0.913966424852174
-0.963006970930409
-1.04973814329262
-0.90649154060672
-1.01398011774192
-0.872236164760582
-0.922361247130225
-0.89964382631168
-0.889349128624414
-0.967476318606124
-0.800657739261479
-0.910944390520701
-0.687472598533512
-0.976962330683681
-0.75756594045467
-1.07500084683708
-0.934018660962188
-1.02130167203481
-0.886347952761809
-0.906496460251651
-0.801083081947619
-0.832062768476594
-0.849137828233601
-0.820289452103763
-0.965802396716636
-0.815890118676151
-0.881775885432861
-0.805447072164184
-0.750005301186712
-0.881736536376519
-0.800786649083528
-0.760722793057075
-0.886415546363038
-0.906441641882675
-0.899088733768501
-0.908002732974227
-0.807189283335104
-0.837756059619714
-0.960059477399695
-0.710713511345422
-0.814860206535263
-0.912815861606762
-0.889088487585723
-0.936799847212518
-0.803626010230021
-0.812308524604568
-0.992654331183901
-0.955092412205609
-0.750638861330899
-0.890626056133251
-0.828812942317228
-0.937985550380324
-0.768985374896373
-0.842029936166252
-0.96092968844131
-0.813058078206121
-0.765102817047801
-0.848892344287228
-0.760000158073408
-0.821118631515465
-0.798714963159928
-0.678694716838774
-0.803244379978004
-0.896912504244024
-0.853948375949313
-0.871140983477275
-0.806014996734493
-0.705447370730522
-0.812742674764244
-0.714457767733832
-0.779094041440406
-0.82533303048793
-0.76151263875429
-0.854144829351765
-0.703020289725618
-0.677331132342618
-0.761309091180351
-0.83163710149935
-0.776742399320801
-0.874247556077468
-0.677233611427292
-0.740203586183151
-0.755659180766569
-0.845563994505606
-0.713571233875317
-0.711888988652817
-0.725144018516167
-0.713954289549098
-0.595403310580744
-0.815328640410223
-0.916251431243889
-0.676687932349215
-0.789328461330508
-0.606713386857433
-0.719168938351513
-0.724431850955045
-0.500036287206273
-0.657808775444122
-0.633143601122246
-0.734634701202342
-0.671522392614864
-0.520021620823128
-0.683648197519066
-0.737298445817574
-0.702323685684983
-0.703656169193855
-0.551913786722907
-0.716168640122403
-0.688084095906252
-0.684244316044574
-0.886117595907351
-0.768898586369532
-0.637305737687975
-0.615150357395108
-0.674835977420617
-0.655036045298317
-0.623850960196429
-0.752004754244309
-0.675975869885209
-0.598800888802187
-0.571691513476908
-0.694159072456134
-0.635452399462826
-0.585695954465932
-0.600087524179412
-0.64062399508337
-0.448663800535982
-0.579744738796175
-0.602053122005031
-0.580491630166024
-0.570806194780456
-0.685105834991168
-0.52615737974502
-0.750113782952421
-0.633018502169326
-0.735995680724426
-0.494109883820132
-0.537263608206667
-0.716946311291067
-0.578919602123914
-0.526629207741274
-0.678050970595626
-0.53394789024903
-0.526292902906539
-0.837329894830371
-0.668480504382514
-0.525396179508882
-0.614408988043163
-0.514137404926032
-0.639742048636531
-0.597668677884712
-0.639019852872373
-0.756477025800603
-0.695022998347161
-0.713170706702723
-0.546879352653778
-0.764494106258132
-0.678858360583499
-0.645559699151981
-0.730844288440816
-0.699291269592876
-0.541447398806161
-0.511234024230532
-0.708141430981189
-0.612125877067273
-0.597291804167931
-0.600780066087579
-0.542628095168263
-0.644333489529333
-0.62124690446286
-0.50975305419848
-0.477607676302792
-0.506050887380173
-0.539170069780739
-0.528884230538287
-0.611682649657227
-0.440729436850614
-0.543703690956226
-0.498778145300896
-0.61422613256042
-0.530587916420359
-0.578667986601758
-0.500271858146467
-0.672637800177427
-0.494480361094383
-0.520232795600697
-0.550713776679922
-0.519342399209006
-0.659470039356123
-0.597329677365982
-0.572151626013253
-0.525701236388712
-0.720440247434367
-0.515307526554565
-0.496188399218208
-0.578525936310281
-0.398202499015939
-0.5532071222528
-0.66790953829359
-0.455158286931534
-0.54370453764586
-0.47965852751266
-0.599933735130069
-0.485600985677964
-0.435621412294243
-0.429731773559415
-0.634379087584911
-0.408099270496332
-0.582420187213225
-0.475916503295339
-0.549738558370991
-0.371254865217986
-0.55548613552014
-0.357394788548241
-0.369806793113281
-0.419612957398372
-0.505534448055827
-0.528468125950956
-0.391138867177412
-0.481977654131986
-0.449734011395791
-0.489818753588603
-0.425186175497512
-0.474255831507455
-0.616745683219602
-0.350460287731142
-0.478751417579091
-0.382867963413784
-0.520157707187576
-0.463352387640118
-0.343281405115251
-0.45049285486609
-0.485075384773906
-0.580257958917353
-0.453970634539528
-0.400789476586309
-0.466353449855925
-0.323008029196753
-0.379653039055004
-0.529517136799645
-0.450577578658294
-0.397020370668931
-0.347318559766826
-0.258638705578264
-0.275127321239241
-0.417902999449136
-0.384300380019296
-0.3609657408772
-0.304550425317449
-0.322849599507516
-0.447806874902751
-0.399905531264435
-0.413815273864609
-0.343863340109228
-0.442366762567857
-0.513478371730808
-0.358023457067649
-0.191345750256093
-0.44295799443659
-0.333616063114992
-0.361086023726318
-0.369308318257841
-0.442786567516757
-0.355000093627324
-0.447429530073886
-0.440715823818836
-0.533569991117724
-0.356322459998721
-0.402479803297043
-0.334541205158474
-0.4307850593083
-0.439671586820118
-0.42160421084388
-0.397913620088054
-0.361630486042053
-0.502781714995262
-0.326854508619361
-0.356679514777867
-0.387032200423413
-0.370857191772976
-0.489417794639856
-0.390651215912363
-0.225421217992862
-0.331416489727662
-0.3702130016172
-0.296638284953046
-0.367304905051429
-0.479087893404655
-0.338536371617036
-0.331547029060358
-0.287386180427792
-0.228683136951053
-0.411504474400431
-0.391179132979848
-0.321498687868502
-0.393127668135571
-0.319287645150461
-0.264608542016393
-0.329602484193172
-0.299205661250027
-0.433504288432411
-0.225375278286064
-0.164827747234974
-0.235881803812019
-0.287391517833459
-0.335461751719386
-0.213548918123392
-0.247251766622865
-0.446400093971442
-0.213069860034935
-0.286245452103269
-0.428190810458743
-0.322215721214482
-0.318563025478674
-0.266431241835328
-0.271934867972592
-0.262782254584676
-0.276015982490861
-0.414006958281602
-0.268886381284337
-0.212031476707791
-0.341065386662874
-0.283509993012492
-0.342922915791887
-0.237463418693138
-0.356061473450569
-0.392859288371942
-0.307379322331025
-0.0910389275728143
-0.298451573189145
-0.203764178288398
-0.282123531860702
-0.199336025594466
-0.270353070551768
-0.269006488758701
-0.248597762137086
-0.186350068240821
-0.170637875168953
-0.284174881722902
-0.388161688461936
-0.194178764218635
-0.213674011252078
-0.243381779276447
-0.210084740582237
-0.349980692373815
-0.158371089696229
-0.0942191636138768
-0.382714076206606
-0.247339602811488
-0.227006743634359
-0.115912057178299
-0.232211676965291
-0.277594014977741
-0.25195440626106
-0.397297384281744
-0.139166062923563
-0.243021373331403
-0.152112565930281
-0.19758821506306
-0.287646448393713
-0.168894402460081
-0.250905387700106
-0.250078238891735
-0.149269044340534
-0.11442240317951
-0.254039861740495
-0.102869786915053
-0.19510801807508
-0.0854774470727538
-0.146843741371821
-0.130375189724001
-0.277845642789193
-0.202882362574517
-0.251509624423512
-0.229114594553895
-0.0882569056747091
-0.158636123596188
-0.116952148574373
-0.0991507566978748
-0.20052881147758
-0.0578415656183014
-0.202440400457736
-0.214247801033006
-0.0777660158231724
-0.166779396268544
-0.0344172101466306
0.0555144326929097
-0.0894202799302369
-0.134303168213563
-0.107093078903773
-0.177536947705121
-0.0633241449118807
-0.111246641399175
-0.149500022384175
-0.111249554766942
-0.108747787541196
-0.0634450888388681
-0.140779382563192
-0.28911249128108
-0.172582484506383
-0.133998385112522
-0.0715859457357032
-0.058186110872105
-0.262377019590349
-0.0481109951585467
-0.0715582014865813
0.0119593677506261
-0.218295801591982
-0.223526696738238
-0.04314874766646
-0.0898428863475474
-0.0899892443657999
-0.131409234863892
-0.0837321351454939
-0.159726821582283
-0.0442726639765186
-0.210079659279714
-0.120402522193645
-0.0983286781738738
0.0575480431234677
0.00774907021888869
-0.164313664378182
-0.0939862615423258
-0.184088761118797
-0.108876144316231
-0.27218084747203
-0.077450249343487
-0.0177204813376994
0.064910461296606
-0.0731475919118877
0.0646255742395294
-0.170755323295909
0.00132925794057678
-0.029829518559588
-0.175113976706126
-0.17546210389563
-0.210894952568689
-0.0144312211245915
-0.140456132101755
-0.0420728953497789
0.0251512654596365
-0.00652090627697019
-0.0564181877342266
-0.160251729339795
-0.0438609667665469
0.0197576612405686
-0.141189265295565
-0.0751699845604095
-0.0856523091453333
-0.0967936753343076
-0.0232793820498305
-0.0366273867621369
-0.0839413151076924
-0.0608892593245281
-0.0049280906786539
-0.0481962322525602
-0.00751937562260235
0.129877165207412
0.0726440172350657
0.0854153888452536
0.0672813823647744
0.293201032883409
-0.0536619684825193
-0.0307803679550951
0.0552910173559106
0.0175580479024769
0.067634908521769
-0.0324889665837357
-0.0238277955211424
0.114709303427347
-0.0556430572037258
0.0542954860359544
-0.0138863717067269
0.075121312036407
0.0235022435523403
-0.0135213322585948
-0.0728760741774376
0.100681509817749
0.0167421277810609
0.00144882710020853
-0.0495650726053947
0.0990247248247719
-0.0203833533585417
0.0459159730894087
0.0550597418121196
0.0289639189206051
-0.0959372853050569
0.0645034256835566
-0.0419405410420366
-0.0679690693350748
0.0814995647219466
0.0386188905756564
0.299873353456145
0.0205091551749212
-0.0171861168883337
0.0695855573432389
-0.0114916122523333
0.0128290730439303
0.170354867020823
0.0849921744747714
-0.0349733528630374
0.183471938133562
0.0150647859412172
0.0313496431509471
-0.0223481230019257
-0.0115491780547901
-0.123356392926434
0.0322561127119213
0.0199669118690564
0.167346972274221
0.0244024577860323
0.0243721412178937
0.00434288582421148
0.108834419777888
-0.038417963046549
0.0894645108895665
0.0830081019055794
0.138471122924441
0.135840901151919
0.10030683234773
0.0529637209642267
0.0945361599583835
0.130028444009917
0.0461919437190489
0.282618132666181
0.130688472153258
0.110304400063841
0.211550565382315
0.184437036091713
0.242305157722121
0.148258648054812
0.262932834076111
0.251816802253084
0.15294179503252
0.236052031629724
0.124185274543111
0.0612604913540721
0.0648685682715182
0.233894668054701
0.171493978154609
0.0577682016899974
0.173662551053759
0.0488349619866064
0.0677430096338677
0.201793404856722
0.175425809876878
0.150498528014042
0.0673922215318697
0.0417394168049958
0.0911882591395735
0.184590814091045
0.178957123065941
0.0593031069094313
0.100745290853318
0.21535187936022
0.328915513337512
0.209820840732651
0.174699406733402
0.209436271243302
-0.0139603606832318
0.245407731131637
0.199465348753999
0.345954437818363
0.266367163957735
0.319427700102006
0.186785375905677
0.328602181764325
0.205766704027669
0.0769495552236399
0.262749329566161
0.28424716721318
0.158146467221163
0.216304476186529
0.147748933177279
0.267267480252674
0.172714493534242
0.401756637323226
0.37848764424177
0.0807134521325897
0.387789123928076
0.2736051000253
0.155771865104131
0.30021626095984
0.358622460593238
0.124237012597241
0.200298470338536
0.169890066710081
0.167426673850711
0.129279265364825
0.265702126251659
0.379399944892788
0.294909946480684
0.308186048532091
0.266551662652734
0.198531245948621
0.291744962038025
0.188385728274688
0.223587009618902
0.146998653047483
0.42485306011776
0.317257230599984
0.184143718616778
0.305941709414508
0.338801976439117
0.2331653621304
0.247509793279832
0.365375246134797
0.143311660581563
0.183065532772399
0.432157217141841
0.330161957613593
0.490516260505786
0.32998482218648
0.39215084309667
0.351643681922105
0.284656905703213
0.264316001081631
0.27999352848615
0.376519991501309
0.459773552296404
0.29219029427669
0.36493885423227
0.345604160201425
0.377983370179216
0.408066238748638
0.324418524937665
0.182865601260088
0.425852874769337
0.373908833751534
0.159341790176536
0.543768192003976
0.40514455198347
0.336589491305409
0.349766759520909
0.360461454615555
0.477335463056393
0.412160296965812
0.503274428672709
0.358253122142247
0.388356530595674
0.458360562417669
0.420477783474518
0.449576543024249
0.40096161565781
0.482740246043535
0.450479916452042
0.428303105710407
0.351735801929037
0.257239528895724
0.409557625093682
0.323105123222447
0.376301874655962
0.328271472588516
0.433963442419368
0.270073765412549
0.398168218379706
0.476061645401378
0.426649487862365
0.417766730751908
0.42334568205215
0.278473230672261
0.361858315830783
0.299162562246315
0.477372689558909
0.487562973108558
0.461347513749878
0.437488950410448
0.561455333175001
0.438082692393145
0.432667440169892
0.517753768467949
0.559372179917594
0.483542108006379
0.388594087239981
0.457649727212851
0.326794743185719
0.351062243775059
0.444246187971904
0.455882560642105
0.547740076745551
0.407105165179682
0.430767379035591
0.452685842696634
0.40401418933417
0.48080668464177
0.410865511504145
0.441677634023709
0.546617718331258
0.573203952279263
0.471711471061157
0.401585574843908
0.457132982218819
0.510022662117288
0.380833073132716
0.494575484036775
0.333306563338538
0.547999329721213
0.531663729795676
0.480511118652064
0.384090128107892
0.544174281307915
0.409850370133352
0.657998613239481
0.687482919655415
0.737333022086743
0.395606789037296
0.39043479649329
0.583947008881605
0.457136573878015
0.408897803203945
0.547902996870554
0.392445227376803
0.402042938352243
0.492540625850282
0.449812516166132
0.509378554114897
0.357674921863802
0.50454484293202
0.584938724475913
0.496054398678804
0.38484479158248
0.532989581115252
0.577855695737752
0.432444137233718
0.425938619810325
0.391383773596488
0.578940401309043
0.488425119158341
0.575569672414586
0.586396874751848
0.554153896365006
0.407374459598272
0.430353444593087
0.683264518473856
0.568355294786281
0.614919829506066
0.554345898212409
0.479292921424267
0.705698797837924
0.556373823400647
0.609482834719082
0.385109436898816
0.724018206136143
0.52728498754868
0.633389479138153
0.609189701399773
0.592095758147203
0.532337316449227
0.5261002905368
0.441355070831655
0.63280991255622
0.674481493032482
0.640785932529721
0.542242003223558
0.557433515654226
0.384979563037797
0.571637755845434
0.528899627003578
0.660521181866851
0.606284018061093
0.649683871997743
0.68286327369035
0.614414752255242
0.489624001457173
0.745914824476358
0.732116172940888
0.628503913715478
0.427532132394174
0.716061051326562
0.68580073537261
0.548866076363523
0.73143379987563
0.574591737366115
0.429647705578327
0.567925618673249
0.539140960704344
0.575249417714597
0.646380138197186
0.700483580721939
0.526866166061012
0.686231181722818
0.484854656267104
0.675011018663101
0.692047851185773
0.580999267006379
0.678510311574407
0.578366236723555
0.804624977508774
0.739180570649874
0.722020110922643
0.650004019426077
0.682137107740042
0.563969103529571
0.706661549225671
0.653259824789773
0.389426905954757
0.720943634925358
0.618281959765846
0.618648474010983
0.54670860036019
0.604708237981765
0.717871624651271
0.743742092819932
0.508383406839642
0.711899952645845
0.674823609818916
0.738120827878911
0.624148544292534
0.666824125270686
0.548260438849485
0.792698733400075
0.837066688013002
0.87902923238025
0.724987152191419
0.812503443644217
0.654779396340212
0.837386284413509
0.678146913955844
0.727215990266882
0.777769301492908
0.718464461572588
0.646236079406231
0.76397032315947
0.730912330673112
0.713765732339041
0.658196862309501
0.660981526814445
0.747318238176128
0.911742103094797
0.804051631857672
0.990222870915196
0.858854275893405
0.77010016057993
0.80168382630966
0.834688012688387
0.746390842477973
0.912576790197875
0.848384890655972
0.71507947803278
0.658757909826452
0.865754244916059
0.869543979219757
0.685644478800578
0.787652239817046
0.778288356417255
0.830063207998574
0.843163680543683
0.576115795330357
0.580530504827467
0.792612171430143
0.754445070773749
0.811311383534337
0.7346481746741
0.726087735142959
0.809782769406432
0.746403188909833
0.66856850525339
0.845692225152262
0.760113841927983
0.736356978413067
0.810844961289162
0.748151430318386
0.755348643436031
0.814901944716375
0.880090902000124
0.863671154201718
0.838204508983784
0.794437462028006
0.759747823440805
0.945159455880339
0.82760284721199
0.823832752362797
0.882728680148041
0.650114586338075
0.808111372380439
0.89362295046334
0.839679052726666
0.838130705609246
0.749575671404296
0.838894846531573
0.769325591059014
0.785166885992883
0.864142951421926
0.685906050509987
0.790866351543435
0.81118899379984
0.763132069349484
0.918900418867129
0.782616433654059
0.839987032421903
0.955451206173884
0.93933916590891
0.915104499789195
0.820387844137886
0.908061584711484
0.885679697379208
0.867278422470185
0.812556159101034
0.787954427544435
1.02690274639886
0.932332388470782
0.81868571858757
0.855240102216255
0.903887256779848
0.960188173965301
0.932553992753608
0.914275250720893
0.799497082619618
0.901920062418937
0.954698235436332
0.876078939694938
0.901530554745832
0.937855419386646
0.939446875061027
0.838380893177541
0.982054639964616
0.896915270914411
0.830463193634573
1.02968865615157
0.922602926325643
0.874312958053768
0.969355491846503
0.866030475682939
0.934016115836052
0.836262334327451
0.955450833994267
1.00165256847968
0.999978274951733
0.96517181426814
1.03976604797901
0.937567031140744
0.938196776502628
0.778469363113836
0.978616642896231
1.00763785547405
0.9647572644944
1.01790605323875
0.969994919915114
0.905180834750358
1.00539869257145
0.964669361866229
0.954422675221993
0.966896933105276
0.993661463109247
0.951239192238387
0.935514080630031
0.958088207202265
1.01048809266634
1.10841511394362
1.08897447742244
0.841834831309202
1.08873946628912
1.06571940476226
0.984898164106487
1.09224382834419
0.976765506406114
0.988425420269357
0.980148743516634
0.767521153980857
