-1.02575811195798
-0.782544424082317
-0.984427484282842
-0.856025433429375
-0.964822734465507
-0.930103536634447
-0.853335537991987
-0.925439496813512
-1.03483377698301
-0.925143546769847
-0.852373110977
-0.893716683000379
-1.03685825679093
-0.942869649751456
-0.924471174709055
-0.994651060396204
-0.852674600910926
-1.0330754378213
-0.871564608295066
-0.909676318109203
-0.908682759840258
-1.07687143775297
-0.851668820843153
-0.809973458318458
-0.941609648488257
-0.956040438600606
-0.874888381807482
-0.991311703872866
-0.733031661569562
-0.939426936874116
-0.866343030963339
-1.06487888197522
-0.985686612419815
-0.826257791517419
-1.08058821056038
-0.895364594667034
-0.988350638451802
-0.821435329582133
-0.928573478874199
-0.964911399818083
-0.809925181577164
-0.893356808496386
-0.942950703073673
-1.05239603142235
-0.948419358587968
-1.00931859917891
-0.887613519686447
-0.927523375398542
-0.906742183759388
-0.893084071097923
-0.939197074037677
-0.813316076536018
-0.915208612904188
-0.691353396804645
-0.969604405872051
-0.750803647470054
-1.0885037564313
-0.914811414123743
-1.03154582409209
-0.874712129615528
-0.901530449561192
-0.793389972033241
-0.830239470752274
-0.848775691867216
-0.805847175784725
-0.964879650035193
-0.842983070496071
-0.900571714499091
-0.795679430941114
-0.744696096595517
-0.88854505665579
-0.813340860852318
-0.765794497279031
-0.871515122113176
-0.90605789320297
-0.89066159114205
-0.897509629282153
-0.809233384357111
-0.836819407460585
-0.966411701802708
-0.69610945295116
-0.8157362882497
-0.926006683990096
-0.921451237050539
-0.920322803199237
-0.794319251521513
-0.805607653951613
-0.995925880812597
-0.982252280191564
-0.769470424612382
-0.899969526728111
-0.829443353127946
-0.934693214554274
-0.740997935139224
-0.839142054190111
-0.987215255074639
-0.820906484040139
-0.778552127103984
-0.85242600015152
-0.750226549641037
-0.82167941188249
-0.797014207393418
-0.679583753689207
-0.790946986542592
-0.881255246842306
-0.856542308442895
-0.881228629378548
-0.784878150125917
-0.706313837823848
-0.796696084656871
-0.727167273101495
-0.800712502560501
-0.827515016350795
-0.776564477910627
-0.847451832899174
-0.698492509096859
-0.679474643794864
-0.75638188399203
-0.842034170274216
-0.771151593236805
-0.904570153333891
-0.670099007459933
-0.747183292165966
-0.774771844467599
-0.827440768128701
-0.69676460834133
-0.721239778154407
-0.717866459801258
-0.699044526452422
-0.57920842414188
-0.823276495516179
-0.919769111531871
-0.659871280259665
-0.803467496805268
-0.600957640208982
-0.71771186585813
-0.710549224671013
-0.509955521468744
-0.659810432005823
-0.626318824101971
-0.740227672779854
-0.679559499171256
-0.528659141109171
-0.691700666802398
-0.748944090787407
-0.693853984128016
-0.71007001388573
-0.575665879477995
-0.746879292102034
-0.689758007315774
-0.70057552465023
-0.901269775921862
-0.784849885344639
-0.625550419467246
-0.634942191555986
-0.661357657259855
-0.658040182790241
-0.6248702956404
-0.759803823972682
-0.664492084686599
-0.61242430531658
-0.56277884636308
-0.695015249494416
-0.653032606121235
-0.595181795734302
-0.608028034540504
-0.667210875870362
-0.458633413371529
-0.601456387726429
-0.617478033656738
-0.583602057430034
-0.576241281928291
-0.677500125263963
-0.540805630208273
-0.75655777407752
-0.640488306582949
-0.730602691724561
-0.496398592204932
-0.543052286666427
-0.707312506501534
-0.555126323474393
-0.534302962079384
-0.683027263017398
-0.511023614430503
-0.514504964910776
-0.835445177623712
-0.688760574703071
-0.513091197540492
-0.635526947770766
-0.51704634313161
-0.641181494287376
-0.605884115287714
-0.612399804341317
-0.747175531395135
-0.679530711562148
-0.710978149653333
-0.532263003114799
-0.764269151819816
-0.676379619075557
-0.651152541693066
-0.735965004927492
-0.675707894333416
-0.541207328888178
-0.511904386727655
-0.707482819744985
-0.625475649801037
-0.600330734178025
-0.59942774246433
-0.524742129140826
-0.669474934237108
-0.622536796944671
-0.508324042502597
-0.461899182110711
-0.489876784403418
-0.535165090296105
-0.544558414035894
-0.600121389353081
-0.447053554433756
-0.546259811615905
-0.508634666155723
-0.625945032076548
-0.523346341049039
-0.571254820414763
-0.502490980060068
-0.679610234825944
-0.483033519355005
-0.515681999446694
-0.537740161010192
-0.539557660919035
-0.653518734145128
-0.578407802233667
-0.585238507615477
-0.533559722161632
-0.730546216549213
-0.518567299329714
-0.497093841279031
-0.582152383935702
-0.39523599359646
-0.568365228637659
-0.663680263283057
-0.485456633430882
-0.556418796600889
-0.464704786742495
-0.586972995233962
-0.491737515076141
-0.438570743109834
-0.403710288371957
-0.624099891266342
-0.406279631995491
-0.573960260461687
-0.484034691718313
-0.573578735937743
-0.379525082577744
-0.545957904680921
-0.345832250865367
-0.361121037129684
-0.472536049012176
-0.508444924593511
-0.517422107650871
-0.398945324123468
-0.475534794406869
-0.435207761037215
-0.498673223120298
-0.417076473587069
-0.468063276744712
-0.610684055736891
-0.348114475607416
-0.493573546492811
-0.384539507380034
-0.512635251404605
-0.448866957214773
-0.313455823118953
-0.453932155314352
-0.484381300770465
-0.603520046959678
-0.423451803011074
-0.401320184376835
-0.463506426023024
-0.305195428053794
-0.388990848653472
-0.525482987528388
-0.43924832339979
-0.380435770544175
-0.35259670578876
-0.251074592009958
-0.297543318856887
-0.433221089283588
-0.371240153169716
-0.335038692348474
-0.329693866422027
-0.29669780094584
-0.447623825990173
-0.376581712687315
-0.406460994227135
-0.341508159989809
-0.447517726620625
-0.5138522629204
-0.334212485143426
-0.188287286820461
-0.451125126102473
-0.346093312015142
-0.35818997514809
-0.367962298288927
-0.478056392529214
-0.34472970598715
-0.444272340449821
-0.433457655670097
-0.506463301903437
-0.344990991169127
-0.407939013408169
-0.32679134741979
-0.435450350059241
-0.439890400102667
-0.420897370703621
-0.387431983899017
-0.367927485075517
-0.507481757184424
-0.309520362591367
-0.358000184602113
-0.376886506990731
-0.339041892392309
-0.50724759292159
-0.403488309264685
-0.241191464848494
-0.374214160281259
-0.369911142796882
-0.315639302944824
-0.364164853793111
-0.475666366682986
-0.317514958751916
-0.335617617899741
-0.309054444071329
-0.22383911728931
-0.424350104577139
-0.376803784958023
-0.331945311137441
-0.38027383982816
-0.319648928560093
-0.245004061947331
-0.326089741721197
-0.332315863557624
-0.449594502627212
-0.224706227628595
-0.159007528323128
-0.248472722027182
-0.292002525364391
-0.333761521537846
-0.203809386181248
-0.25533536290083
-0.457194819346094
-0.205547964155888
-0.278401500649702
-0.432141343775176
-0.328962394225098
-0.320167832512775
-0.229567035355186
-0.257263391931999
-0.252164930712773
-0.279619462314187
-0.417441103242536
-0.254540281797309
-0.209406978263006
-0.318162547039818
-0.291552983671511
-0.355559156299663
-0.246338756586141
-0.348459871233737
-0.407985676169301
-0.284010260889202
-0.109257015540197
-0.311945498587809
-0.196725607100759
-0.278627095882192
-0.214446138166446
-0.281816191080534
-0.276595507099631
-0.222326563420854
-0.184909933378922
-0.16825262934919
-0.260153248675703
-0.388604042793788
-0.170405481795505
-0.228868022286132
-0.228477126277243
-0.180470216673374
-0.353689862297205
-0.176684860153025
-0.075397442331757
-0.368917997088698
-0.232248653984609
-0.24062900430888
-0.118847774033361
-0.245346996093778
-0.269769973359654
-0.233914290301709
-0.398265516466892
-0.152769233942944
-0.256655444614051
-0.148211472659103
-0.213246291096746
-0.268503039502794
-0.170381309920252
-0.280308436317968
-0.259044099457668
-0.17275272788347
-0.111724162006178
-0.242154761156242
-0.121708942957888
-0.188674528560497
-0.0861366650494
-0.152588734744613
-0.137878590225805
-0.286609653210156
-0.193939903858508
-0.279176214499804
-0.244526389309855
-0.0719773032414243
-0.17544507178608
-0.114686609565751
-0.0809738032754749
-0.202900669868773
-0.0564739716030196
-0.201774142161248
-0.225502936483273
-0.0816973644293343
-0.171652511493228
-0.0209503943587024
0.0462706403766903
-0.0809912018763037
-0.150830232110181
-0.121937147131622
-0.201833653078631
-0.0597862937264955
-0.124402657230133
-0.136869307401375
-0.145243651868049
-0.121979359364113
-0.0741184725949415
-0.164286813636642
-0.28017500513605
-0.195815478772044
-0.0956609406520554
-0.0537892463992172
-0.0567546017426289
-0.256641521816138
-0.0298712037172559
-0.0830464818833383
-0.00559099304584077
-0.224295890810491
-0.227036477960222
-0.0481511805484024
-0.103948129998821
-0.0716160259027563
-0.133824130649105
-0.0872609037141839
-0.139006921322304
-0.0294003301235173
-0.213237495636979
-0.114683920554466
-0.105645486759578
0.0359679484158372
-0.00654684875132203
-0.124992426719331
-0.106880304704401
-0.183163382753099
-0.111812892387758
-0.278412896240648
-0.0962848227654595
0.000869883598988154
0.0396177812581645
-0.0667853501380028
0.070246335796
-0.168465857394835
0.0194489249024186
-0.00240395772971214
-0.171461176362858
-0.177296768617254
-0.212434237470362
-0.0133670450331648
-0.152870155418483
-0.0523865506468699
0.0380351115852387
0.00960874658337624
-0.0611024417185702
-0.145426464100629
-0.040621478909784
0.0106433122218016
-0.147680782582637
-0.0796335965102946
-0.0850584079750305
-0.129779965704357
-0.00592584686506929
-0.0528580154712234
-0.0852531005271668
-0.0404145166198481
0.00277095714318408
-0.0433596294173215
-0.0207579082557874
0.117180252675998
0.0627283246293366
0.109900702590135
0.0916391214436913
0.291485095763385
-0.0863657883686664
-0.0232031276979963
0.0498311349800593
0.00680598026216982
0.0462736635211076
-0.0506380221607526
-0.0200705681165601
0.115760989091377
-0.0363746844274788
0.0673495539319426
-0.00317324397136865
0.044077635258362
0.021244887073162
-0.0125002796245172
-0.0734825894237065
0.0883065059254874
0.0138443549122358
0.000492034061310054
-0.0542953074975744
0.0876804078260032
0.0079488340551064
0.0347049642343114
0.0670395147623576
0.00463390869210076
-0.0724393131153598
0.0460346994215079
-0.0411701093305915
-0.0618869813083573
0.0831177934404864
0.022212258943832
0.285782899780061
-0.0143384379527627
-0.00508366348080943
0.101616192781971
-0.00201216043532179
0.0197205409968587
0.148594116428914
0.102031946507645
-0.0440713443111839
0.168182176005856
-0.00352033831259605
0.0302732978905193
0.00233259202788124
-0.0217648620408389
-0.102519543410679
0.0352784622239551
0.0197664270679613
0.152398511777863
0.0306731274161638
0.0178706431587716
0.0177941185077616
0.108885290826359
-0.0520391191107719
0.0550678734429092
0.110431759279282
0.128275489290769
0.140100963108711
0.106012773466211
0.0406106189589973
0.124500101571786
0.14995487193512
0.0415024613159696
0.279649068996166
0.140551270168503
0.102335715603837
0.220164186420682
0.187798811245968
0.269280694733094
0.143214818130089
0.245231846542795
0.263327511317931
0.150036629201769
0.220769776459164
0.12676041785421
0.0724369207683902
0.0705087023748775
0.22501891328322
0.153081961693079
0.0338673846135139
0.162253905331157
0.0344430984979227
0.101749766854129
0.180872642523595
0.175264647174841
0.151440761741909
0.102005372087095
0.0583001048020146
0.131814975066262
0.193110869979269
0.21175798782826
0.0500678177610018
0.0935261774211139
0.201020589971151
0.322006404673332
0.225703700024732
0.164151695470621
0.210193519009322
-0.0217146473478522
0.244395047979923
0.208336222791849
0.349889193524786
0.246503683791848
0.322913379000786
0.203716835881968
0.341964996932249
0.200983288066666
0.0702986562513182
0.26312991699728
0.275539145619774
0.13380619747556
0.208954038793914
0.14524619889277
0.2525147837572
0.187178567572863
0.406405002175492
0.390024380177249
0.0852227191079414
0.391756982103233
0.261835532614994
0.150330786991887
0.295240826413649
0.329937607274161
0.119562752071473
0.209169836111579
0.186392676965452
0.176901782805783
0.123082363312294
0.263089694966834
0.358156344466036
0.310045884613264
0.3073583099413
0.273802668508744
0.203188089807623
0.285747389493582
0.175267706517029
0.212677058876591
0.169956651025194
0.42060213593332
0.300279440072069
0.186561641843145
0.292642798483849
0.339202057988436
0.250144620131181
0.247597622155035
0.367208522080829
0.116960243255897
0.168489472656136
0.412165504749054
0.34241672837214
0.500917573963385
0.322116718351186
0.379360651510825
0.353691826105685
0.291203588368682
0.273094261177568
0.301779228892368
0.355318204369734
0.473823989947981
0.291055895492652
0.369421219358636
0.347095271596758
0.372035737682474
0.428294983353636
0.332168463089651
0.188834315789553
0.430495106914163
0.364431741209637
0.147807128843801
0.542702803843247
0.396336465513852
0.368544991239202
0.353862606181952
0.367357790262397
0.47210306928209
0.398737261967932
0.510554644184071
0.376045956046776
0.388329940543209
0.447545632008229
0.424870692717879
0.447648439512014
0.421550784051479
0.475005195103593
0.459963013615784
0.408156646012503
0.348403391581259
0.286327951946702
0.387094992558493
0.337811094128173
0.362754425629389
0.328470491927699
0.44777978994789
0.252488941951187
0.416919683031471
0.466493686459639
0.433698000277101
0.418367239093228
0.428589747955823
0.280332764995928
0.3600806567979
0.302377165732305
0.479227882815439
0.503829949949557
0.480844324667825
0.453212507420227
0.575817648603285
0.448177482889166
0.432017456030603
0.501328755179763
0.535649458636969
0.520941621309303
0.392108085450294
0.473222997667
0.355520416625214
0.359453953475429
0.442159044428901
0.437506778391295
0.538464730985074
0.401841396545162
0.431332291753651
0.4333870086579
0.425598444391375
0.470046897092709
0.409712295719018
0.441207529960322
0.561811538746341
0.581531603270556
0.477613537733976
0.433357450159909
0.445905212020468
0.498247741103105
0.374264226631842
0.508340867999092
0.328816628180424
0.550666518960194
0.519783907172713
0.478425077562606
0.391642591864435
0.546331117379877
0.388329158913497
0.658446579891637
0.697235230730896
0.725029007778792
0.398176499441703
0.383226097445846
0.549008486423433
0.446513579999236
0.431984127847646
0.542906794660813
0.376248908849136
0.416638369531165
0.501085504812959
0.438613275619218
0.475533790644356
0.369392142171871
0.484014854389521
0.561552035881322
0.487645234562788
0.382637969461576
0.52513700751515
0.567511860395626
0.434407686302818
0.417775803390376
0.395302754765772
0.555227286189059
0.476054319126773
0.559374320765707
0.580254035778922
0.57596018231601
0.410111348568947
0.422962707331586
0.682046637770362
0.577218016183388
0.593965785564821
0.535968987597881
0.456986062744395
0.701464044524577
0.556532268778596
0.61060327086897
0.371734052301337
0.735568190163979
0.522406582250395
0.620686578118759
0.601237742074644
0.574791245366498
0.52130592526269
0.554397699753341
0.4568345688364
0.64000270979113
0.664531072529333
0.675144228740132
0.548174688764655
0.554999663386937
0.390203613159675
0.578152970326814
0.532896381726175
0.670827939363117
0.58721760125097
0.647930081959866
0.685463060561157
0.624955575028249
0.480137156525032
0.735323077655635
0.750447921589958
0.619526195013227
0.459176860661835
0.730473101462437
0.68233724141263
0.560292858971211
0.716981979650363
0.575686951115176
0.443634258084969
0.563304416702466
0.515136455906795
0.572062480205439
0.639618706345504
0.690318477626849
0.539505511792308
0.689293605322132
0.473540568880825
0.668483133764141
0.67366215174941
0.592376867813317
0.679389061491094
0.58263331676502
0.815577211016111
0.749498856484494
0.732331457571644
0.649756226174662
0.675920718762629
0.553131837737029
0.690541388017708
0.648736985410506
0.391397293536315
0.719950417718882
0.644015841316715
0.633008327048216
0.545324029007364
0.604720352486788
0.705714889813323
0.755533839754711
0.522659954003872
0.698961503712736
0.670867523655596
0.749225926952036
0.625886630423211
0.68769623362286
0.560665944720461
0.802115636139824
0.833076577894399
0.867465247226795
0.70454135024623
0.812389215889955
0.658666894830333
0.837251463235431
0.667636525997553
0.7125430667755
0.772486220288
0.705516108889407
0.657208710483509
0.785114185958659
0.727758996342626
0.711794896948338
0.642447243570348
0.665750634437287
0.752204934409909
0.883092872464804
0.783836066600852
0.980542403539506
0.864959241204599
0.783935023909854
0.806713782400783
0.810006038807443
0.756532293628631
0.909416563897396
0.836492603778098
0.701878659718125
0.637573903999282
0.867316400852162
0.882420112585087
0.699112873241783
0.784841714971835
0.783713752113448
0.837083482491095
0.84587893370108
0.575321505974135
0.580937524476251
0.785117029283017
0.726791092527961
0.804972919870141
0.730432953742558
0.702367754569968
0.804308918423969
0.733985721539745
0.675315709026643
0.860412827667152
0.783321175472541
0.724668762773503
0.823447515984159
0.766562930217213
0.765829373587621
0.811429251928248
0.890123359957546
0.871113960336347
0.833883454209866
0.813798379151389
0.753820697610235
0.951540711576208
0.829871534262175
0.830766723762047
0.888186319134375
0.673603150137511
0.807754535618485
0.897151026137793
0.85444696527405
0.82691934944415
0.764053610162836
0.822859416357847
0.78964973048554
0.79887300067396
0.86144712648383
0.680326306740355
0.79149143685681
0.810069325692244
0.752800596702832
0.924833815861642
0.742403455709915
0.834824682091777
0.956105914557242
0.961069490547159
0.902989902705047
0.809821025920513
0.92969325955366
0.889328507570858
0.866180116311082
0.805240152523903
0.81183662738788
1.00928026176952
0.919052555655515
0.822260548860025
0.850349299538988
0.931560421228694
0.970581376440244
0.926500203252411
0.920427856202185
0.811125669400661
0.919913110133552
0.950927360488494
0.889213392139653
0.89909930484763
0.932018273145777
0.960392344429816
0.831497302507498
0.961621749661421
0.912404303629718
0.82333394142428
1.02430859158131
0.910431844746274
0.863387984354186
0.958559833091422
0.856986089894779
0.945776632329823
0.850886659318677
0.961081622551362
0.986225289575697
0.988937189896066
0.962851892367797
1.02405252427834
0.937581078629537
0.928213331391085
0.805504727931702
0.972278757885984
1.00035638627007
0.952761349914005
1.01677545779799
0.965164056016377
0.910398420748983
0.967887235986381
0.956391176317571
0.915114716244198
0.946165917972788
0.974450086550591
0.942209971240791
0.933574694979207
0.951347882919878
0.984955042427709
1.1084576354069
1.08538490911543
0.849744639396777
1.10201438046566
1.07973365951341
1.01242351788181
1.10654686089147
1.01039145244097
0.967938414802742
0.97101151548835
0.748924037163977
