-1.10213101691896
-1.11604867210368
-1.04273365914005
-1.08146038466631
-0.966640509288968
-1.18314190862076
-1.06994767356083
-0.904967331144094
-1.02025168803705
-0.85422942147562
-0.906895116664863
-1.08607763983528
-1.01416849645191
-1.11544687321529
-0.947425868045973
-1.07770344176497
-1.02083108890558
-0.854979404305615
-0.928656980580145
-0.875531072523923
-0.924721092876698
-0.872132904223606
-1.01160325315757
-1.01599473869561
-0.997189061781048
-1.05863299556752
-0.886205128107449
-0.890608352413024
-0.847186757702179
-0.894120818221765
-0.839785830131349
-1.01419855565323
-1.00836575496181
-0.823582136532864
-0.91213525952303
-0.935954270448872
-0.93657167684189
-0.988372688775375
-0.841818529228452
-0.936762246096649
-0.951029147294725
-0.916106401874748
-0.929602315492774
-1.08378352561439
-0.705870575843334
-0.982653088287999
-0.901759568475873
-0.903872794429332
-0.909327153789165
-1.03630973302132
-0.733258467112955
-0.912559676177561
-0.880511026111369
-0.912485324797866
-0.907168070864296
-0.837350783783185
-0.92392978754328
-0.72507791153934
-0.995493386895368
-0.84146512317627
-0.913109491123624
-0.802327444543696
-0.846554635689821
-0.862949631811164
-0.734966863304558
-0.852175647336998
-0.923511366796347
-0.811420947508242
-0.816501604805756
-0.778348628796548
-0.853116494126068
-0.828816266807574
-0.910214012872563
-0.816061120454153
-0.876182951527054
-0.839320581386847
-0.875685791794946
-0.753217140397901
-0.871789951892291
-0.848870664140451
-0.931260694520303
-0.93180432578335
-0.866660723581185
-0.873417198526878
-0.673171378011052
-0.935459219711985
-0.810883090292436
-0.867613362240056
-0.930342230224553
-0.807874452262797
-0.854951670473728
-0.920397525508209
-0.936455262522252
-0.63795214533927
-0.814764145597747
-0.859011330268661
-0.747447986215238
-0.830988990205643
-0.885003284091082
-0.803599048950399
-0.913088653086854
-0.795078967053726
-0.749305583853871
-0.908426802418107
-0.734272805328794
-0.855152557348416
-0.846998461939748
-0.820611539507596
-0.758465970250522
-0.787132687362015
-0.725653728698429
-0.756271859223823
-0.675670461725445
-0.823691402313389
-0.729328162850799
-0.778032348882417
-0.804557255127911
-0.716953270038966
-0.668096601931592
-0.772965190443236
-0.721279386033088
-0.925096953444871
-0.66128509306415
-0.694770873781377
-0.71107318492994
-0.86327179923082
-0.76763281530388
-0.726109216059978
-0.817743014573354
-0.769972563459093
-0.672238735330062
-0.821566503939053
-0.717632977903662
-0.617745390668503
-0.735580496213339
-0.727261830087287
-0.776218433581964
-0.855304202465925
-0.729722599481797
-0.856764440906113
-0.828789155662349
-0.633248439396888
-0.629482851189285
-0.766156724589887
-0.628625091412131
-0.67719284610711
-0.530223818345686
-0.428405614849032
-0.669057605365529
-0.673022385684352
-0.628119195003051
-0.651198020646512
-0.741072924257468
-0.5043082697009
-0.575563053154584
-0.527713959154278
-0.668190447059303
-0.443768375343296
-0.758897883352497
-0.750556631809868
-0.587962170095807
-0.60600553158977
-0.591043108110801
-0.620351311727391
-0.667271376308239
-0.678339794896044
-0.732515652432442
-0.695467099115127
-0.630360876323849
-0.625546633012759
-0.572959144931854
-0.658311045644963
-0.622599242067018
-0.607375621866211
-0.583198839687664
-0.681480665470182
-0.676394552004808
-0.667697033957753
-0.512856425069584
-0.703543291973925
-0.643226005631124
-0.518153155605372
-0.668237756833349
-0.669874485981921
-0.507139452795069
-0.500297852236554
-0.705073625445493
-0.709221407018979
-0.594363896090147
-0.665826396436058
-0.653390284603916
-0.53935285398381
-0.622190821538008
-0.708523545280257
-0.636669138811089
-0.679711223551453
-0.623915790897545
-0.786963921414207
-0.533908687839018
-0.574030911756559
-0.490526425888295
-0.644951098279679
-0.485049873304298
-0.580071045337079
-0.685771272388896
-0.561343233812489
-0.60878502421576
-0.546336697989389
-0.607491311335773
-0.514319447007501
-0.51841313671974
-0.571110931122612
-0.638008433936585
-0.400074114380612
-0.417082978118333
-0.659093757164956
-0.652386033631226
-0.701615929220703
-0.531613722993976
-0.502743688284976
-0.580992604937249
-0.420988721653621
-0.464645661246125
-0.676399950681315
-0.462030978591142
-0.732330509161295
-0.41247817155186
-0.594931753161489
-0.610991793112956
-0.526461364080773
-0.43961696206448
-0.569413351391302
-0.546398139947997
-0.66297095736506
-0.668293962012176
-0.600172286541346
-0.470036954778832
-0.46885177389006
-0.573794909387893
-0.353170646171496
-0.451030201192215
-0.604675573322358
-0.44724659807677
-0.448834908886398
-0.543395949156113
-0.542259966749607
-0.487382004660231
-0.500466995141019
-0.373427069355461
-0.533278627677391
-0.431581931060647
-0.472847048121395
-0.46800738081697
-0.615944763757618
-0.647383956060939
-0.505982685999854
-0.519316648559932
-0.458620552202632
-0.436906545898659
-0.529323364854523
-0.453096530943261
-0.543188264604893
-0.47733569773258
-0.488010410196165
-0.462828391277026
-0.336354139274726
-0.565500880387204
-0.425232698068699
-0.581582882148853
-0.638755133388304
-0.313512254671412
-0.487422524073251
-0.471813701188357
-0.41700414489216
-0.408045233111878
-0.469055453162046
-0.51357330737091
-0.403897959514257
-0.491092729689601
-0.412367824354353
-0.526217445811399
-0.391813582814091
-0.305541516842037
-0.506859491694152
-0.354891809361618
-0.488800042562702
-0.404978940319635
-0.403800936325021
-0.509415818588655
-0.337320926071957
-0.430687770554835
-0.334962377702142
-0.434551513636322
-0.383343672197888
-0.538199695820777
-0.617294455980832
-0.525275935810161
-0.392860716674017
-0.319726591939664
-0.422830866500998
-0.403707678748219
-0.457276344065474
-0.341925304334913
-0.390934487398332
-0.395856037898843
-0.343269194362734
-0.453566531805591
-0.425910164892771
-0.330700915529501
-0.320221073689129
-0.3499183329246
-0.429916182388026
-0.467700542470021
-0.399697712325499
-0.328272395612459
-0.39960028326947
-0.226753966355232
-0.348823566886298
-0.224914648826545
-0.328280765664005
-0.355637012428393
-0.259222794999897
-0.396079124523062
-0.154266075803184
-0.314110705293299
-0.382995800110038
-0.326370657277135
-0.245782174420062
-0.223160046870898
-0.340821095427368
-0.256243273183626
-0.324852127818774
-0.274103973731134
-0.3516574720561
-0.329295339596588
-0.485507650820565
-0.337136657530127
-0.213875351397759
-0.40366041323403
-0.471281930786958
-0.217374098840598
-0.427529411977871
-0.276811971130809
-0.307907883570948
-0.320123572333244
-0.356501948389304
-0.203010890995886
-0.29173959815403
-0.262786382854152
-0.414695143902072
-0.262239744526451
-0.280448325037935
-0.34778500653751
-0.402063922795794
-0.462958303566634
-0.148217097381828
-0.268130026972676
-0.275298529696164
-0.183252554813771
-0.281790722724331
-0.167876066302899
-0.289110845967658
-0.136923204817326
-0.308511477862668
-0.372200878229176
-0.282904045300117
-0.293273534934378
-0.0811674515238159
-0.249601260194746
-0.230779994268561
-0.311906634668776
-0.277065304001104
-0.290868285702126
-0.0914258632034645
-0.301804811831456
-0.135837703858185
-0.511349234482206
-0.232182451670011
-0.098101061042465
-0.102565077167733
-0.40048622926385
-0.271903608433317
-0.00595944209184817
-0.34324071249601
-0.228300316475359
-0.265793498619899
-0.0844510757906753
-0.231482436013221
-0.255238080384502
-0.182143211570929
-0.178763680529941
-0.179875957649147
-0.0679516275638029
-0.281691057370184
-0.243494693179499
-0.228061854637729
-0.178668091962066
-0.195617987556277
-0.137871645728467
-0.226254567166406
-0.148013596001393
-0.151710048791084
-0.13821825116398
-0.213116271946019
-0.128152614517344
-0.0971051379233551
-0.215600105026898
-0.300537755295524
-0.160508205720709
-0.01255392032952
-0.252425564175516
-0.309160239042288
-0.211049104163074
-0.0876105523927914
-0.148248117081297
-0.214934831452619
-0.116772467982832
-0.147816716128818
-0.211661764128309
-0.070761990815329
-0.197963038444547
-0.0278066600928685
-0.260419075694571
-0.117404066028236
-0.304874396965524
-0.166593062859504
-0.113656872854074
-0.19883276555698
-0.011003784766905
-0.131428597692461
-0.148466220155793
-0.381428882454385
-0.108868159909062
-0.0455258849456716
-0.204136532422551
-0.0240692536576112
-0.259421494002423
-0.0606831314918763
-0.133384091894415
-0.261244709130003
0.048147730007489
0.0123949596656007
-0.15279273045975
-0.0769030560259816
-0.276411247682098
-0.0633773260380282
-0.0995407034928273
-0.167255407062573
-0.250225785420274
-0.0976213017592357
-0.120432577042711
-0.120238005039707
0.0537387934263972
-0.0340315809563854
-0.0867487955629426
-0.0874043018171494
-0.0470157185933293
-0.0246692191111583
-0.0767772601007221
-0.0746508364933185
-0.141966980589444
-0.0462564276001956
-0.145020079059527
-0.0549177995821762
-0.0928994858364514
0.0668446362474098
0.00129115142892822
0.0444539416691017
-0.0908901231523267
0.106392365095486
-0.0587436172329206
-0.178410706974601
-0.0227224331726674
-0.010828293969709
-0.14304694391845
0.017028201265381
-0.0257691845245701
-0.0210184912274263
0.00210121741734488
-0.000896609293631102
-0.0210609426131826
-0.167600738283736
-0.124438571654955
-0.075949083100314
-0.0124014715831653
0.0179440130781462
-0.0926478515104353
-0.0719019324008611
-0.0948202558743529
-0.0544488834338902
-0.0459920590906633
-0.121031538555677
-0.00872897971492358
0.00206893561327592
-0.0146375474336594
-0.00619342196860735
-0.0538647566416423
0.0215844120046748
-0.0917113125836924
0.0377086054518261
0.0197513109646178
-0.00113724713441141
-0.0107187241352909
-0.0303848026884716
0.0311015103888878
-0.0266950656700426
-0.104478576247047
0.190952033315167
-0.00333326168155138
0.0475428954126496
0.0944568603433168
0.0593369672569066
0.172057402680757
0.0280999774522778
-0.0477775747726251
-0.104174522611062
0.04556865293603
-0.147614849997531
-0.00504298883593427
0.0963794116140352
-0.00125887725509707
-0.0359649252415809
-0.00468482786588584
0.0820053903315291
0.0453647439792405
0.108937459674626
-0.0433478182108522
-0.0554056297408526
0.10892494492028
0.106115629126721
-0.0311135805563169
0.0101957301232679
0.0180577822945526
0.123414167881253
0.0657405043770003
0.109965962706217
0.128441126953936
-0.100418164205947
0.0238463980395524
0.130332424840927
0.118105966169782
0.0124607017346333
0.104340404895499
0.135615706276366
0.0976428127760587
0.146412442849295
0.1201952214072
0.102155473336741
0.133170757394877
0.045578888707973
0.153764567948015
-0.0186308997803975
0.0321593509411343
-0.0407713233657508
0.0832248452280752
0.0510640483694176
0.129667677489622
0.141054930719517
0.0823368392314364
0.130231237070461
0.0662701028185766
0.160038255068991
-0.0223777735978895
0.14922406922997
0.10393108899895
0.147203791306617
0.0543189758329556
0.124834542668989
0.109409856978075
0.193680569390171
0.236809996849939
0.18005426271035
0.225172292891395
0.136929236056918
0.133187218671973
0.291592594472653
-0.000109379343792432
0.121446638259122
0.188571206170837
0.246412069475185
0.268683569607222
-0.00590348650120761
0.0900018798793624
0.236911222560354
0.180148650889633
0.198489546206033
0.0543424552481769
0.0703111406222045
0.193922724151076
0.298858194793711
0.0929700266723621
0.22095002034266
0.146139718760383
0.204328328720701
0.0595129005002555
0.133230708875808
0.155503852337305
0.327218665755618
0.344976597731287
0.0146325121017862
0.130983234512495
0.3046403633778
0.129257983939144
0.195475892819422
0.200595600418354
0.191957398982075
0.22064165101489
0.108068400556354
0.328340772277646
0.139110701002599
0.199735591979966
0.336013052557209
0.183249168502342
0.330869477871835
0.380836516067784
0.210203531388614
0.178583823655405
0.331859593567116
0.423191838529453
0.209225792209475
0.376312959054935
0.263151535155509
0.0902758020481946
0.209415539992428
0.299400751818549
0.135544221478261
0.244692913898112
0.339588667929134
0.392358536585165
0.240930820957354
0.254216064193741
0.164318572623293
0.282798868971054
0.217905782218647
0.181417905190671
0.207502774441035
0.324219079098284
0.278946370732885
0.443195277652384
0.288338139695891
0.341496507759536
0.189937825264905
0.306441212339292
0.273013386825509
0.291351560245231
0.251087186052992
0.197707196049061
0.203066888137034
0.311112487556589
0.325141066763021
0.363656690519363
0.260378768516701
0.244954714465033
0.280009959069456
0.305523518873878
0.418890221630598
0.317876487695917
0.3449869505158
0.4137798863622
0.290051796473435
0.293255858893745
0.285789509367882
0.291636772891881
0.407051625652139
0.332640357018849
0.214609584910291
0.368342024970489
0.460278189224028
0.431558837256531
0.255537657784687
0.320432343296547
0.221282319987744
0.358866678381959
0.312658558052583
0.451140664718025
0.199011307042748
0.389007631584709
0.240029453017597
0.325798581304026
0.210398193189894
0.339584502636056
0.358123645932915
0.391146384894264
0.411597149827758
0.38184329753383
0.390036652012233
0.437618795717314
0.301669165169536
0.486016347090455
0.343106046834577
0.351952272910984
0.470739290533871
0.443203368503616
0.303594969857521
0.40866971128054
0.336130224012696
0.363870284496454
0.416569477706881
0.471214582641714
0.377335511811303
0.353054809100134
0.510278195259156
0.381098326576693
0.389971646494755
0.459926799833683
0.321955922080568
0.317566485029903
0.378413889323641
0.477050279208209
0.434273343347985
0.468197272459425
0.464554619976627
0.454104548999038
0.551282828939506
0.427564898553872
0.390000418290253
0.523785833405935
0.371934190977282
0.52115207996349
0.512145319121593
0.452054241422274
0.572179429440172
0.345606277142988
0.360580049652156
0.240715990086696
0.461482255895314
0.359720546641994
0.410978262830708
0.47797472854889
0.56498991022986
0.481380441858198
0.403535198795977
0.443293531457654
0.544703242716928
0.497967747011781
0.524287963053571
0.488585740147186
0.466961882736158
0.555272227651892
0.617324358699839
0.386380802027268
0.58468376891814
0.50311278311494
0.532143891851352
0.525531846617184
0.456688366244828
0.510166636406731
0.554067526146561
0.536605976689646
0.573236185908554
0.434971705354118
0.517648689296803
0.510607331901831
0.412481114918417
0.535485967076204
0.441732938559216
0.597265325277314
0.555238443621518
0.642079606321163
0.533671052568796
0.570269669289104
0.434308977933648
0.482798352702971
0.34707785753073
0.511722472936494
0.612164487924584
0.524773229633393
0.670704014816657
0.417838354061947
0.462178047017126
0.521696799336853
0.66239444395024
0.430064165631611
0.533532933276083
0.524741987697019
0.480792046172379
0.570256787080918
0.561945390312131
0.578730791065797
0.619183006531472
0.569305759334795
0.607012309245391
0.619075175546585
0.615837268855885
0.538078515894445
0.608853707111718
0.608862240887338
0.488694923806259
0.725575679971845
0.58251902021185
0.491050929318684
0.537004377234568
0.530922704046155
0.560909908706166
0.645338600684145
0.769732648242665
0.522879509098478
0.57658876872911
0.509966867018061
0.500795784171481
0.551973615457882
0.518790128387408
0.649392093351151
0.587621015869998
0.712267496466583
0.567715003366139
0.568215650825993
0.716454566457411
0.512462803435749
0.608969838556774
0.493034390164664
0.484961355703524
0.557834103203958
0.518509541771411
0.642494897828724
0.755779301868576
0.717338168855934
0.695010595822595
0.67071355233171
0.616950641609672
0.59311849236586
0.728718183387124
0.528235430500877
0.580469459783637
0.679622267012203
0.587013255689509
0.589064651411332
0.601322447218908
0.714662946934254
0.87120235674487
0.663862934983442
0.690954971248163
0.679348981537704
0.7187313723506
0.599726990036798
0.720510587158472
0.579685837297266
0.695556539247946
0.574454549918218
0.660804165516148
0.663342718044491
0.667597085277696
0.85727375230269
0.546397421243582
0.699612871698317
0.727508303642975
0.778787204681603
0.831046564289772
0.610018737013353
0.71662979452924
0.692260272287009
0.826670453658493
0.696941016025357
0.82711246498951
0.762579117899866
0.694193795848058
0.678963172823694
0.836012917253289
0.709379257567762
0.838882171428846
0.690677825703191
0.718283780294195
0.601712134429377
0.640023368328361
0.764340581642261
0.799083002587694
0.718559658280876
0.829354146648248
0.687095140872594
0.710803987509557
0.791320767321906
0.656996842867738
0.744791508090275
0.636435038572398
0.777843408415084
0.752665729436964
0.697882444081153
0.682427468271548
0.702765263728244
0.635155478661385
0.718493944380784
0.649902840253759
0.652115782861738
0.797794385160896
0.730408384212431
0.72793962104444
0.75249847875604
0.638343732756354
0.638091813229977
0.712524679771383
0.887541395187573
0.848615926194649
0.740155394613421
0.767946038211933
0.994133030766487
0.80420642242837
0.743297366797767
0.687698200789023
0.734530568411289
0.842759328350654
0.829098472034251
0.74982995051643
0.893966442097449
0.774802727169861
0.717516382361134
0.724125553745993
0.802248626922709
0.650733754919257
0.900518823037352
0.600108750712404
0.870208538148846
0.789128984913288
0.966667733866247
0.961426995659567
0.907454821064237
0.871544743364101
0.761757076299717
0.873746354337767
0.734971411055676
0.858210617999945
0.762180975559748
0.818957773249708
0.891126707590423
0.815731051410005
0.700266089741352
0.941385214927621
0.851996003951825
0.871887692614628
0.83996481941595
0.912829616506876
0.872006392351781
0.903985026222847
0.918768871811408
0.789922218299414
0.895973081215895
0.933379195464583
0.870981384579896
0.856062568270706
0.965356730291708
0.939028676656126
0.80701295779031
0.901740068460193
0.847404383222936
0.88926568240768
1.04615432492524
0.849810343542371
0.815947198152573
1.02524373837233
0.943346663332348
0.910907035672946
0.947835732799008
0.956578436598796
0.987288531599039
0.83614907627117
1.02438934345606
0.872898005066605
0.877900412899252
1.03606925131571
0.911388250291231
0.942952540035825
0.912742846724414
0.799421099736684
1.00172588549741
0.88888866706612
1.28586378243908
0.897637933401483
1.02781779936346
1.0429677240291
1.00472075957023
0.886610483435793
0.942188777407547
0.849977631369767
0.898083775698673
0.846255863034803
1.03875118272024
1.1901626417848
0.983513725817785
0.991154691414555
1.0463633246049
0.941551731579452
0.9030528981286
0.980371686106479
1.06722036821273
1.01165648541814
1.01435149414051
0.967375649697913
0.956928141288444
1.06858036114354
0.860742992554624
1.00751847330225
0.925084222516258
0.87539034409672
1.01451036200632
0.769273665147719
0.864281660153392
1.05277390399444
0.959866421442823
1.12176766011605
0.961210983734107
0.940451615922232
