-1.09379948613665
-1.01749829990574
-1.08625820098309
-1.04353750183969
-1.12562050390804
-0.868396241627163
-0.827241784675282
-1.08989755666091
-1.01273481286083
-1.06716852260989
-1.01203876027218
-0.940691872478604
-1.10135518139266
-1.06890697013722
-1.06166565465277
-1.04716998013522
-0.848905376350458
-0.981719613530817
-0.869387861437783
-0.882742719893481
-0.947923248614164
-0.975801784639255
-0.879530109140289
-0.874717411295274
-0.907450859070897
-1.05773541926169
-0.938072019207118
-0.930836460920893
-0.720894513229214
-0.87664141803049
-0.943959258240612
-0.813718566132979
-0.88628518279796
-0.97296546078201
-0.98930894986327
-0.856955408850311
-0.907411772567813
-0.871876988860153
-0.951323536716068
-0.829584003511719
-0.857728356692752
-0.9901149389993
-0.95379843524385
-0.913036071100076
-0.903353026097538
-0.82580431474156
-0.88429949715438
-0.934704978777794
-0.86796860859946
-1.00198068673186
-0.70507991648304
-0.966102548384217
-0.894203008925932
-0.799648743610328
-0.828127465957194
-1.05700031680301
-0.901594273319498
-1.07171953343689
-0.991920095044029
-1.13017415954315
-0.947215139946038
-0.879848478481471
-0.821486371939003
-0.854502568160118
-1.00364663209544
-0.883061332383316
-0.791859426632462
-0.93902005897198
-0.866779071187748
-0.881168663789498
-0.842654814564514
-0.790614915551911
-0.738131325630052
-1.06111855484208
-0.80559890078692
-0.737095115462681
-0.745849570184083
-0.880069397998033
-0.934010876635022
-0.578896470461809
-0.708956780498938
-1.00713736972243
-0.693721880978387
-0.832567058785052
-0.885638697147335
-0.862937943775909
-0.786619965760349
-0.71113032034511
-0.840409856654904
-0.706278670718034
-0.826066868233165
-0.818237279782272
-1.01465930025396
-0.748446640233442
-0.962167967387918
-0.739844618464746
-0.733076272591598
-0.652610729205355
-0.698903058462213
-0.934383266383081
-0.717180636607993
-0.860443851880523
-0.754198559142514
-0.690161866891337
-0.732738526629219
-0.724656802247501
-0.818827200953716
-0.856692737005772
-0.709938434644856
-0.73173482347162
-0.705361209521757
-0.853612721673898
-0.791012070083697
-0.668841063669021
-0.672975173256034
-0.725935501645535
-0.880840222023852
-0.810994210615108
-0.754484750589429
-0.849054233750747
-0.746488509546058
-0.788996683545134
-0.747254484851845
-0.737635888490225
-0.801596339560468
-0.654426985741305
-0.802768696918971
-0.866465911029434
-0.766988105392576
-0.593780509703089
-0.732849722988033
-0.692664594224352
-0.789964848400908
-0.632077773271825
-0.63661631915148
-0.724378159588802
-0.635047150278124
-0.739897330894273
-0.804651520560804
-0.746122971124035
-0.868018466019103
-0.620014415719645
-0.668047028130864
-0.513404492184633
-0.66076186715012
-0.700859210297466
-0.707674095713422
-0.728944163735881
-0.774864148298705
-0.690829657069289
-0.749577327698757
-0.530775258660113
-0.681300821842088
-0.64136103629382
-0.684833931804626
-0.769614637857025
-0.710837969300791
-0.539304183223862
-0.691211572035276
-0.807396280312108
-0.717590438834021
-0.831684070893006
-0.843528973139768
-0.816294083143938
-0.62433268717238
-0.500465672614191
-0.831584681497305
-0.700550656193039
-0.736888646272085
-0.739097372559158
-0.570147367086174
-0.708647316842364
-0.553482763219109
-0.67379399824834
-0.64148207053568
-0.635851578084493
-0.570923780176878
-0.698137274527841
-0.681325865849336
-0.674980261813819
-0.575219979855068
-0.49554727465376
-0.716205159495779
-0.565720887348268
-0.656901138172344
-0.688706919049749
-0.712165621076096
-0.600253193171514
-0.674397335299614
-0.644383621025951
-0.598121230776648
-0.609428563865058
-0.681859201657011
-0.630159743399455
-0.718877940886367
-0.715450130297483
-0.605442384166683
-0.682961622409315
-0.622301701418462
-0.625882113808268
-0.630391385081749
-0.641532162526729
-0.589597074320492
-0.626804154787055
-0.519072492532435
-0.456800050359544
-0.440184056855952
-0.62010928500892
-0.606489895117077
-0.669225542812351
-0.561426608498348
-0.678149397767618
-0.545505847192512
-0.667750601871582
-0.591094099379363
-0.698798537508785
-0.51290798723132
-0.551113712490816
-0.602266848633219
-0.468375094000254
-0.584591307367121
-0.596946388798437
-0.581389458859238
-0.495593851431646
-0.640509675078746
-0.525063407248639
-0.524004441927048
-0.460159784968148
-0.40048640600761
-0.564699727399612
-0.625694581874135
-0.486549093198296
-0.724004215946923
-0.491824377139348
-0.586447828919919
-0.515981102023776
-0.375387000277041
-0.538070913208287
-0.491092405554814
-0.470881847471655
-0.533496009678744
-0.549904596316358
-0.662842793282798
-0.594919675742227
-0.527657782976786
-0.47161712344595
-0.689393544084367
-0.492233786430563
-0.604350313214151
-0.563178323818775
-0.460200845574937
-0.535380403175146
-0.390592791324085
-0.406946691832689
-0.465315876809143
-0.630362903555383
-0.534402328840055
-0.411510719565185
-0.520639550525262
-0.540519345126839
-0.538461322273094
-0.464655313647514
-0.502220175592081
-0.48573543008473
-0.633378226607598
-0.592636418297749
-0.484679580695724
-0.484045219411868
-0.455766000803083
-0.521578471174256
-0.691652185888796
-0.434215514223632
-0.467082590071573
-0.375338428695039
-0.381171094119275
-0.386316513792336
-0.544047229200864
-0.421342023436246
-0.310533464350881
-0.544206755804211
-0.311192141696662
-0.493888561025489
-0.427247042454979
-0.565593070408959
-0.484325444086025
-0.443147192582004
-0.463321405830003
-0.464920597579034
-0.579370444595168
-0.296070615939171
-0.538805457344857
-0.45905918879874
-0.317452686891153
-0.486223046539726
-0.405291646821615
-0.512429317556684
-0.369843225414841
-0.356937295828554
-0.344282195022796
-0.418205846917075
-0.421380011586261
-0.344616628505089
-0.236315983327371
-0.317695776268238
-0.401838395708606
-0.362361031503528
-0.385385775976167
-0.446034474030184
-0.497505450154301
-0.436046631093526
-0.457455631387603
-0.407121142854178
-0.283511766846418
-0.574236558447328
-0.283969570718229
-0.378298103292364
-0.42114388762043
-0.377346129850718
-0.393312747999622
-0.416919184587551
-0.353782999631147
-0.422057571700777
-0.317821784083162
-0.34203206290241
-0.358092457083295
-0.197374609066249
-0.315073015648573
-0.508799778387572
-0.398214616868692
-0.373363758872403
-0.318392578278487
-0.296591974308121
-0.422312876784297
-0.323648642880423
-0.405055541027677
-0.338013885794556
-0.202685934994033
-0.0947350884617306
-0.283288811377256
-0.390044088521085
-0.271821336442847
-0.28300803549286
-0.399389605643312
-0.407419587677601
-0.287189626116676
-0.20180710984209
-0.258158652698002
-0.470713218974211
-0.328627020045248
-0.26788272137522
-0.203374110346775
-0.347505532301745
-0.245096012146514
-0.36081050572806
-0.349604299768002
-0.279550227500456
-0.360128569703123
-0.308832398529551
-0.146689536905865
-0.363567640103785
-0.239578852092079
-0.31176366687464
-0.370425590151301
-0.207884989264747
-0.223282821702226
-0.37988133084585
-0.143053185196732
-0.240427328577832
-0.218215137479473
-0.390262337457248
-0.193749110887026
-0.23335479515068
-0.239542939720601
-0.122601472493925
-0.305548839342061
-0.155422494653188
-0.328616663506223
-0.228462167305289
-0.272901333296485
-0.397689799902973
-0.282264444643909
-0.209107361312375
-0.0701694886626688
-0.312954894416048
-0.245670407286979
-0.262686778376426
-0.308535186380289
-0.268030431830032
-0.165353912856815
-0.141628099746831
-0.316927692759603
-0.163946229375309
-0.149558383872823
-0.2932435561379
-0.225486885898384
-0.247282108970696
-0.169992214885994
-0.225799332426183
-0.241860244513131
-0.228695816571974
-0.309509016065087
-0.266304274818415
-0.323062274588388
-0.00673046800544604
-0.0907076028713982
-0.244009154662555
-0.143428169856077
-0.0724784508543662
-0.174469089718853
-0.209300493187773
-0.133955742239993
-0.177968744228512
-0.162160415046396
-0.0606976074833168
0.0159598141294166
-0.183550392277444
-0.140027172917931
-0.245346303805056
-0.171228033925828
-0.104938931336843
-0.208030113848098
-0.0043695031185115
-0.354282064108382
-0.181824038901782
-0.351525915448925
-0.120464937269949
-0.224800016280769
-0.156676667589522
-0.108873653032481
-0.111785502509792
-0.216343162204068
-0.0773888995017952
-0.0809983101525331
-0.15201126298812
-0.281468986935315
-0.0954523669668524
-0.279213212164459
-0.17056626025616
-0.130301542885562
-0.159730652907139
-0.0585331145823704
-0.281670028834512
-0.168769728067552
-0.012552065283779
-0.232977277222179
-0.145615293488353
-0.229259313259183
-0.00443188007215365
-0.0923333321000002
0.0770630178770057
-0.0227628563245741
-0.127438216827308
-0.148827597348738
0.0133219141972786
-0.204469261370742
-0.0348696118083456
-0.186128268590765
-0.123274411353076
-0.0669295287764756
-0.0732456470660545
-0.128037162538964
0.00947698069249357
-0.130632554522568
-0.150533436404962
-0.0459293678119414
-0.102230316983863
-0.00814505383207895
-0.143007583665183
-0.131528902852615
-0.147560199708996
0.0463258106063022
-0.0135827244741762
-0.0148675392726721
-0.114820462274576
-0.102761246367951
-0.0842271218650539
-0.118005198542933
-0.0765075946244119
0.0706009506315472
0.00224739916567772
-0.0213401489208432
0.0840827295936568
-0.1385661427931
-0.115083538947576
0.0128349165778558
-0.0989276730470526
-0.00891110572956133
-0.0224061304619352
0.00289985151125218
-0.103989794157149
-0.0910519467004467
0.0484060026684166
0.0330968592447
0.0370495345884601
-0.0651220553584551
-0.0976551377049289
-0.0241533375094828
-0.0196726908964396
-0.047025420679926
0.095726394087604
-0.00892096344548882
0.0504200454876429
-0.163486146888535
0.0054906001679155
-0.0931178466706516
-0.0941370463615755
-0.113701380451786
0.0856836176536299
0.0606922211521682
-0.0262609555781514
-0.00957609188684705
0.143089547860071
0.0621612367390339
0.108193561576166
0.0583021948860429
-0.0100533555619938
0.0731711513887952
-0.0679653606419367
-0.127779318220854
0.0542132757780264
0.0837493951366102
0.0193369933695007
-0.0256532408219911
-0.0075650671031931
0.0567198976394938
0.0355510551431555
0.0763019857294712
0.00285842989184313
0.00135514202609406
0.00467370676565748
0.00575596845985657
0.104054155556458
0.114676464709776
0.133484908000732
0.0481297694598113
-0.0166791779136834
0.0132429113933143
0.0974808576186555
0.215872762006696
0.0895028448427648
0.0967525007661322
0.0298664016592239
0.0706118932152474
0.0849787585487086
0.089539160046651
0.0986878771854304
0.150403148063765
-0.0492310109313803
0.104544666674441
0.136582213366943
0.0610700519120646
0.188383372150157
0.166840169166771
0.0875017306583244
0.00162802682351822
0.177609285592604
0.216510821796323
0.0741620910259044
0.128485724508992
0.27945878812634
0.260351888339306
0.0452463900514793
0.00450752003907703
-0.0455047691060665
0.0875921783254623
0.08080356456456
0.121447929332533
0.130538309755507
0.050846215827907
0.0306488952219181
0.19310695921121
0.283464966856285
0.113646966706861
0.302026631464271
0.159990438562736
0.125991203490718
0.246723747217297
0.162145106287124
0.0268740078295697
0.298643765670532
0.231237259161747
0.0758450245351222
0.208502575860236
0.244559647871465
0.238463335400214
0.130094324795106
0.160749078421961
0.232399221235518
0.112337862763004
0.126927076795289
0.0884370852616997
0.356040893121407
0.266191093773992
0.0541857588151586
0.183431735232675
0.199167918335374
0.293482125030525
0.215778760393273
0.12154475094511
0.225766687663255
0.197370773265459
0.311619706188702
0.280909221731606
0.284143940783421
0.153698128402138
0.284267624485258
0.155767212109855
0.160043548109402
0.247540733700094
0.213547002681386
0.2891868654283
0.22946126493893
0.220481995813731
0.166007076250244
0.245875183002062
0.202867204867304
0.221101286474214
0.0494352308816072
0.314138203904718
0.372475471009448
0.298841585763729
0.157027136958647
0.227188406752176
0.312858366414721
0.305868148285907
0.310634983552515
0.116050794448878
0.184253105143247
0.203589014249444
0.204028333356034
0.220592463479531
0.2336976402185
0.264512725998921
0.207661505708659
0.164807167259645
0.217735130798686
0.307680474000567
0.160184927140297
0.220131870798407
0.335472826875583
0.294130210509603
0.1828371601093
0.192968621513901
0.260431244574051
0.384771281166775
0.296432274004073
0.375021824144077
0.256504587745393
0.39648227242361
0.2967695227429
0.40162208965
0.371312586755026
0.416568335413628
0.188287021652497
0.354509396326512
0.163599493389277
0.374819773175057
0.328690871607721
0.261162758393046
0.334781660508612
0.30437664452215
0.271890447473997
0.317256713636181
0.309092950278562
0.365426085797053
0.30211210169384
0.255593868140309
0.411475339909621
0.286447134453757
0.340048670094079
0.321312548451627
0.105239399541129
0.441605991750261
0.362607563854805
0.402476802462495
0.319466958701512
0.45561021849489
0.215540834667954
0.340735229792974
0.415580957937438
0.308558541105702
0.221040903928323
0.320027700951716
0.251494028099759
0.342685643334872
0.316021264915919
0.403542470826738
0.473150931509288
0.435119532869922
0.453657877242517
0.409963067637941
0.329998331267489
0.308212111192413
0.382166703816588
0.304447925545028
0.52667525334003
0.326190213241771
0.497232222892316
0.565750131706956
0.521811623120568
0.331190136045645
0.512381910009387
0.336305183557149
0.268987814945167
0.356113950647368
0.495259830555414
0.38892023744291
0.302106129588456
0.565706228782492
0.363463341883267
0.394441797392394
0.361307396448065
0.376281056606667
0.269889488123845
0.394198234912194
0.384073231521218
0.346545578364496
0.581175811520024
0.508622555648526
0.383035065246451
0.449492423370921
0.372072299806253
0.458470870774332
0.46619982674251
0.545150943677857
0.511561666973386
0.477096703665385
0.488145268391993
0.560477243005695
0.554150621744812
0.488219085172731
0.620919939469872
0.51855623090928
0.354647691231613
0.380089153853175
0.396897707532604
0.317414869376057
0.487843723616385
0.493332520426866
0.524948229140734
0.491671260926912
0.542146896928815
0.394475420634237
0.406733329356619
0.425737362475672
0.442355377376946
0.567368255224031
0.65038169613325
0.430590428527627
0.590720348211704
0.429861821538819
0.490392963279116
0.482845870411843
0.555507084554289
0.520231596465024
0.435635375037165
0.584969817600249
0.465121412486228
0.597321934364543
0.414278213448636
0.458979813071195
0.530158644401267
0.580519797895549
0.462816469650152
0.526630816035172
0.522698782062937
0.497314940771686
0.294073348516445
0.458562227302005
0.547366267356544
0.39257497166739
0.47005751264135
0.412129851649432
0.569448330711477
0.580933882251442
0.569710624210776
0.496256046426309
0.517807017890008
0.661886790239232
0.483297529554407
0.60959619765976
0.499858108354129
0.554734228588677
0.485177407208844
0.478717420262221
0.515757827142767
0.563500237701133
0.532834636716599
0.584756618607055
0.653361064660981
0.710929100075567
0.567064484844081
0.606449379786446
0.59658662326027
0.668126270038889
0.541599231699331
0.546084188682655
0.620470875443629
0.528130816787077
0.620154066630538
0.742386589064923
0.643385849458702
0.558098335651562
0.63953993283717
0.683628714403729
0.64172380313462
0.45981610279232
0.657174806209625
0.519956391387732
0.661720729318523
0.607763246384534
0.616535052124684
0.720128856210551
0.466046345861774
0.624821330825816
0.563202648133552
0.600220099807196
0.590082307035881
0.785948605977145
0.582555878322578
0.53466520054703
0.600401800658596
0.825578161423957
0.624987512221292
0.580920531900059
0.619842007177342
0.742382209675147
0.624333374134796
0.541924759659283
0.653346181228537
0.645046528518609
0.76520121697111
0.783700786088999
0.688226954072041
0.866272871226768
0.708413901132457
0.568459253871962
0.621215649005589
0.772360092973035
0.75822558418851
0.692156762893718
0.647296857978829
0.618267137712015
0.723619752298352
0.794733755222704
0.972313996089849
0.845284028264805
0.665776258919804
0.71943061061897
0.742532736632362
0.697373592923125
0.721806181028839
0.684456980240059
0.648927603922149
0.729610024552332
0.559105108463096
0.71025575068924
0.662299683009767
0.796924711916857
0.77858648032373
0.673039522958716
0.605659109210252
0.753495465492296
0.888424960307233
0.833582418448703
0.55707310718208
0.622796260131904
0.734409785759683
0.650094999667867
0.66735068398725
0.627618435091789
0.710935615576559
0.621098293046059
0.81273005982834
0.661887322976622
0.798983184202624
0.753658394812781
0.725304363120482
0.813566290422158
0.784597625946535
0.551110263534429
0.566483883947474
0.639446505832887
0.66767451124385
0.889916032569588
0.77514711403352
0.885266345129725
0.838687502049314
0.764057675063923
0.80484946080598
0.867729599004952
0.853736572088247
0.733293030490303
0.783329063373447
0.700635329979411
0.911868623595303
0.764999465569502
0.866157373735272
0.85330240417885
0.792603101390164
0.876809951696981
0.862549116979773
0.845448584911572
0.820953608330548
0.870813769780613
0.801413106320706
0.977721900889699
0.698682803298622
0.768359644724049
0.790015359549932
0.877377826515111
0.962799810296688
0.89333810602405
0.852178474738842
0.918375001303346
0.700907756882238
0.793425198639809
0.874446948854118
0.73890962542411
0.68892165042591
0.984656727773043
0.914415423596898
0.731541977510272
0.967228691936419
0.798511383155893
0.943771713057012
1.04743826142187
0.845575843252869
0.941480603400945
0.636706883260817
0.879246084269604
1.04723348500453
0.813465389538456
0.834939566767248
0.900859514339857
0.922397346768843
0.815011343033508
0.885568901601437
0.967936629238816
0.934329098900939
0.909672419150887
0.941194913532456
0.756071857264306
0.874550051493107
0.980546397131437
0.944166840290331
0.840345762192
0.797040641958896
0.918010813039827
0.859980562884962
1.03196669711217
0.918056285333684
0.961172277816217
0.953528406857826
0.879133936226847
0.815866184951131
0.92910938503816
0.984510132739619
0.840161991300089
0.904703376979773
0.921270255848247
1.05162232980298
0.842127521404219
0.827380460857721
0.91610500949858
0.958849297076245
0.724409158634646
0.955165094138972
0.828408890000058
0.884852273277306
0.914051489635502
0.994089958230195
1.01029611873725
0.985512126398281
0.857056025586026
0.930518498511871
0.988601078888553
0.802287074080854
1.01404029783577
0.91212922308355
1.00401661503912
0.891335375046124
0.830168260358443
0.862098258315198
0.945111640355729
0.965327054588572
0.833746806536333
1.15729692747231
1.09743661856288
0.924378799843113
1.06678703987853
1.06092292433857
0.873218925778559
0.929259618366307
1.15294102996946
1.14019086191279
0.977693683222351
1.00039864333094
1.09354534363289
0.992077176347899
