-1.05259758708965
-0.980264639349804
-0.854928700873033
-0.959420404586235
-1.08352500619233
-0.890713643982131
-0.909308755339814
-1.08713852180166
-1.05929578359167
-0.895602957567685
-0.82448921235271
-1.1156713942532
-1.01528505487258
-1.04208721866739
-0.884571420268495
-0.970885322597429
-1.18701024124744
-0.946759887031118
-0.939032202103588
-0.847786277475908
-0.999894919301677
-0.875193607292496
-0.920506083887473
-1.02867790783015
-1.02890993210708
-1.11002853078816
-0.942978130673557
-1.12925498574915
-0.938102542279884
-0.863034299019941
-0.980890681825062
-1.03991917761543
-1.03792836286559
-0.881610099120586
-0.931574742147878
-0.987978367489639
-1.07164245898746
-0.879314460792382
-0.94297256755987
-0.940526253777417
-0.893015153451892
-0.878197009251641
-0.828413121732263
-0.857452455059173
-0.947617154446148
-0.950313053157825
-0.991930248636422
-0.932903978621608
-1.02408368161931
-1.03696072403825
-0.997814537186942
-0.864912117716109
-0.90597812775507
-0.879976791730026
-0.932825903202887
-0.8851409026849
-0.860516741808348
-0.99272787835476
-0.767702423424041
-0.914181284323073
-1.06909876648964
-1.01079203225922
-0.708700857936115
-0.858346758580843
-0.761167042141125
-0.821548765173185
-0.764269116981964
-0.743666925339409
-0.85511948885184
-0.914302170002526
-0.919438478666614
-0.883105502193385
-0.857757646156558
-0.87782421543729
-0.878598093209591
-1.02276421437721
-0.756188680617685
-0.832177481585105
-0.972155356964914
-0.72691852959381
-0.880720479991058
-0.801157153549377
-0.772031776004588
-0.789298996302042
-0.834887474552789
-0.858171431527771
-0.800330619909062
-0.806016734579049
-0.861539618112319
-0.812904313220488
-0.864360643403923
-0.873293526314786
-0.750481782640443
-0.733898859704113
-0.75622521159595
-0.852929403638419
-0.845673519599293
-0.7504474742902
-0.80338774099041
-0.87504248492734
-0.931747471500129
-0.732654776296994
-0.840821747642342
-0.960823851111514
-0.776336523051057
-0.845795997863238
-0.827941265554112
-0.742555243055971
-0.784049566049377
-0.910594833937812
-0.735606903681021
-0.701960593310973
-0.77240585786568
-0.787383172681611
-0.755741258686247
-0.679808757992743
-0.70682330122351
-0.834329600532019
-0.879859319261454
-0.777716791731775
-0.736961168036977
-0.670348325790125
-0.815487069009289
-0.70509250547533
-0.740715740757039
-0.597618477186896
-0.599565949818779
-0.785935561515097
-0.740853181858374
-0.794461613380759
-0.709563999309398
-0.704831677739456
-0.805699980824322
-0.71780587555144
-0.642908603201641
-0.816930530494455
-0.799738000307981
-0.821562820982971
-0.730242665672672
-0.680970361844168
-0.759017070975573
-0.83792458814469
-0.737608966722971
-0.807276519634912
-0.748522028810157
-0.787221402457644
-0.708150612843843
-0.666182603524825
-0.513416164052383
-0.729913796935349
-0.725956032664085
-0.69508218540568
-0.702192493606925
-0.6237841945708
-0.597142641623255
-0.630371397382189
-0.754290386065173
-0.732772186017723
-0.68191718154284
-0.763349389057113
-0.861250781872133
-0.529472541463855
-0.727279793868843
-0.745477145824726
-0.712128201648699
-0.630885218502187
-0.704763446016911
-0.666742187617037
-0.70731210194978
-0.666585991573556
-0.683664718789551
-0.602103552127175
-0.595199072699182
-0.647728296047651
-0.691842764681778
-0.538206815857992
-0.865300649584913
-0.699876296936687
-0.7528571424072
-0.671703086342865
-0.656438827554011
-0.643190622653618
-0.659975894711181
-0.691150103947681
-0.523655024125491
-0.720780776051413
-0.562775116461418
-0.460274757278473
-0.604571589644424
-0.573143253373764
-0.562814627336549
-0.655264512503425
-0.624362992029632
-0.653408367388217
-0.655494931181512
-0.689503728395667
-0.667792775138235
-0.651418534544845
-0.582114866756901
-0.564573245061103
-0.657497749768104
-0.608353653122696
-0.689303788539594
-0.548399458766286
-0.589251563728844
-0.619244013188076
-0.534742864623955
-0.653619957548895
-0.744000001316645
-0.729125623634473
-0.62130630242356
-0.684446911934807
-0.654402220433434
-0.437543988279171
-0.472431554187443
-0.659228318523205
-0.463939657749915
-0.592006094519426
-0.422434862379826
-0.699842910676088
-0.661886138954506
-0.555500118608566
-0.602999733365358
-0.454570746372114
-0.496085463344342
-0.622104409618605
-0.584306239872149
-0.463690264839432
-0.347821055885909
-0.58271683758176
-0.415472772923325
-0.484256402776608
-0.672074296243197
-0.444700957338953
-0.43273265641679
-0.551977318592424
-0.346722745958519
-0.742447099893969
-0.549814346443524
-0.649940323917202
-0.574353328447964
-0.518455079626342
-0.579562527917119
-0.376665764534021
-0.507044169247088
-0.527647643064416
-0.571880508228207
-0.473469254013901
-0.669226195976855
-0.639416433709225
-0.520015647321143
-0.501713098226903
-0.629001096916722
-0.443871292349569
-0.453141806550179
-0.531776443814596
-0.642407469814073
-0.443861683731853
-0.503658394838619
-0.484796349390309
-0.563039367828865
-0.46523858725524
-0.277631666043316
-0.658650852695715
-0.466677107450477
-0.580618539921417
-0.381713535063995
-0.509443985033963
-0.465299214975586
-0.549015114824138
-0.462549701158119
-0.306986967514505
-0.608784136186211
-0.546200919846001
-0.458429370677762
-0.562505921294618
-0.428721537274674
-0.551852480589274
-0.475749226037812
-0.478680957948579
-0.612531580225594
-0.548499262209107
-0.333494679653153
-0.482151411271737
-0.358790552761492
-0.421392827648625
-0.30058025042907
-0.593899078856525
-0.518589558637349
-0.416782448094086
-0.391511890347057
-0.499888563650298
-0.245682236431656
-0.345006473636772
-0.244303666078223
-0.439357502422957
-0.410021946782551
-0.472474716980952
-0.538834104275744
-0.325657842697409
-0.4769211833558
-0.276359134668448
-0.322994193656003
-0.42139557808102
-0.472406001729776
-0.339904092085467
-0.238834183354488
-0.3797130486037
-0.45341908947247
-0.446983102515516
-0.414367247301819
-0.348591471046243
-0.298981502882614
-0.410187620304188
-0.448986152158229
-0.310800710799313
-0.38416965828134
-0.330852757230851
-0.469734785609193
-0.316133122505645
-0.351824890684274
-0.415880776446485
-0.410995907828849
-0.444034362145165
-0.299212683469936
-0.313329927903738
-0.380184670862442
-0.484866224963192
-0.358997269506051
-0.175998417531919
-0.317840939793238
-0.239284318265295
-0.429989035261648
-0.282253787153546
-0.0215527909055995
-0.340304146626731
-0.334827516259374
-0.40925261142473
-0.307059772674749
-0.351163782074611
-0.307426499642714
-0.306332551096175
-0.111623653967571
-0.329865038998846
-0.171835289334742
-0.338228576523466
-0.367994549167482
-0.290993776521501
-0.293567874724305
-0.247066063151665
-0.29161216956351
-0.284439156529542
-0.287751549102619
-0.355690689659453
-0.181934448910428
-0.237972652618185
-0.313781543736099
-0.357542413034032
-0.354030487207632
-0.312664951729793
-0.317952966874226
-0.33854714881192
-0.432948935200508
-0.157796311425235
-0.284940110667258
-0.267558846900796
-0.211913139199298
-0.277180267781223
-0.201147349593811
-0.300020593553183
-0.183189233136659
-0.234028851781925
-0.275585936609123
-0.256424263438519
-0.225028802896493
-0.201621164467458
-0.292615026152854
-0.337835886716689
-0.192050124186358
-0.226370743755997
-0.325904538953187
-0.333205222371117
-0.119647527354498
-0.23046465294111
-0.156110316652247
-0.230680664511892
-0.209184050259297
-0.176651024248568
-0.265827316815564
-0.35134090348694
-0.267197507352973
-0.264413437622149
-0.259131665761285
-0.154866434642437
-0.165690775408211
-0.164356040120982
-0.28807638309655
-0.300234781953166
-0.169599654551407
-0.280291580635935
-0.0824318620490373
-0.192968518852342
-0.275832520134563
-0.175719230652281
-0.133807256747789
-0.212386688652661
-0.20728646960922
-0.249292301222374
-0.265359903389086
-0.172861568714358
-0.391020840143783
-0.0626709378224519
-0.205755320864835
-0.274373265728593
-0.138141842021346
-0.0201595652926808
-0.266779065099622
-0.152847311145753
-0.14928599324094
-0.211640943466321
-0.42247705135918
-0.0139658802375949
-0.25834177699742
-0.169301609613727
-0.158297417339606
-0.135966782796798
-0.0748250142992384
-0.32145872394914
-0.165213723940559
-0.13028196476344
-0.11046906197521
-0.280332814022838
-0.144875854134914
0.0407633403805926
-0.25157057753119
-0.194674870288353
-0.273484599808722
-0.130022614182242
-0.161704015047099
-0.132576895767902
-0.08592628870833
-0.12885956676665
-0.117702425277831
-0.0228783950703105
-0.125872796414204
0.0314194958326989
-0.0527259344399479
-0.035756814015535
-0.149084886168829
-0.159670842372697
-0.271341500249867
-0.127248276913816
-0.099518002714347
-0.105729363504828
-0.0521698670533785
-0.076916478730594
-0.0469909488762558
-0.0638435638542333
-0.116691323830084
-0.0807196816123936
-0.0765641518067127
0.151164280607404
-0.159209750698508
-0.142333472091584
-0.0564759541040736
-0.0929821716879381
-0.0357419725709426
0.0256080513823685
-0.135612584197948
-0.0639245874686458
0.0348005229863206
-0.240289438421259
0.0653929519973291
-0.0573777321590832
-0.0235165642311251
-0.0870654357332493
-0.142370472529849
0.00672823843136547
-0.19354869146972
0.132532340875116
0.0428385960965587
-0.150638354953219
-0.105109740172415
0.0636014884369345
-0.107448926371556
0.0235185174185559
0.00409242716305815
-0.141503276286949
-0.0510959372054745
-0.0347731796876898
-0.0260161046961893
0.0695842219985126
-0.113128703211087
0.0641286841715424
0.0238053792461404
-0.223084445362622
0.0226579663798444
-0.0653839834363327
0.0481218880863048
0.0446561188980723
0.0722986714333119
0.10894199630805
0.0636029138246037
-0.0318126680460419
0.0348620604034488
-0.0314885425253157
-0.038551179264416
0.0524451019218193
-0.0452158192187738
-0.0346362201133173
-0.0482056093739069
0.0130599057932491
0.0930169264305839
0.0217664748308928
-0.0105773544005607
-0.029572252189723
0.225927784829037
0.0405320377609769
-0.0182649842530584
0.0480440198683265
-0.141740865616506
0.027360211260835
-0.00418360540862301
0.0271288600006894
-0.00108643128414011
0.113161614744604
0.25612190758293
0.0662193451269155
0.0837141130026928
0.0215269234586584
0.223452918417107
0.103021381271809
0.0632989848837232
0.137612543260547
0.0944549536592359
0.0691139406023197
0.14941421632784
0.101308994510879
0.0308802994018673
-0.0414945991933597
-4.36520518100842e-05
0.0789989788177585
0.100724771462526
0.148114096941222
0.106401879974937
0.0469602542599803
0.182479364293345
-0.0334409408602007
0.0486617056299886
-0.104969969430418
0.242371407570064
0.120150687120192
-0.0154349318000226
0.179625452858798
0.178288616638846
-0.0679767651855433
-0.0302285665930342
0.100135596735435
0.0717745590247558
0.183863255041806
0.101555843407367
0.222170813881585
0.0676755456545638
0.0659285953552667
0.00179592362039511
0.124206340347119
0.0985507450716496
0.159610621664283
0.153527514418074
0.193172548645825
0.0936727120576449
0.219446852127438
0.234976607100704
0.272511862738735
0.142895679485739
0.0380453740214101
0.249522802791097
0.261503387167966
0.124424008380608
0.140051719021745
0.267989051788685
-0.0609892202912746
0.0225479805726914
0.195576891692235
0.111803887999283
0.211096066004476
0.106791966462125
0.0701625387027321
0.141864565469716
0.230318292779886
0.124980820508103
0.2356734968867
0.0765664595738666
0.189801826637978
0.135980967109619
0.326063969304181
0.263825376881263
0.357197169858072
0.0897717673050557
0.144289327091721
0.114566110297297
0.160497572554985
0.115518494288387
0.249700701281245
0.154899813392722
0.357892546169944
0.181827897780691
0.295588602374608
0.255630857292125
0.230948618044939
0.263854051616033
0.42582464007664
0.0386409718041932
0.196440240651571
0.334902198326566
0.356702861061022
0.155395894902361
0.107306894816047
0.308143160372796
0.296218518418476
0.211554274796689
0.172449921742765
0.370915316045329
0.311689562552048
0.160552209479244
0.260974541184867
0.33258028188352
0.202446705730125
0.231092751407094
0.162868192661485
0.421929812928668
0.24493511612228
0.137155380508097
0.353886927860419
0.334135748930481
0.256638999685698
0.292172930860576
0.211374933126748
0.193109251193285
0.327200910671807
0.230621139441999
0.162064955774359
0.169350553211821
0.241824495342698
0.287972091284062
0.459747122144607
0.338645557022244
0.19226615612765
0.333844525527876
0.158602517235788
0.270977961896044
0.339762652906792
0.315403044465895
0.280643241105834
0.151119667944039
0.409732581070628
0.3877977261878
0.326718504327424
0.317223972191036
0.282449345203645
0.283732432473579
0.322595395389766
0.348420538475039
0.346903935438348
0.166304103649797
0.397094907275038
0.274713870768355
0.330123649547036
0.229589294945423
0.273060801919627
0.262906934537001
0.437642174421448
0.40350029010114
0.258321908684986
0.382197953874023
0.294878386112702
0.418003622109739
0.383303111749153
0.490269611673018
0.419250780335443
0.286561135346305
0.275660875446948
0.316799432544711
0.472912900112727
0.46354435309451
0.393495405428314
0.154954057103976
0.460127111056918
0.311026738278483
0.383871664169073
0.323834097308893
0.432906292184459
0.30214265502701
0.412258140444653
0.357234958387786
0.40257640900971
0.402008259765218
0.47289546983477
0.526101989061223
0.328257688148625
0.433717644253737
0.482722437855136
0.43012724277985
0.441765969829875
0.471385231734936
0.544081020516394
0.356298595585175
0.298410476020029
0.348795771880923
0.433076882037396
0.427173569493438
0.411496436581163
0.413117918024536
0.440031064585835
0.294677970699418
0.393816751237146
0.458121918705621
0.425818016535369
0.334223501797105
0.533039678697652
0.434103137931159
0.33617335591671
0.491243217352045
0.547387905428891
0.466126309295186
0.366902946094329
0.484446648254958
0.453332074721309
0.590410740613276
0.58712987593077
0.460891362014949
0.395327892765205
0.475769527546684
0.419139847814638
0.370930124632639
0.436928844526786
0.423274351324073
0.640650439703511
0.230169721822182
0.420522386862472
0.518059585176361
0.39525800672164
0.411827292516918
0.433198933738491
0.425573102591683
0.426819942871245
0.622078929761671
0.537613735555985
0.404258235017872
0.542716728340797
0.503851609255504
0.388149334304678
0.598519038124936
0.475598752829677
0.424364242868596
0.670239029759994
0.603366071054718
0.560239039439225
0.469524371160176
0.546571309897867
0.563861354773663
0.531296225483247
0.490696459180172
0.577574868518152
0.460115352736781
0.382308370972989
0.565809848556669
0.497592666125996
0.454022236807354
0.622872808713862
0.379440763758753
0.549449598545257
0.517642714003936
0.597600416284894
0.550355012148338
0.52708347196813
0.495651910301177
0.354515004622185
0.601824731109513
0.682696578519574
0.621325813583026
0.557210264592009
0.650996270618156
0.508855108307807
0.598972669696235
0.611227361876193
0.513215380586783
0.558420040648484
0.57100137220915
0.735595045444309
0.620912844297204
0.622268561998308
0.611753545791209
0.526885465299301
0.773599736516265
0.549258940032233
0.500632260266408
0.372561729902191
0.588999199097623
0.639174212590708
0.556732816701316
0.575099352694659
0.580080165639962
0.619234939791936
0.694498092324186
0.58267577810076
0.554068551354517
0.698525860413103
0.661540826639714
0.421221224672225
0.73738621384639
0.702730179294514
0.62079846794597
0.48181358146225
0.680070866478212
0.693877962969483
0.454027010704794
0.528141600616261
0.548220367873949
0.763848038066225
0.789322472230228
0.684059053040883
0.663349441779631
0.522975452943109
0.647525577717206
0.601576209340454
0.698014253189147
0.517016215763699
0.6852744077442
0.622572241512707
0.616219636684361
0.83518957652329
0.823126670583776
0.721566739383517
0.718405509233898
0.540120861615784
0.712937858056641
0.729647464412483
0.689742940391754
0.615373614724035
0.495519016546239
0.588901995226451
0.78204924222033
0.69657579355349
0.637417408238566
0.676855923547484
0.668918033083769
0.723898479315473
0.577806683254478
0.73513081170842
0.68676072157099
0.791260068351411
0.662957898085182
0.725977324283044
0.767032361303459
0.834091709350799
0.65021058865353
0.807748931023081
0.65775461670703
0.805129790079096
0.804634085985893
0.698849577754735
0.666822693438911
0.68403522250177
0.764664136294407
0.701147769379274
0.765510083096594
0.62105601753413
0.850230451918404
0.689829607711622
0.664906696808887
0.741921749988672
0.596987187623167
0.796515954909799
0.563927274924411
0.711902091893479
0.881136324045514
0.717158894811166
0.764270643100666
0.663866345109129
0.775419676845295
0.726186692102197
0.717020906609438
0.78870790379429
0.781762975984658
0.784192717435557
0.621856642950923
0.802999709862207
0.79221487531091
0.680939344979768
0.713972523717604
0.790065647439947
0.818866053644848
0.839284216103406
0.699539821861351
0.866601709178446
0.799667026168882
0.888998496905489
0.556029249399667
0.783246736046268
0.882615519503237
0.674429484469685
0.786060024680623
0.737317545062185
0.892728628514746
0.815801672282391
0.779635331501684
0.890408965209928
0.812110190805958
0.763682812603613
0.781175627019493
0.91692261781035
0.824202792639811
0.879116107640133
0.842262958152494
0.832958550705323
0.817333166005083
0.914463718661803
0.767574967144356
0.792323094984506
0.725998579224841
0.740148591638125
0.978600397379738
0.893107851463015
0.82158463345895
0.941337035537345
0.95642976777375
0.766150554651242
0.834481341360189
0.901941756512234
0.896449423088982
0.752942174981471
0.867375782955925
0.990526030188065
0.976170885564228
0.789269517475828
0.862106524324199
0.932620667650372
0.941284513088959
0.908834389677399
0.900639852072619
0.786810254970062
0.971246916510601
0.953978811229347
0.927089069016888
0.82516481308816
0.801426757567104
1.02698252513148
0.835311919696985
0.802362769230097
0.984563187584113
0.780232572366536
0.826556865492913
0.9067791047048
1.08453889775205
0.933841163327012
0.944367422363517
0.993040897107705
0.919605044426235
0.903400241620598
0.937932094342027
0.883975888282033
0.993969862368055
1.04785852997273
0.958590536902379
0.870493457371936
0.972292820798427
0.90934203120404
0.889966846457615
0.920780474421751
0.856731289327066
0.91035459469726
0.850007648573707
1.13167761240672
1.01098181532782
0.861575671987515
0.937920758428457
0.968327711444932
0.886930105689794
0.991124711520854
0.917374108969341
0.93909479397009
1.06297589943604
0.964076603540551
0.964529584785244
0.958745677335669
0.868302112115437
1.03348045666968
1.00496433748884
0.984801069777353
0.867270575669217
1.01669469796347
1.02241485695078
0.950371716475837
1.01766633789383
0.925018528871738
1.0509352789573
0.888866356305409
1.05658931428031
0.828881052414905
