-1.12288314279162
-1.07933636170213
-1.03976799899875
-1.05388924705498
-0.96831285770449
-1.2083023818944
-1.06685118910316
-0.934948392493731
-1.01540005796131
-0.851055282729266
-0.926626456203901
-1.07989586384983
-1.01042018449451
-1.1276428060295
-0.930603249672143
-1.04965878390416
-1.00846107427967
-0.86214103958603
-0.91891677634497
-0.887886621351187
-0.912636953257534
-0.880893889782943
-1.02641450562166
-1.01500233003599
-0.979862603741749
-1.04711760829401
-0.879450042551677
-0.878191009978179
-0.837743016859705
-0.896434724419401
-0.84816265777044
-1.00401115922215
-0.998547430001282
-0.835656043797757
-0.938405206322222
-0.932373333913289
-0.918632552088213
-0.995402754626058
-0.852469080284892
-0.9592238102315
-0.960629366260316
-0.904847117844955
-0.929217313894554
-1.0860619714725
-0.726347785186837
-0.996504844084213
-0.898991298336747
-0.915775248726257
-0.914274644552634
-1.03512848699437
-0.738901342767542
-0.920113955889584
-0.889895675660751
-0.901602296833213
-0.85797114670969
-0.843575719927181
-0.925311466890828
-0.717535353029204
-1.02303926893325
-0.831925742699214
-0.925109904797931
-0.811408216397876
-0.833087433564581
-0.885027383769333
-0.732353591412981
-0.870411293889773
-0.919124327597878
-0.817121771991247
-0.795525632116664
-0.79032675051049
-0.824242767254277
-0.816255461495286
-0.920817532073242
-0.809861382959195
-0.860825979303186
-0.85777028638785
-0.873724546353336
-0.745029972880434
-0.888863295440681
-0.839262208638015
-0.944835736676085
-0.935324139326261
-0.863102199581211
-0.867128498280491
-0.687038749387102
-0.956776429134325
-0.81548065781692
-0.844307227195431
-0.936231661631539
-0.80383303047208
-0.858735155664351
-0.916370658878247
-0.920808939692355
-0.669232927666878
-0.816763610730032
-0.871300483713109
-0.754502659795804
-0.809279289445788
-0.870169955727331
-0.803897504635422
-0.907917299847193
-0.788940846480245
-0.735922200141815
-0.918958150805359
-0.715004929171875
-0.867960804926127
-0.858655743311013
-0.80587856256974
-0.742763899713733
-0.767205868162404
-0.725625569563799
-0.743760133254083
-0.651288913840439
-0.827735716346019
-0.729219609957509
-0.764671340965532
-0.808557193566879
-0.731483039590745
-0.66692547519424
-0.785436281086849
-0.70935606761141
-0.909809670321882
-0.650734207212477
-0.686689567310013
-0.69694729296253
-0.866473621661963
-0.759479226806607
-0.723645456559917
-0.830085111142551
-0.772166153491969
-0.663734584080205
-0.810813934231532
-0.689969496880176
-0.641181986126085
-0.716541505408251
-0.735041263582736
-0.755852765123198
-0.852568472243437
-0.730754845194733
-0.831551491890871
-0.814569218642552
-0.615516271112721
-0.625151411662447
-0.735175072002357
-0.610059287707709
-0.669610433983501
-0.543620160635748
-0.418764033310311
-0.656180505896512
-0.682529270649562
-0.620225631728877
-0.655181172907461
-0.751361002689711
-0.507760870613739
-0.56850498970919
-0.536608607597425
-0.673884286350871
-0.444335096419033
-0.756015184081057
-0.770673872655978
-0.581388212508768
-0.593691937680971
-0.596499605129435
-0.622220114108916
-0.669605733551111
-0.681749395730912
-0.752721049195351
-0.701867079273877
-0.640955264148528
-0.620826023937604
-0.567762978312176
-0.660470532778585
-0.627052043506281
-0.614902982363264
-0.616630151627833
-0.692087724149362
-0.682341142427958
-0.671179540880168
-0.522346830743048
-0.704841509474628
-0.647913703353074
-0.523168392057993
-0.681376745935443
-0.670364426326674
-0.517090917750726
-0.490986115572099
-0.691786058765244
-0.713856591487958
-0.613616154249536
-0.664041816398208
-0.658342876770037
-0.546416873172406
-0.637279574243835
-0.70019658686066
-0.618952577239037
-0.681106822776761
-0.612214934757111
-0.809793125960652
-0.532405459678183
-0.570585094963116
-0.483723996430577
-0.657411639407382
-0.485850788429783
-0.595116340560552
-0.676509927156416
-0.550821670161572
-0.612174893326214
-0.536777716100039
-0.597529102814845
-0.503896523486413
-0.532069378831737
-0.563025190872917
-0.639149736799362
-0.404143113083573
-0.425383509923615
-0.617157095088941
-0.649327707656745
-0.702594960733441
-0.563448950839277
-0.525807447101431
-0.577836422947273
-0.441279764502674
-0.46319774436847
-0.690841389482858
-0.445470168594688
-0.73236617773102
-0.442510538543231
-0.579397135730395
-0.624699297863847
-0.502599518683687
-0.44234743097986
-0.56564287091585
-0.550624824678861
-0.679245570736505
-0.667474627765576
-0.608368882886454
-0.466723949184801
-0.46699420666122
-0.568514034022942
-0.351425872358226
-0.45039195587892
-0.597078005121487
-0.438737402898343
-0.441908181359847
-0.539614440684326
-0.55564874556657
-0.474044237911841
-0.517110616497572
-0.390070997025216
-0.516428965260911
-0.415482064615409
-0.486811947679535
-0.481264054870568
-0.620740711806292
-0.619855706497986
-0.487360528486093
-0.524698224410917
-0.437720207177098
-0.432168539055484
-0.533917072238016
-0.465082173715227
-0.549814355226844
-0.479398319943871
-0.520410274772995
-0.444797500245175
-0.324949826268308
-0.574013017573655
-0.448950196354032
-0.570850326695002
-0.610528080299676
-0.315547676595856
-0.457178304219915
-0.47169601278268
-0.415645803897636
-0.392106841536045
-0.449278938372966
-0.510047769280082
-0.391874725249999
-0.489920743557814
-0.392874005749908
-0.524331798845257
-0.385933047868886
-0.33261275196179
-0.494960631998507
-0.343279187650847
-0.482332505719034
-0.425835397463889
-0.396596049929219
-0.490732076972179
-0.353198353627244
-0.42365134653194
-0.340723377309221
-0.431499896676414
-0.40596697505556
-0.5381517770136
-0.597391087956302
-0.523746105973485
-0.385804769894612
-0.330335171379849
-0.437935986724768
-0.404845959040433
-0.452058476806775
-0.34282367904005
-0.362997077412258
-0.401666128530738
-0.346623583647425
-0.460326638015435
-0.434282829057541
-0.309707132989471
-0.310985945343948
-0.34731757402685
-0.436256928931683
-0.428387569452205
-0.399262892387722
-0.354839808586111
-0.386567664586662
-0.224726015666294
-0.316935708943779
-0.261121960788416
-0.327990260501943
-0.31435183838995
-0.264360331406365
-0.389905438823892
-0.165522563446252
-0.302860345330345
-0.366368283972647
-0.311896584712421
-0.248395580592533
-0.248841470476374
-0.341180865653816
-0.228594273468933
-0.3197424636827
-0.259447701513181
-0.341221553372962
-0.352272994186479
-0.486748461183176
-0.320133348955181
-0.204361561908502
-0.394866414436659
-0.454748394424077
-0.227296396027192
-0.422603855030231
-0.266012601541858
-0.307909188575171
-0.314857514130801
-0.361107878939768
-0.201362409589663
-0.281141702814032
-0.285128852670117
-0.39562791097707
-0.249871534261071
-0.281407511696008
-0.358768041473612
-0.399337030459561
-0.465272305520168
-0.152971699161842
-0.278614097132888
-0.2869207890057
-0.188041149642158
-0.278559279772221
-0.163194377052933
-0.263517245947599
-0.143792357204143
-0.301586848016575
-0.359957752944891
-0.293563882790577
-0.315194919473863
-0.0839670128603424
-0.250792639482477
-0.232785492810373
-0.278508077007299
-0.289599097736755
-0.290505944387447
-0.0861095287789987
-0.324553759968599
-0.126743994384591
-0.513623028220699
-0.243836420395421
-0.100618300491802
-0.087688312051462
-0.38592270276333
-0.271530914769438
-0.0286282435481288
-0.32573425265946
-0.20893745015192
-0.255107774560364
-0.0601674388342971
-0.25586797816392
-0.238801452494074
-0.190541483001723
-0.18645135574102
-0.181487835069085
-0.0765603266689409
-0.269149161867685
-0.24953433579101
-0.234770777441036
-0.180075322502748
-0.200801527342331
-0.136488359178765
-0.220701916035597
-0.154299453200118
-0.1395272320968
-0.165889696711798
-0.218569352581014
-0.142794556352865
-0.0831162749726069
-0.228797028877624
-0.297069455820044
-0.157769225744445
-0.0128807314452255
-0.244467113428404
-0.320983214863073
-0.211341110934238
-0.0938653006978945
-0.158092205502459
-0.22486125910119
-0.122307894994091
-0.138522051365256
-0.212075061523919
-0.0599361569882571
-0.197126147671182
-0.0531664399448444
-0.258140929759063
-0.125265038119668
-0.296608785390597
-0.170662611237818
-0.103190633155377
-0.201006785696453
-0.00905705693695364
-0.123510503469198
-0.144984823568601
-0.376534971027987
-0.10434320043153
-0.051420524022164
-0.210504844026471
-0.00883053396090462
-0.250950271953239
-0.0761116206340474
-0.131502517060959
-0.258227788184879
0.0435736739615913
0.0243178209982262
-0.139206423911821
-0.0951080894691497
-0.269265464116036
-0.0480515516577271
-0.103275042468054
-0.164087024653095
-0.230260503474091
-0.109902964893545
-0.117183415167901
-0.137279328869853
0.0627534585308546
-0.0263433607119949
-0.0797121437586683
-0.082304757119947
-0.0340533432121534
-0.049808458573391
-0.081341743763319
-0.0819455576427899
-0.141027078599425
-0.0502595081697372
-0.102621656398541
-0.0468581675540587
-0.0798914199773111
0.0449453275139964
-0.00202420535073379
0.0500514255044691
-0.0944736515333355
0.100278218948436
-0.0571366222381252
-0.13811772704389
-0.0363909878616745
-0.00573486003666523
-0.127815700224016
0.0151987000814364
-0.0329510168786471
-0.0137760009477438
0.0168611001515661
0.00592111322384215
-0.0262210245909632
-0.141779605202039
-0.126316754295598
-0.063787064589327
-0.0338013863871206
0.00937853930284673
-0.0806931469914353
-0.0704749991433519
-0.116009565670271
-0.0274388883128365
-0.0519356651196369
-0.13322217176197
0.00923433679383287
-0.00196761315298226
-0.0161187841164804
-0.0241621068445342
-0.0567706151043344
0.0243300069666208
-0.0882570252150392
0.0436258334386455
0.0387807452219404
0.0114573840979436
0.0172587021181368
-0.0176796751034189
0.0519555770480938
-0.0492332728596928
-0.121096251127106
0.198790697503967
0.00685393950687126
0.0611003063905053
0.0854821985264312
0.0366469923896078
0.186696730290068
0.00816896215147398
-0.0491100493566485
-0.104405059984573
0.0496150570908893
-0.179306261002264
-0.0186640441104366
0.0940231823868019
-0.00161715368378561
-0.0541894417245054
-0.00498383279019301
0.0837443543506549
0.0439071878344847
0.144258114088461
-0.0225773642194873
-0.0617218247423621
0.136739183042923
0.122561055853805
-0.0195706525823373
0.0205906262748994
-0.000992375304677862
0.125609901717311
0.0619268581351758
0.111908814598631
0.11857662817727
-0.101050801313337
0.0205430078778644
0.108738364154447
0.114456677200356
0.036910432945324
0.0980989477315166
0.144978195240534
0.0864692891045032
0.111038016789645
0.131140903208587
0.0846908709523821
0.115984387616621
0.0501139450485558
0.163302128645508
-0.0189434845731914
0.0357873840483762
-0.0701939656743105
0.0915352508327563
0.0477719382200503
0.134467104180418
0.141421952903042
0.0771218384938698
0.12195394398384
0.0298415428649615
0.191651575711726
-0.0340756518777648
0.154290723531671
0.107427968541677
0.159507682110258
0.0601266789620838
0.110380598430571
0.127732197486906
0.2142875801688
0.237919668027876
0.178335650271014
0.221060850443881
0.131552589852035
0.14837508958227
0.281105531045287
0.0163502717760923
0.120328399958953
0.196292347984321
0.251600970832374
0.263363825654864
0.0049271824224917
0.122695250141195
0.236873047006363
0.193322948514507
0.188045835329033
0.0563648894818774
0.0616791939575151
0.193342499334743
0.288482810704177
0.112075763413129
0.226984947129907
0.119148575262401
0.211423503212119
0.0637684000933213
0.153598337698628
0.170751227903954
0.333540297048281
0.36219263214586
0.03090389150691
0.123916975737515
0.302202873275881
0.146166011211796
0.189019338257353
0.18547765817612
0.188062824702728
0.186201912875117
0.109404874980279
0.310892325277297
0.150787038928571
0.210631709920181
0.344253976778607
0.174841448464568
0.34947897543285
0.396251338099118
0.217109561434588
0.192868804736353
0.325600590180646
0.40735899203073
0.207080959942023
0.363983631302684
0.253205242136227
0.0721443744663342
0.201241743698936
0.279353371789841
0.117422043256829
0.266791464934834
0.344757855997266
0.387743490564159
0.24717227795202
0.260422881142716
0.167663499598509
0.27638074368211
0.237040615040549
0.206986261457541
0.190929028278001
0.329695530088597
0.268497789678139
0.436958783375256
0.263996361673358
0.343652919521593
0.199235524270167
0.288288973183236
0.308074633536808
0.286549100915803
0.250974750267933
0.220210116968172
0.202929484869415
0.291181408998208
0.312785804227478
0.353770854126173
0.241977028704238
0.257722475319416
0.265153640897875
0.288318357866932
0.438530864536582
0.307309030425196
0.345659480027274
0.403179753817502
0.307919307949164
0.311225186364401
0.273912064554432
0.289182078097566
0.380690092106987
0.364646640826917
0.210233349685512
0.364448558632889
0.463427880217037
0.434897126799587
0.257759303003115
0.326644304105337
0.232931953212569
0.366827129389286
0.327037092599991
0.457505500339333
0.238646423042458
0.365330941017793
0.227822560777323
0.303333787203824
0.236991122248491
0.352853256370235
0.343515733438029
0.399508427847339
0.428241311755487
0.384729724794762
0.392312650683922
0.444607041450968
0.294355312128839
0.469286896507694
0.332605817304469
0.349200917791901
0.464307361412042
0.447666209465774
0.305319841652014
0.423067466194364
0.349436663949545
0.36792231505402
0.419535567157452
0.474557426767548
0.380770623540064
0.345748942563481
0.51377306320803
0.376655559384364
0.396846690820186
0.4386986831447
0.321721259637839
0.34076533481488
0.380922954890564
0.478121543818049
0.445758787006132
0.462126873827973
0.4773181357814
0.469774860955697
0.5260839294848
0.404599034315381
0.380039400313931
0.510313093986247
0.367910613385133
0.535337792007083
0.509046798351927
0.460883327571629
0.580411864465579
0.352677180527232
0.372881329281379
0.220798538678595
0.459541449694482
0.369334011454419
0.423579175094942
0.481439268530375
0.578649492881206
0.472840838435416
0.398440432046366
0.458227119348544
0.551192000876439
0.476724511592673
0.538064681398588
0.493624582935447
0.473950933518097
0.544202281603533
0.623462179927766
0.416299237281578
0.570077934498816
0.497606555740118
0.518660701154066
0.536694534498289
0.470293039239079
0.511304278121446
0.567815034717945
0.524846046672431
0.564712536262814
0.43665056200771
0.51761381516272
0.521232293406866
0.406925327332458
0.539252165632427
0.435433562185541
0.579684218600118
0.556966946840711
0.648558803175857
0.536102530412026
0.582357964809343
0.413401273026116
0.48127119662136
0.345813360993523
0.522312845349215
0.607521604129689
0.531829262259356
0.681080062913071
0.417894349638294
0.45104814619343
0.54258606876782
0.644095189750959
0.423989767687036
0.547274727979279
0.499599531566868
0.481267477951305
0.536270408152462
0.568532824806279
0.584452714104822
0.615207669716198
0.589177121742044
0.601476515083613
0.627807724407095
0.594091972725408
0.538363049861849
0.595271893476574
0.61146391883652
0.486767714907646
0.728239138458007
0.569627015101167
0.497435310468025
0.566576299320249
0.535859039228037
0.545840900238885
0.645381088726156
0.770331063241795
0.536683462889003
0.565249442905687
0.514587497494742
0.523658962892865
0.54755165087339
0.502142751002821
0.68201298656068
0.580888706500118
0.714412093670564
0.583166894671965
0.565849348940417
0.733186553759039
0.513966270601562
0.606348068585079
0.502003234504027
0.502515648064012
0.57579701895833
0.512969103741434
0.62234103566774
0.72976029225417
0.70711705549665
0.700969518968476
0.658439259165878
0.626975336418634
0.60035767691604
0.736917975455572
0.516840447116415
0.573433387803081
0.69884356248007
0.598249266596083
0.561185516109371
0.611056386679673
0.714082310895906
0.852873881759363
0.656118420769
0.689939750718997
0.69675565523368
0.72740726934532
0.596892357914293
0.709480743450309
0.570399445653432
0.701646588371057
0.587049342519387
0.662262282160685
0.647952022242107
0.689552130136541
0.88100212806018
0.531516668106907
0.668999977077644
0.699759109887241
0.778299950148561
0.822708344303223
0.605527638182064
0.702128780738496
0.687616773976904
0.844394223027984
0.698519444106926
0.848257614425754
0.753004011618181
0.698649013484369
0.680547526200732
0.836148068245982
0.707727780449578
0.842045167033251
0.712190432792748
0.737856383423641
0.58298185859478
0.645256440254319
0.740647894504102
0.777795330465614
0.730052892688698
0.819220750777857
0.690204671495121
0.706208404568229
0.767693211380989
0.678549296106557
0.771363188263163
0.634344472263102
0.773023969630257
0.759832829960308
0.670214986005451
0.697559860517622
0.699758871155506
0.662373511793983
0.695277643884654
0.648340384046609
0.639687945464388
0.801610293964135
0.754293130521027
0.732077508513334
0.758047372176756
0.668851638273464
0.628931965575008
0.710675304221162
0.88594052998111
0.858884663265976
0.746397121394404
0.760633544591019
1.00615640267394
0.80501828310325
0.742606141961973
0.6724322495048
0.739369482174254
0.851561537225911
0.852812585441625
0.753190993092149
0.876584347410012
0.781982034894475
0.740942400849014
0.744302155023457
0.816382183297031
0.659791306637771
0.868990141610913
0.612168905273005
0.862179717464484
0.780798618797941
0.949382395138138
0.96829115388633
0.921380347332727
0.882027444827962
0.763514807845802
0.867852153528879
0.732206956235745
0.841318437383917
0.771957892843968
0.81703220110339
0.875698744543952
0.827324084633333
0.693992191382646
0.960718270206542
0.833873474816337
0.878437200217376
0.836187490750714
0.906288688335311
0.875352392786127
0.915043204964475
0.95034119004502
0.802651505569137
0.905086833698798
0.926029127932445
0.868709946388991
0.866024240767615
0.970417445104421
0.951627725673387
0.796410697657825
0.922597475689281
0.85286925409331
0.893360721261941
1.05401078364745
0.828777923294475
0.831907593097322
1.02950997861894
0.961499456900762
0.931071179073503
0.9531106480994
0.962327768783604
0.992577633766753
0.856919122752781
1.03683317567735
0.885505213690524
0.86062863009809
1.02472145029493
0.90167570289574
0.951381435694288
0.894790157382221
0.796163152279298
1.01799181548095
0.8983945223847
1.28385364869163
0.892202394666441
1.02757238010341
1.05804797500876
1.00646803726122
0.861546984550603
0.966597815871243
0.875517523327207
0.879996066420596
0.829781702521862
1.05968980142495
1.18575410251698
0.973879788251141
0.968579978296904
1.04310590516258
0.941242298482826
0.899042147617758
0.989307613352033
1.04630765803164
1.00615254268141
1.01918159638557
0.95416859854128
0.933467290052202
1.06184776657048
0.863947760069527
1.00187293492179
0.927574119008231
0.905253387705975
0.994680390654903
0.760974196412863
0.881002683089201
1.06008330200534
0.984489228600426
1.09388773702433
0.959715247187179
0.913062868408413
