-1.00116656889447
-0.862202366120574
-0.879898066361975
-0.89604888964245
-0.780393936570537
-0.987454946111882
-0.986876160261949
-0.967326880432367
-0.975707065317945
-0.921292125265934
-0.838786761593678
-0.891431663627441
-0.904505238638931
-1.07110270509211
-0.914210961709765
-0.913281666126873
-1.03255915211336
-0.917457746120656
-0.851015089080253
-1.09684242415411
-0.968996579024584
-0.946388659264931
-0.814970879478331
-0.950984749572918
-0.898119839642812
-1.02029428280978
-0.910178197917119
-0.920845793240347
-0.931359116022265
-0.87651473026564
-0.971576144278886
-1.13037898445204
-1.01636412792761
-0.947391097737977
-0.974858254616116
-1.00443955030478
-0.919714239567885
-0.860006693896583
-1.09485863288759
-0.910913784342767
-0.974326367615775
-0.810547089714497
-0.87653023674446
-0.898856840020952
-0.838647708501447
-0.97997052340202
-0.976593858018054
-1.04387682963899
-0.899397404850745
-0.850876397450679
-0.936100215471022
-0.930602215162073
-1.03064006257479
-0.920653804655967
-0.685543569556627
-0.78304486041889
-1.0053056705745
-0.861066547139425
-0.882227710309103
-0.776700765440582
-0.801757050399899
-0.954778247831636
-0.692788776004409
-1.00189019660799
-1.00589143596363
-0.788330207151848
-0.781556708577026
-0.876987101652941
-0.856338996265572
-0.858500566875276
-0.821333461344875
-1.05624902835183
-0.94169724418683
-0.846258295197805
-0.888109534223007
-0.768502950594948
-1.02777585908585
-0.755879418812666
-0.782424051694348
-0.753768277203716
-0.800805153398307
-0.937244852586482
-0.74591341683145
-0.768471954361276
-0.915693972331267
-0.860979863784058
-0.661171209910442
-0.82213412560501
-0.790476662361215
-0.800161463769256
-0.945734113206344
-0.592867435925885
-0.778077322997104
-0.830231383332223
-0.721891208077745
-0.817421160308286
-0.839576445777675
-0.870684720588895
-0.87308149339623
-0.597667018337923
-0.854263779152608
-0.736197906845233
-0.707016917687828
-0.75431974206803
-0.986582520062863
-0.915907206623481
-0.781263523080875
-0.681515883376587
-0.714899275429005
-0.90409935008121
-0.597442646148773
-0.701235765803236
-0.756593034159643
-0.782897999204894
-0.809770804459757
-0.786340537073123
-0.739710133316141
-0.746963254119996
-0.8193995340746
-0.848558505915307
-0.712824282023436
-0.805742063856908
-0.77739239961315
-0.963277960374622
-0.759584955368121
-0.802421764617038
-0.755104695386403
-0.760037338592396
-0.661245619223973
-0.822173044376709
-0.750321778199836
-0.631770915264295
-0.970048506330555
-0.719096917966553
-0.732381324361103
-0.830530325233727
-0.547999496108112
-0.65731796252364
-0.797859901431792
-0.680229312020485
-0.777984001053551
-0.724705092974986
-0.730018461293957
-0.719138286840043
-0.73454066241602
-0.759500601555537
-0.488524113493232
-0.702268200919028
-0.75718508249433
-0.680015534664717
-0.663962286085154
-0.574050413305742
-0.709947711501058
-0.872241646025988
-0.625953788344123
-0.649368328378271
-0.59675136169211
-0.629498520117217
-0.803472218290714
-0.73816553143579
-0.776490389793717
-0.645168323496603
-0.580008685515596
-0.586230124333235
-0.672144746905698
-0.669824867923414
-0.713643381954754
-0.691299613643685
-0.61039086318303
-0.650374198176094
-0.521853002318246
-0.630691326533588
-0.586971051201087
-0.659174279911467
-0.644596489502444
-0.773775883332797
-0.509054805388964
-0.602759602214971
-0.686586440769637
-0.538259122846058
-0.680708106269513
-0.644117907215477
-0.614483111760712
-0.67528734149545
-0.546371644370098
-0.693390390831332
-0.739797128460233
-0.422545559714783
-0.549400671359219
-0.571933523276237
-0.634179815276682
-0.68692892307343
-0.648835326068682
-0.632775771200907
-0.543475966833851
-0.703985475596913
-0.67798617339634
-0.593809610269666
-0.634810737927921
-0.701057275445168
-0.669348022143074
-0.537784559596356
-0.612095529995534
-0.432809621575272
-0.675572357964739
-0.631820797436621
-0.544656426916846
-0.684006423826128
-0.568778598797158
-0.547134613420721
-0.480371008235239
-0.430421964202636
-0.441782468699479
-0.538385607355499
-0.546531750164995
-0.736906461639374
-0.486501801105177
-0.512267296997853
-0.473808461455844
-0.641194365660045
-0.69353655050213
-0.519842603949317
-0.616433292108108
-0.577586680443592
-0.550793948296297
-0.556377270427062
-0.536897748198057
-0.624854552646658
-0.633701229812136
-0.560321747865812
-0.392159060841598
-0.512518565226464
-0.37539794532051
-0.560673954022159
-0.501963052699245
-0.56659945037612
-0.397639661919423
-0.707119090689786
-0.656786062537613
-0.54200301458966
-0.607110525719076
-0.534437010592526
-0.514228214210501
-0.480426985443616
-0.500312729805658
-0.562911183102985
-0.375135830438465
-0.530077841073633
-0.450917826236823
-0.352344050839182
-0.580377523774789
-0.424931288677013
-0.449033168868512
-0.438385830591648
-0.588640246401982
-0.493142652350465
-0.582092600496465
-0.470420347100144
-0.662012777927861
-0.579546494005664
-0.439247769333688
-0.427969230570515
-0.551411548467565
-0.413762419256337
-0.422724050533326
-0.531691018133302
-0.529383516936146
-0.392800323651807
-0.665783561759727
-0.510886785849512
-0.523408192821383
-0.434387342365062
-0.445427896361175
-0.414279556234001
-0.402195235444415
-0.417747771368769
-0.51012921147093
-0.413414871916719
-0.53148094331553
-0.64685022766479
-0.396275152435236
-0.490541073987818
-0.441428606985145
-0.374809993671146
-0.47729256793834
-0.518773905206286
-0.45199852941679
-0.4379678949231
-0.448315272715923
-0.587176440017194
-0.3815153416883
-0.430969310822787
-0.497648526960808
-0.451438643719394
-0.472461737171694
-0.328370472767546
-0.572625380546357
-0.260159283290341
-0.392356581451205
-0.45876206475619
-0.413104824905407
-0.427907568549775
-0.565411222411083
-0.360970655717464
-0.418416825659288
-0.421373361262748
-0.302447123214797
-0.548265852708856
-0.394397798088235
-0.393503999852988
-0.360442811608848
-0.407965860380271
-0.460689723064564
-0.351449945351236
-0.357166372629465
-0.394089966859383
-0.419311209267178
-0.398971868541129
-0.392592651568476
-0.356562923377356
-0.371357869654601
-0.40216851556987
-0.299488917866037
-0.376847163735379
-0.383533673359967
-0.576747700778431
-0.356826879691689
-0.251412429171941
-0.376401104434674
-0.339126826186095
-0.384933282252009
-0.390965282601497
-0.402746439790088
-0.453839790977012
-0.448480503781954
-0.456077140528535
-0.292359333088503
-0.301324689045573
-0.427973036811665
-0.416747408280909
-0.315243826264696
-0.182896861716685
-0.521387448164949
-0.264526591465004
-0.296898985679485
-0.217817305252871
-0.147178490174615
-0.268497077506426
-0.305667439679956
-0.323681303132526
-0.362981529360437
-0.351946727839861
-0.321604990756123
-0.128147497875117
-0.412307015410252
-0.466596375599711
-0.337638274879264
-0.305868322086492
-0.326644643781118
-0.389638281597359
-0.16303399873103
-0.368771576277627
-0.370459606919887
-0.384180574870204
-0.18159300644651
-0.292504168642046
-0.297293313245989
-0.298483283085856
-0.333134346595811
-0.297829686119718
-0.142190035258618
-0.288306444692507
-0.231952603190835
-0.309676022367383
-0.358697770573245
-0.232656506067592
-0.287287878138467
-0.29032268545671
-0.209050109864866
-0.337265954352012
-0.209947706354473
-0.0809914180658301
-0.0923850574537373
-0.167925551305445
-0.335823471019982
-0.24668162909706
-0.177101255880421
-0.187510984149659
-0.0871138991525377
-0.247706906792906
-0.241319108110885
-0.268777550104964
-0.241278466386827
-0.2186757501084
-0.228577922518339
-0.241557162988124
-0.220901782655257
-0.236683784944939
-0.226613901664765
-0.0780211020576443
-0.294903022297242
-0.251549699194454
-0.18976145597764
-0.224800842475259
-0.217293347111627
-0.210652503938076
-0.139788073806811
-0.393663422332205
-0.245374190088161
-0.159952920264551
-0.129077395773028
-0.147069228373877
-0.238061120293901
-0.187041044562987
-0.12109547012914
-0.126621913954516
-0.219608670619566
-0.201006505312103
-0.145909330263659
-0.201778250720091
-0.198206163473169
-0.0809074607100129
-0.085905641404058
-0.146393160447793
-0.11772809039029
-0.180162242781754
0.0326155047289042
-0.24030318362742
-0.230352001348888
-0.148533577939853
-0.105843627481601
-0.21465707419685
-0.153568255816977
0.0907358755877215
-0.0716030633960742
-0.21177901712352
-0.219449036463502
-0.147264240363706
-0.0445335462162131
-0.156039118491908
-0.15624563585084
-0.199093689391825
-0.0441802577864092
-0.0204191235183687
0.0221424122405266
-0.181969506950586
0.010579456548018
0.0235800685240697
-0.0813688328169193
-0.176562043544138
-0.17674724198517
-0.128594779455815
-0.0341268091420932
-0.104565704596259
0.0783089225073624
-0.120705719706763
-0.113887114626387
0.0173708993028426
-0.0332413299886986
-0.0687159521158384
-0.0286963790911375
-0.132596183715806
-0.222485016737597
-0.0776471739538454
-0.149684252730941
-0.0670052341381063
-0.0807139031629621
-0.217859460589616
-0.0541123265059609
-0.16730152611218
-0.00912784646012224
-0.0230613982824116
-0.020404499706745
-0.142470379679468
-0.0537571508009667
0.0222964915206677
-0.0850381027800565
-0.00953658956470799
0.0742231855156398
0.0204732218931114
-0.0713429611977519
0.0282529575008339
-0.121632245702198
0.0145258528219689
-0.030759473342926
0.101830840279263
-0.167159381026436
0.00843482649813809
-0.0806161656393918
-0.0430490176999638
0.041111426242642
0.0429544008626296
-0.0540627758484906
0.0184997133055847
0.0543396960196755
-0.0860497636381026
0.118384978152371
-0.0355603964601092
0.0775419845268379
-0.0368807972323236
-0.0287311155954199
-0.0367812240963507
0.156474895437358
0.0637221057215401
0.0327787368162094
-0.203559837835358
-0.0449662500998572
0.0714750250267996
-0.0099907679574518
-0.0487576078618252
0.0840608575790044
0.0806611423134749
0.0890453781121598
0.126723714564702
0.000563786325723147
0.116708126306367
-0.0277814277792131
-0.0214128865240147
0.129404955522208
0.10153687888614
-0.0427071462205197
0.0391101734644886
0.150196686357299
0.0979720143924619
0.0572852614305219
0.174623130340013
0.0162423395616919
-0.0427934819155395
0.0109971392647481
0.0497990396889317
0.0633353661055517
0.151996908039879
0.22809955044686
0.255031029559717
-0.104344078162731
0.173125000080372
-0.0267668845306096
0.000691209480712435
0.132434226892751
0.186799802291792
0.0138141816426923
0.225793721579661
0.0100886244651789
0.0115116877064356
-0.0792812293836715
0.17876215683933
0.163151469937692
0.130702919660064
0.0618234054584936
0.0849925232017479
-0.0572598691330536
-0.000354420052673549
0.0667521879466677
0.25763073540923
0.0962467463017384
-0.0205532714582559
0.25198167648415
0.094041209564245
0.0792059528215929
0.245030760533518
0.131644977806009
0.180247277068925
-0.0278367093068581
0.0382053071051074
0.0335058951710845
0.212074829964899
0.0823790217193459
0.194602740322738
0.0305962070100523
0.139757405709234
0.238623416869583
0.0866267898255073
0.095407879818104
0.235692690719648
0.225929742321058
0.115694920008061
0.145319419921068
0.131665262540447
0.112981501308229
0.167523704537914
0.233639496360627
0.210498455665036
0.0820988873778701
0.124218445693743
0.0842660304030604
0.106767430269448
0.17478222697702
0.274792245102359
0.202091537371303
0.18425896675605
0.0348407353108245
0.202789729224384
0.165972747545475
0.187694647040833
0.173392594806265
0.0648502136614775
0.232539748892572
0.210106647297767
0.313753183707006
0.268675476266552
0.244598949711616
0.161381664136391
0.15164684487693
0.14021687160353
0.120587037765467
0.315494870126601
0.184219421161504
0.327449414411486
0.352599013569209
0.373726656591255
0.144315201262779
0.207675294457595
0.261598870053589
0.242135943602641
0.0991835124636198
0.246362433006604
0.178281586397177
0.0989901397356069
0.290948973490401
0.128517408403628
0.158496179228241
0.255954790726917
0.26329606508686
0.295165026768211
0.421627844852098
0.107272372764007
0.316871368227717
0.284217328894373
0.18625074696334
0.112515865897649
0.203262338318257
0.246189222543744
0.243234892436649
0.318464786587232
0.223635547429353
0.281255361138456
0.401283144863987
0.263748399829689
0.145798287228581
0.214005695224641
0.195565658950402
0.312052591369103
0.260514756352866
0.341231041998099
0.214343346112864
0.297822027235758
0.296474713257953
0.123588024939068
0.263985762865067
0.316075401652891
0.335582461374114
0.169160948894534
0.292586788699853
0.265189157745485
0.467337665331215
0.367072978551527
0.379710036516416
0.516010309578026
0.363707098912235
0.310938168379115
0.256762228828191
0.358540253166078
0.450062287947875
0.285706442510643
0.175844603661456
0.406774777680311
0.408261945534797
0.372792188411917
0.307135152425788
0.223511764098578
0.248996391404154
0.357677969372183
0.323951376498838
0.268421458117773
0.324819325372369
0.476357101805331
0.455322367072923
0.272670223231972
0.291115634646108
0.296610241940462
0.263046593222499
0.362001393883355
0.263885325526116
0.443374621524221
0.361380467477576
0.325618656642014
0.428167231040681
0.407478634290937
0.401275469176342
0.491355824391866
0.512086459503305
0.433743180685439
0.286969242099552
0.360038464938395
0.381682678817907
0.436808880494015
0.343438265997633
0.220032076540273
0.302436743437994
0.435081029021085
0.362890367842823
0.425834253187918
0.454239510814542
0.457353790164281
0.3663566286625
0.466839542018193
0.260624538031218
0.430004871630323
0.386692792617672
0.604887863716715
0.568818529659044
0.383267001499187
0.290594969572935
0.353092371808436
0.471561398882321
0.424922592328807
0.389917784803903
0.415121391697243
0.471383501077021
0.592827897311579
0.477080835716215
0.517813568546596
0.449791316119529
0.259701975736833
0.517274706470457
0.536026808032524
0.460038069118196
0.454762505732734
0.299705462147192
0.307390119113056
0.387671500328089
0.500435692338089
0.440878575311512
0.446296842362046
0.35810256126612
0.380895965547765
0.449266378564536
0.524652382872113
0.50618550736425
0.322608291676207
0.482971835233751
0.378005752239929
0.377003694679988
0.372157328944236
0.540982847997005
0.578648584478181
0.297331760107845
0.396527747444166
0.518356463866842
0.540793986089453
0.482264524869339
0.500654740022937
0.416363173970262
0.474976999667962
0.616350706569092
0.368932376318331
0.622642874745733
0.516039687515864
0.344959918146302
0.449808814945048
0.607379568941824
0.582904099227924
0.541043555319184
0.493090965031136
0.502159164105275
0.587049125184833
0.539049782969578
0.629599369119987
0.601859315319776
0.60472435240505
0.484808824951868
0.518934094945032
0.505927489432999
0.511758534522775
0.777291578726796
0.598746718969119
0.519540052444428
0.407851939709494
0.524742484092067
0.671584970880975
0.526183044185791
0.650381696788809
0.491658848075888
0.546868842320114
0.739237453219982
0.598957192401201
0.58093011305306
0.682110886151377
0.607852361417326
0.555547352955538
0.769265554353538
0.498564766152173
0.625194715985313
0.512120632951836
0.56565955192062
0.556007481716271
0.658814423139852
0.639290992832488
0.60524580046432
0.546083289023206
0.59751513579282
0.496578748346185
0.580050974204168
0.720835561693253
0.594687893067905
0.617911731232101
0.568652458261794
0.50062151119957
0.661299934112332
0.566431432225876
0.808064013148518
0.625576858582901
0.497886702066366
0.612510306852406
0.616364256145224
0.709497251082935
0.565639006005527
0.728144310008824
0.638566930895523
0.777616657541858
0.654833739474554
0.722951444656809
0.634044928316997
0.727072994429122
0.634225916964972
0.570215324248555
0.749617984338869
0.595401038710402
0.674306202513381
0.807531293714518
0.740725629748431
0.720005664106548
0.693854027477946
0.633633976617309
0.530970034543934
0.719987857576924
0.583334202173796
0.583982101345933
0.814641701121794
0.680081672272475
0.543874061750564
0.542326684347043
0.780329986617933
0.531743621662905
0.710467553511544
0.594216411774031
0.868288643973194
0.741928568334946
0.708689146740907
0.706717138461088
0.705606331581864
0.749593936410227
0.843089602533362
0.644388390584162
0.751222405368117
0.841893447532218
0.865609911941025
0.732839638579387
0.788065844173053
0.810751847416842
0.684293481475742
0.81367021642643
0.712607883917842
0.662623017774965
0.700892423923551
0.803043436982991
0.800637661248491
0.66957817529952
0.76288445126559
0.728759600371035
0.703923776269603
0.694958038409202
0.694517968133489
0.86738822795909
0.846719232024107
0.717412616734627
0.801818379777934
0.792143262049546
0.706767526725943
0.802325232854315
0.796081438764909
0.743594536128438
0.860979236293763
0.816927167020233
0.862582320319576
0.860602860697581
0.687061840413692
0.80889763679761
0.819359660982361
0.713860684331317
0.884368866560676
0.72667305720044
0.881338955029219
0.847545430726556
0.974101425356088
0.883948947467127
0.835228033445622
0.735524525299337
0.721097122909761
0.75631232343759
0.861219610343361
0.859391879855543
0.738438350675066
0.88188463449085
0.760247440836707
0.94315452831999
0.908057541366905
0.695382685169131
0.912453171859988
0.763086088185052
0.670729725132723
0.718412647219233
0.772791877584592
0.94010172821903
0.956713260706594
0.912611973393774
0.78328613042917
0.798516689420638
0.746681095700735
0.964334156982861
0.839086093070555
0.858585755365985
0.820802687361675
0.854918052406432
0.780063927924059
0.845408102304721
0.838053687365673
0.810542846428671
0.804948916064305
0.981965729092652
0.748813312823984
1.00067712497534
0.880455103929488
0.824845163732949
0.804106712724177
0.702252919762786
0.738670064180958
0.891975905176607
0.900770284317419
0.891564060574003
1.00414683708094
0.862515251522619
0.873351431396131
0.960373711908427
0.877006895350179
0.784693281900027
0.899211621747296
0.907899144582128
0.943094900432968
0.988248451614043
0.977879276427129
1.08221349482113
0.977190051260614
0.96611997715559
0.879207860785618
0.988430103871854
0.964079745380146
0.899115324414526
1.01854041144892
0.841191093669795
1.14277831759205
0.985761115318585
0.756539006998922
0.963009719427688
0.898586777968161
0.76117247224693
0.887675298381273
0.950882580400916
0.88586591355094
0.816399162151932
0.995899650573274
0.953750475886088
1.02168798837895
0.93274475976035
1.09885837910002
0.807256352535835
1.0003126230076
0.893301429932072
0.837953756045888
0.89706660659551
1.09191454605548
0.908788701530507
0.967467645606988
0.99674814139788
0.912200173354065
0.945003804321667
1.06312370900081
0.950891016435228
0.921705671787436
0.929587621166203
0.990306764902775
1.05838490288475
0.989794606475026
1.04599807075581
0.913967558809327
0.95790880288098
1.0574561854189
1.02590936501026
1.03704353180591
1.01367312027208
