-1.03263740633847
-0.972200762808127
-0.891989077935525
-0.937055337198531
-1.06425530919053
-0.893382697925376
-0.906532921327501
-1.07086439184539
-1.0494475727125
-0.898647810067774
-0.845111937977301
-1.11414195208529
-1.01327136880256
-1.03446694109412
-0.878940539793601
-0.963570924210457
-1.18910249901763
-0.959303498532041
-0.952783052923753
-0.824554370004122
-1.0150844367078
-0.881891557389809
-0.945857677354886
-1.04280794113162
-1.05460794196477
-1.11574401437077
-0.92080764283613
-1.13700604204991
-0.950238555907293
-0.872062660198035
-0.987107083666266
-1.05890626981429
-1.04604653055353
-0.856944279687886
-0.947736755596527
-1.0048457329584
-1.08428497123894
-0.89460080137287
-0.912818052223502
-0.941660623802289
-0.902283959747655
-0.869877344476531
-0.797875446057401
-0.842318574296333
-0.944273701529168
-0.939893494409242
-0.989436851900972
-0.88457309441753
-1.01587621150662
-1.03882975732348
-0.991066641962648
-0.859616881010148
-0.905954962058678
-0.87998986003775
-0.908439409221717
-0.877844878490046
-0.850370346217884
-1.00898454692639
-0.765461203714653
-0.915653621420283
-1.09694767796357
-1.00841672066456
-0.711835779475972
-0.856770906379467
-0.757378736948314
-0.807189931002789
-0.76650192074087
-0.750133007307347
-0.836455513844111
-0.935707941437575
-0.939505062833112
-0.903727309521593
-0.873661617795502
-0.867446579642103
-0.855896703809215
-1.02842844216671
-0.743482171637499
-0.844540084797586
-0.971787333280998
-0.732939817046354
-0.869701512953734
-0.806724183995398
-0.772090023095302
-0.780882958447242
-0.854645163003074
-0.852855052745057
-0.810333477404841
-0.812521865324263
-0.859344820228777
-0.819229148762529
-0.864957551707349
-0.864830651745502
-0.773813235165373
-0.725022330777706
-0.769073404839417
-0.835752037987191
-0.841968704349218
-0.779003307690888
-0.793916397204571
-0.864006728916151
-0.93909033808268
-0.755058018372377
-0.824221466768566
-0.942932685817145
-0.785945672295297
-0.838075215287436
-0.81682878131877
-0.758048772042302
-0.798550694033688
-0.887555639971291
-0.740559037973425
-0.685622848450696
-0.797679263640449
-0.772689101970646
-0.749180911181276
-0.674531221820619
-0.701691820985175
-0.843165177354539
-0.869567235448609
-0.778014612198321
-0.731221217991714
-0.678453082985889
-0.782250570098601
-0.679936532318951
-0.725742438804698
-0.592658290900449
-0.59585581219
-0.762769443107469
-0.74421251728752
-0.786603311789178
-0.69478618387692
-0.706942333568589
-0.786658974237672
-0.763808747135248
-0.6578252635782
-0.805513154816802
-0.772553120551397
-0.831797719978821
-0.732544777187282
-0.684975504727617
-0.748665982193238
-0.832389182644362
-0.759265257408118
-0.808070137023986
-0.748204077160656
-0.791615285676572
-0.710282394006452
-0.673218122314294
-0.524964544094468
-0.713403755013069
-0.699636564651625
-0.675793490604447
-0.72724830583689
-0.619176598529734
-0.615657055835675
-0.638843567017757
-0.752646936974028
-0.730025337891621
-0.686994446809641
-0.751418919812191
-0.868553528515741
-0.528384614407129
-0.744697560663881
-0.759324324397178
-0.731757897263288
-0.629451724436765
-0.707327531576734
-0.651025626947208
-0.724486616724432
-0.681098043484311
-0.664459584076526
-0.580343899695326
-0.58450823907271
-0.64049548257036
-0.697554218141332
-0.540276446477441
-0.853542044594566
-0.70349275861322
-0.739419603600938
-0.670323620491967
-0.671366074033552
-0.644674138047884
-0.634306140975284
-0.672297818162623
-0.529204328918056
-0.733034801798075
-0.564374757308305
-0.45274518301471
-0.612709192682162
-0.56471469977039
-0.55382189332551
-0.638373646364311
-0.639380316478553
-0.638381657425624
-0.630038791649743
-0.683765048291695
-0.674483705825187
-0.650419216562029
-0.552486001098072
-0.579374730980613
-0.678549953386592
-0.613706287484629
-0.70812708063603
-0.542858270579927
-0.586066381686421
-0.610364303499005
-0.533619531007388
-0.647906572678391
-0.739090148115958
-0.715566063127312
-0.613921462671233
-0.653586076858642
-0.666116341452234
-0.447094495422537
-0.47282045720638
-0.656911160601766
-0.454083158640558
-0.601837852285025
-0.432286636624935
-0.696323273475962
-0.656713782298173
-0.562585489565111
-0.589082017923668
-0.470010005217955
-0.475668039880199
-0.62031791723945
-0.568750693632965
-0.484627759636658
-0.353955362169542
-0.573750895251986
-0.405805989170497
-0.504507327308008
-0.659548783462056
-0.428565854322719
-0.428622918091359
-0.540313808365999
-0.353123296553207
-0.722363133989962
-0.54697411221763
-0.629865826987123
-0.560200573489751
-0.502137536840735
-0.576222465820671
-0.393583006398024
-0.553949679443702
-0.513267500566
-0.58147808064937
-0.47345030650858
-0.674239977671568
-0.630868893317669
-0.530085250582322
-0.510488502905802
-0.631913259886817
-0.459677283388704
-0.471683678519745
-0.533770682051462
-0.634613752170439
-0.428804108223328
-0.486264854540134
-0.475505023617248
-0.568643574797878
-0.456802753270758
-0.289328594742896
-0.680025299169489
-0.436326841112455
-0.584966178320122
-0.396380258560635
-0.505161286506621
-0.470946577120875
-0.562577102987402
-0.460577327089471
-0.284182896552377
-0.591421553564043
-0.547999544632818
-0.461142761803969
-0.534863168986056
-0.424461152442962
-0.54622601568668
-0.503259477449706
-0.487324375731282
-0.604540936618986
-0.530218116867531
-0.33907701115585
-0.472011479184178
-0.369336730199463
-0.425421908179529
-0.30148201756509
-0.610500556030677
-0.508268674255149
-0.38393095527102
-0.399426790882929
-0.496166291056245
-0.239946902192481
-0.377228524422792
-0.245877168658782
-0.4236964001518
-0.423498537895718
-0.464549663097118
-0.512546533357376
-0.342545570343478
-0.45812934753815
-0.266861243977533
-0.33793799880187
-0.433313065243158
-0.473827673415569
-0.366194340329607
-0.248548522168323
-0.40127652076487
-0.45368112401447
-0.464866040493691
-0.401938741093099
-0.366956186553499
-0.29130112667948
-0.410307425865527
-0.456406574602859
-0.280336225956084
-0.388658235749374
-0.354822631298094
-0.437763150065936
-0.320108047469476
-0.370503290180236
-0.443918281434124
-0.389414769432
-0.47811793558491
-0.293043062540726
-0.313159896648384
-0.389483454938156
-0.491270054625396
-0.355165286092592
-0.170208093401854
-0.30568626750289
-0.224142711248067
-0.429993970927255
-0.278338911474001
-0.0287410521343128
-0.352704834211512
-0.333348256631097
-0.407742751627208
-0.300822816777876
-0.362796870557738
-0.27288934094767
-0.292043307950281
-0.127540863103973
-0.349880259519622
-0.16743847068271
-0.329200731634126
-0.366468607479768
-0.270037488208573
-0.295631057137791
-0.253467046548908
-0.299029885857801
-0.287955781883087
-0.289581837701224
-0.359108582647306
-0.201070672021194
-0.239862202440242
-0.326745019254313
-0.35721882045137
-0.365130625330196
-0.296239738312554
-0.300758416626994
-0.341980533881956
-0.439599576533472
-0.16205447417204
-0.254075609308746
-0.261092246277233
-0.218128755411536
-0.276736540931705
-0.184301282263275
-0.280781239652617
-0.182149523645116
-0.218703162722314
-0.281542320397876
-0.244947666827112
-0.229556822044072
-0.200672119854393
-0.27422222273064
-0.336673165540557
-0.180139709344038
-0.213931391934755
-0.327374689840055
-0.309751549113893
-0.116949805885282
-0.236067351553925
-0.119796717362112
-0.244618488125794
-0.193289779093258
-0.180017561032705
-0.254179688766064
-0.339697734778267
-0.261430388100178
-0.272269770327142
-0.229886561653416
-0.123087057576802
-0.187013060600246
-0.154340916339436
-0.308948426002174
-0.288461403090872
-0.185931469551712
-0.295869061582842
-0.0890706289946734
-0.20703824122583
-0.281769493088208
-0.18719687128457
-0.142506319472211
-0.223695562424731
-0.222158764411589
-0.283792490749432
-0.27169296075554
-0.171365501000706
-0.401636531017528
-0.049983091687347
-0.198828382490881
-0.261103200543216
-0.162793784262428
-0.00683342052620296
-0.253298091669984
-0.166540246084412
-0.170186132754383
-0.216222012939333
-0.430746413202357
0.00090892977504577
-0.250819289942757
-0.172545510856049
-0.161211010338782
-0.128623341618163
-0.0746735324392629
-0.315228408037841
-0.154515292960701
-0.135322254484182
-0.105112695691629
-0.275486523175307
-0.133461418874169
0.038120410703807
-0.2522106681378
-0.20996875755929
-0.286008125744357
-0.127699491571092
-0.169040911027091
-0.130226808713497
-0.0782696832873656
-0.135852673622074
-0.121314314253995
-0.0470014670030738
-0.142479797355498
0.0156883930113093
-0.0734952638023053
-0.0431638728514944
-0.152343604544929
-0.183650425008552
-0.268363014263712
-0.149364268355225
-0.0936208884378963
-0.112525804970315
-0.031804579581775
-0.0709735436083384
-0.0588439967682699
-0.07269740176441
-0.112963440678244
-0.0770858937013475
-0.0839731208107382
0.122161476114719
-0.148145434410829
-0.132682866476699
-0.0454035189477142
-0.0753140454163513
-0.0258013424372041
0.0344598623945425
-0.129102216447707
-0.0399393283830986
0.00480925524625379
-0.226347523029769
0.0485696930018828
-0.0652099221588155
-0.0366867164770911
-0.0744260776534759
-0.127367538927278
0.00253665944464629
-0.201514301531498
0.128690658903325
0.0733489672352157
-0.162719198128411
-0.0873299926874917
0.0652426783859828
-0.108391618217514
0.0252428083039128
0.0167213194384512
-0.157815166144028
-0.0398650824806924
-0.0358333398134549
-0.043658883336593
0.07411024814895
-0.108109584016932
0.0884645447555681
0.0399116251089249
-0.210701610715908
0.0388022206181332
-0.0744502367569654
0.0350289868174602
0.0603986212804418
0.0500358901951824
0.117689957137184
0.064311607214384
-0.0276527168442265
0.052030312562785
-0.0284102667190362
-0.0280185644222401
0.0613199678755984
-0.0397138188337818
-0.0439773791811581
-0.034436109986004
0.0121352753988565
0.0634648986682479
0.00167736157191752
0.0119813723681007
-0.0147604923835452
0.220834259684215
0.0492567123525906
-0.00978772979779719
0.0345980748208712
-0.116664271237661
0.0282735825901
0.0130862879018353
0.0334416261930227
0.0100831746293838
0.115034852569488
0.245424194304398
0.0923408590578049
0.0848503728108397
0.012296698218897
0.222921162084315
0.107785129873144
0.0670032711312557
0.143232568106606
0.0961180469282496
0.0676888908193457
0.13802886501496
0.0911002232301697
0.00970531446663773
-0.045225392973291
0.00102216113332601
0.0814111208553965
0.0991514861960083
0.148293693332476
0.121535008261148
0.0508714398309578
0.163271845458055
-0.0152373704344995
0.0513283207267165
-0.0881019811827094
0.247236123542017
0.129329408612334
0.000699646195389045
0.166489862984689
0.182263051062481
-0.067863658452458
-0.0450069956991618
0.0871120816619232
0.053002914811871
0.186108251300694
0.103311965400406
0.203620419279771
0.0744045614743332
0.0578905097638683
-0.00327296340095196
0.130823588683024
0.0987156265754873
0.172188014425603
0.156975591659404
0.173993769862757
0.103936943762909
0.219541335795097
0.232509405756181
0.247882644753273
0.136794437671628
0.0446634870321796
0.268699651876947
0.26306108454165
0.120058004860675
0.174747834773367
0.286044636788534
-0.061189767964439
0.052911474480123
0.197448128196778
0.107336967787066
0.199133950872369
0.0852798978739274
0.0663679277853109
0.131563511158376
0.236550366184923
0.108912850448978
0.235274103269784
0.0607326307647073
0.18139070396596
0.131796447823288
0.322023337021071
0.282634679258828
0.367024973935383
0.101822247481041
0.157286385828042
0.11617324097512
0.174007486851005
0.112725393242139
0.242711812807312
0.135025639526842
0.36245361400249
0.193069981745026
0.285672074055593
0.254694697986999
0.229558924709479
0.259958048675594
0.400696590885113
0.0438681041156687
0.205769693135504
0.338892830259691
0.358538628521713
0.138915578879347
0.0946852446685772
0.3149866225935
0.286232162284755
0.204360346244301
0.149673672125524
0.371248245271588
0.316410571581942
0.179223706886282
0.25997395864273
0.335343060890099
0.197955643106458
0.227395466378141
0.181205784725496
0.408958995016745
0.217811556136469
0.158429167437677
0.352016475063076
0.330642166217323
0.265895470699243
0.279673588101378
0.223766735807392
0.187342663631528
0.303655416522751
0.22194148099934
0.165441616206375
0.170531888047573
0.249588793866613
0.293676787522871
0.463744818701199
0.353652737742832
0.191861771600616
0.335538025714065
0.187001793048306
0.282314382524349
0.325612307547975
0.327909385984012
0.289158033250546
0.164765425618665
0.394793482241168
0.381823313737541
0.298924509078501
0.332139296909494
0.286237250667949
0.278038288225335
0.315322613404584
0.339510434633697
0.350693743442901
0.177035389891831
0.385865558368583
0.275142095741898
0.335591269264143
0.200563154660346
0.270436748665863
0.26418922068316
0.43540946562512
0.415909635567539
0.242168943628765
0.377419319572072
0.279550141591674
0.417653368955814
0.354985793560544
0.521992413172246
0.419394786494823
0.284679205433289
0.26112818820494
0.317935268600854
0.482553473201611
0.451059343923189
0.394529938320671
0.133923654174282
0.459055933131147
0.324729505603251
0.360671949837374
0.322677946873524
0.428499056403442
0.285711826131853
0.412283184177506
0.368401674493973
0.402775973235399
0.412973817370563
0.471473613299394
0.541766524966289
0.343406286534447
0.425534312476718
0.488364968923401
0.44502005778179
0.479805594384484
0.451725343827853
0.53382377881568
0.347643218230799
0.329493587883182
0.336471124130818
0.421476353911754
0.433443659991035
0.413596274014496
0.426579578967175
0.433174054840504
0.316682243754101
0.388977247912674
0.461544639331471
0.425258041864587
0.340954654901667
0.535854961998743
0.430673413615861
0.329463061224411
0.505281584094537
0.550465154902915
0.472719034056392
0.369881305155687
0.468462287983717
0.445440505852866
0.594117002821029
0.581819747127465
0.461616093952411
0.405604072328583
0.459804227601057
0.424941788397314
0.338820909651934
0.429701328480744
0.43599884640704
0.663380822979129
0.22722107011635
0.399437468737416
0.537313416263403
0.399092484622065
0.390390799134579
0.448911913806452
0.441084640883202
0.427748912150622
0.61292173183567
0.546943283566073
0.426896110713444
0.574767426557551
0.494165955519986
0.394003710653917
0.6059004875651
0.463079141168947
0.423200082358434
0.648677132372772
0.595389099076392
0.559624372859016
0.464172593991033
0.554500853304504
0.583644578186929
0.524825017812225
0.480174167344859
0.584241511712988
0.469253945360997
0.376842936242005
0.547470634011294
0.479683353081369
0.441904880902005
0.634146528283634
0.372341789002544
0.576731735351747
0.514303736651336
0.599749304705371
0.529572316102187
0.522821317509341
0.503437572482785
0.374383187677801
0.596783276400158
0.668262269700075
0.61458580407832
0.549943036767461
0.657908815053201
0.507948352152639
0.594581794876371
0.607788708950402
0.509518350568984
0.576805940718922
0.596973277138183
0.741558077932616
0.641167078047197
0.63633151594378
0.591725652376241
0.533776345645351
0.772774503366235
0.539499867610409
0.494780386288453
0.358436452988527
0.604585061360531
0.642966346038495
0.549756748029376
0.571071047669557
0.588266458856339
0.616541403211652
0.68811789114618
0.589210576937001
0.54176219084608
0.700633362700146
0.662851578880509
0.425510637401582
0.735831106831121
0.730142694682946
0.62562239481314
0.469762320867535
0.67610094536779
0.710237889059653
0.454030691159066
0.512312746596296
0.530368581792602
0.770348841138614
0.820025435019734
0.692685870597912
0.658286150039903
0.534354429266351
0.639649690720902
0.585578107848469
0.670973484549761
0.522183656748151
0.679780350323303
0.605722137944037
0.595483992203834
0.841030718492745
0.82699356797754
0.72105612957264
0.71168166966233
0.558656915284634
0.699956233483419
0.720979936485474
0.684879579293557
0.621680474151163
0.526291278985723
0.580839212783711
0.777395142660412
0.702642454063972
0.622884244224819
0.671109840098193
0.656354825599584
0.738436108468882
0.581023747235176
0.733218447156734
0.668906344007211
0.818569039026088
0.644407268388277
0.725459168544953
0.765198000421648
0.835341998925307
0.629618505728827
0.814319727106711
0.651120624422394
0.768109713907977
0.815259001881305
0.681916988165123
0.670127443519576
0.689008340174435
0.765427090996884
0.687625888683129
0.762533585114939
0.623225813784927
0.834337060893209
0.71347236269255
0.671020120536466
0.735627075678216
0.595717527432695
0.787166405145854
0.563829063455477
0.684847782150513
0.869817500048653
0.707731814288046
0.740935717670621
0.639090659523983
0.770037500514657
0.719720316633661
0.708163034225831
0.790617098506936
0.81549667078131
0.779809309968808
0.602484381209862
0.793333152186528
0.801668892481016
0.682123030997137
0.704498110853346
0.786873103966008
0.802332537754502
0.844090959478073
0.715148046335833
0.894036154529155
0.805674013064941
0.880766563698879
0.575909702776654
0.782869595074564
0.884355747189551
0.685687858206456
0.796540110168044
0.744767591538372
0.88050205213785
0.813455859148108
0.760933773861066
0.868975888001397
0.811892369409248
0.773480476821146
0.778789358972586
0.902863170217314
0.820385058663471
0.877484593321135
0.857455654622093
0.838006417773657
0.823775874893295
0.909721095625601
0.756181104331656
0.78825618394877
0.773640355337458
0.741671867576364
0.983261355141061
0.893873813000757
0.844784326434387
0.940448742825159
0.951479348790559
0.782348461087983
0.848225577116644
0.917813016183614
0.924954249646854
0.748855246175334
0.866694616408865
0.993991469025377
1.00392985646059
0.790505225148128
0.878360124490188
0.939146553689428
0.946508117249228
0.882155528583734
0.913840262866248
0.790391194623058
0.962488439589506
0.958763592590955
0.931564614494025
0.7976332929236
0.79769244844645
1.02298030503364
0.835245672787183
0.812746706048345
1.00604413591927
0.777925442726123
0.82561613967491
0.915847337193534
1.08988520705734
0.925258408273126
0.943954790775025
1.01266555437289
0.945266752278987
0.922122306672226
0.933608978726064
0.864615158381709
1.00799099745191
1.05940365812791
0.946696777899256
0.887724264127053
0.988600433667335
0.923330769744542
0.904079064204207
0.90369912826679
0.875358073733785
0.89738509444839
0.850589395432349
1.12128980745963
1.00088894015806
0.857651527128789
0.932268761793063
0.959161042141456
0.916026685294931
0.999093846613322
0.906034893305042
0.926223687571133
1.05493982147536
0.980918536473469
0.937171056631507
0.963306651957939
0.869953562571646
1.00493441407867
0.993751395507357
0.978145692591792
0.877709086181827
1.00753842128797
1.03165174707463
0.941852612164563
1.00420471188718
0.91793138983687
1.03478262732062
0.871585133836079
1.04608330648611
0.826221804454578
