-1.08720604476245
-1.00678964552643
-1.06787040831855
-1.04624432826478
-1.12064420505719
-0.870186998260628
-0.813435960837703
-1.07767180752796
-1.01009239525255
-1.06614144754015
-0.99253966805177
-0.963895575153682
-1.09272778025953
-1.05959085822862
-1.03832407898822
-1.03453794187056
-0.859389007846915
-0.976497812280121
-0.884490391167755
-0.887166687273166
-0.957640049936566
-0.972002399190869
-0.866555042285329
-0.864553682997049
-0.897027184982701
-1.07359029706794
-0.940245843786152
-0.941729518725094
-0.737171964776456
-0.892146424016212
-0.922386205499579
-0.812960576284503
-0.890710687089398
-0.985873612586726
-1.008482165085
-0.899962517500003
-0.889522748769893
-0.854014232170741
-0.969632931851659
-0.820567128239838
-0.846041177827514
-0.986590538557217
-0.942800499244092
-0.913952709335059
-0.899639689469072
-0.825318864918146
-0.893380821124852
-0.931175553937638
-0.878605331151407
-0.992894424822559
-0.696042672936989
-0.964610426295976
-0.897351249975646
-0.805860241482715
-0.838565813117955
-1.04361509430734
-0.90762512476193
-1.07096949278645
-0.986944727535754
-1.12283133934062
-0.943545697179827
-0.856659630831022
-0.812085833933972
-0.84878713724675
-0.994955917974917
-0.896009203136492
-0.794334553152314
-0.922299933368476
-0.867556108708678
-0.885127465327172
-0.859165619739973
-0.786962999560777
-0.736132334485411
-1.08606007786652
-0.827786571384501
-0.743932210358073
-0.756242606155821
-0.877717533999992
-0.933938525295045
-0.591568652037119
-0.720778260113107
-1.00731405059228
-0.669886714623426
-0.824463791842381
-0.906923170957538
-0.872987343676337
-0.784597402221629
-0.712958814389394
-0.834335651611019
-0.714038126040064
-0.818830440827213
-0.795219065911566
-1.02524525727025
-0.739137494045975
-0.945015043624217
-0.7374902868825
-0.743874457665577
-0.656505270246574
-0.704187756618011
-0.954539053269852
-0.72333888217373
-0.847461713955136
-0.741615980493437
-0.691315512746618
-0.756654093491221
-0.722513810740631
-0.793723761275991
-0.840120904668565
-0.709038900763085
-0.750943852093218
-0.716584887523987
-0.850077368925252
-0.800095640078261
-0.65679822964596
-0.657857026822473
-0.711828445239004
-0.87876816998407
-0.830019089827879
-0.728611720729922
-0.851843128753274
-0.74174501616634
-0.799608756046543
-0.763027295159478
-0.744892464904041
-0.785314016706773
-0.65118147236488
-0.805242853455554
-0.860851673347199
-0.763926802773517
-0.575633149322899
-0.741197883662005
-0.688779997258637
-0.793881674954452
-0.628944477914911
-0.669417111279417
-0.727709097872043
-0.628947373596166
-0.716862489846989
-0.819702774902489
-0.766897270756334
-0.866291081274031
-0.62805236127956
-0.678484661782972
-0.506574441483031
-0.6728431742465
-0.700381386177191
-0.697654502011482
-0.729778033168386
-0.764591371046257
-0.692274983746895
-0.731912761796717
-0.537842368182859
-0.688206407703988
-0.628715478889492
-0.66775497284281
-0.746863671859478
-0.713428830627139
-0.538728449016191
-0.701796067442878
-0.823438861255258
-0.726197666065169
-0.815511348756736
-0.855547036045852
-0.799284335428151
-0.627492427066747
-0.507432855538894
-0.837797737097876
-0.674110710660843
-0.72110083670045
-0.753162068745216
-0.573641623024693
-0.708206000158884
-0.577513922674014
-0.64979874510244
-0.641759245618675
-0.586335462409584
-0.564334403779707
-0.695118998370701
-0.682498133732097
-0.692100040895236
-0.579622114740654
-0.529133996926321
-0.729956864018483
-0.561774526835881
-0.673462569416321
-0.708722385111895
-0.714300977301959
-0.616901009102903
-0.695849273565303
-0.658431990973666
-0.607118620474864
-0.592463301796326
-0.670213626305617
-0.645360795607128
-0.734974487155855
-0.710393456103224
-0.589348009966603
-0.648925928410005
-0.618447053538571
-0.610258202615968
-0.664052810660979
-0.66050871029835
-0.609040281234556
-0.664000392818908
-0.519492210308117
-0.450074974723103
-0.464080530496263
-0.63981891756613
-0.623035632032236
-0.664390484865053
-0.589552937156215
-0.672484161626972
-0.555008834809705
-0.655520982403317
-0.576542042283241
-0.683381382535608
-0.504484134915095
-0.552538005497167
-0.605617718152403
-0.482318143376495
-0.568406027584935
-0.605129058273493
-0.579323362186243
-0.499430209257461
-0.643737848377561
-0.50944473260334
-0.495302708102662
-0.462897994642621
-0.395964516032918
-0.569336978145849
-0.629117064792855
-0.486416221995495
-0.736426476871524
-0.511752075161068
-0.556750373121933
-0.540770111598023
-0.395210651679167
-0.532126730121515
-0.483663186365917
-0.479035673446053
-0.518947504565098
-0.543965910002925
-0.653804171190814
-0.626400985002501
-0.524635365549845
-0.48527442660567
-0.697257313120336
-0.498308446027333
-0.599717114688301
-0.574672237964293
-0.450417895579386
-0.534461625118098
-0.416773439278909
-0.381927884510358
-0.470258806949335
-0.640573295884222
-0.531910283779196
-0.421439519710945
-0.515951633193589
-0.524374489244702
-0.535247676146788
-0.452526509437402
-0.479895564656628
-0.475424646762843
-0.654259770876907
-0.580136722187056
-0.488795733880245
-0.47643791830936
-0.458547866212726
-0.49926212062421
-0.703835340391553
-0.432680168266543
-0.470507090568775
-0.377157737410373
-0.381535354198791
-0.394458680021141
-0.554060851502165
-0.406025398125948
-0.284761599518198
-0.523071886380241
-0.30393969592207
-0.502117194112818
-0.425617819902524
-0.56900893371959
-0.481787861464472
-0.439315455265524
-0.458245607236432
-0.474856516315503
-0.559092122364659
-0.302247644188108
-0.527591454938867
-0.464231675565744
-0.311990079584301
-0.450115283640505
-0.414724863427694
-0.511648102966523
-0.343012457846786
-0.354025598813078
-0.352110287192754
-0.423330390059538
-0.45375599383379
-0.347516586691854
-0.256384606893706
-0.312044413164418
-0.433484613604074
-0.391566545265352
-0.404146228167253
-0.432084284161542
-0.481648451893038
-0.442403915229942
-0.467997036847769
-0.410496736194424
-0.292221169328728
-0.579755120496111
-0.27126234037462
-0.382764561892227
-0.454606619429109
-0.383538342242618
-0.396143212657106
-0.423225655238972
-0.386075409518028
-0.428863297987013
-0.313921675128119
-0.331678156098879
-0.35155143775835
-0.189303805353546
-0.32996742356496
-0.511118424040059
-0.423148362750946
-0.394017684296487
-0.335715778329918
-0.300030370057056
-0.418256551664564
-0.298861771269801
-0.399463951585093
-0.343068902226989
-0.212903804515558
-0.0974431714803054
-0.297173329955729
-0.373542934993262
-0.266810269290758
-0.299285014585267
-0.386921236820694
-0.410945882452726
-0.294282793490256
-0.203641362923915
-0.267753814220252
-0.47201235979742
-0.320686346722406
-0.2646227721414
-0.178418747438182
-0.367825712427939
-0.23597971295995
-0.359035963481246
-0.381111461070277
-0.294732188678104
-0.392429562155101
-0.31096946375428
-0.156552564357815
-0.34154624857635
-0.222705663111762
-0.309735463242905
-0.391419062816081
-0.215108318096431
-0.239911266636402
-0.390436226290557
-0.132963296596611
-0.241111526690327
-0.211872060952113
-0.389036880013776
-0.222097543482999
-0.212441480350537
-0.248868040892312
-0.103183747434797
-0.312700995537285
-0.149854045270645
-0.318405897635165
-0.21354729637175
-0.269659965142677
-0.376095930607942
-0.269142632240203
-0.181915983985615
-0.0616613115140358
-0.30308895030518
-0.25012594950608
-0.252206011246065
-0.299715308051729
-0.261967797598809
-0.189794242393447
-0.126535751634145
-0.298860113824347
-0.160262349292981
-0.155942192380443
-0.310449551656016
-0.231503886868465
-0.253695895608041
-0.146808063760206
-0.234920777974944
-0.251786256401245
-0.241921130019015
-0.294832211467783
-0.257644536666094
-0.333273924408722
0.00518586578030728
-0.0895264836992549
-0.263223338994987
-0.126021592240274
-0.0874163054625018
-0.16013492639701
-0.210592789639565
-0.127111243271454
-0.187605547827211
-0.150564912862896
-0.0664332319269482
0.0066025849788288
-0.173627254551899
-0.151512029588961
-0.236753292794781
-0.177436385828814
-0.114638000662627
-0.231556944291379
0.00916327480258704
-0.379951285354651
-0.179911342207
-0.354288495598875
-0.125295538402402
-0.220087385742074
-0.172491069183255
-0.105858426664167
-0.115749710722789
-0.201503631414358
-0.0745376302039108
-0.114181414090066
-0.155806905288952
-0.28286211090801
-0.0998684467827205
-0.279176071457699
-0.184520426905471
-0.0929736230999358
-0.161490218657408
-0.0852448005840507
-0.280724752749429
-0.182884311401008
-0.00521555317407764
-0.254143577282726
-0.131147198613055
-0.228520040269147
-0.0121565081161321
-0.0793098051532821
0.0757287577854737
-0.0303727486231647
-0.116927230560437
-0.148904419693045
0.0256015552454277
-0.212908934546771
-0.0359944440292081
-0.159237682631573
-0.110957538656143
-0.060591082172339
-0.0687340842614341
-0.129641729992962
0.0194591199577353
-0.155347707478035
-0.167745354007037
-0.045662161673815
-0.107554971375275
-0.0111203429306611
-0.145980349793601
-0.115344080640496
-0.150522278750633
0.0421965205135235
-0.0161369728102978
-0.0297155452661234
-0.112965737477156
-0.111014225655323
-0.0855750720812724
-0.0978797174345891
-0.0885205262907749
0.0957424271378129
0.0159253338138596
-0.0486775443057001
0.0637762598890001
-0.168114053586612
-0.124423802919079
0.00339977576781941
-0.0859622452671434
0.00671549067333555
-0.0241090856867598
0.00234905211045325
-0.112999965921874
-0.0958356654038831
0.0454095454663392
0.0220111687128672
0.0252327239966957
-0.0629102650328609
-0.101640395959582
-0.00444984462562501
-0.0231189397226356
-0.0546062656592897
0.0788250236226171
0.00586685580575305
0.0416884130188933
-0.178465900979011
-0.00325264536310573
-0.0833035260258653
-0.0785658548349357
-0.129053272838517
0.0851722268663952
0.0537076331812523
-0.0242411142544408
-0.0348642739659918
0.139934274001777
0.0955059850521585
0.0964729912939913
0.0579344588867917
0.00328923123440234
0.065017626991441
-0.0718508562565219
-0.127823282735965
0.0919017154973954
0.0761090720670993
0.00967886110767767
-0.0313574880102692
-0.0175525671498157
0.0570539434861964
0.0338111859310502
0.0666324452922418
-0.000711038459036676
-0.0143732788633527
0.00477584331970192
0.011371553836879
0.114236483860771
0.113784014315793
0.146204153219544
0.0474131450815992
-0.000190571910716594
0.0368320980103564
0.0958169084451777
0.221360528054731
0.0815792872108709
0.106102228563165
0.025987449249366
0.0613568676371439
0.0891260879988562
0.0811318989527861
0.0939196358086339
0.136697558371045
-0.0501860140311856
0.105836706260441
0.157121727295142
0.0716462492738125
0.182937399190004
0.184622167896228
0.0871612460243505
0.0139002104632823
0.171599718426377
0.190136072821406
0.0778667917267996
0.124886907569685
0.290218621414811
0.259047394521414
0.0559494417667449
0.000470917389210667
-0.0244456729378546
0.110534357413198
0.0826209526152923
0.109656815350568
0.124649605359358
0.0567544458066003
0.0555819981197992
0.168336602127393
0.268135231061422
0.119966683031925
0.293751778815976
0.174151994614977
0.110501610772885
0.253201182309205
0.138323693592448
0.0369567525974279
0.296441475998468
0.250249117172739
0.0759986555422546
0.189469329457737
0.250019155140568
0.248914913852428
0.12328877131934
0.168554526519846
0.202206229698874
0.124484866073426
0.102728633331755
0.0758012063249527
0.330602333869233
0.262692454245511
0.0542338561196157
0.183149880432526
0.209248308570035
0.280072373421139
0.207014094274768
0.127304090310192
0.200218388646023
0.181861481300521
0.310460020007454
0.26463617862502
0.273234540179924
0.176072645177124
0.260896612363534
0.160336352956614
0.183935497725231
0.239191070698467
0.208849862331667
0.281155344837332
0.215441204786234
0.228555716614593
0.186784004214158
0.234062247982684
0.195775409880207
0.2254227230018
0.0488687180159352
0.325054089497251
0.366968136813399
0.273113160653281
0.154992235415241
0.216113861415461
0.30056321242807
0.32862827386894
0.29753419417018
0.130667400140325
0.203640390319629
0.18475561302549
0.215366527624544
0.221175882966313
0.217839689113023
0.281315383246407
0.209548213192409
0.159772588370243
0.215538971412313
0.316798931863979
0.157849834764653
0.241118393587299
0.342706984844153
0.301621590674978
0.189279236544033
0.212843371313645
0.24748263635165
0.372185123765615
0.283084916398025
0.363165477015134
0.257456586980765
0.395941583465593
0.289375698700013
0.407255552159364
0.381965914138398
0.420530724322287
0.174078401472851
0.357265750487211
0.140911612122855
0.364596531400392
0.359478909797572
0.25109019186733
0.335472676703151
0.316652060828783
0.305766227375024
0.298861023740895
0.324613130988857
0.370964413356994
0.324654425643251
0.276775352985267
0.403643483413696
0.294264202580884
0.340627636724957
0.316334158340558
0.105009264907993
0.445361743829102
0.371720031304165
0.430763338352735
0.316812687663934
0.45833284793265
0.220315424141053
0.342934204795081
0.431717120298812
0.298412824779414
0.221327081935915
0.310465413433912
0.268866813085781
0.354339244807539
0.329148657186618
0.387929159477277
0.476954049007747
0.441543272421414
0.453073458350623
0.410829691203485
0.329111092119191
0.308442567378002
0.382233047533073
0.314068346251213
0.520188076741872
0.341663587560676
0.478211749054369
0.548885309941994
0.508635882174402
0.342951716843601
0.512728109561163
0.300614292145461
0.24268205251541
0.355148640532776
0.498979063864371
0.38388654986778
0.307938444654379
0.546540134808845
0.358686405692341
0.390329573791466
0.377958100555977
0.396615930860719
0.281216902244509
0.394033943253998
0.376654334395506
0.339074006799123
0.576037432868407
0.514282779287675
0.385127893295706
0.438661999528486
0.384485279689907
0.455361596337064
0.46729637429596
0.550819389829703
0.509009503821675
0.462457906553301
0.509444165769927
0.588504505104247
0.551903598366266
0.461519601337434
0.619532240667472
0.548712954869426
0.345090328172777
0.374573705032284
0.384720061780014
0.333730467608123
0.505458470225785
0.496062317183821
0.523676050635269
0.492143747615102
0.555585557167426
0.39594074646146
0.427124569657779
0.400840336586834
0.447266586170779
0.562312712176122
0.650162716003725
0.444510942966518
0.594435426400109
0.407922390747845
0.51562101615878
0.481735118348638
0.538877971362746
0.517279442010391
0.43263174827247
0.582089479307863
0.463830341620539
0.573617477933067
0.401090567490868
0.454810639708608
0.545662808300948
0.580261095699087
0.490143485974395
0.538025325407333
0.52462964388922
0.503955963144722
0.284004738867032
0.444529064094312
0.575226251274613
0.389365857071465
0.461691485088636
0.403335650190514
0.599476953697286
0.570960016362155
0.564913917907999
0.50309617188215
0.494818488525613
0.669201564405365
0.460851443109105
0.586990483957182
0.48330135599833
0.531487620722521
0.488176520319318
0.488135570678389
0.514918985732203
0.54788857625215
0.517491151410246
0.580751949098325
0.664900051539572
0.732132995548083
0.563806537894502
0.609657921826415
0.599755596654058
0.660878977130144
0.565712056152327
0.540406098548817
0.638152750837516
0.529543494116987
0.59530706046914
0.746030008146198
0.633181101493098
0.562442406160459
0.641369884125266
0.681109901899285
0.641463333841612
0.47196885750096
0.627317999953251
0.528083592958504
0.647805544086696
0.592971719085424
0.646247065092511
0.72031968010034
0.485441625725912
0.625070507121067
0.576503262722397
0.604970777957204
0.587761835764338
0.784196620067803
0.585086156218485
0.549556457241606
0.599355490217957
0.821848433051097
0.61238248769282
0.579971573998249
0.629607380126197
0.780954738857739
0.601835191688903
0.545027004595304
0.658148156586445
0.646788847068309
0.780341360631874
0.755652249987459
0.669062240191188
0.902182681462828
0.711763403938219
0.544360896050172
0.607832994757997
0.771376025533765
0.759836293219905
0.683196294604535
0.654403779927153
0.642761331819856
0.72553682615117
0.774781277481692
0.964174581339819
0.826125879778121
0.65936186647839
0.705465426081451
0.693719662788793
0.720590040509006
0.714025137834872
0.691418889546952
0.650339152469457
0.711716712828938
0.557285984561912
0.724607451173669
0.651273003099212
0.782753037338674
0.769612630110012
0.689423680621912
0.595781114971081
0.758215151615642
0.90322164949297
0.832969394323315
0.564960513082404
0.627340771928899
0.743442558257062
0.661480996039199
0.644244598716905
0.610928299167333
0.729474642038338
0.638445205325945
0.821594652682145
0.653814135578137
0.788592577213984
0.759286358611633
0.713686221928144
0.796319612735941
0.787943698828306
0.543151278024477
0.566814253733628
0.637591224847445
0.661606540166801
0.881262635739389
0.773465585102012
0.890365517457074
0.840274770883772
0.745828430879814
0.800972921502497
0.868804259609741
0.863072097359136
0.743146808942165
0.782653148651053
0.714982782191285
0.905482518966467
0.756235113561137
0.879691451697859
0.879119688837362
0.782127013487139
0.896904637457753
0.847667641349604
0.852081639156771
0.828545915836868
0.842170538861495
0.800931745792928
0.972005444662731
0.680959652456443
0.782158650680601
0.799822056672653
0.87622007095116
0.962881744843157
0.884472772190942
0.852733589033946
0.905583066164554
0.67769851960701
0.785331266010342
0.853891135748466
0.741825330195382
0.687460107362573
0.976032469063976
0.928628223672028
0.749378567139336
0.976541278523782
0.765317052857137
0.939415429624339
1.05917908937498
0.836007814055358
0.935682195797908
0.639749027273606
0.872687290620789
1.07007657081469
0.797212122701645
0.846142492331059
0.883438691962691
0.930105954019474
0.820310115110072
0.890133348511219
0.964188792324535
0.940026053121672
0.900645307723471
0.954779354907252
0.765839828292483
0.882753906756227
0.980497219264927
0.912527882130499
0.818430155621651
0.794175861759828
0.8969795969766
0.853414677833548
1.02587357447009
0.918515270544197
0.943037491655623
0.94390184163013
0.875917073220211
0.818758136998701
0.922763363730248
0.957366020978996
0.837319000150151
0.91431574624633
0.904206475598775
1.04587682870285
0.837360873061108
0.860967440916641
0.902169999958292
0.955827583688024
0.710939347179097
0.965316494465223
0.819599841354234
0.879621173840414
0.897674264730159
0.999202720667207
1.0111168144844
0.980125952632396
0.870130395398783
0.916160992652298
0.972596556134941
0.832650962625254
1.0260685700278
0.92802708743893
0.996600038419028
0.89604789247096
0.836093724667638
0.851297423137735
0.966897116932039
0.980857503372968
0.849193219948064
1.16013073400937
1.11601967456359
0.939553784762893
1.07479300227523
1.05520895050889
0.883961615627445
0.929391237740695
1.12949077844751
1.14123204346326
0.989999062656454
1.02288684976563
1.11530441324796
0.995971134381483
