-1.04396775412209
-0.769853452176642
-0.992826051499046
-0.836057173123074
-0.96835574639288
-0.903769725083509
-0.888566141875515
-0.918688361816128
-1.02179355566496
-0.910878288156607
-0.82414805425873
-0.888435701830456
-1.04796185003544
-0.964161504152503
-0.940720939750972
-0.99531512813733
-0.861069398514719
-1.04878067270783
-0.867590789895693
-0.911799733437527
-0.898295304691345
-1.08172559681882
-0.865977144153802
-0.797233606215663
-0.925577696224573
-0.968714783722691
-0.884351093545484
-1.00608782122029
-0.753202861681578
-0.935225333371043
-0.86588558164256
-1.06305231933752
-1.01078664643569
-0.829136909959478
-1.08074743535691
-0.874138871711526
-0.974949602886654
-0.823154754037807
-0.936203590166161
-0.962504946999619
-0.821058054802784
-0.90961856950329
-0.947316212076302
-1.03187928456647
-0.936845770619424
-1.03776321670133
-0.870028987962996
-0.915622596022372
-0.878580837576524
-0.91772411843638
-0.941546858654139
-0.823055931083229
-0.905114184964045
-0.699472764470387
-0.960052239313782
-0.757921824216612
-1.08341630437023
-0.918813789600744
-1.01847002389949
-0.872008211485779
-0.900463121783999
-0.80904069531576
-0.824113809030843
-0.855573377182814
-0.810743868391057
-0.976439461800227
-0.855870110611705
-0.897421187793884
-0.796851148378267
-0.71828806349681
-0.9061752461891
-0.816795057227026
-0.771032182119658
-0.875953856272393
-0.891490815868457
-0.881957468177577
-0.880797954178478
-0.802851693038712
-0.845547465844375
-0.971651133908894
-0.683463354467854
-0.800357011727776
-0.921344751752101
-0.929759506491074
-0.944653184433145
-0.788966688432082
-0.831656935549245
-0.977922794440342
-0.95692095229956
-0.735190743307784
-0.89579289476042
-0.821475453442301
-0.944385476272105
-0.758217121926712
-0.836061944537121
-1.00112162204052
-0.811077927281953
-0.779817874552543
-0.859072395362202
-0.747482117356811
-0.846442922063147
-0.80993411067577
-0.688891390615627
-0.79267965645544
-0.890953939778598
-0.846665598423306
-0.85964177224804
-0.823122259003045
-0.712284261132106
-0.794528933363837
-0.732432708896097
-0.782433681381656
-0.828703166599074
-0.773367216943388
-0.847003633671642
-0.719968011934828
-0.687253155853555
-0.760231812794828
-0.85426637731413
-0.751942166384168
-0.893447860974506
-0.685509579365329
-0.738296080177994
-0.749233709265376
-0.814363226460034
-0.705056551625361
-0.712482756769367
-0.728028532949984
-0.711569082565791
-0.596069329740792
-0.793849168841239
-0.898795376464206
-0.655783978788396
-0.780227087931158
-0.603863304550478
-0.714765559840817
-0.697137651091196
-0.503972865803546
-0.664399871024768
-0.622270138118762
-0.734531373733913
-0.688421808140605
-0.519722919883634
-0.697236066874944
-0.746631202881952
-0.679082256166714
-0.708533917022672
-0.565325143617494
-0.706224219908429
-0.675252619816472
-0.71795804751179
-0.905078155016119
-0.743255263940241
-0.639040485846976
-0.63594983695816
-0.655145083769804
-0.644771095449771
-0.635645479148191
-0.76772766871169
-0.655234915222773
-0.601660176726469
-0.5568217376369
-0.711536475588479
-0.649914576477357
-0.598187336929567
-0.614637053660545
-0.66721042102139
-0.465570779264792
-0.584370003118051
-0.607636402182723
-0.578654334715397
-0.575369162908034
-0.681031170284492
-0.552325737562778
-0.758485802874732
-0.647758653561353
-0.720281990362901
-0.50036635521387
-0.549694979346458
-0.689532148273935
-0.563267767481225
-0.519379963766841
-0.663811637598259
-0.493450571754271
-0.530126187674926
-0.839536516226616
-0.669880475500651
-0.534839868511005
-0.63144527830243
-0.503935378316266
-0.636206602834463
-0.607945472052353
-0.633762069876157
-0.747313370380963
-0.665349192041469
-0.726938779954144
-0.534031041531155
-0.770563846741106
-0.685872085160269
-0.644458570420282
-0.734849002700906
-0.690783798579604
-0.54279128549583
-0.504283138147505
-0.720423116997971
-0.610651614302468
-0.591314435613988
-0.62314553871698
-0.525851518794915
-0.660025304287255
-0.622727005729697
-0.505791887014349
-0.452753630516082
-0.481514665480332
-0.53230792128514
-0.533476706909044
-0.611514511822469
-0.442406441122324
-0.54237586715437
-0.481849879937651
-0.633903168145457
-0.520586743159761
-0.563101894553796
-0.505528865572061
-0.677940356087133
-0.492954204205019
-0.524856139262113
-0.527311277716512
-0.536106294168782
-0.645754858447056
-0.588909543297712
-0.57976887612898
-0.53821320564652
-0.732273823415757
-0.524101805301765
-0.510214401018325
-0.573822574425626
-0.384816245971704
-0.558998913318042
-0.648651343732464
-0.472495027663558
-0.557661532540218
-0.46743873777401
-0.566992272669944
-0.505504244928844
-0.435928431037346
-0.407990945091041
-0.644295947481429
-0.40719867995407
-0.592634448808317
-0.471470821889008
-0.559223551725631
-0.379464446131701
-0.546967150002978
-0.345420415158078
-0.384561390781713
-0.442442984241308
-0.499397600053241
-0.51728075506107
-0.394217603349868
-0.476427027361733
-0.448419349880332
-0.512202143566433
-0.412922394164546
-0.463841397346147
-0.592271449357508
-0.345252189120287
-0.499080960757465
-0.377855052171995
-0.515021147739708
-0.450107633433022
-0.323073818655763
-0.451748336738263
-0.469599108540418
-0.575801001261816
-0.455623247828585
-0.409418085863317
-0.484018767803903
-0.309187251393064
-0.391619491302025
-0.519512867417785
-0.436001666151413
-0.367117174767964
-0.330101943239464
-0.276560643249897
-0.295577131373707
-0.397336411739763
-0.371083668786122
-0.345157699445783
-0.314394241591882
-0.31668517569066
-0.432375423708551
-0.389155035046279
-0.407225120831955
-0.340312549554691
-0.437513404904965
-0.534162964964799
-0.35736845117551
-0.183532120858192
-0.432381549089103
-0.34261307531235
-0.355677986801507
-0.366867393050589
-0.467003730991796
-0.349081917956017
-0.475249285044294
-0.449980273516004
-0.526750041118483
-0.351381993229961
-0.420539594314653
-0.336408725796101
-0.43903758828561
-0.433105427805503
-0.406849947248637
-0.370804682356126
-0.340110463686182
-0.508201360858798
-0.308930412040638
-0.369186106983918
-0.381644647460977
-0.363558148261897
-0.500425794751504
-0.402583161216077
-0.237404600687892
-0.33238725300154
-0.373965472998222
-0.29955493052343
-0.358064329819645
-0.481538385985989
-0.322377845805124
-0.321753142088762
-0.295471543350696
-0.233032942436381
-0.397622116732949
-0.385901606645594
-0.325207376144416
-0.393306049861105
-0.290937904273882
-0.246280453171753
-0.347784664862884
-0.329253804986614
-0.457140136987939
-0.207072608136388
-0.173447867108888
-0.244490438054247
-0.269424115423748
-0.337651222555259
-0.201331245202969
-0.251853647842699
-0.439295848067425
-0.176806873090332
-0.274090186447403
-0.434100605708579
-0.30931322345772
-0.308888914218887
-0.250646076342182
-0.276460429735789
-0.278837256720614
-0.263267258330327
-0.418659046341003
-0.242712049128577
-0.19494792965686
-0.323879641428116
-0.285838460467839
-0.370781219841641
-0.244011889371835
-0.354258630362418
-0.390783627250922
-0.298804644277521
-0.0956477690455533
-0.296843549895503
-0.193853162959085
-0.278477515231769
-0.218235108614413
-0.277548658655396
-0.265618876922288
-0.22185930451967
-0.190511543303406
-0.161483957795183
-0.274541440072133
-0.40062557208011
-0.166725457325162
-0.225660458862501
-0.240593217147903
-0.203802426219223
-0.360169201245518
-0.158692545862235
-0.0972684389977996
-0.386292160002838
-0.250072250297945
-0.227864542755739
-0.123719443386731
-0.239424817460087
-0.285798824582828
-0.238056592921083
-0.417680964877481
-0.141661982129695
-0.259628087910959
-0.172770200196803
-0.214612152997752
-0.280862743336194
-0.172891104543465
-0.258257578045392
-0.27624452763983
-0.149987248475614
-0.117452474695766
-0.258092745181118
-0.117201941752889
-0.2007780907339
-0.0933245143678481
-0.141031234044688
-0.15333714010281
-0.276789285640733
-0.185867775247944
-0.286411551501366
-0.258304067941486
-0.0833563311135214
-0.179592757115557
-0.100223409183842
-0.106857356523329
-0.195731450132612
-0.0623499116761147
-0.193746839057891
-0.209677590055823
-0.0773508025913893
-0.167819052274845
-0.0410727177431246
0.046226754469704
-0.0859719769323831
-0.162848443916676
-0.114786150943867
-0.199298899962017
-0.0526499629460061
-0.119833409521237
-0.147524003960367
-0.118273668639672
-0.12378877071877
-0.0710528226974167
-0.161469786587065
-0.284494400214502
-0.197388052257362
-0.116996455242236
-0.077561294052226
-0.0749754159784516
-0.249222446970531
-0.0645905289669959
-0.0824958962145246
0.0136451129102975
-0.214029775919753
-0.235184190054737
-0.035955120952976
-0.0978122901573159
-0.0854612886103537
-0.148771511861116
-0.081502858972227
-0.138004994740763
-0.0205543003135982
-0.217913169214033
-0.1173281303798
-0.101149277667514
0.0388508657503203
-0.0092655389191291
-0.160152990969632
-0.101963460272232
-0.185652165320984
-0.103336049900297
-0.261943273936914
-0.0577320052249956
-0.00190634946428345
0.0508818140618395
-0.0664831907809564
0.0709304603054869
-0.167290541292995
0.026101832013906
-0.0144510373541048
-0.167327281239217
-0.159656285209751
-0.20808655234106
-0.0414424572219918
-0.148020174237168
-0.0533057330545453
0.0240238750220273
0.0084282317907899
-0.0670669511951935
-0.16780510606447
-0.0419836472954121
0.00790235000908844
-0.149846613801482
-0.0770977827841924
-0.0931968523448929
-0.0992789330804267
-0.00972942828970168
-0.0675716583522023
-0.0694998725811393
-0.0349816535336834
0.00916364076810817
-0.0695489364978327
-0.00228132989414363
0.128544754266349
0.047824361378205
0.0882974476923456
0.0642306464447469
0.284259571302967
-0.0659291938921818
-0.0197712016123582
0.0535992084844018
-0.00433565085665291
0.0553094937874384
-0.0381771139836614
-0.0357025251254273
0.109068716514937
-0.0326967576598297
0.0682046426446513
-0.0157324946965696
0.0590622166674031
0.0388377386400846
-0.0135125923900831
-0.0701168868618273
0.107275611668082
0.0138023960623357
-0.00391175368162533
-0.0109189050079214
0.0889218013019118
-0.0175804644239459
0.0432160197136242
0.0635667778052336
0.0211627305885107
-0.0972765503632256
0.0482597804710751
-0.0423523942421207
-0.0645477488799146
0.081384130941988
0.0337027196330928
0.302465228960519
0.0107569248848733
-0.0370450138840262
0.0835531972940243
-0.00117176513949617
0.000475975313884095
0.155085772281508
0.115703210404239
-0.0291232573849931
0.181703072235835
-0.0242041220140081
0.0422879304143669
0.00789159115345338
-0.0387283321239662
-0.114159381452658
0.025197171142788
0.0346016483782171
0.140937465330833
0.0401411865762617
-0.0139640298367187
0.00616847667965278
0.0809881817331759
-0.0483707071045497
0.0636696517272311
0.0945273683657116
0.122391847091696
0.153264759514491
0.101812208561698
0.0356069026882129
0.130515858736817
0.145297797084505
0.0337824540457831
0.283960601070876
0.15284347180992
0.101236320466336
0.213410286632844
0.176582732761696
0.227276306221812
0.146570822377805
0.248389102612399
0.252534924788065
0.133538720244995
0.2250031979367
0.103625007287293
0.0819962137297233
0.0886013846675465
0.234050855034651
0.141419953943502
0.0378884014901589
0.172972575450579
0.0489182718299521
0.0934592661750193
0.17601951574391
0.184448297483506
0.172465618677503
0.0768295992166805
0.0580622178616886
0.111346880029915
0.165279531170685
0.19242356062915
0.0433364517229082
0.0857375646662078
0.21167504068588
0.332654033406885
0.201288784809569
0.176388917469719
0.206237353149377
0.0030971565811357
0.237636631930924
0.19831522354337
0.332947901792644
0.243567344669672
0.326329360626256
0.188648151295275
0.326107130829757
0.219160197042313
0.0757150972236137
0.256502442860464
0.283833012537675
0.13298535660402
0.229167143218639
0.143221100702428
0.257391308739246
0.18302894383234
0.410261851757208
0.3982363043728
0.102357946363605
0.387586295373334
0.259881235335614
0.1395158876454
0.298280439679334
0.337318263777141
0.123514640778887
0.211401893800415
0.166927668271046
0.17294750392905
0.130591479021942
0.259757270886474
0.352650205255895
0.302272121480709
0.334218275176422
0.259581069313736
0.178676526496173
0.265974557863885
0.178373267517367
0.225619714708289
0.140433581772743
0.423097475077966
0.300990480348622
0.190371903254904
0.298476683625852
0.340630767700809
0.245246174485217
0.263376181847759
0.366769177407974
0.16046692169546
0.175317550554336
0.437538235100676
0.332667100333553
0.502583995971663
0.338470919626205
0.404515723795444
0.344817241243981
0.279562432951152
0.27174195223129
0.277846933108261
0.381200787805055
0.458492301872389
0.285447113350578
0.366887637102493
0.346565676642282
0.358576964170466
0.412201589605943
0.319340836118508
0.188092709118432
0.448799693652681
0.357931595178364
0.159547055854138
0.544848033534271
0.385907734202097
0.356108305140936
0.354205971120044
0.368403084439233
0.474646349582012
0.397282967857691
0.521941166782101
0.364036316579453
0.381194319610159
0.440886386561217
0.395880690959377
0.446370066050498
0.393889590412374
0.497778946314592
0.451376419012851
0.419074841353264
0.346417766079041
0.27806192458537
0.387528666669672
0.346939273570944
0.400243508357048
0.309940283598293
0.447269372133225
0.272111765653124
0.420302947190478
0.454408336758779
0.440018639603713
0.396185174976366
0.441805231524061
0.270665171197266
0.368267317196776
0.323214705970537
0.470223308820864
0.492154177553689
0.45744065943822
0.451966868580263
0.575362577997635
0.445301413245446
0.432846143549556
0.510382012562583
0.542775316875201
0.541930710783294
0.411215971270028
0.463295162488274
0.352305003832309
0.359328763208844
0.431485302456528
0.444018278147479
0.542957445198196
0.403006656655961
0.445249395718009
0.444378606805958
0.420520298048084
0.462910651008436
0.41544953845408
0.425774102922514
0.559627454182416
0.57878028229797
0.494630820228634
0.437670923570636
0.444794758313703
0.525740693545757
0.380861993802691
0.49200935265992
0.324913893355151
0.540044373712411
0.545295390017637
0.466916119568093
0.374355196377221
0.569756046214079
0.405829446543728
0.649559415234276
0.702521154424304
0.727500994536052
0.408018746609229
0.383688212829969
0.566562024844591
0.457362586646905
0.419118673205607
0.546696823875211
0.370846855520639
0.400695638406902
0.51355876796541
0.433351949940584
0.47637527376569
0.357635780705366
0.508822644914294
0.562172928377685
0.492011326314872
0.393838578787754
0.532254460318085
0.588609623182449
0.43493958818857
0.436358714763616
0.391970220511212
0.588371093901906
0.483137326739547
0.554749767460661
0.561736347255779
0.58250383693375
0.410881078824438
0.428050924015977
0.659905929339538
0.585801087137023
0.614647439430723
0.549670803279959
0.461459473130062
0.702838125450224
0.570583804389361
0.592580856437645
0.360070736657602
0.696771980491467
0.507422742177325
0.625128872153878
0.615243216111262
0.593464864681188
0.498751114484782
0.539434122004503
0.439431593422054
0.652356820310263
0.666050168255079
0.669380944472872
0.5508035937291
0.540182599435341
0.391655901700528
0.579130711528169
0.52421360077742
0.628131675865352
0.59894270024078
0.653748233414618
0.685365910342194
0.621845792437746
0.470262372908012
0.728663295919374
0.736504441595342
0.622085021107277
0.456898713626774
0.743269511645159
0.677100693751421
0.547982694879667
0.732106774159342
0.578340718676672
0.453064778172279
0.565000171445393
0.508999468810982
0.580616199223609
0.633859337249926
0.6922220932529
0.52670552428222
0.693636213019695
0.482261383910637
0.67202009610469
0.695654469318394
0.576726713391803
0.671665656751112
0.581967812094594
0.812758276938765
0.755058347092022
0.737065299540323
0.659440594762422
0.687592438097969
0.555212344423015
0.688951846925606
0.641602986243128
0.383036133424828
0.722820205747666
0.640653786548277
0.633878419381743
0.547118919092211
0.614983602716556
0.714733722830059
0.752150474895889
0.506323543750088
0.684369389388456
0.685160034019188
0.742459456348794
0.611091852691842
0.667428495595329
0.575213844815221
0.795433046308052
0.845495055025
0.879017730711446
0.697941503473356
0.805423109635591
0.650639720477245
0.825164923800704
0.695263058578659
0.708416055525316
0.78255140260053
0.714395019836718
0.658932834767679
0.759570193108013
0.727128715813099
0.716300950203286
0.648292955836638
0.663731301555538
0.773261199257577
0.896967693070735
0.80432057554785
0.98255836428764
0.876279023846281
0.781716070284994
0.801884364565957
0.83126801269271
0.757740976102254
0.908369259848782
0.86153033371043
0.714506507709668
0.631454426752943
0.863303349229402
0.89395618815242
0.707471439482649
0.754902747144832
0.775268599845559
0.806636824329798
0.834055802301814
0.58116102279458
0.591032890620225
0.787077765659397
0.749259261333952
0.8022599092535
0.739919077716794
0.711354887129754
0.795569710117124
0.728820614727532
0.657726868012704
0.848598810788487
0.76843267758272
0.733721761786582
0.819607170937566
0.755994647075202
0.746962187714435
0.813321772524731
0.905028308882689
0.862240496472152
0.799070946721503
0.794735594947349
0.7548994971752
0.946925767443166
0.807061024619763
0.839732925636971
0.854255876895
0.669223581803777
0.803608495235133
0.89018558054971
0.839630857671763
0.830352731071342
0.731649155780601
0.812499666001507
0.754286960330166
0.779769930147844
0.861778569229388
0.688379385733315
0.796733300362237
0.797124338087071
0.753668435797158
0.91715856674199
0.763174409380867
0.838122347713302
0.953191113678834
0.942888694909772
0.915693625602553
0.826387912852543
0.917048359275796
0.886204653616055
0.886797950632361
0.794631712345948
0.810300239394078
1.02539374154998
0.937265982774807
0.825775687964098
0.833312406921584
0.933263640866561
0.965713929956712
0.936386182630593
0.905391976648189
0.798683875899285
0.913707070650649
0.974391153597003
0.855995892947259
0.890690662682137
0.924393011475088
0.933224964551242
0.822373110211833
0.948251259184256
0.889231238774118
0.805130485278481
1.02967159660039
0.910026782837094
0.858377141956958
0.944373529439072
0.82738403149718
0.937913969576669
0.851218219419271
0.97048723917843
0.986767610523503
1.00620235383471
0.950861521764699
1.03789360777148
0.912237308354767
0.930076285566215
0.785251530006592
0.973773159922635
1.00193477522306
0.935732745824418
1.01296934269795
0.97448872545015
0.920296345804836
0.988458981952578
0.958524916298767
0.936097062269308
0.962359498451665
0.994962270439629
0.946374573567805
0.929621464487252
0.945733582769281
1.01030430634256
1.10537469822177
1.0998984311698
0.838124700402719
1.07537154761482
1.07051460822829
1.00466075261034
1.11313130131641
0.974935298513375
0.97705806361576
0.987392740867914
0.761165188086319
