-0.99462397575596
-0.869432046393252
-0.882500235352982
-0.917801418192539
-0.778934532291233
-0.996316828649496
-0.996274686344445
-0.949461735038112
-0.972567563856219
-0.937568933441526
-0.831528397275111
-0.893496086800168
-0.898331034761098
-1.07287996784818
-0.91737317356604
-0.91511529578271
-1.01932000521154
-0.915866329934608
-0.861338331128465
-1.10194988472483
-0.956335291068182
-0.953257426934015
-0.799861170023087
-0.963144252333992
-0.897383428161372
-1.0043004691381
-0.899290876390896
-0.909454507362911
-0.914582855829937
-0.862211822472558
-0.981556310261482
-1.14026693816737
-0.998559311438051
-0.957098545706361
-0.955595636413361
-0.996552350268865
-0.90195581370028
-0.878819872344977
-1.10250591550287
-0.898950929339275
-0.966771463561956
-0.80088599579209
-0.865045238273828
-0.889693322604219
-0.828634393769515
-1.01243957352838
-0.961876388307814
-1.03760289974642
-0.911752460440256
-0.845045979850953
-0.93070059692709
-0.919137500797718
-1.03212042235906
-0.933986652393133
-0.704152981070427
-0.783402433263063
-0.995894588083965
-0.850032459826558
-0.905195814831151
-0.779262723670596
-0.79341241591588
-0.948290629353093
-0.688848103354028
-0.986159040646168
-1.00568026947782
-0.802196765549077
-0.791523691744592
-0.869310223082359
-0.871528235067336
-0.860269675530195
-0.82072967928295
-1.0566168911791
-0.931387666865087
-0.836107873766166
-0.880742228008137
-0.773432457205162
-1.01569917912232
-0.755729318683736
-0.793985041196365
-0.764630373844182
-0.794933522253437
-0.966068225805256
-0.741573855160786
-0.786932860289038
-0.884457310459393
-0.875238898583141
-0.668025624524029
-0.835891331817655
-0.799195950607217
-0.809605042853326
-0.952624241132361
-0.597331367025547
-0.801242526478309
-0.850914398970972
-0.704365070374968
-0.804835485759787
-0.85936700282098
-0.879676268437521
-0.880561668288482
-0.590280240274112
-0.872485842573159
-0.722659754652568
-0.705802958350741
-0.755240503066246
-0.988824364201498
-0.910516279811979
-0.786230169839312
-0.711751224559334
-0.726540510223592
-0.912841179833027
-0.612353991588955
-0.696055501406295
-0.762844397194405
-0.786453833799579
-0.819994426160496
-0.771317237145116
-0.751014187197962
-0.752871828216101
-0.824712974896794
-0.858077810576253
-0.712580353387126
-0.801638694176717
-0.793535133680726
-0.948125848486487
-0.782257780641685
-0.795998749160867
-0.762241829250821
-0.754622272679862
-0.662913788835206
-0.829299019281209
-0.764597612947451
-0.616658627370997
-0.97092366271467
-0.710913417714657
-0.725799860460058
-0.837277121274404
-0.548320360350327
-0.664547369514134
-0.832111303819961
-0.678693955299715
-0.781305446221186
-0.711500615480463
-0.73386720346194
-0.728912448614943
-0.743693510146422
-0.741240769321574
-0.481217716720809
-0.69891394451618
-0.755218164459487
-0.712121162843765
-0.688119854525177
-0.578334385059039
-0.70671312406837
-0.887948187099577
-0.632300205324487
-0.648506838978599
-0.601332445712688
-0.628407152664081
-0.795213243083992
-0.725700966731082
-0.774842867203648
-0.65321799995126
-0.588680590419449
-0.605790781778356
-0.674570127864329
-0.684219296701345
-0.708470513298859
-0.687726487527025
-0.607099772763183
-0.633447144868691
-0.53997381014872
-0.623674303976797
-0.611505323198481
-0.677841848659319
-0.643636682602426
-0.749370299447438
-0.515636292081098
-0.599259590784815
-0.682243199276379
-0.516603674357117
-0.671543334675513
-0.673831396522941
-0.619004296900777
-0.677214583842727
-0.564959658463989
-0.684132105745002
-0.741256225356957
-0.424408587497731
-0.560596471904622
-0.54666170619889
-0.622248855246477
-0.679056154850419
-0.653369491110158
-0.627339270802352
-0.559269249084959
-0.692826366526454
-0.686295407283509
-0.596748041679139
-0.647928197406602
-0.703030302626965
-0.670590721105731
-0.538704034154778
-0.593416050183267
-0.448343623362135
-0.680876494020974
-0.634726025527113
-0.561727561966834
-0.704174807571718
-0.574299666259514
-0.534750488903596
-0.465050372289264
-0.429271921620627
-0.451162191821402
-0.52088354261259
-0.554224781739526
-0.713772707977061
-0.473416502210634
-0.508011348541154
-0.465732448777098
-0.651656903243944
-0.693683100011112
-0.496165004280177
-0.600540907999224
-0.584513401474287
-0.540164817991584
-0.57312035018336
-0.530202230983308
-0.639150357146747
-0.629652905017862
-0.547405390596389
-0.408256936297842
-0.507669455659284
-0.377943943120405
-0.558949378680025
-0.501029671764162
-0.580673170449852
-0.373275491272289
-0.724547013344654
-0.665976820912604
-0.529270763626291
-0.59542047313794
-0.534333162311468
-0.513934984977039
-0.476721882504464
-0.482901710788966
-0.567797089363993
-0.365675120213183
-0.518213736138564
-0.471641057429271
-0.33310760274392
-0.580743613047165
-0.430665761945001
-0.459760860787688
-0.408193723903099
-0.59924103726116
-0.519973111883845
-0.583080791807268
-0.457958772373092
-0.657156884679827
-0.592298998534972
-0.415063857495737
-0.440432761153327
-0.55639388906931
-0.413038990984441
-0.4239739684075
-0.551613378428025
-0.509962036077937
-0.377071680067326
-0.667526588122025
-0.510414234945443
-0.498296783860042
-0.447615692207279
-0.42445851203129
-0.430045633813323
-0.39807142635555
-0.420114441265826
-0.516270907118536
-0.400218442071687
-0.541935321001019
-0.654365222371559
-0.383919194250297
-0.497955546865214
-0.445382901073831
-0.386793415963215
-0.486873651469792
-0.516724966838093
-0.462883539361857
-0.449658933086528
-0.450452887200798
-0.577815565613265
-0.385615657149663
-0.414290869789098
-0.489443652274662
-0.453902586256799
-0.472143479489092
-0.321085696791237
-0.56913775909947
-0.241601591271563
-0.394704883378579
-0.476545496513681
-0.415080699413886
-0.435249371929979
-0.547496927816892
-0.363661785801818
-0.406870664791169
-0.431872175907279
-0.2978993463855
-0.550274266589819
-0.391839210106482
-0.41200032919932
-0.364482796547136
-0.400483280750422
-0.431426402177763
-0.35127960670504
-0.375480752652631
-0.404762637276895
-0.413457241450865
-0.387769624086321
-0.368092276821771
-0.337416722885861
-0.364469671628331
-0.419833392368105
-0.317918641579115
-0.359490314446571
-0.38761552824434
-0.583904198016402
-0.33851858162432
-0.246596279659371
-0.400713836103328
-0.320048661445373
-0.409596382382707
-0.39874819435642
-0.39958132562298
-0.439060125347204
-0.432383938538566
-0.43975103049081
-0.310724213714283
-0.307548457001859
-0.413428664421447
-0.407307299371436
-0.309765552186204
-0.193164325902221
-0.527400047032288
-0.260180068997992
-0.318478474144637
-0.205651353726515
-0.162735023954778
-0.267466951005457
-0.291636197392626
-0.320325512742756
-0.375349275267929
-0.34535032764605
-0.342116410432391
-0.16316251726789
-0.398994674852156
-0.457048642618436
-0.336043106193724
-0.318301001313401
-0.31894382869916
-0.396626548597126
-0.155651540690085
-0.376748841983096
-0.328453668388383
-0.373809444421144
-0.186998433180314
-0.278840688380098
-0.282766690859519
-0.296681870404836
-0.335503411668557
-0.303213184575133
-0.125982302769365
-0.288267987930002
-0.2278823828749
-0.316707822951073
-0.361542721711761
-0.254860548049708
-0.272841807656717
-0.285764028068912
-0.215425766800575
-0.312207510320311
-0.230731131505845
-0.0830418320806255
-0.0916146304690571
-0.148646829851493
-0.335631967099154
-0.236442757215862
-0.193092556677303
-0.189370334749811
-0.0619446705789926
-0.260697017408283
-0.215494188933826
-0.27499746354044
-0.216643400685561
-0.210307764486984
-0.234622599952433
-0.258069449261918
-0.22302448625216
-0.230003006421061
-0.243638183915389
-0.0793948603860608
-0.294987697940662
-0.255679707856069
-0.19818458182164
-0.22012076750717
-0.208576391638716
-0.174066924611025
-0.138499783360888
-0.408592220316798
-0.233403038146839
-0.158084059943434
-0.131760863732061
-0.161651582393549
-0.217328038915727
-0.181926310449465
-0.154219822695263
-0.144541043145201
-0.217563147385829
-0.220618889937576
-0.107573741807854
-0.216082712105593
-0.217943608238859
-0.0808102754107075
-0.101113264771912
-0.153077091271752
-0.137248569616738
-0.173100362875592
0.0406802539975208
-0.272916342288118
-0.218366214009967
-0.125076062562497
-0.11026427026288
-0.198798816871394
-0.152898100003866
0.0811563762943656
-0.0652455988552666
-0.20720628727589
-0.211522796665593
-0.154198613114145
-0.0480901348882618
-0.168732707426781
-0.142193973220144
-0.196285973486689
-0.0388951788325354
-0.0162538538648917
0.00790339339932345
-0.170324821126229
0.0250892860637626
0.0155361225346615
-0.0910485273430827
-0.168183239729226
-0.162235285093373
-0.122238806863529
-0.0313652342268904
-0.087653355937803
0.0874782375317023
-0.134732270507853
-0.127837006238641
0.00910328463526613
-0.0465229277566228
-0.0773576256940625
-0.0312132267503136
-0.149048927678209
-0.219684717218049
-0.0761803929782824
-0.167427611722077
-0.0572706429038001
-0.0584562901987264
-0.254082286429867
-0.0621742718156736
-0.201222511809766
-0.0113374764233825
-0.0416063368278887
-0.0282697058659754
-0.140693246732802
-0.0458289892542478
0.0157596661739533
-0.075318988345294
-0.0297031550119891
0.0818744979938508
-0.00945237761874762
-0.0639297837903138
0.0411150386012345
-0.107142945736474
0.0339295341178101
-0.0245007084440595
0.122648912778175
-0.138007134595745
0.00375095683478961
-0.0583533075727707
-0.0773164039956274
0.0360505108434932
0.0421818130086928
-0.0621905536093966
0.00937628751230282
0.0421396193461917
-0.083936589792456
0.11286953541178
-0.0512081042508418
0.104005079507593
-0.0278622255576346
-0.0306561015195235
-0.0170812999949414
0.170707757110836
0.046168056931136
0.01800165507727
-0.204957010764091
-0.0253130588744398
0.104807990062187
0.000436138381376905
-0.0443973189045592
0.0732341752937403
0.0797832577321612
0.06836079510849
0.134723551769587
-0.000755038404688337
0.120463377146296
-0.025872675204897
-0.0100150097277304
0.135551227335935
0.105304056971626
-0.0333746019834373
0.0307458449245571
0.155073663202749
0.100488285626595
0.0332095079624005
0.152720439888772
0.00575213327458519
-0.0197847176715005
0.0103961142575365
0.0634848983784331
0.0726075122527779
0.142561699226936
0.22486622234269
0.247176306509881
-0.094418156754725
0.183143207399882
-0.0273024241469678
-0.0123078375177699
0.125102243685354
0.192317930791048
0.026270830965825
0.24751139522668
0.00788912671019633
0.0251261071935902
-0.0909796172699704
0.155896180870601
0.166746039334379
0.124061475354988
0.0422212356209293
0.0961257853938671
-0.0919708501559408
0.00119012793238676
0.0598140066896154
0.250767889029818
0.113795926972949
-0.007386747773276
0.249697835748612
0.0768136495335229
0.0652296532340013
0.24338220625257
0.15318813294303
0.159259152417586
-0.0104902590861977
0.0433044928945434
0.0373610378893111
0.21243431515563
0.0799568646509011
0.187790535952436
0.0154644834394029
0.129869214347129
0.216229683212252
0.0800755937367369
0.0912002227317377
0.215765679665225
0.243283871165364
0.120785155348419
0.147204001230136
0.139663908003046
0.132090406279155
0.169236782108525
0.233205689383719
0.201367905787588
0.074069206072688
0.155955131233366
0.0885453615223566
0.0933303475820779
0.181122255129748
0.268830548676359
0.197360314353408
0.202414734555472
0.0463202431956806
0.21926706883215
0.171661471937109
0.160820152258713
0.170383943426856
0.0713771559821291
0.213670113635147
0.200482224000241
0.305534876677062
0.281792067827941
0.266187872872592
0.145345443092434
0.135991234079087
0.14644167469122
0.0978498320177461
0.313040717227063
0.180281067826697
0.340362882609141
0.335165027778192
0.384853984296608
0.137753418289758
0.194791222603642
0.264763230372568
0.241034254679198
0.092257948271273
0.25454114865835
0.187491652258244
0.0665942404413194
0.292184509113915
0.12268301794013
0.149106632929175
0.236778347727429
0.252100773427316
0.296714969395456
0.391422749651101
0.115616050471324
0.314140852367867
0.289632780934901
0.194703154082322
0.130546375237647
0.198014210221507
0.259214046841303
0.234437239097942
0.31671605460339
0.214282921639066
0.291304079254526
0.393311990293239
0.274871188928397
0.127229408336588
0.18913241452336
0.183011219215686
0.302038472356642
0.247178315657512
0.327795612041439
0.226743196203401
0.29417150098732
0.286584193379155
0.133990727400754
0.281256867469092
0.304927382195936
0.342243808135894
0.148587316828452
0.280918331671789
0.265538281974915
0.461742582923243
0.342571313529571
0.387328307913527
0.52620695340803
0.34521430510113
0.311336424771566
0.245091022218558
0.358724917894878
0.455499307752869
0.27434764328332
0.161977403640157
0.401006386405582
0.403703836517599
0.353505055309888
0.325427025877702
0.210351949904858
0.256717178894748
0.378408528577738
0.330464827533542
0.249448447173837
0.312594096229426
0.500168368442066
0.491921172596548
0.256642011705806
0.279699343779688
0.289400324043864
0.252804130086539
0.369574378622304
0.250516895860051
0.451366828141903
0.366659950291255
0.339254522628784
0.438258185752951
0.421822586882892
0.428627046538236
0.463967797555585
0.515103926859249
0.435406329939197
0.300152023338816
0.365867216677171
0.377776753935792
0.425674574617855
0.340362080130413
0.220832776404055
0.304726774568605
0.441442859629223
0.371130680317433
0.412837039124684
0.436186577662787
0.444627444624156
0.359852795874615
0.424333467892597
0.242913775880062
0.429230841130947
0.381464705622419
0.603053632495343
0.556929393662165
0.385971215587388
0.274246771585441
0.372198274536684
0.46447623934755
0.41961959676394
0.406460912165288
0.390113226193581
0.48026243347679
0.600149789872329
0.471267559440215
0.541247623792585
0.44573193693911
0.27512623234954
0.542067234376097
0.537471949988456
0.47339201541569
0.436198228699684
0.296668480638277
0.294006086061932
0.402247837149477
0.506476563742568
0.433692807192471
0.44401382050366
0.345631845571281
0.365321209553434
0.476353130091575
0.549419714631844
0.483296794161079
0.317497918917162
0.491016683177358
0.38137879607513
0.406508340334487
0.377016584952901
0.542293993092122
0.572344235847305
0.28150094712411
0.405187119608872
0.515498254051222
0.5436752594159
0.483807276604354
0.515248439848532
0.434903745893017
0.483329279927777
0.608047587559511
0.373404537746536
0.655479693263373
0.539520680773788
0.354713005390846
0.465123442179258
0.601948376489255
0.572830675101651
0.555467259750805
0.502012138939523
0.505520225370345
0.59789815939379
0.547193338186825
0.630122204068942
0.579417566044108
0.572815585254918
0.485804142049899
0.510983364220943
0.490135459634334
0.516483131038145
0.758832254941045
0.592697358984167
0.503727224559043
0.402197869070693
0.534014854892797
0.67554257590772
0.515004025935573
0.62928655847504
0.471871314553132
0.585281927646557
0.728495399650489
0.607856592210539
0.588032115254793
0.686624321390133
0.628772479642245
0.571042957345817
0.758700608883293
0.479859481994551
0.615280192529445
0.513874407618474
0.566791031584311
0.553216780517724
0.667410583162855
0.632492103820338
0.601879193679664
0.546163695117584
0.610952756578471
0.482267552315029
0.58413045923957
0.725229579336161
0.622729524182026
0.622281426122693
0.561074361952192
0.499006647642108
0.653973030987119
0.548694855721751
0.812123102832254
0.606680895663669
0.489878384788878
0.589165456485384
0.590617500589376
0.710071975806097
0.588191561694011
0.703103530726055
0.642762382839091
0.781637593990983
0.680627028201246
0.732989167510555
0.650507506997026
0.73868848171195
0.62003923000397
0.557243897442914
0.758833671746486
0.57319180489573
0.669122934095812
0.794326703388198
0.741988934641785
0.724172016161779
0.701184898604451
0.627433340195204
0.519949267464856
0.726010038327021
0.602957974140871
0.60310394577386
0.802548987690042
0.681195450159813
0.526003460195923
0.511689909007006
0.782975575729045
0.522991126972903
0.709277527690827
0.617261005783309
0.861439806627898
0.748310016298419
0.69515125052226
0.721360230622672
0.701536009791569
0.745225830616596
0.8491772125242
0.633976819057229
0.739203654387229
0.832460440214377
0.876492853327579
0.742377286870426
0.792691183832323
0.811244447093117
0.672270702511274
0.819859660602956
0.717030211755209
0.680940632208704
0.722234535972707
0.80351455345737
0.798866400638979
0.691984604259966
0.771462323320302
0.707760679918134
0.70338250156028
0.681552426414828
0.708131388258351
0.871608793922472
0.820982436125467
0.722271351461947
0.796898957075525
0.781271385798784
0.730773466445513
0.781765969921439
0.811258625468003
0.764560098239755
0.850678089925799
0.817321584738519
0.860062897966949
0.834761149369251
0.671506204804139
0.800333280889606
0.831153353309222
0.70960717749187
0.876503864025559
0.727944208292494
0.889428882015628
0.870754516472526
0.944148345458799
0.876613361989829
0.856134534855449
0.721306798129838
0.733067424208734
0.750167231832528
0.854088330084922
0.851931240935494
0.750005098036777
0.883013666344866
0.757180982362053
0.954739636778839
0.900765489083642
0.701239618455201
0.902877675641725
0.758530250001999
0.657631874331108
0.717301577853543
0.776791911288475
0.968897744658973
0.972453173777636
0.926026939129117
0.787077468960009
0.784350538594367
0.758047549256206
0.964174251522285
0.830367733036417
0.879461303857395
0.839271188137348
0.839537367138368
0.775870451753138
0.869789307848119
0.860426534478232
0.805845009824584
0.805918232253158
0.979345379490205
0.73671535098882
1.00222757419914
0.88126525100629
0.834439963230489
0.815629029454343
0.72433697807627
0.74318800699039
0.911835283694149
0.910222886320154
0.892433102825228
1.003076765398
0.867005267528046
0.878819204898762
0.960771724245045
0.861957450092948
0.776872039196949
0.894127682387169
0.898322571061151
0.973263905089517
0.981374997757875
0.985624115831456
1.08178040433673
0.984604405469543
0.986833779934944
0.860256738204557
0.978548000557486
0.981106664834853
0.888165429363967
1.00551417714036
0.844676325396285
1.1801502559418
0.985052174662588
0.759799716073841
0.971227586403866
0.903151194897174
0.751885365706528
0.898392122501635
0.980015237777063
0.900258036205653
0.818118177342678
1.01394104789227
0.976401154748222
1.008815835807
0.934543702399291
1.08896185587045
0.795879977183648
1.01165477040959
0.887950728202387
0.835698097474695
0.892318383451996
1.09992168029693
0.907676366415899
0.957601038696252
0.997193726418842
0.91199589233066
0.937969630198817
1.07061657321989
0.944424398122375
0.935926619705873
0.925637643246
0.983365259162135
1.06333343350022
0.979047926056113
1.04567315689069
0.917137570296725
0.96925652462706
1.05437161792767
1.00018140895062
1.03795972079752
1.02761891830791
