-1.04897045779284
-0.98045695950815
-0.892374283457263
-0.942960574701384
-1.08592882251797
-0.880236421533164
-0.920633165075968
-1.07868575344064
-1.04575212080811
-0.88116673948559
-0.838517199014938
-1.11832645589671
-1.03280615400452
-1.02036076505267
-0.878962648541275
-0.974874746845186
-1.18095633424724
-0.959824379944487
-0.954469827220907
-0.82344027810244
-0.988454329294797
-0.869049083376831
-0.926643412214349
-1.01865816363135
-1.0526479708672
-1.13706042655609
-0.938453603823704
-1.12593549188912
-0.94813974869767
-0.855162024839475
-1.00355091583737
-1.05485612737563
-1.03874862359816
-0.864042007530585
-0.947651608164352
-0.997422964184354
-1.07931743589539
-0.883209522298095
-0.917654897941507
-0.938650677824233
-0.905380200462214
-0.888585450397403
-0.845530790521066
-0.853080190813474
-0.929361169372498
-0.954554375175715
-0.979061067863705
-0.91054345198515
-1.02440282805946
-1.02953829572393
-0.99705773199955
-0.855344034030128
-0.898957396994807
-0.864728059563788
-0.924287535885889
-0.899547855794975
-0.863362221444779
-1.01937596067604
-0.77397368086735
-0.912701368555896
-1.07540252795348
-0.991134143649981
-0.7316775830988
-0.850201654193499
-0.766810110155834
-0.805068295811523
-0.773133654371268
-0.747825588377174
-0.84290505255468
-0.904109736741671
-0.93520083056448
-0.886666486035724
-0.853856565212648
-0.863340379335464
-0.889420360283233
-1.0399885239091
-0.753632623743428
-0.830418568502762
-0.982024370848446
-0.726841130611957
-0.869367905211606
-0.794103248872889
-0.775572294545153
-0.794663622781318
-0.829221298261155
-0.833254377049977
-0.812997395524966
-0.805665587178176
-0.868564529750662
-0.81812837890743
-0.878557448918504
-0.875890479144732
-0.746315875797966
-0.742017260506157
-0.747869621337759
-0.824581049781278
-0.858092730337249
-0.738421039313355
-0.811110060354705
-0.884214116470345
-0.940518852503939
-0.7448172823677
-0.825993402786983
-0.942521272058625
-0.788098121122859
-0.82828814549292
-0.810647651626326
-0.736613859465502
-0.795180652613153
-0.901290010057709
-0.741281614426052
-0.710819591534158
-0.776964751862701
-0.767288792225777
-0.755780599234748
-0.699710898948153
-0.699529994425566
-0.828419079828869
-0.838665915878461
-0.789995388638682
-0.727663943904612
-0.670638978843223
-0.794804524582391
-0.698353090387839
-0.740742658508815
-0.58736133782305
-0.608037065434642
-0.784819872436466
-0.72969741099406
-0.771832824320392
-0.698675056396174
-0.70007945935106
-0.789928325579958
-0.74951419165012
-0.641450278876309
-0.807375765863367
-0.78261795719805
-0.825128683580226
-0.719997877590715
-0.661677024035331
-0.738856416764201
-0.854961170973485
-0.762188142498373
-0.809403660526645
-0.745271993677373
-0.792188501417426
-0.678270836374921
-0.67659962791619
-0.529084008322872
-0.712196872692106
-0.706953632693378
-0.710665979437252
-0.719094617929998
-0.632919178271517
-0.5866597501452
-0.630097363113244
-0.755573041443058
-0.7223459971555
-0.679517011469259
-0.731452820456184
-0.853752076778096
-0.519869088957516
-0.744394829352007
-0.74893883957765
-0.715367610781992
-0.660047918119439
-0.702209526879013
-0.673568404326157
-0.71681939706602
-0.663280190899928
-0.70473827896278
-0.586135443339782
-0.587204093467212
-0.642359213470692
-0.693473230590709
-0.558654591152278
-0.872861125961034
-0.697063134154098
-0.72835786543036
-0.665511684661714
-0.662026913224565
-0.649410217288679
-0.639289618598238
-0.675993535929526
-0.535776405446909
-0.735457747304431
-0.569032402623273
-0.460731592816846
-0.603902851408129
-0.588004792666951
-0.577894145851049
-0.665188421693859
-0.612934134143778
-0.650203914649629
-0.638733198696402
-0.688428906207189
-0.661551584419249
-0.653710270836037
-0.564046538711972
-0.576901996596618
-0.665409770024125
-0.614819561136688
-0.706409873891325
-0.555133723241884
-0.58109984287593
-0.625105395978138
-0.545376525278524
-0.671009001040621
-0.73592072917061
-0.743679844948599
-0.650010297736821
-0.668109897355372
-0.636027930240111
-0.44437301853271
-0.490763055585202
-0.649045395464519
-0.43234925786427
-0.610939221574177
-0.439787120538337
-0.707592797759059
-0.655181877604219
-0.552344875764534
-0.605714469964474
-0.486542619380269
-0.479462092491122
-0.6141821470904
-0.610067428770732
-0.503951668396085
-0.344857867742688
-0.561053723322356
-0.42362587025689
-0.480546938895424
-0.673551143329342
-0.43218582889656
-0.43221015477198
-0.528645283174699
-0.351746800242086
-0.715233237918409
-0.560087920032524
-0.609671321633268
-0.548709788227547
-0.499101158092105
-0.581085515536195
-0.395223685394859
-0.537744014658235
-0.516063580153838
-0.576159985584843
-0.4728154130647
-0.674216722936774
-0.654609881600252
-0.497688003101878
-0.505457774803801
-0.643200500402031
-0.462085197756589
-0.451897631360721
-0.534302123818719
-0.654326127561362
-0.45669860003556
-0.490943409186641
-0.487803372726227
-0.560069676410579
-0.459620319861181
-0.285511738863612
-0.654048251743196
-0.460166045960161
-0.570732898368931
-0.410311394255108
-0.510527430709977
-0.447365166630054
-0.55711616815595
-0.467079427143682
-0.2797330915917
-0.604630804886715
-0.535245879728983
-0.462134872952358
-0.549220691587835
-0.433319214128761
-0.549198586518007
-0.492238443264593
-0.48224171597918
-0.607700100238901
-0.547979487455397
-0.352779856242647
-0.487469915307737
-0.358391841682972
-0.438938612859075
-0.293825655414555
-0.621238220936329
-0.511110819387584
-0.388017557694276
-0.403122694664041
-0.476376278426786
-0.233298563860785
-0.349093329853897
-0.250296987349544
-0.458279893502202
-0.425347615592899
-0.47104864253362
-0.503087402360246
-0.323356320846091
-0.468994751749751
-0.266990064467912
-0.329737650760073
-0.426200967513174
-0.463718716877101
-0.355354180377266
-0.236451600085735
-0.39121337369866
-0.447423714503849
-0.474465140540885
-0.393895521804509
-0.342983881455437
-0.300796957873282
-0.406805151711599
-0.468610396223609
-0.298019365321225
-0.403191669229137
-0.353758718559943
-0.449759686506245
-0.321949682714851
-0.359019939500038
-0.443706578338328
-0.425431490300747
-0.466512920263809
-0.285260708834333
-0.320726254753901
-0.366387500660595
-0.500903868453287
-0.359985338755291
-0.172803382434328
-0.31399541274774
-0.233349661726701
-0.436724511209213
-0.293882884779609
-0.0288260887932585
-0.337689493445483
-0.334832869862989
-0.408834991358015
-0.316578348778742
-0.342627885291545
-0.295286006707928
-0.294991720907319
-0.124869099492431
-0.338469640248697
-0.189253355147373
-0.333488595414855
-0.350940823299434
-0.288710591333659
-0.285573114878843
-0.237132594364661
-0.296751120265629
-0.279912506883343
-0.26989080801995
-0.348792993751555
-0.183988834784432
-0.248713774579697
-0.326101338103031
-0.363863889020054
-0.37477689276568
-0.322761017211654
-0.319624149248481
-0.352459001573285
-0.426187401427875
-0.166018841506794
-0.261831046436708
-0.258326618769893
-0.231336146477434
-0.288256709750239
-0.212270833962897
-0.293086428002268
-0.192784449502842
-0.212400690094472
-0.272680161320327
-0.245697813856633
-0.228178385003242
-0.196316222542112
-0.264296067230213
-0.323528792008295
-0.181946105992736
-0.22595978394424
-0.304633696085945
-0.32750101844942
-0.0973396211306659
-0.235354023976519
-0.136451329849058
-0.224376222946748
-0.206726345669523
-0.189115858018686
-0.263432267928013
-0.351297890510484
-0.255647887229309
-0.251678858452604
-0.218222533630504
-0.150825116354119
-0.191108346814109
-0.160726416749527
-0.302611128760897
-0.294131728196181
-0.184131257401156
-0.279942207121843
-0.0708112613031137
-0.202199446403198
-0.28025039225438
-0.207288909021456
-0.125364942642354
-0.195642616382449
-0.221385986686781
-0.23411199340321
-0.257942631681364
-0.16746138800173
-0.383174071861125
-0.0641248052802861
-0.201522078319066
-0.277646943566863
-0.157344512720765
-0.0245588025107597
-0.244556049804436
-0.168470196911609
-0.14662014120571
-0.217263487426591
-0.405104975976218
0.00600536494239529
-0.261161563309642
-0.182679200227753
-0.165367614546905
-0.152442572080394
-0.0958010667824248
-0.309897076344538
-0.179804484976926
-0.142893275166574
-0.11907288875156
-0.271260036474242
-0.147675248065666
0.0284810977722084
-0.260728523742037
-0.201534743747111
-0.314952951351345
-0.116236613310906
-0.168479905928396
-0.142994973734075
-0.0840042551272713
-0.125808830822515
-0.119397961549416
-0.037766479583975
-0.132630750129619
0.00666970513587228
-0.0711502517786197
-0.0309194991951874
-0.139099666762435
-0.159897895373934
-0.28015590022826
-0.142057092267791
-0.0894125788084181
-0.127669709680766
-0.05837378180602
-0.0760394663991948
-0.0702039362878915
-0.0760587365417094
-0.113652039147828
-0.0843967525171744
-0.0690478708294649
0.157285661046177
-0.143815748836687
-0.131982225715362
-0.0573603437342878
-0.0876452230087716
-0.0486231291828991
0.038014937851702
-0.127078517833232
-0.0672956471439152
0.0259811114300096
-0.240688474293054
0.0526262267836194
-0.0742713553983873
-0.0379834715406904
-0.0932087717140232
-0.13183993857823
0.00197797458988026
-0.199698902089131
0.127276719814147
0.0494994357438825
-0.146333895901598
-0.0868448239930492
0.043686421787283
-0.0924989129525849
0.0268370058437473
-0.00277262733308378
-0.155943068580931
-0.0288405581971326
-0.0450928157336469
-0.03248090136705
0.0711183591682046
-0.103272823860421
0.0557975389127942
0.0413531831512697
-0.19411019893322
0.034759467299813
-0.0847539762215854
0.0341608433826318
0.0422270679011747
0.0586848570663656
0.125156286233146
0.0530949600026026
-0.0137214056089546
0.0307298844918897
-0.035702335271423
-0.0174827921068594
0.0532293455719411
-0.0509342665908898
-0.0453476909750154
-0.045969878903493
0.0072346790852321
0.0928418351406404
0.0112946233016959
0.0034484443718443
-0.0332214756639446
0.195302340385116
0.0468498351556986
-0.0288089388805379
0.0325000029949733
-0.131072263150666
0.0567164749820875
-0.0298981627195135
0.0202748063175267
0.0210263904867846
0.115513341815888
0.257252939410018
0.0748009460343646
0.0754692542712184
-0.0058672795942863
0.241283411451461
0.107271312159351
0.0778141693586393
0.14134489016322
0.0839469586860016
0.0768585034025895
0.119298888579481
0.0911233467085176
0.0145495469780868
-0.0307504408753482
-0.00585592272397679
0.0753055956904342
0.0941470766471399
0.151362321620818
0.114099721456608
0.0636213331339083
0.171958274310248
-0.0167875844957681
0.0612590270957652
-0.0949472088153874
0.243155904014905
0.10617395346998
0.00996501379155359
0.165610730086009
0.170779058186674
-0.0768940193264805
-0.0477984533465035
0.0936962997235495
0.0569153751986118
0.191425931202196
0.101069993266735
0.238871313790263
0.06010992236706
0.0468116057941585
-0.0152429523834878
0.12310774700408
0.0851124325784016
0.167663765718286
0.156066380363792
0.207205456149238
0.093712119120112
0.198968217743871
0.236098872685561
0.262855994131726
0.145917167125277
0.0253867911479894
0.257713524781309
0.247906745609259
0.116999100346724
0.170493326650776
0.280473119306762
-0.0749516057368515
0.031870442472746
0.199050602001302
0.113247345223262
0.179051055504925
0.060393688972936
0.0345555235307925
0.136282442801771
0.242444668126893
0.110352967321593
0.242491239467198
0.0670137171800624
0.186866522072752
0.140469007880189
0.321787732839055
0.262095887642813
0.366611256184103
0.101047313377692
0.148193156081987
0.118437970487263
0.164744875938976
0.104433920269068
0.265023862345962
0.143355464421665
0.365497810622623
0.186283328533184
0.27879607164734
0.238688965998269
0.223208094316168
0.247257070039337
0.420303834223928
0.0297491993997485
0.221932669035018
0.340053801428957
0.362112683188876
0.133670086718492
0.102442120865347
0.323465290392066
0.293853483003428
0.214992950909758
0.174900091093942
0.375699660137085
0.299010860136497
0.152512937085231
0.276828251757758
0.342128808472938
0.210510201811665
0.220271103746477
0.188799286072288
0.417413349231799
0.236022942061198
0.133117114396841
0.363231854296578
0.316633123103663
0.275336322728241
0.288543245757515
0.210952566573953
0.165893620194108
0.315373499697178
0.223051006496562
0.174574251532197
0.151721575921681
0.258799154733458
0.292876361596802
0.464087465796025
0.348913823772143
0.183177629058642
0.328435912012626
0.16320883195406
0.2728540752181
0.327407169849767
0.316705665234235
0.270261835022325
0.156872352963726
0.403410681252951
0.395925254013252
0.306290296227662
0.347599598424914
0.276786129615338
0.285016686783727
0.31462663001343
0.34625728936426
0.36355638059013
0.179312792161604
0.396043356574137
0.290618111121066
0.346972341360015
0.199615374201008
0.284154449046985
0.255652859803118
0.44503272807696
0.3842578275045
0.255834631510188
0.387881597512105
0.285185018695609
0.406292052098798
0.364411207635279
0.509666007390369
0.438609092107715
0.283690550768897
0.269167631575651
0.316373083458774
0.475425748645251
0.48032414918646
0.382274922067608
0.148654845766327
0.475349783704101
0.307105321958496
0.372653088340481
0.31140676876056
0.440064710905268
0.294615609754703
0.411636719825816
0.362782495759411
0.400501667749143
0.385872869096246
0.480580997985207
0.524675647217693
0.338267157152577
0.42567918188284
0.49613797830709
0.439613618433512
0.442871979996778
0.477548902026426
0.509978737465226
0.334077480104022
0.322340130719668
0.350372823958174
0.429297722538086
0.432930500996052
0.409948017193126
0.416333006519296
0.424968979873895
0.304593784499421
0.408632336085856
0.471751542729354
0.426586479596867
0.351248344381616
0.536691061440896
0.442878804190092
0.35911958224098
0.488739882251531
0.535840859287203
0.4876111365439
0.37667751640777
0.471773047122307
0.443093770307544
0.581071003551166
0.557192379021687
0.464671872492596
0.406139308955314
0.459899181322056
0.407249183553381
0.336379319843148
0.439959640633523
0.423883811482024
0.65095113435484
0.257337452268667
0.386436728053666
0.537521381432873
0.430322957709356
0.386401873801559
0.420868926455832
0.443389755882412
0.419510862241365
0.621730831001568
0.545179028294893
0.440655951148812
0.551341261324912
0.499955055191216
0.407338845684128
0.622768629453479
0.479524849217221
0.428639751422018
0.656032197984285
0.610837055468993
0.55360675545229
0.46460420458941
0.553137084642383
0.581190510730156
0.55446736020666
0.457272465549551
0.575825830661488
0.44584761151696
0.391521062843
0.553846449555852
0.471469351379257
0.448714887838934
0.63315960823932
0.365482091092348
0.555364600402181
0.519505791531717
0.591412638529684
0.542575907148948
0.527932666408681
0.504313708175165
0.371511322601785
0.595970672401737
0.671595411496473
0.626017536134159
0.555380272051517
0.645640848659903
0.524150040023942
0.580925787328388
0.60021085692749
0.517530559510883
0.574110188916857
0.577213488769931
0.731033959494846
0.633103223540529
0.623109581219745
0.618197961425343
0.511826849203274
0.760788474577745
0.569806021348603
0.488594542760496
0.362322835746411
0.599140994354927
0.653554382883671
0.553189598799031
0.57141855893088
0.559723225065643
0.594369739787004
0.694128006863089
0.605750279227393
0.53776248130031
0.689843900147383
0.689969722428976
0.440664849627372
0.73437759105141
0.720762449845653
0.632660258127916
0.471422109071306
0.678570309350726
0.707514323993804
0.446535200195544
0.509325678400409
0.54176462000392
0.778010811187216
0.818562481259568
0.675627541304933
0.646776205941446
0.538078188344045
0.695738023196372
0.573451064772028
0.683025696776765
0.519770809416251
0.694471088697468
0.615640899905132
0.613025120448248
0.840822414739435
0.828254512596725
0.722920979579249
0.702331731246121
0.538432694940617
0.694674156095673
0.737060349092538
0.682851509340546
0.636040941544396
0.518989119233945
0.576987979830846
0.780334148333596
0.690579621639955
0.624549091672589
0.676255540549227
0.660524298457624
0.751119907025216
0.575002469413864
0.737134485970531
0.690176366002398
0.817515264765907
0.657977394679382
0.716720268827738
0.800854371596993
0.83263442432034
0.628732171033021
0.796592449965884
0.649169871274856
0.772729583901943
0.783455719094801
0.689848415592622
0.668794982081001
0.688462173220673
0.772907471433286
0.701250048507731
0.766386069787645
0.629367566722604
0.84394372701963
0.693767639613951
0.659407494050064
0.748901455343547
0.609613152201086
0.811464953323475
0.577333016243969
0.710022039937305
0.890221516592495
0.702626993187739
0.769555581449315
0.651523967084878
0.766396882992588
0.725516205689021
0.728524371448342
0.803268062557363
0.812746908912061
0.793337195433897
0.617829801470562
0.817268897894725
0.805114316477166
0.683428005262167
0.721801969268157
0.796228500677943
0.808718363361921
0.84885881563055
0.72719801355875
0.882316230581293
0.786724077952824
0.891111156686811
0.555404876265993
0.783053599679179
0.869342884840166
0.682462060761128
0.769668521209632
0.739384142414915
0.872690041310197
0.825585320969689
0.766969786838636
0.878103928426816
0.808207551351953
0.781171608406163
0.776610618996177
0.892495019913962
0.808508936508583
0.874043640137978
0.854549385241488
0.833851240706617
0.846613005110466
0.913391901606631
0.770538056174866
0.789966070052819
0.759673433339617
0.734218094957081
0.982401415910857
0.89407936452147
0.852908770668623
0.951066249552832
0.954652687550337
0.769173843103787
0.829012165738495
0.907503458180355
0.909867301383376
0.725969127325551
0.861633547415724
0.993360227169024
1.00450346053447
0.797233379222995
0.8854465644841
0.930175218982786
0.934588598182823
0.895636099727764
0.923902551139319
0.785474819535905
0.959747736612989
0.950288871059772
0.928639964414338
0.823684644117058
0.791568237935761
1.01203778803458
0.832129102972934
0.806854219271509
0.988557863564293
0.775269368101956
0.852529255766676
0.907551477021334
1.10060699146557
0.929426934774331
0.962011492757673
1.00635258353607
0.929661728414823
0.905545883187707
0.928264296416723
0.874750714824043
0.969509090928458
1.04529331663076
0.935799183333956
0.879653752690061
0.982969630214406
0.932416350258138
0.913693076556992
0.926321765393253
0.852694400698059
0.901236155931841
0.851892841077355
1.12905527303421
0.996384587226506
0.852889580513149
0.929327433772801
0.95261224087144
0.913970792824699
0.994468204068299
0.920577399172946
0.939848816570775
1.06527293612995
0.963234443232543
0.950900092997788
0.945817170931269
0.884137417369194
1.01019177821544
0.980042972852014
0.978536743883555
0.88539674818237
1.00655279847677
1.0239720561071
0.954320044962235
1.01677859910981
0.934198608869952
1.03546378156981
0.881029726296445
1.08218191948196
0.837457488887084
