-1.0395712029457
-0.970804523074979
-0.899080383157949
-0.951781536714979
-1.09786548876512
-0.871396971170163
-0.913875711569304
-1.0756122679778
-1.04969551109421
-0.893398614728006
-0.826790094676463
-1.11896336298461
-1.01359852388879
-1.02836949339076
-0.880339267794732
-0.956018516235435
-1.1860756183718
-0.962224071472743
-0.920928480030395
-0.826345424102114
-0.99737719631909
-0.888738097057833
-0.915269047393167
-1.03591893500121
-1.0539327199424
-1.11611697143143
-0.927132345031491
-1.13829623374535
-0.938971224122278
-0.847630913031303
-0.976015026057228
-1.0567475901645
-1.02724989950212
-0.862018488497368
-0.948232261396954
-0.990913148177333
-1.06611368279176
-0.882891909340369
-0.928252996961961
-0.948184096375829
-0.909148909784483
-0.886168656255651
-0.805656274244831
-0.866943492952218
-0.926802706859102
-0.948996581619533
-1.00642052392128
-0.911226051337535
-1.02407085279738
-1.04129978862759
-0.999945464425184
-0.870951670883319
-0.889566940586034
-0.892844110605603
-0.91115016950714
-0.889606746027073
-0.857178617530037
-1.01989043185855
-0.788033721687896
-0.915338531136528
-1.07086262937188
-1.00745382466813
-0.706666292245986
-0.846000552667668
-0.760882633393709
-0.794468948973001
-0.761611433135912
-0.753224831378856
-0.848218042980856
-0.92238743603278
-0.936179005425673
-0.895498670277716
-0.844752948674343
-0.850842320706109
-0.894218396481813
-1.02365506226123
-0.753648320164218
-0.841450652974391
-0.965737424488588
-0.725412724443458
-0.879312537593196
-0.800320409677745
-0.768772718674731
-0.778523482530026
-0.839503330737249
-0.836933886344418
-0.823259318665095
-0.806544301049325
-0.861668189596019
-0.805660489814275
-0.871523140095618
-0.848110387405348
-0.740092292854739
-0.716647967624164
-0.75056086425018
-0.839282391834081
-0.848594108579837
-0.740881097086812
-0.789422883406959
-0.886793555056983
-0.933405102857411
-0.753053381596341
-0.820988733967342
-0.938637954205684
-0.783604742341202
-0.849634727564858
-0.808530643996852
-0.743250819305885
-0.776896973852227
-0.899625832182827
-0.721299710531695
-0.708620272512712
-0.778193409161229
-0.773587357257045
-0.736785764061755
-0.675772740925986
-0.713268428130975
-0.835804142168859
-0.865796493018912
-0.802025954685636
-0.740414867779124
-0.668548455400137
-0.774082328405374
-0.68679356084756
-0.742955680488696
-0.589811920406907
-0.591882423497508
-0.783761854553048
-0.738074204137206
-0.774573367512128
-0.685559094291908
-0.700943743786039
-0.797309757458017
-0.757077386121105
-0.647579714021987
-0.829469362189036
-0.815665849216782
-0.815787169124986
-0.718880555397236
-0.672522894615446
-0.746314392603377
-0.847493475181885
-0.747043348812634
-0.802016780279359
-0.747693711472032
-0.778742643504639
-0.710426289684408
-0.662697205907781
-0.524085374417799
-0.724083834626514
-0.704069662941734
-0.702195940377261
-0.714093148326271
-0.633457701312813
-0.600802579918388
-0.611015767935113
-0.756036903204264
-0.748678301167417
-0.687512047930545
-0.748874946711009
-0.87468355801005
-0.547397393122123
-0.72340608977942
-0.759995036559943
-0.705220614208424
-0.633085838297801
-0.702069657042453
-0.666298268494734
-0.710920010400949
-0.673663061008859
-0.683028084863185
-0.601503001795664
-0.602529436626127
-0.646760774807078
-0.7011470311007
-0.555318593377185
-0.874860608374624
-0.701179852747383
-0.7412462256329
-0.663133454161793
-0.65701098763421
-0.640311309224845
-0.684436759418973
-0.679352026640203
-0.526915278641565
-0.714401161070199
-0.578051605052936
-0.479772100073747
-0.603686723570208
-0.576983046506946
-0.563370073441922
-0.683439755963757
-0.621423229992443
-0.645764955715326
-0.639280918178126
-0.696191019816801
-0.688500966443574
-0.656597798229559
-0.55326046474555
-0.601641875472376
-0.681008702267571
-0.628350131977195
-0.715769857850846
-0.556481727287385
-0.586950400946527
-0.611265526799352
-0.529678681512304
-0.665527228497947
-0.725534653182236
-0.719047208746427
-0.634428265623375
-0.663322708097099
-0.646885723670063
-0.442212321024883
-0.485127888383584
-0.657037608653208
-0.446155814143975
-0.611155897052895
-0.428398179386019
-0.69687183348021
-0.648193896290379
-0.555553096693391
-0.594422584994609
-0.449683716052419
-0.4876855116291
-0.618336381935994
-0.597978373288776
-0.491662486222014
-0.33261710762647
-0.556658363147001
-0.419887662478507
-0.495007999705579
-0.66800317163721
-0.432945379140588
-0.408750784956347
-0.54500163697525
-0.356403517777581
-0.740872287295535
-0.559538763091889
-0.663329679529067
-0.574277043755647
-0.509664987310288
-0.569370318732288
-0.379818156710077
-0.527601630309656
-0.530541938675769
-0.598173539944008
-0.469952722445731
-0.670908608818322
-0.651952621295624
-0.515141945967882
-0.506691351174648
-0.631426224410512
-0.462183404551984
-0.466796636339931
-0.550899430390051
-0.625517461614109
-0.444530428114451
-0.476685321924647
-0.485016779145869
-0.550504556628173
-0.453703929073003
-0.307905801524031
-0.64758740067029
-0.469452466827297
-0.580001726158013
-0.398009120974525
-0.518946801312467
-0.468649585093383
-0.553844317861973
-0.463378611851879
-0.293664734728015
-0.61440351048065
-0.551801895933449
-0.475652578061906
-0.556231469011029
-0.405771953367973
-0.557017457343133
-0.503581459591503
-0.495300252514212
-0.607250579867233
-0.549316869100501
-0.352227580746644
-0.473662111360238
-0.36979696766812
-0.421663686823166
-0.291016726863395
-0.602578573491454
-0.51999802598242
-0.377467316461046
-0.397024639840058
-0.479258881985768
-0.251993837668383
-0.371931751711406
-0.243482634377132
-0.437611682471943
-0.403006716377889
-0.481271177452655
-0.52848161691982
-0.334880841768285
-0.458833454397709
-0.253097929956094
-0.354345851568477
-0.416821574637071
-0.479785860382235
-0.341259073297514
-0.245506673651303
-0.400167749623077
-0.435094361618664
-0.476271939577213
-0.403309271217021
-0.356371653251908
-0.291154760418163
-0.398961721006518
-0.451150910493819
-0.326810569216089
-0.375770692856091
-0.351765490888405
-0.425850947392669
-0.339167196254396
-0.343385822916297
-0.417366579574719
-0.388607081224142
-0.453616278556768
-0.303484020138896
-0.313838793770605
-0.368988030329689
-0.486173131772144
-0.346422289207755
-0.193128014179972
-0.32739658747775
-0.219187080234006
-0.438415158751588
-0.284927697691856
-0.0178655879274474
-0.350385672448948
-0.33490356929984
-0.403594068903393
-0.311543088534971
-0.325376177196459
-0.282855283597205
-0.304650014112499
-0.117648524230897
-0.332980566379869
-0.168406561075506
-0.351190294084801
-0.362655613139086
-0.277573594599568
-0.286055670611146
-0.26670308526023
-0.296082715722381
-0.288230036704547
-0.279995625396587
-0.364737531843213
-0.191354177947485
-0.222995196910518
-0.3098760948292
-0.352705586627349
-0.358650755011609
-0.326479973663512
-0.331356761667838
-0.338640723538827
-0.426240152172576
-0.159031122619424
-0.276999978016304
-0.260767636049483
-0.217423590830286
-0.294576680587956
-0.200703572887006
-0.286088352920281
-0.165773254832305
-0.245260804166536
-0.278957465270566
-0.248182031704366
-0.226411620064182
-0.182401960588566
-0.26558855937934
-0.35504797991141
-0.168177591263974
-0.234871812043631
-0.332704879620906
-0.33386276306694
-0.107281624213529
-0.202580794839341
-0.152307587475462
-0.244733937257382
-0.181428133547123
-0.201373351122128
-0.267826745945039
-0.337439118698556
-0.267709087194119
-0.260925024223634
-0.226844029515384
-0.146457647419962
-0.190187737059024
-0.174462155436045
-0.298996395622684
-0.288955644648893
-0.189408621346772
-0.309637901564296
-0.0935821680936473
-0.201489343178475
-0.277370683726661
-0.190233509969161
-0.131873089608719
-0.198507190771853
-0.221008991832991
-0.250736186628166
-0.28823239368786
-0.188056138913251
-0.379916303418716
-0.0396148580164893
-0.194000212479405
-0.258001033411968
-0.161814131732896
-0.0258928200951554
-0.26511653330005
-0.152751479747325
-0.171783803670835
-0.242688635617779
-0.422630526205005
0.00575011382463371
-0.273209027871648
-0.175377997548471
-0.17198487393657
-0.145095350359239
-0.0794130093133942
-0.322523896950856
-0.16237616824796
-0.131758084387069
-0.110276478073296
-0.257307787561
-0.142997215013137
0.0340517941294055
-0.255856757004259
-0.191148820165545
-0.293576482221639
-0.110929971850995
-0.197188593553917
-0.146314672614414
-0.0857629464598289
-0.128132448415964
-0.122714438917459
-0.045169192662761
-0.13896449842378
0.0263462804696621
-0.0497932952035188
-0.00615662217770465
-0.173000747334244
-0.16303390817756
-0.266940230278363
-0.153583325776191
-0.111506276833016
-0.108487157269326
-0.0548032710583964
-0.0875653868702301
-0.0688237171088793
-0.0671119282357449
-0.10714639786492
-0.0771119696686734
-0.0745669429684313
0.122733717092519
-0.161925131382388
-0.117029356674129
-0.0413448500895878
-0.0904447710173806
-0.0490192120948347
0.0347337227630161
-0.136468327245465
-0.0569471329201291
0.00570829601407314
-0.248416129806242
0.0379425282073725
-0.066481701216459
-0.0358137218135729
-0.0737715316686197
-0.113021899656193
0.00766552352636652
-0.202409772372427
0.124793864384363
0.0582743595150803
-0.161728575584946
-0.0963687458189583
0.06836886317991
-0.109550238066302
0.0429690297957845
0.0102670017571475
-0.164158815934142
-0.0433444784104041
-0.0480293696942666
-0.0406659730269613
0.0903926170543003
-0.099524247423608
0.0501534014375875
0.0378613107294821
-0.22704897482546
0.0310976060093982
-0.0675472338669598
0.0546113820961632
0.0381953323114716
0.0488292563333146
0.113842316866509
0.0452567352357832
-0.0280568267784306
0.0344844267051299
-0.0272974220026171
-0.0429926063185459
0.0647838212408024
-0.050213712342274
-0.044538338927473
-0.0253451531801628
0.0160313050781383
0.107977213809141
-0.00852999395320286
0.00771925400076685
-0.0103504853486223
0.214230076866442
0.0544019048136599
-0.016370545773803
0.0296745500085747
-0.147863102713282
0.0434041030257842
0.00736602420042051
0.0198606613940571
0.0166416533033271
0.11375078565701
0.266475857310335
0.0726115128895672
0.0855068982325925
0.0196400328691726
0.217712764591308
0.10970029074053
0.07231849976822
0.12895972426298
0.0925697792333433
0.0720546568731908
0.130321437994421
0.110220503022232
0.0110010678472157
-0.0603871598649107
-0.00292612036173149
0.0673378306183432
0.110743789631218
0.13307210489282
0.113037650064493
0.0540673448308506
0.179757801442354
-0.0266263743460892
0.0452612567716709
-0.090049956399944
0.231711067802847
0.111223060141327
0.0198502817095955
0.165554489487278
0.189285751303255
-0.0709438805991124
-0.0307366851471735
0.0981852931154179
0.0613025294520261
0.187632885396947
0.0918051050704058
0.220564537705204
0.0466784545934762
0.0473314518792049
-0.0128292835898656
0.115693247311928
0.0805316375441852
0.146527520504178
0.158863887378254
0.169352362390795
0.0914377468730447
0.185794400857505
0.235197017090922
0.27486481163771
0.147096310929712
0.0249096398859265
0.27271636608145
0.253804410859016
0.106333430472798
0.137240289899576
0.297942033740791
-0.0762975433862073
0.0309004854079679
0.186709831889984
0.103129188730655
0.2045809571395
0.0913673090516178
0.0472829735750078
0.126147291797451
0.21841421244835
0.0915612466902751
0.253124141086847
0.0711329538361234
0.192928566650692
0.112848345468416
0.328937164628572
0.274798198119826
0.342917258110984
0.101639418587917
0.161861744031901
0.122364759882656
0.16102201493166
0.0972182425429025
0.260629070370011
0.141921332682301
0.369115619333149
0.191812265430748
0.290451970753592
0.247588030999662
0.230119454150168
0.281914403832925
0.421620237573679
0.00917824990123586
0.198719740724145
0.339599307077413
0.373039862403031
0.128047124367875
0.101426870188032
0.323032206421252
0.289867620588855
0.200837321733799
0.165705669146199
0.367199090547806
0.297963245794081
0.160078981540658
0.258353830373551
0.327817250566408
0.214218316554036
0.231994410997211
0.175790277004759
0.427342032162633
0.216775670884465
0.136436384669162
0.343448236442554
0.310398072739768
0.257531948697642
0.289869781888926
0.218858787415021
0.167868460389142
0.308600713413877
0.231197607892413
0.14755945859084
0.168031167587227
0.237793950493838
0.275221658591606
0.440222129817357
0.352775289765968
0.18512195819711
0.329387791682382
0.172043872981451
0.280357605178903
0.330485820860128
0.308345733517718
0.28242581278333
0.145053607062349
0.404183624980324
0.406216424923144
0.314216216958754
0.341961742069661
0.281623150987526
0.295903382431265
0.309785826254723
0.355216380488321
0.363200735453986
0.176169985973146
0.394649791987681
0.269902691769024
0.347204228247857
0.207360079635806
0.284470552476549
0.277731521637115
0.430859657646124
0.410127218676646
0.246227968644656
0.400669257367975
0.289501851546759
0.427297425378567
0.361003704417695
0.492817209176168
0.423363829161004
0.277506808558944
0.255004846039684
0.301436676344469
0.477201591072531
0.46323535216821
0.394877524775915
0.159529894233368
0.482527100415405
0.315224858139844
0.383359661298204
0.279107765823592
0.418740407324807
0.305901670970179
0.406617184246408
0.38204631364035
0.396637741326914
0.404874025602138
0.488784706987528
0.508611599127238
0.307645573402448
0.427389573823573
0.497541415611251
0.422331926524699
0.458441479268044
0.46867112190842
0.543991817494369
0.360824174937222
0.306385585278356
0.330090875684509
0.407509255597582
0.424958995961194
0.4197975480181
0.426175426983997
0.454359457101568
0.326886312404178
0.396140103343708
0.454498073507989
0.41326471692285
0.353803992081849
0.546449333666386
0.431462343532308
0.330743724522658
0.484454072429751
0.54499894457683
0.484647515327213
0.358492582024133
0.46807105206182
0.446404049669129
0.604461652981332
0.588907430882157
0.438522831074359
0.38715581409456
0.45916655661607
0.405774865240655
0.350996238794432
0.441991257920742
0.440493859817226
0.648145712350392
0.248673947950478
0.410127862654938
0.524425843864007
0.40748915210445
0.389930128910355
0.434052290912878
0.444007441415897
0.433390094683091
0.642431241788097
0.533370100928312
0.424578278622583
0.548748296947476
0.490070705443328
0.406423600122652
0.604899969751252
0.465734385463668
0.441159913430405
0.655003713019448
0.605651802317169
0.560893059418032
0.456197172388526
0.551663824919082
0.576759619831665
0.51164378698258
0.457721353033329
0.58159541795778
0.463873754542225
0.381315697986199
0.551579773088146
0.515575110508078
0.434299631818454
0.637060947233737
0.374721451338179
0.572106191100363
0.508253585483622
0.598327553218675
0.5348029936229
0.519572761059153
0.475802653168493
0.384223848016147
0.601950589864947
0.674082646639863
0.62356110771889
0.559309642013426
0.624755868242005
0.51138038471745
0.546966965490747
0.614731637928083
0.503543786947704
0.561001895044666
0.578845679855767
0.755109820566383
0.661738779144722
0.643976555107994
0.596480928206473
0.53291052591471
0.767883768315655
0.562074298858994
0.507980323054369
0.35465913706544
0.589512618471544
0.643249739751188
0.578417006622538
0.577945456592297
0.571524278944358
0.59850577249361
0.705534292581363
0.585870094636561
0.537795136236402
0.686040351658598
0.663017934966641
0.426663731009465
0.724763548500721
0.714747287365126
0.621942489268677
0.463695023420089
0.678850173537318
0.711426044275263
0.459304596931836
0.513487228288206
0.539743183065841
0.782068406210604
0.777922553348807
0.678921601614981
0.645897288862123
0.521035297400827
0.644621535392018
0.566380348639944
0.677895587995379
0.512043301068976
0.691593765891993
0.623409493884097
0.607324628469154
0.848339334061336
0.824277755725102
0.728327733752194
0.705646854033119
0.552655136592083
0.700753408544808
0.727184585709323
0.692221379666317
0.601826125277552
0.52540585069956
0.590186964479199
0.797739598353679
0.692860222973176
0.637785739863232
0.658862648878504
0.651613707665397
0.713613642902953
0.566462491640511
0.721385476485655
0.681086987958393
0.806331396173068
0.65440671325119
0.726287802700019
0.779954236158121
0.835607394785099
0.630956088199069
0.806679593822861
0.644063721316213
0.800447695111121
0.79221478188733
0.694271278250592
0.644174728349162
0.686887586438195
0.760620600906971
0.707975832757177
0.768666268446142
0.635551404325106
0.847506286706424
0.710929495382883
0.67958524396384
0.757245270107671
0.605265652619748
0.797841711899986
0.567113848200046
0.695515215248192
0.872664229088479
0.707421301217118
0.760364088453236
0.660934758720782
0.768127857111667
0.725224760486995
0.723003428678523
0.797823891637413
0.800907381356794
0.790280763275931
0.593136775839823
0.81468324420755
0.797289232313254
0.679424863058363
0.720902007243667
0.796839326560976
0.826794364568487
0.857862769687311
0.707923353934652
0.876507338028548
0.806203655964338
0.889874195644479
0.556023495890513
0.765709985339361
0.86262671405886
0.688362430121411
0.766527703525593
0.727678041411992
0.88068132716254
0.819079469294181
0.77011715506468
0.876694693368595
0.816815556883891
0.785741336039019
0.757421315405653
0.893206819130607
0.81664550565026
0.880755953441657
0.847370760826439
0.840586795668114
0.82182383835617
0.927340803137394
0.74877252516664
0.780389165643517
0.760659707379034
0.728382963783336
0.99105672263002
0.903967982370982
0.82852532952486
0.924384955468199
0.96889209664174
0.765231016771262
0.827436410211515
0.92412061432042
0.931217639568667
0.734997556018288
0.864157978547412
0.983646739922452
1.00212802067241
0.793160625982374
0.875825769191571
0.941864128036454
0.934803292177549
0.90431557262045
0.908763802360286
0.797084997084597
0.970469249017471
0.953510345754374
0.922408226875214
0.830325503166181
0.774920063539001
1.00766709189724
0.820266576943697
0.79447795686424
0.988234601862527
0.776840129437812
0.826107227956909
0.90993071910328
1.09016815290355
0.932940243204552
0.93790724163737
1.01549512784656
0.929973990956087
0.917866642423321
0.92271725403703
0.882485839511954
0.986965642711693
1.0561873505756
0.956919849874211
0.865222804596042
0.980973674169875
0.917936367814215
0.896573494553752
0.908453534796011
0.867992669139922
0.892230974503272
0.862291833199109
1.13167487269373
0.999811144725728
0.864860704223675
0.933720135754933
0.977917209901903
0.920287163449987
1.00006576187238
0.907389880148487
0.935858676962596
1.06627983088982
0.959806249365945
0.926875925220039
0.943845532759672
0.896116244690985
1.01011042141204
0.993613387074988
0.982636382549169
0.888970997849527
0.997358651309978
1.00840899669096
0.924380732182992
1.0090170994206
0.925992096065543
1.04349636118217
0.876976525909932
1.03179496523794
0.824843740157808
