-1.03119047566098
-0.777654446451699
-0.9647781252833
-0.842691896913177
-0.966019741294478
-0.933392608359147
-0.865305650883261
-0.903583286348014
-1.00133682397222
-0.926777524278878
-0.830873515551692
-0.887890260418503
-1.04235094938824
-0.975690884885285
-0.926144374271911
-0.986940544567502
-0.869539164181017
-1.05101991494208
-0.86414289727286
-0.921977264729399
-0.923097915440642
-1.09120810890425
-0.884392270971891
-0.800282404959147
-0.941990431472985
-0.944351947811605
-0.882159714675944
-1.00551308814719
-0.754923825197354
-0.931090985468701
-0.864083380863096
-1.05248428030393
-0.989612287254913
-0.84591521617785
-1.0847957667192
-0.883745399090001
-0.992772378369057
-0.819331811418222
-0.937124705697345
-0.966740816154017
-0.815252931436061
-0.91866101382964
-0.950505617425689
-1.05072909677075
-0.951069077442904
-1.01323602399829
-0.858289186074216
-0.930663049970417
-0.897158414152104
-0.891451597960406
-0.946718665093121
-0.806696749017946
-0.91476009193873
-0.693622435400677
-0.969151744806397
-0.761969445163936
-1.08677109974274
-0.91284736450252
-1.03258014268829
-0.874860935177581
-0.921320812983492
-0.803690277801827
-0.840532178743108
-0.875173933376702
-0.812312203495718
-0.953363600708503
-0.836202505768906
-0.889691810475589
-0.782835749514777
-0.751792902117291
-0.905458603002181
-0.800088890139526
-0.78182106376571
-0.860376635256274
-0.910915918250673
-0.878258131658957
-0.888987876008897
-0.820854923962828
-0.837167553285805
-0.980311727375095
-0.698640824811322
-0.81985640472124
-0.909933978020095
-0.919409651596905
-0.944287290006031
-0.795290311807441
-0.8310161509808
-1.00540686733183
-0.963468096879082
-0.743743488203224
-0.895560363656517
-0.816223250593895
-0.959724256750678
-0.750627181022698
-0.832471584340899
-0.976689290912705
-0.83004380338545
-0.753965811188569
-0.845027849667888
-0.763809397296557
-0.833126033878784
-0.807441160773008
-0.694992033441289
-0.793278197850451
-0.896337563074307
-0.857392193139459
-0.850799058458125
-0.802094086324047
-0.705439333970075
-0.810341098662204
-0.734564205305043
-0.771100509904606
-0.826621927028079
-0.769287201446442
-0.838485108050475
-0.698128576532765
-0.663025301251635
-0.758700557208535
-0.836855929059525
-0.757735755065259
-0.877764343470732
-0.689990253335539
-0.758655307727148
-0.764762099592773
-0.829802640782726
-0.708519046888052
-0.72145358976347
-0.725237262428892
-0.708282529365756
-0.579188677933504
-0.827989662401723
-0.918180433940301
-0.659140991574279
-0.798664951005323
-0.598749590054104
-0.708239305985324
-0.716875363342306
-0.496095334411974
-0.667059301402536
-0.612641746402865
-0.732784082005268
-0.670678575717804
-0.540694737010032
-0.68494373769143
-0.749876278465893
-0.687610316669152
-0.73635118683603
-0.553382490931068
-0.734517549240368
-0.667641804436034
-0.704917585652067
-0.88388855299381
-0.767569588422004
-0.634401948272759
-0.629331581146908
-0.664307754234949
-0.63728037020121
-0.640544830882548
-0.751535690446118
-0.661774130006425
-0.61091145455876
-0.569866975588724
-0.711656435593976
-0.643847026479597
-0.59533894216691
-0.603706560770492
-0.659644838155974
-0.460857562855786
-0.596814733389495
-0.609985815660781
-0.571522377493071
-0.564355725835774
-0.691654965668597
-0.528059162083926
-0.764740573574926
-0.622880265374954
-0.720623482736305
-0.513842353608688
-0.563413492425248
-0.712235461001353
-0.558674890990453
-0.516000817405427
-0.675034046953849
-0.521458652732526
-0.53235378531975
-0.833896612312552
-0.668988284905869
-0.537972068481608
-0.644857107088558
-0.523630315867539
-0.642218803863423
-0.590652259387313
-0.633110555071738
-0.740043483017987
-0.680291937847313
-0.712885163467013
-0.556503503030024
-0.773982937737843
-0.663703833879151
-0.650795843797168
-0.73210296272367
-0.697988475850134
-0.528980546152216
-0.509239599871093
-0.707944331686695
-0.604081040446596
-0.593840902945085
-0.607623250407145
-0.53318920424393
-0.624872972738258
-0.613527491523782
-0.484400588259058
-0.482670237468062
-0.495807585497397
-0.547386811549016
-0.541511388144965
-0.609759330569265
-0.456073032232716
-0.551562499710641
-0.508011258331386
-0.621793018689349
-0.51316901399667
-0.576648943724557
-0.507236654738819
-0.675796576903092
-0.4932205164014
-0.527193206291789
-0.529306686649561
-0.523982162385372
-0.653802273010923
-0.585060308261902
-0.58042007001554
-0.522163469554764
-0.726049174375845
-0.531082994022639
-0.496734225001572
-0.591248934922353
-0.406858320311074
-0.557386406679565
-0.65034345587775
-0.463732425428551
-0.545701569485441
-0.462163808111588
-0.574282886323426
-0.488261516142924
-0.441725723537704
-0.418344159124928
-0.66582501461881
-0.416702361169843
-0.601140717963031
-0.484543054046222
-0.557679612121613
-0.381070683681919
-0.552274354354036
-0.345550832599735
-0.379579891247052
-0.426530036121604
-0.518173099070359
-0.515783092041083
-0.387898392901515
-0.48126365479043
-0.431937343858163
-0.488462597679248
-0.403189178288482
-0.487610745767319
-0.597890474268488
-0.338620690580376
-0.489850370393057
-0.37971813595404
-0.538666636336152
-0.461102075130229
-0.341947772117993
-0.459226855926502
-0.480775522538102
-0.59052173667807
-0.469369747557714
-0.409205938140744
-0.466042531953429
-0.303358046238958
-0.400565289256208
-0.507673628403695
-0.46851987048458
-0.386325674577414
-0.33659997566317
-0.271747963667193
-0.283906099961042
-0.399936373455387
-0.352825362565353
-0.364793633995504
-0.337670740752532
-0.304519861663558
-0.441779552056623
-0.378014264839727
-0.413295156570359
-0.336677465161909
-0.448487499245556
-0.51688019918631
-0.349875533007035
-0.199093223607361
-0.437464741482609
-0.342935289367555
-0.374585018032349
-0.356086930662562
-0.45216232064988
-0.353801390209579
-0.466226742006738
-0.46340739930436
-0.536162559021885
-0.369186727078838
-0.413785988024475
-0.359387723301347
-0.443375187064614
-0.428575238972697
-0.421858733343242
-0.394811812739943
-0.374304033015687
-0.497114854297127
-0.322005319723702
-0.367177302277472
-0.381321253776048
-0.353099651094341
-0.515808131327868
-0.404704602982561
-0.24119713530949
-0.366941796173413
-0.384193642380014
-0.296793881676998
-0.36348462617181
-0.477306200126151
-0.329763010513038
-0.323011594954786
-0.280696382338838
-0.250991609784218
-0.411791504872024
-0.370518451475472
-0.314854751067368
-0.373319980515598
-0.304800424689468
-0.270449084280958
-0.325780401470886
-0.328291861924726
-0.445359089360764
-0.217613727446121
-0.169330786931356
-0.249061348104222
-0.302374688861503
-0.340772461528572
-0.205392033286916
-0.263713823837999
-0.442125533172178
-0.199438885947831
-0.284737944114332
-0.424705307625027
-0.321303367429992
-0.310269329146192
-0.220139124304898
-0.249456341621829
-0.265652003942282
-0.28827311263088
-0.414678111846335
-0.255590564276594
-0.179946797121597
-0.322629499244542
-0.282215965367438
-0.344584153858979
-0.233474969536389
-0.346109968109738
-0.395438662342841
-0.303320026522446
-0.0969833634959
-0.298068793030714
-0.199479188789905
-0.282775768058701
-0.215425945229431
-0.290250694015205
-0.280704245267053
-0.222516033134319
-0.183985637740417
-0.174370381234492
-0.267680947563512
-0.40051260364915
-0.165475088774475
-0.220124765463783
-0.247164202358201
-0.182132316933807
-0.342683470297189
-0.180572003533758
-0.104273771160979
-0.369364748820103
-0.266896410744135
-0.213277391017101
-0.137815522566767
-0.231712240397844
-0.283856460384177
-0.237283450206977
-0.400638663194196
-0.154707093655726
-0.270776735959688
-0.152993639568755
-0.227480093434985
-0.277895992566345
-0.172413185900473
-0.253975413531262
-0.269997886446849
-0.158129406563089
-0.0890203359952643
-0.245782284082899
-0.114360714568641
-0.205110175922794
-0.0740434793330482
-0.139531554112365
-0.149532164276929
-0.293529142331215
-0.175806172457553
-0.276285677214224
-0.234041365170958
-0.0876385833727066
-0.160695143350504
-0.107904950179351
-0.120095649389409
-0.209851648909176
-0.0428277450131492
-0.202117283582492
-0.217363212233682
-0.100919421902397
-0.160647509943208
-0.0433339393243771
0.0290112146875276
-0.0766250686298002
-0.156024974918277
-0.116079880508825
-0.179105884754107
-0.0391538986716326
-0.107366882026376
-0.154878565041779
-0.115028950185458
-0.106025052120183
-0.0671088108163993
-0.160869370497213
-0.290439008780777
-0.182916331487552
-0.0976744231413749
-0.0851195242930955
-0.0626525846963677
-0.257044460317426
-0.0586196032462863
-0.0863673075991172
0.0234436954322693
-0.226108474394195
-0.237501009199548
-0.0291256474865367
-0.0776329316523875
-0.0969234965794836
-0.145002062064751
-0.091810932191828
-0.13759644125735
-0.0336691079058759
-0.214122541291044
-0.119977227777952
-0.0987323528565108
0.0330247557319165
-0.00669343948629747
-0.146080686477498
-0.0885061694165512
-0.181883540841237
-0.120995666907106
-0.262906921057551
-0.0880126695369805
-0.0165874470318738
0.0665815377295634
-0.0705116437913773
0.0392995406835204
-0.170858688143024
0.0103283395010077
-0.0396535828899223
-0.176662844867388
-0.169868758023454
-0.20657807539489
-0.0132280332108156
-0.150433012220511
-0.0333762816745851
0.0299323143689015
-0.00311241372668396
-0.0658684139655283
-0.141949423503324
-0.0507300079613153
0.0215294357784007
-0.143450277188836
-0.0728459907575493
-0.0913991871173723
-0.107526921231377
-0.0175141010325706
-0.0495332302670292
-0.0719812528031308
-0.0644181794156796
0.0217555663927778
-0.0727539786158435
0.00296205177841932
0.110972034314162
0.0394793640885808
0.105058888301429
0.0619348178629542
0.297026455386129
-0.071915565274775
-0.0136047207958147
0.0492094035148036
0.00291546690078821
0.0409889410273914
-0.0419921160430309
-0.0337403598058118
0.105841135136004
-0.0317260241283121
0.0381127731599886
-0.000938101590534728
0.0530198865325111
0.0428004990093453
-0.0281591981116737
-0.0546021979553004
0.105750867511984
0.0310487931612302
-0.00570406787890812
-0.0420544887685538
0.0691166053897432
-0.00748148131622892
0.0469187811874937
0.0425276337284591
0.0134731523199815
-0.0673519973700637
0.0580910111896128
-0.0451361964379549
-0.0614868467911849
0.0909401254622556
0.0354654739311323
0.286577181165928
-0.0115492757740823
-0.0184496032355402
0.0689722865349382
-0.0163979331344885
0.0151160526342338
0.184580691344161
0.0924584782234497
-0.0203627095978471
0.176732765406265
-0.019387293865604
0.0182650477520537
-0.00128121361470151
-0.0186609628219317
-0.115612295363883
0.0250152686965625
0.0189152702119247
0.147468237617459
0.0397469406275091
0.0183379104231786
0.00358338974333635
0.0929941028766131
-0.0510136264497769
0.0700953890855706
0.0948657344393847
0.133979081504553
0.144086762658328
0.0860664495285898
0.0468896133780248
0.130349904802621
0.121665878088947
0.0554877442218346
0.289046590481576
0.157265578019859
0.105817906913247
0.210611399785508
0.175401030053495
0.22431806272018
0.147936688450633
0.248779634014363
0.277431217155197
0.156102543187154
0.212667228977584
0.116097746045737
0.088678946510398
0.0794954792128102
0.236513179488152
0.163560304495626
0.0397626485843105
0.161295668210898
0.0611732116479656
0.0822654420516117
0.189895730693723
0.184206974441078
0.155447991540981
0.0809156346221376
0.0516316698662414
0.113972346400088
0.186071366921926
0.204400176799015
0.0757776142191607
0.103375120062345
0.203204117792051
0.344185003813294
0.208369055210146
0.1900789164261
0.203622438969933
-0.00962976720350815
0.245698315228316
0.215250099269691
0.340768858273444
0.256436904060061
0.33975977487695
0.171326819141502
0.326277686726226
0.223851930315378
0.0899174241879318
0.23354352427795
0.280431036978373
0.154453304859384
0.212050230293067
0.160469328315969
0.256945687910524
0.190776098539304
0.38181188307681
0.387032518528844
0.0906283279290904
0.410194580916098
0.254364607898706
0.166171991590871
0.325474444458115
0.33520839304345
0.112291826476627
0.219907651638401
0.16338372425694
0.189585857057644
0.12255603444748
0.264478233968146
0.36390123204484
0.295682236381207
0.32141063727658
0.257805006720914
0.207329218067497
0.263103202275681
0.185495042760423
0.22834447041197
0.159778745901308
0.45104829231412
0.325895683600007
0.203606426905252
0.296853906654367
0.333631624091333
0.243804196130046
0.266100664447007
0.379960311042623
0.143677030014405
0.177545001709147
0.425394928524668
0.32407696873722
0.497307146063388
0.333868629746674
0.400300966036532
0.347831276102643
0.292819734156192
0.282137070192302
0.282786647668177
0.369813710862678
0.460489381772022
0.269561982164833
0.374314144181186
0.337081358026608
0.358236406467214
0.422440879756112
0.313453254652228
0.187891913844283
0.407835739191671
0.358010295211843
0.157826841166476
0.553332158848994
0.375505161828231
0.362011898285945
0.362360799085579
0.358336845220546
0.488775887292545
0.402312451123297
0.496896916658084
0.360741410690411
0.403809684690362
0.429645806868226
0.404418914032588
0.444592704210129
0.401344380953914
0.484008515739173
0.448564520338899
0.424712975995103
0.343092745674533
0.248518422402398
0.394065782222471
0.338576500619008
0.402929336949627
0.318387474516359
0.443536893558926
0.266651651371725
0.38978955561038
0.452620354660576
0.435899632810567
0.412407587494905
0.416127322776045
0.273473148198759
0.378909669668565
0.30603303138709
0.483837062400801
0.484941954540847
0.486108478591206
0.435954386181379
0.57236825760895
0.470885765169729
0.423443615154967
0.504627385636651
0.544282705511276
0.493378307642005
0.402141618476212
0.48348038277254
0.333534928988564
0.34742852461838
0.440136626711638
0.437468944155521
0.547290677741327
0.40544508027245
0.434985178959518
0.419544924695362
0.404418881961958
0.45708308350293
0.397930803234774
0.435441050891791
0.561268408435786
0.566607166443269
0.475355062705118
0.430241000317198
0.432702594459693
0.530605576556085
0.375067195917824
0.515272496030463
0.33280247357462
0.541547013526452
0.542834971807763
0.449729300492478
0.380309921686655
0.568063440990616
0.388422972870484
0.656076064668903
0.711869209705294
0.721245242042257
0.406077320310368
0.386198547692712
0.57191278624491
0.446859460931181
0.449427971689777
0.531897038029479
0.346993053778646
0.419037700566175
0.505566670335861
0.433747530565488
0.472680413348846
0.359934200710495
0.499289410116309
0.578178167199447
0.494851246933088
0.396087276369405
0.535938257908021
0.572797540270582
0.418693426810379
0.417439808376245
0.386489504686595
0.585184848990248
0.485174889801707
0.564794974333688
0.551500588863957
0.564084902675969
0.412887855617348
0.427356013374113
0.67715130759776
0.586652038396354
0.607861522419518
0.544041495893683
0.464513753545223
0.718809315467593
0.547042682731001
0.599658749124206
0.369428201119603
0.699609788392064
0.525586320103305
0.623201860912467
0.603623190669427
0.571678180513593
0.503978844720136
0.552547205787825
0.44332860698922
0.652606497989147
0.676351815869616
0.657118527138366
0.538792938348669
0.551237061601641
0.399628959943838
0.583934914886792
0.533253324044469
0.655565991594527
0.602222434632811
0.663535932681568
0.682064664928802
0.636228020071143
0.486077537099996
0.743309718769774
0.744254767102345
0.627154941952722
0.443613080545033
0.735125065306719
0.685325531399116
0.546171561897443
0.699271755209549
0.573922344782663
0.43230479992621
0.564831394416633
0.540703423257447
0.566992413152548
0.638333829958197
0.693977332915317
0.535482454047824
0.680576499716495
0.468126365150045
0.665144329155373
0.690345441754487
0.582203480667002
0.678815576948816
0.580273783530965
0.819291210359834
0.740928739063484
0.716177052568187
0.656187799477803
0.67507545535586
0.533475156329004
0.695064209191767
0.663420637552249
0.378288273724284
0.722624598996246
0.622169295804025
0.621763678043201
0.554528586611046
0.59975454226201
0.711960491771302
0.758333409702434
0.533009630025277
0.691774511270543
0.684529278368997
0.725979224503178
0.614149444034883
0.680961815612049
0.557460273929486
0.7848335622636
0.818525787085413
0.875039589423849
0.706819609290257
0.809366547831782
0.655091970279616
0.847829145418613
0.694668397469961
0.707465753119896
0.775225948465865
0.717366242669551
0.660920760586606
0.752397582301463
0.752191755030789
0.723260570735028
0.656516184883776
0.661661831754684
0.765456036104212
0.893443186102383
0.793120690846611
0.987442587318269
0.875479050493644
0.767277419207744
0.80966757314409
0.817283980159453
0.750153265932727
0.906402664712291
0.856038491232293
0.700687575482667
0.649379190144373
0.854579089040613
0.881277882836933
0.698139218926797
0.756293066526872
0.76397416437247
0.828301998772644
0.852142335185295
0.571477998932652
0.570685328174391
0.776851937005287
0.724085700606159
0.814659769037194
0.735427330312638
0.709142409432467
0.795915484617691
0.739564864134614
0.673394416534983
0.847866468969121
0.782657790789389
0.724710414969159
0.82497187795125
0.754869889717609
0.76256607753709
0.816851004833059
0.896611391911093
0.856164192651744
0.832979861028528
0.803593453808368
0.748349598331104
0.9521851504796
0.827750452100506
0.821036365021599
0.873331328712139
0.679126002544588
0.777109133204578
0.888285658086863
0.850940899358747
0.844862586899457
0.76348043840447
0.820983459120922
0.759031045839368
0.804593813502599
0.878198142466623
0.694020201276204
0.796354683723282
0.800730458692382
0.770842121722999
0.932916003743682
0.749545260206141
0.828477427480056
0.94798101583668
0.942188091954248
0.92227467375463
0.816316058685128
0.93486897343609
0.881901305099704
0.870458107976155
0.804016837561743
0.815491212283084
1.01952609447985
0.939575639106264
0.816095119537121
0.856441435058932
0.914179982305942
0.971687545420972
0.941882739078908
0.926793782231851
0.795211267584185
0.910427200581593
0.952354699510033
0.860331381177948
0.896637388928952
0.93197753144433
0.937585033267863
0.842088154838401
0.954211410172712
0.883580438013306
0.81219861298665
1.02804870296169
0.93176812032209
0.876232717124037
0.953184114374243
0.859970647795068
0.92124174512855
0.829977639099755
0.96484432513919
1.00100432274967
1.01639581786229
0.981687559877663
1.04495453023417
0.927483819027571
0.938873223006006
0.761566762565139
0.96810533359829
0.990763677143853
0.949816670054855
1.02219147438116
0.961963689682456
0.915355963511911
0.982937353094843
0.960331018844933
0.916839533481137
0.960542649258656
0.988115803310245
0.955989070165022
0.911951930062895
0.943568347895432
1.01645920090742
1.10056080667911
1.1108876746639
0.847810133379619
1.0929490175935
1.05726374659474
1.00014397432522
1.12185795732097
0.981736106107343
0.973635945714567
0.977877047656859
0.769467074069296
