-0.994595849252269
-0.865242296825682
-0.883574972527605
-0.913581335461049
-0.786964314195446
-0.973666982189431
-0.991319179600788
-0.961768125369103
-0.963328285218139
-0.937551136613222
-0.838895894389558
-0.909591057465728
-0.884737719852002
-1.06010168665509
-0.92746927593283
-0.939183025026104
-1.04812266766166
-0.900404697570337
-0.864217882492938
-1.09706346459861
-0.971654310051512
-0.938036610711226
-0.806229483545089
-0.933551200008349
-0.913357891192023
-0.981986139602966
-0.917770126995161
-0.924100686084252
-0.928382699570981
-0.902031749797412
-0.992488373457965
-1.14606269430071
-0.997459399366909
-0.951265346462602
-0.957853581775281
-0.979664092880844
-0.911091665107121
-0.903374491849037
-1.07243184079216
-0.923042281921239
-0.983892746739293
-0.824417169678603
-0.877276811241217
-0.88107276496166
-0.833756789575327
-0.985931872475479
-0.994322875227755
-1.03068409085282
-0.903875627094426
-0.845708343077623
-0.907541273980121
-0.934645919862943
-1.03807920969351
-0.926818243296137
-0.699229211076454
-0.778352907846907
-1.02335386157118
-0.85444196071947
-0.918572323761959
-0.77946036022535
-0.800534768443571
-0.945933583028731
-0.679284278322101
-1.00296980741302
-0.992972430334782
-0.791788479900257
-0.782692640755868
-0.870664545196892
-0.85444735439089
-0.843767459276908
-0.822438672204176
-1.05200059265278
-0.930047296408207
-0.835190714418127
-0.891072272185387
-0.777006402384284
-1.03098548710416
-0.75278695004577
-0.775700586570066
-0.757330172606968
-0.798575689690735
-0.94316048674016
-0.733960704135948
-0.781477963188311
-0.884260131729978
-0.869271718741789
-0.661417895132029
-0.832232040870874
-0.779182207174078
-0.788120712111705
-0.940898756438849
-0.605800619633829
-0.7899315409543
-0.843003182053942
-0.700458070097166
-0.819396330478385
-0.868307676407772
-0.87371363841964
-0.856873648686466
-0.610157035591407
-0.866222345400468
-0.734942547307146
-0.711314844283762
-0.744928512567845
-0.970296378104847
-0.903666795753096
-0.805609189607711
-0.669593899004282
-0.735087457905498
-0.91174675948215
-0.597123947657713
-0.722435312832054
-0.795213974094107
-0.772547601808718
-0.808724482911887
-0.766188839808844
-0.743769019756352
-0.741158969235319
-0.823909703053336
-0.849017523885209
-0.713462334577908
-0.787378263278496
-0.77240803099408
-0.950066868491065
-0.772696502035697
-0.797537868255067
-0.758910480542478
-0.759944748058733
-0.648644528285434
-0.835716374553553
-0.76801926377921
-0.626983130287508
-0.969393308220766
-0.739459644461666
-0.743722478711994
-0.822283880021856
-0.539617635401055
-0.641220482528248
-0.813369616142082
-0.725154174229341
-0.781345325222633
-0.726297549102924
-0.73056140376873
-0.732235108305904
-0.739850873830625
-0.738517572480452
-0.505947451981864
-0.70667420496325
-0.766836279670032
-0.702932105232405
-0.70078060537467
-0.580417588483977
-0.699346239750861
-0.877913154554116
-0.607850701214173
-0.638311533922274
-0.603206880081632
-0.621665888807357
-0.795265178170546
-0.726156146692888
-0.769558183714876
-0.638780467739966
-0.56740383826328
-0.595347787409361
-0.674257061563537
-0.704616154232126
-0.720536378413553
-0.683997905267998
-0.613267497222197
-0.647131799495285
-0.530624277605592
-0.626490390896971
-0.628790755412151
-0.655045094017083
-0.647332556414749
-0.747940500820109
-0.506292931745928
-0.60470856437089
-0.678439395055211
-0.544273246119311
-0.652006084342793
-0.657998285871806
-0.623506120576231
-0.678222893757855
-0.554333122018648
-0.713132721194199
-0.738285674806772
-0.4271106813051
-0.542302383768766
-0.554153492568656
-0.639918849730149
-0.654197653824923
-0.649326427896582
-0.632434295750731
-0.558275236149593
-0.677245101882493
-0.679150985773791
-0.621479397133435
-0.646541026383338
-0.691625974513202
-0.664894770598426
-0.542196907422694
-0.615517001371894
-0.444505213354772
-0.68602743799886
-0.615206947345052
-0.558884389856584
-0.680053287361541
-0.579875856075195
-0.549780528141519
-0.466507745839876
-0.430864435478843
-0.44633155168012
-0.508562594588445
-0.554599032402205
-0.73096246459371
-0.493504762829719
-0.51553404573687
-0.452567667390123
-0.6421840054931
-0.710180856327688
-0.499299819598488
-0.606547858578169
-0.573444696175549
-0.53542349013854
-0.553461110298661
-0.529404176251473
-0.626047754948268
-0.610533994991421
-0.543026033791541
-0.407348250497311
-0.512345536161246
-0.376511210483447
-0.531487330658889
-0.511573857981906
-0.55843232434974
-0.396236108547771
-0.696631949517353
-0.654117674318591
-0.547894636258254
-0.604828352661881
-0.537247752169151
-0.521173873098895
-0.475093392388859
-0.474750168127805
-0.553230849010294
-0.390229013391171
-0.520453114525912
-0.448041556805569
-0.334229081992666
-0.59583770242926
-0.429398126988571
-0.46055991039864
-0.420227583128095
-0.603840960532086
-0.50439585834848
-0.56615854123971
-0.48069358581317
-0.646697677798036
-0.593495314413079
-0.430028957971017
-0.445949305292576
-0.562830371507428
-0.426942742894885
-0.434118604557085
-0.538527546869951
-0.523877825287784
-0.372444280150171
-0.674624577757494
-0.521468734004264
-0.509494917720114
-0.436344278118378
-0.433262132045395
-0.424139084268925
-0.384295310099144
-0.417805134734954
-0.519330752954703
-0.38449102809575
-0.527030662481942
-0.636245730115927
-0.391873389200173
-0.487943857349914
-0.454370071609323
-0.364622859013783
-0.470282568252718
-0.535949531961933
-0.474844529158169
-0.467032101243179
-0.447036926503914
-0.580508086556955
-0.38970554865831
-0.419874009410575
-0.49208730063679
-0.447529959553132
-0.462592350134127
-0.330165048754974
-0.569366314566816
-0.232214134829627
-0.37743534517099
-0.490014132793808
-0.407425778950046
-0.456787275899615
-0.535712816702072
-0.359324181495815
-0.409152698112281
-0.425707525457857
-0.309788209672484
-0.54536227738248
-0.404136428606968
-0.432435108481691
-0.359158166065188
-0.403216963140484
-0.437691818713953
-0.363091378060245
-0.37041945338478
-0.374377503268259
-0.41710721785741
-0.402947919662888
-0.399140032921018
-0.34863078176394
-0.373640435518831
-0.424011306212868
-0.294461515055676
-0.370127699954821
-0.390714691716603
-0.577923718635597
-0.358450845030967
-0.266515531811721
-0.386500928522436
-0.3035619302767
-0.389805928227249
-0.39104338686951
-0.39744106212122
-0.434975667164866
-0.43995509140074
-0.42263748966557
-0.31650309189702
-0.323415315913516
-0.400651738195108
-0.409560492996952
-0.319769214820268
-0.168719971124333
-0.532716634694872
-0.259517217389167
-0.301543732439674
-0.216844219444372
-0.162108488308123
-0.258650214592708
-0.295443853366846
-0.335493028801511
-0.350457363711641
-0.352928652729893
-0.332916388762557
-0.157522821029635
-0.366832640005124
-0.461180177051872
-0.345996829627418
-0.312598574955893
-0.344106651465536
-0.369423631024973
-0.162434467221908
-0.368115817156936
-0.369250276608538
-0.39498441842508
-0.20041208733146
-0.29693211111025
-0.277172580266508
-0.27887137263767
-0.342739497576658
-0.287625653899984
-0.114652958313303
-0.292877262706453
-0.233978744250954
-0.327002531415348
-0.376587288733304
-0.256160975818204
-0.297755838480523
-0.285387915980213
-0.214124803385842
-0.32090823781321
-0.217249173388742
-0.0806012598950835
-0.098631894993788
-0.159838757863496
-0.330729789954658
-0.242655532489881
-0.19459840336374
-0.176471523875029
-0.0666797979545089
-0.250330329880389
-0.213878620396817
-0.289905205957725
-0.226496619304693
-0.234347405779912
-0.23616706619336
-0.237090718463707
-0.23519096011128
-0.210322570514783
-0.217750790955545
-0.0637300195136149
-0.29436055163995
-0.263636727543976
-0.178868768732965
-0.221223730634183
-0.198859007985086
-0.204243378464029
-0.124870928280433
-0.416291949070373
-0.228166053852819
-0.170793571076759
-0.146316025164829
-0.143947694319375
-0.222999807918934
-0.174500608405897
-0.124300164214187
-0.133538532854827
-0.214161697374513
-0.205986206419431
-0.131538060939088
-0.200215340145441
-0.192480407489914
-0.0792221652203135
-0.102114129700416
-0.146692248220246
-0.126875293465817
-0.160800319665863
0.0408615667712356
-0.257481166534064
-0.231260407155901
-0.142086010720134
-0.0980826190900268
-0.201777293365252
-0.134178644037095
0.0887653555908857
-0.0651604738511214
-0.209144868494245
-0.188797452376221
-0.153181489660985
-0.0450705375319038
-0.1658891008849
-0.155253765326146
-0.185241551223183
-0.0418524955400179
0.0124015235733589
0.0215805973234006
-0.163639930375861
0.031540741483364
0.0271393542638491
-0.0975504478873558
-0.194260001391681
-0.172121259411203
-0.112395142934544
-0.0375731542331342
-0.081095523320685
0.0794377458538167
-0.136300297060682
-0.131156951151012
0.00327316695371725
-0.0386094712284793
-0.0868602020803902
-0.0472397398955011
-0.146109430041105
-0.191783090436534
-0.0630039060571736
-0.159837658465856
-0.0462189745504236
-0.0438713087432563
-0.236585981742485
-0.0663004593685234
-0.18818970200797
-0.0205697997246537
-0.0254465140789469
-0.0469526110936663
-0.14791200583526
-0.060344013811122
0.0154428587185964
-0.0885145550017703
-0.01085802446836
0.0859476454522983
0.0124949035697475
-0.0779833995434194
0.0359720368104425
-0.132381506796028
0.0240014877056494
-0.0230321512007571
0.123250867567009
-0.160197656754678
0.0149721689088276
-0.0822848603058875
-0.0804554328429624
0.0412799877514947
0.0467792924955635
-0.0588632562326811
0.0265401877379916
0.0260050534989084
-0.101670369725086
0.119782803204049
-0.0310771550107401
0.0961557923471252
-0.0347579931250681
-0.0213041198941103
-0.0425399280032609
0.153071396038202
0.0431931870320837
0.0453297323005306
-0.202458857870513
-0.0715026445101014
0.0716506526372734
0.00746978273325557
-0.0621545612270402
0.0720095844880049
0.0654704127354426
0.0777069531217431
0.145205193709279
-0.0077958829932257
0.0962068251987272
-0.0178130275368588
-0.013541166452896
0.12388842741158
0.104772125894788
-0.025693944973242
0.0168193191200761
0.168163784334347
0.110461379136798
0.0465171785552307
0.158901673641528
0.0245339655746792
-0.0200239723495717
0.013472430982091
0.0674911671039278
0.0742542393242923
0.150679958388582
0.229009354631792
0.259822882450935
-0.0888851644782786
0.184609764735199
-0.0443067942023154
-0.0209960664096797
0.111602077260754
0.181283839878099
0.0353575100152238
0.211497851573257
0.00922871287011658
0.0438883553487938
-0.0734388400928964
0.158282781109511
0.146299620906551
0.137130731431674
0.0575718556057493
0.0788242334338985
-0.0763068376744338
-0.0110441279728251
0.0531603568924375
0.231249246952322
0.110602765277643
-0.018270606549171
0.243647551659955
0.0692610906120136
0.0784368367807533
0.236734172292679
0.145504983367423
0.167618574982932
-0.0351749803909271
0.0341150680730897
0.0191581338235602
0.228499426081468
0.0881301799308904
0.195602988308783
0.0204061441812134
0.139243276999214
0.241702407053915
0.0819280215060379
0.0739941314059075
0.23663918472835
0.232534120147641
0.127328237651302
0.148726970043816
0.128694921957501
0.104183440725153
0.185189644621808
0.235312653604407
0.199204533972737
0.0612813544321334
0.131848478029648
0.088066995071331
0.0763835859887356
0.158555871157837
0.286847332950516
0.203292761812138
0.203684630484229
0.0203568921859812
0.238430956867903
0.170004225367436
0.165816672043401
0.161832929521372
0.0763491708233938
0.21900514288076
0.209684636357298
0.312750557264626
0.261631366615443
0.264467261764191
0.153711452021665
0.163109997519676
0.150972555386721
0.129310735005741
0.30362779039592
0.190857343879839
0.318358942336834
0.330594275851037
0.373386751395461
0.134535079051003
0.215390646858208
0.261879875348054
0.216245585366018
0.103855968425851
0.240118331500471
0.201576011932887
0.0738339964796075
0.289473944287003
0.132022485574159
0.155264038252098
0.241286998182888
0.282259820500781
0.299575843898641
0.405824115283975
0.110698908206853
0.308260301406525
0.297427308034138
0.184786789790992
0.11768051924493
0.209378854907032
0.245388630433748
0.217923425343769
0.331616601255739
0.23183775997713
0.286134414664155
0.403731089965813
0.267922638480751
0.14136263892236
0.194839359833966
0.170975159107979
0.31114696321192
0.266770331602709
0.354231073154113
0.240810917400753
0.291104780429073
0.275018658705839
0.12186447987195
0.256127304958378
0.309961069634638
0.351028606348186
0.15944454793552
0.281354054319529
0.248940226846675
0.450534755285765
0.360952294842929
0.377393255010176
0.526164561492313
0.370040807593195
0.300261589533751
0.233006547051693
0.366537181021573
0.467225533200603
0.283025063853642
0.162809689601978
0.405064916792342
0.401787041973511
0.373895521721923
0.310796955194792
0.220640835363854
0.247469946561426
0.35427636818023
0.350904193387365
0.270575783938099
0.323292091589853
0.486651513560601
0.465006051968742
0.270529655466471
0.273025183504308
0.32102713316618
0.257377003279762
0.359171210841481
0.22460821790023
0.445498011339772
0.356284645190085
0.334674268108087
0.426937376813655
0.432477867314274
0.413653062659079
0.464231880762275
0.512237454345291
0.430733585882129
0.302059485198603
0.376670426567488
0.395497320118718
0.429296448573324
0.330507693494713
0.227092700364346
0.300954799181393
0.438660325499059
0.383064344088965
0.429671686784614
0.436809247515529
0.439960907288804
0.370520478700914
0.440834424627781
0.25720255810509
0.423455675036679
0.374420564747222
0.618119068332371
0.557760105846615
0.392829685688892
0.279499056906099
0.363985871157596
0.465555101446191
0.415404414687939
0.39776682860134
0.407860846966071
0.476532463924316
0.595278027949125
0.483328073012105
0.528668822315947
0.452499693551189
0.276842528416216
0.528155516415557
0.536409946736781
0.492559453264302
0.411733163718909
0.297455239165401
0.304017619210608
0.397912988702113
0.49814784711587
0.435262118749092
0.423422641014999
0.364566235285701
0.359160610598247
0.45265168714632
0.532241715511662
0.498079318124604
0.3030413332041
0.479944781259053
0.378843702100504
0.358808076982661
0.370590998337627
0.531786108592877
0.556170079409109
0.283918498376603
0.392690628818686
0.521513768864379
0.543323106461433
0.488286527977397
0.519561297830137
0.422837576494242
0.463862416684086
0.613389967986296
0.358098592009222
0.636366117346782
0.509725516638024
0.368773887592575
0.448870326843787
0.61062707401659
0.597864764925192
0.541639817957246
0.492578485601697
0.492995908200428
0.605565829603528
0.53917598790112
0.625375901826153
0.598762148657732
0.601302092128211
0.49164883591848
0.518740056229022
0.503621261374101
0.500075933025095
0.765816034026709
0.583676061911099
0.49341738009507
0.382521629622338
0.533838759116841
0.659383246099384
0.512763533915069
0.667260714750095
0.47824654050674
0.598109916992619
0.740770545700722
0.61254595039592
0.582461218448905
0.686518753175314
0.632920021549515
0.577161423885168
0.763292540301729
0.501312175547294
0.633676629219989
0.531137138404542
0.583479311408492
0.564931030758445
0.664877130121179
0.618064616046884
0.591670913523885
0.538345129177112
0.613003669829489
0.485563762817379
0.611524378462317
0.705935908843513
0.611878413593871
0.598819579915636
0.568249833781532
0.515042465158289
0.671655927550361
0.575833999671986
0.797334131505567
0.617806506401488
0.492814949763854
0.612860504758251
0.587060677120331
0.711468806775415
0.585314653912633
0.691741858633053
0.649145237127242
0.771630269444661
0.652518579346452
0.71687877412537
0.640085196723004
0.745137546900087
0.633479881324005
0.563355614429903
0.744673365613924
0.606341747189637
0.652193936871896
0.803908402115104
0.737795941907221
0.73099819394793
0.715910855606986
0.627343106693973
0.519757946916144
0.732036433142
0.595796379358344
0.600316537119235
0.809025476706097
0.700754355348905
0.542946637781261
0.560672987556322
0.79266320141653
0.540567697174903
0.717076437742385
0.628952045271988
0.873738824654614
0.732987256057495
0.698197788854539
0.708165783429188
0.682805257096486
0.756228413218343
0.83494456083261
0.630188975565201
0.729484357571294
0.839612507631784
0.868487360291378
0.703319944942318
0.788464670346148
0.813197314922285
0.665664550319236
0.818026183224518
0.695016637010282
0.683289607799474
0.719631317303433
0.808787633855099
0.805685841199714
0.676503071592385
0.766347074948518
0.711257055667101
0.700815781703431
0.697984037279056
0.692553803994333
0.894905648404341
0.834586056885525
0.716081829294801
0.787087958937557
0.775002631674092
0.711231371121651
0.790465248079843
0.816376318692453
0.760550387209677
0.849854894576822
0.833129966356011
0.869957339754682
0.865649074368712
0.688303097655567
0.799574721061256
0.797555973817501
0.726980508315708
0.872948600808815
0.720109366792606
0.896178886362939
0.837997234405223
0.954432131925532
0.89479319159384
0.847944942102081
0.736368946843192
0.739282871569567
0.739664321702604
0.874218426429712
0.864246268676347
0.746008334553565
0.899451403564294
0.752392080841805
0.930069663848899
0.892699060410701
0.702844517587301
0.890873647913448
0.751761403773739
0.684529671649543
0.721160661273319
0.753628042957854
0.96822931939238
0.954369305917007
0.924241668159295
0.790471554789778
0.787017888712305
0.740260978456736
0.961296638503357
0.812985522806409
0.878641727600592
0.82007911883183
0.835246219843948
0.780115359050227
0.862207223483087
0.858030301385589
0.809602022934438
0.81521710869739
0.977601814240332
0.741166759249789
1.00073541188671
0.893617176062537
0.815449864730345
0.794493692654734
0.720234883865107
0.732508872876976
0.894912251404207
0.898337175376092
0.901678131759294
1.00874313969066
0.855079588049555
0.884797881711915
0.96344760276403
0.861471295392737
0.775961064024604
0.89338907576627
0.89416055415793
0.949477688657877
0.999083125329286
0.991394272793604
1.0681763268962
0.99548193961628
0.984278483543451
0.88290234606477
0.988069229603947
0.994579216280214
0.897715594761621
1.01680884911331
0.831779625857326
1.14513691190425
0.992879870167465
0.769703431953385
0.993946164516764
0.898536876053854
0.748575255021678
0.893040891911868
0.951857223645174
0.919591662761445
0.821010636987139
1.01230331922383
0.979298948170885
1.01482168472115
0.923266330258847
1.10225918690724
0.803979732693424
0.99939287477601
0.904903160676207
0.848864009596458
0.87293184371852
1.09811426857719
0.906041738269755
0.959979827052425
1.00441053666031
0.916152092963192
0.949127932815866
1.08182012798852
0.958989735756883
0.963314508912192
0.942042209255578
0.986823897688001
1.05380333235161
1.0093387303561
1.05070064433575
0.907791176068452
0.959886934358792
1.04396975459491
0.995176947771458
1.05011375243078
1.00403026573453
