-1.11292099998018
-1.10737739439987
-1.02476898088098
-1.06704112627801
-0.968650739612605
-1.18257631536323
-1.06401381698664
-0.93105326929238
-1.02503737633556
-0.822246586101289
-0.907567431593404
-1.0758611410938
-0.999807691144086
-1.12400853681946
-0.951483390546891
-1.05191291717387
-1.02109549102008
-0.856266493007569
-0.91794190415443
-0.887209654207799
-0.908840560843461
-0.896111888133394
-1.02104576193598
-1.027985666176
-0.995365937230117
-1.05823181400373
-0.900067223480334
-0.858473698644871
-0.837271873536314
-0.895660895663582
-0.845604063051726
-0.978689186921236
-1.02487728999407
-0.81922841369683
-0.932916778414425
-0.927483633700582
-0.934236147140853
-1.00315997501387
-0.826834325006936
-0.966238747460425
-0.960824946028552
-0.927877088867366
-0.936815938524632
-1.08960931920034
-0.729658173890983
-0.991941059069326
-0.90423006261953
-0.904464402698834
-0.910418716565805
-1.03498674333357
-0.71509149037981
-0.907343117321605
-0.873119786980581
-0.896773307170515
-0.888840766160876
-0.838588945747466
-0.918071003737903
-0.739821243769941
-1.01465487421185
-0.844817981471198
-0.926322611480597
-0.797778736432896
-0.837271320407084
-0.882307561834436
-0.74108668745861
-0.85220104668042
-0.913769608444226
-0.803139658912845
-0.798026398210384
-0.776390013611465
-0.833052458434038
-0.816595513788973
-0.918169133893285
-0.804684173677253
-0.85726994074875
-0.860499884210206
-0.855714473236528
-0.721417301296004
-0.894597317472996
-0.851321375237297
-0.949628832371476
-0.937758103249693
-0.858237161308571
-0.893436246277804
-0.685629604875477
-0.938462631609626
-0.832601216680401
-0.848131317008489
-0.940804449240385
-0.791633233341329
-0.834542752069557
-0.915442937982191
-0.947716251570694
-0.640987818453856
-0.820604597563312
-0.867557304843455
-0.759043591650731
-0.83237230797035
-0.885751154333871
-0.796868558830069
-0.911906965341729
-0.782195089906095
-0.747234032529212
-0.901216122021345
-0.747134366046027
-0.84732739504035
-0.846020551779696
-0.83310627013716
-0.747025816142109
-0.770329127195677
-0.733185652453749
-0.746631532055818
-0.646816589374544
-0.809598074064904
-0.720906235456695
-0.784381336248222
-0.834496558083714
-0.732662613081985
-0.669518986013746
-0.791290491657136
-0.706610637767326
-0.905199093170839
-0.662732212939686
-0.710671698453375
-0.686165780660438
-0.842298405505614
-0.764325168890745
-0.701243196250793
-0.83378471461643
-0.783343960202986
-0.654633354315547
-0.823873509387714
-0.691859895065287
-0.639027590077185
-0.718021301688175
-0.716893901303676
-0.769430338411305
-0.859728765768112
-0.748040551710034
-0.84177202316114
-0.837989977256689
-0.62142825275708
-0.640497336720231
-0.740236300294698
-0.624156674723294
-0.687980364119724
-0.533068197550223
-0.418655925997088
-0.670360800718938
-0.670873253112684
-0.632952722626944
-0.663354486254962
-0.740082132435529
-0.502669404315107
-0.595192530519825
-0.537295747803266
-0.651847425805096
-0.425949560094273
-0.756922352279101
-0.753514703487012
-0.576030052894171
-0.613302228099433
-0.606842351673914
-0.628847835669118
-0.681660407861858
-0.695137567552221
-0.744892483777888
-0.688584544068689
-0.663369431518832
-0.622274525857942
-0.56699001464346
-0.661766955999512
-0.624739845599892
-0.613390893420819
-0.608636792988638
-0.693968383892071
-0.688110434812122
-0.645301586974387
-0.537002195312244
-0.692708668940018
-0.64835706747686
-0.504843410090553
-0.684097972279495
-0.65344397794862
-0.517444716284842
-0.495207002551065
-0.694290056147479
-0.70143018248393
-0.596344436166826
-0.668579857169373
-0.663229311952236
-0.53823967304132
-0.61729693660557
-0.700886548779646
-0.652485839369994
-0.658926583090856
-0.604702265130786
-0.820760364381016
-0.544757095070249
-0.581271750763403
-0.495624930047393
-0.664534592515553
-0.480938824956162
-0.571005667197311
-0.689014108430912
-0.561959346002398
-0.606881548600746
-0.546541583031313
-0.62953153732798
-0.51094580318626
-0.527154263562889
-0.566899677459987
-0.629106508720471
-0.396678335618063
-0.433746615432178
-0.629758742089971
-0.639289769778439
-0.701195872402824
-0.535295479080964
-0.52794960550375
-0.59703446735853
-0.430611873648661
-0.460345577850753
-0.702615235967674
-0.444670755758869
-0.720316942528396
-0.437716239291547
-0.607218134182184
-0.611336865420979
-0.511384845035476
-0.431395553050456
-0.569785571649679
-0.562074803647468
-0.66394207342989
-0.653332958116198
-0.60084009547697
-0.471934071864811
-0.461455549687957
-0.562638151973907
-0.348699337093054
-0.455089688529969
-0.600863459254244
-0.433178623276079
-0.419230331129203
-0.550562669004405
-0.541820647545255
-0.485771017927107
-0.507255558193459
-0.395918774308926
-0.507254707380499
-0.415265129214897
-0.470464596400991
-0.483520202366781
-0.613019169168425
-0.636598883096468
-0.505105055538507
-0.521945596556045
-0.445684930706672
-0.452605958103375
-0.517032488349352
-0.47001863305148
-0.536694733664112
-0.468830884308443
-0.503656807477735
-0.456092497295771
-0.334683168858008
-0.568663298219842
-0.424205097529308
-0.576685293871062
-0.622402645818423
-0.303522372869926
-0.468708691137383
-0.468880457482711
-0.416453434615512
-0.405565147047768
-0.475714148733061
-0.504100962029729
-0.400263617609604
-0.507605601643693
-0.409266868103802
-0.530514113543725
-0.400825028935646
-0.309422235226105
-0.474043907760379
-0.367765645355256
-0.494178240403912
-0.421510641556622
-0.390096930669176
-0.501699422476683
-0.357992560705084
-0.417924922526314
-0.351072682095925
-0.425887313282654
-0.399846685643884
-0.536933306080258
-0.6139401177194
-0.541328461697156
-0.385121723781548
-0.320128139471119
-0.436780278567412
-0.411624592824818
-0.459172711558665
-0.339481393681232
-0.364849841033441
-0.397101103721
-0.349933890835502
-0.471592837081128
-0.429141554080327
-0.330360711105666
-0.31883211172995
-0.3621487872008
-0.440178642891488
-0.446696972940239
-0.367117663168883
-0.320362298579078
-0.391017161101648
-0.22628483854487
-0.321832782719504
-0.238270497049143
-0.323670594679259
-0.345590644510722
-0.276096834723274
-0.370308154199187
-0.164691714921769
-0.30943740946918
-0.364604551548018
-0.298821852654317
-0.265816104317694
-0.230513006445167
-0.341999044986718
-0.246085090327228
-0.321454645476514
-0.268280292011626
-0.33411306089286
-0.351715214921493
-0.480890902585418
-0.327904895467831
-0.213994883986506
-0.431098991394504
-0.462885213569857
-0.231205693354874
-0.424940497118028
-0.265969082121817
-0.296645824933091
-0.334194999337589
-0.348430989249472
-0.225795005087518
-0.264225536458633
-0.287218647659859
-0.412228540777096
-0.242361872641909
-0.285121644428122
-0.36561639158711
-0.394245238050886
-0.4507567658682
-0.14808885113967
-0.288144324528832
-0.287682776258044
-0.193895236686232
-0.287634148777986
-0.148019486217678
-0.283753630474547
-0.144032956473001
-0.288997326733504
-0.353836774847678
-0.281168844439488
-0.28443199380346
-0.0972361246545569
-0.246232654150217
-0.210775190390155
-0.292368813361067
-0.263674122696752
-0.293724357437669
-0.0822037798068034
-0.309903290168235
-0.149881937380906
-0.512097068117048
-0.22365318295034
-0.113459854423276
-0.0972309635015376
-0.387287257981024
-0.298607140088082
-0.0403308802752486
-0.338940691285792
-0.2187480157277
-0.276136498092125
-0.0787226011193849
-0.24158198447974
-0.249237930136611
-0.189025799575943
-0.157289126973515
-0.165502214567022
-0.0713270033748104
-0.272052942242714
-0.241827384287198
-0.243921721373563
-0.191572726036493
-0.201299645461895
-0.136552610873202
-0.230984092381551
-0.16797418747277
-0.165139787596608
-0.155199582691168
-0.21235545399237
-0.121654601604321
-0.0915022651640405
-0.227739701235351
-0.2844827264188
-0.183327538163584
-0.00433525220328542
-0.246280920314811
-0.320095090321292
-0.224106620130762
-0.0884668825026638
-0.159671798135762
-0.212511877807895
-0.124922738297341
-0.160227655085536
-0.176731500653187
-0.0686922552743814
-0.222645632789075
-0.0620981419289305
-0.241414402171415
-0.126377739906185
-0.299215250797356
-0.160209386102774
-0.109318891329665
-0.198216097980998
-0.0191764051270071
-0.146065274963385
-0.157692555624769
-0.382632596164575
-0.117485125770813
-0.0223290784634283
-0.208576425428049
-0.0241262994998751
-0.245728378497859
-0.0811755167035749
-0.130880231360584
-0.280506867366614
0.0533542352007215
0.0114904689508467
-0.153158264750181
-0.0932660934065645
-0.277475833069208
-0.0565629944031233
-0.113036700397083
-0.145629059778175
-0.258719091828894
-0.0991683794831543
-0.123417368842424
-0.115197612764404
0.040564274126579
-0.0375733797321175
-0.0839036344382663
-0.0993094491541465
-0.0389057685053621
-0.0376422525039397
-0.06540648620719
-0.0684044232197048
-0.139535470749472
-0.0717149236226164
-0.140358399378762
-0.0624004202382768
-0.0804688893414455
0.0381201866064356
-0.00170455020422735
0.0404701727720272
-0.103764074356881
0.104657489237247
-0.0671141635462602
-0.1525075621341
-0.017025318079046
0.000301676279290524
-0.14732472125194
0.014840137603664
-0.0478715367912835
0.00149890050707373
0.0146726996822044
0.00206591242879216
-0.0252601807414078
-0.148580126372551
-0.144826948526859
-0.057100547265241
0.00350322083703825
0.0168102297147609
-0.0738706538244539
-0.0878222081904083
-0.119792778129394
-0.0445133723226348
-0.0724477625435337
-0.124538101138908
0.000170314272179495
-0.00322055167992895
-0.0381145383995662
-0.0180501459936728
-0.0656077329948016
0.00904890138825668
-0.0865461334871397
0.0584974706299947
0.0148690462423183
0.0176749577376811
0.00292692374376473
-0.018843226190117
0.0515626647437529
-0.0449293974585174
-0.0962669319446751
0.216627357647185
0.00983368734519522
0.0535938891153608
0.103155761135988
0.0542325561372423
0.176884968043042
0.0176969877314594
-0.0596444485267165
-0.12226370195917
0.0349129883749492
-0.162983840530154
-0.00510989513332646
0.10886504918083
-0.000127158989196539
-0.0401892525958743
0.000614019033713936
0.0847214455611854
0.0265479894088084
0.112599557979877
-0.0391231831819745
-0.0568965266882811
0.131905839857903
0.118921329524543
-0.0453147884737292
0.0307160613952198
0.0272835019741372
0.116589187280913
0.0653876968611772
0.0915218893523291
0.123516052661004
-0.0902829591773448
0.0138932990661532
0.117024303340686
0.113533112012758
0.0273846167579698
0.103329388887174
0.145637173925244
0.0686398365910485
0.139151507818409
0.133133163356971
0.105165346371608
0.127627047765731
0.0501615609700678
0.149120204704756
-0.0192722203134682
0.0354725605427177
-0.0487433856310963
0.0940313141850299
0.0342025101392677
0.109074083479809
0.14063782675452
0.0998146205618382
0.138366882231369
0.0452737481551462
0.138210516658317
-0.0348260314466589
0.176536209386363
0.114692814213392
0.153765512285143
0.0605608876515862
0.12305873402652
0.112933236487419
0.192988347626772
0.243241489608054
0.16722023830479
0.218878597753505
0.13065155611669
0.131745318910268
0.287299999778142
0.00326712120486617
0.117192507615518
0.192881454011665
0.253317772255036
0.264565494245563
0.00866967457488524
0.108990791390273
0.259885487282416
0.198991403813847
0.18930832574475
0.0616904866889718
0.0568011754921499
0.196345819406659
0.29284532227454
0.0616536569971181
0.236324097620804
0.134080044144868
0.209579083359384
0.0560277552712586
0.137387221021485
0.141857975274195
0.336334758742752
0.350733555533509
0.0316331398306501
0.113280384524353
0.298820878626509
0.127797531544371
0.18534244833743
0.194626499869174
0.209766839332699
0.230015659950876
0.124801583765497
0.305756378061472
0.144697647092807
0.191925073001007
0.324602777168863
0.179504481308717
0.338708032964493
0.393737570744824
0.214456587800503
0.174229331727842
0.320990855119974
0.419213563551716
0.201284738788824
0.36514139343426
0.245703182457294
0.103323290463129
0.20302088489679
0.298001322729395
0.126291376089524
0.262906851123721
0.327815444274037
0.400376933635609
0.250752985087087
0.255079595182903
0.189114126893701
0.269241612208887
0.223150758299269
0.187383074124783
0.191687042281644
0.343913637612828
0.247437628247658
0.420504714892287
0.286716825807124
0.344593830705145
0.186013116035009
0.301066244408947
0.302176615228991
0.274714449448484
0.251329572636972
0.180666133090774
0.21813647536517
0.289595456902714
0.298201111889825
0.367758986268336
0.246977941654366
0.238260633862043
0.27563729373569
0.318531266837348
0.403396389079645
0.301616231236741
0.337344012156792
0.405559512844048
0.315185098607056
0.302922545040145
0.281414243864216
0.298549918683622
0.395140537470433
0.348000224697933
0.238596030848484
0.366978386181966
0.460747621185596
0.437508206397245
0.242238338809742
0.323507916509783
0.2241260993033
0.325754064133276
0.316677456071736
0.435608865152002
0.227226820841892
0.378780453332286
0.211330572393124
0.317023156745528
0.230734934785911
0.337050138591873
0.339469417162459
0.391044471963299
0.409236250464817
0.377724425637215
0.382982293223267
0.428484400811486
0.293289261275253
0.476404224352873
0.336960653156477
0.351549975477386
0.466651809603456
0.431586927633473
0.275775452023644
0.394990348360259
0.333600214450562
0.356949976826017
0.407000871530123
0.483747383735904
0.388315298360772
0.341116184928001
0.516355716971543
0.372766502445385
0.40040139105058
0.450347110034086
0.315796439322185
0.331561124180478
0.373134323014735
0.470595621899567
0.442850718811621
0.454245729767749
0.457599752868586
0.46316296423658
0.532785639505962
0.419558788755783
0.360305349147691
0.518051327240683
0.359901663231882
0.521286364144155
0.523158901245792
0.461041930104176
0.58799775239656
0.360596184816555
0.358157264013573
0.238104560346704
0.461046787371778
0.364054276581353
0.422573352413758
0.469097197633567
0.568829781840571
0.464892109711229
0.377476193357621
0.455487629134951
0.524496985002985
0.46503085748393
0.52197131570917
0.496092204201771
0.482083424250167
0.554386476177525
0.618314742369451
0.402354540342828
0.597063171360841
0.484572954758727
0.530862027583382
0.510051604926828
0.449752552730426
0.515183346937743
0.546449717209466
0.544864248174935
0.589070209199737
0.436432351846573
0.51165019454549
0.529561892001359
0.39178728699708
0.525610150428529
0.447502267842684
0.592672685101127
0.567854551202823
0.663376527441184
0.539611458954886
0.5823501051138
0.417369110713393
0.476956057416864
0.356282456789764
0.499156635369293
0.616469997296598
0.534134964909895
0.689421118236876
0.418263875712857
0.454125732473198
0.531881480765721
0.644571246771635
0.434240567011283
0.551936106659886
0.523788105682711
0.492824263113028
0.541728412994976
0.577080694291452
0.597417228427567
0.5982723295563
0.568039297678208
0.601376007439538
0.608247191298365
0.612432765611898
0.524644199288322
0.586339747240033
0.594705618598334
0.482211207098295
0.742435076127961
0.553999200765119
0.515929233440842
0.571991241237773
0.548434614650562
0.567424661859035
0.62945545449757
0.744160237585428
0.51033466167483
0.552555060277019
0.518145656381315
0.527914503464438
0.57949438476844
0.525876403956898
0.63544523665114
0.56317428314306
0.718819109361545
0.555746891617759
0.581154681777035
0.73451797135433
0.509355208108605
0.617978783491827
0.509425058569288
0.491584840334725
0.569256134837271
0.511344310573962
0.643261103381468
0.752092672336937
0.720998965108837
0.705630040132986
0.669742952676449
0.628138040251868
0.579449352893617
0.733325720714548
0.537922125960685
0.568297830299283
0.682611955414239
0.584506631528201
0.585052860183277
0.62504452084619
0.717024190709249
0.861942563911295
0.671915323179451
0.686377623441886
0.689470435268245
0.736612885514574
0.60421882561278
0.717917134514877
0.585610365649558
0.690728462464127
0.593360859829199
0.664698853195104
0.669427587393736
0.677501289244148
0.865049280663142
0.546666757262228
0.656450580823729
0.701768844530883
0.769587402882949
0.813859394718923
0.585670033312722
0.699779292707275
0.683645199777384
0.834010422680926
0.718929771154769
0.836646410045727
0.742634414231218
0.722800813966124
0.662936269874031
0.824438079961717
0.726022877541092
0.828646312596936
0.705663084497114
0.731529139021864
0.585125849891805
0.655564005851046
0.778333507993346
0.792504666237375
0.736694706871846
0.824634457538549
0.69752799656489
0.730302959218427
0.782338645575686
0.677712856090026
0.752308593607893
0.64412156136352
0.790777655581813
0.757593127361281
0.672284417121928
0.68559990993216
0.720250013332353
0.65950984878673
0.698664291299966
0.661775761687847
0.670000600393298
0.806819518510556
0.743997176971203
0.749870200563275
0.760983466391927
0.641254988829862
0.648680309371173
0.700681578281168
0.879652493187188
0.859726717701322
0.748006490942625
0.753825136818711
1.02352582136335
0.807752710985127
0.748872854700383
0.668937491043648
0.743982974131391
0.853779262986115
0.82112171629155
0.764934355451735
0.878194351135904
0.776674906168272
0.71672975968406
0.711440777197214
0.811934251035263
0.653583712747809
0.891202606279522
0.622872007581626
0.850391282964372
0.783894919123494
0.94777058213636
0.960560499689237
0.933547461350245
0.883399342777596
0.76272938375058
0.865168467625327
0.754315618113182
0.834191366146252
0.755566751259196
0.813930526418447
0.871960561707738
0.828547166274043
0.692200754259258
0.978326837756811
0.867435307419685
0.89427292471422
0.846287820118436
0.914702267661138
0.871147613299301
0.925227539618764
0.93925661934243
0.787446106328782
0.896251996558164
0.915346403885053
0.874859827765979
0.853572479166445
0.943952978820155
0.962213892662264
0.790168890896943
0.901635510473436
0.85886606261679
0.897139686470534
1.05224995686148
0.838623902044941
0.829873874707222
1.03326462565833
0.950592383808395
0.901835804517699
0.946366183640589
0.96728428038929
0.970330629578347
0.83457305058272
1.02185334480587
0.891791491007004
0.888214157659261
1.01909259474937
0.902816469883253
0.959164646572916
0.902916097008978
0.794691273302091
0.999915632009652
0.914370037300707
1.27285396798662
0.881160042909638
1.02298537055303
1.06535464198145
1.01568583781759
0.881111748023058
0.966172175414984
0.85735388880406
0.878228060150123
0.837424625542598
1.0535545966848
1.17956175965251
0.986605492613519
0.995607030266697
1.03203131195514
0.94327481775984
0.895951163961005
0.975575004382076
1.05046035510855
1.01583190702861
1.01435339360603
0.961163899116518
0.964073071898985
1.06807537958711
0.869905971697604
1.002411208112
0.917693328156193
0.903766365232095
1.01596216054923
0.766998660115839
0.888647218168043
1.05781896386457
0.971599520813124
1.09382312880014
0.948100076965643
0.939343400543042
