-1.04579770851809
-0.777351579524825
-0.97914585841215
-0.865510623401776
-0.965981475761601
-0.906029265605348
-0.87998318168353
-0.900753343541271
-1.01397714371664
-0.921271108285077
-0.830074927737846
-0.884848648020803
-1.04397419801562
-0.990599252240541
-0.929724718371731
-0.993812711530096
-0.870509899090084
-1.05372171781222
-0.878585870736574
-0.923824843766968
-0.900995998256017
-1.06835880672049
-0.898120302337255
-0.799144898879535
-0.936206531798998
-0.977781315559057
-0.891010216219419
-1.01155827105952
-0.737374993313203
-0.942791005385185
-0.863859918807526
-1.05625667248929
-0.980223379060946
-0.831157696980397
-1.0892196735302
-0.874231619343735
-0.989364674856932
-0.830172947161149
-0.919010670119967
-0.961620973293621
-0.82542171528865
-0.907764952269372
-0.944747606155044
-1.05505392157529
-0.944526509058442
-1.00753072162918
-0.8430735757739
-0.914334237720327
-0.904960027493662
-0.916583171065513
-0.948134420177889
-0.81104988757168
-0.921583237683748
-0.697101745520542
-0.964966991212062
-0.749489638483151
-1.07637019422847
-0.924577743479764
-1.02786999334174
-0.885014271635244
-0.913082317350777
-0.833140113328631
-0.833813924761058
-0.867047012666383
-0.797012756950539
-0.975334465826692
-0.831591088294065
-0.872236738925913
-0.774357802452086
-0.72369003351956
-0.896856351945495
-0.812779366369132
-0.78529906306987
-0.861663154549424
-0.908526048197358
-0.876474492813929
-0.885409821186656
-0.821236856854283
-0.836067144129593
-0.967256318014589
-0.695327717577645
-0.807919981440823
-0.901053784100211
-0.923432624007157
-0.935453922571134
-0.786587495872916
-0.820056663160689
-1.0122380612362
-0.973206934573339
-0.765704771741198
-0.882474608594401
-0.831526161282375
-0.938059366730484
-0.762075873529596
-0.851837938449424
-0.954821833696257
-0.819345345343888
-0.759438487166081
-0.826220865676984
-0.745757196948132
-0.816712696151046
-0.835910201212508
-0.682001263227924
-0.7931932326086
-0.883180278663251
-0.855894255445327
-0.84295740540934
-0.795529115884846
-0.710641070046274
-0.801727011995103
-0.722054512903544
-0.761825494507162
-0.828519245311141
-0.764575406218941
-0.830553124645408
-0.688287218267294
-0.676444253022475
-0.75235692861684
-0.843144795125695
-0.763974643210753
-0.87761765505465
-0.687987733196705
-0.749144693421994
-0.757512914384333
-0.815465964705009
-0.710306085777953
-0.691856062158856
-0.713611058038423
-0.722771838315978
-0.570960998351838
-0.79741283690079
-0.925937162048045
-0.662247241930298
-0.794500972178763
-0.615043839676387
-0.715890081612666
-0.710302518139861
-0.498353548228912
-0.647185275907162
-0.626474996008442
-0.743319734112133
-0.660212222683919
-0.535395523452659
-0.667840646847098
-0.757656073391099
-0.683855872868819
-0.70803780410678
-0.578262459155657
-0.739328029697425
-0.667960570820584
-0.715286926944785
-0.900141003678603
-0.755904478810531
-0.630992630546626
-0.668531048897639
-0.68078585660766
-0.646657401935712
-0.642836088202721
-0.78088096907619
-0.654085970878548
-0.61889737447496
-0.581097218830977
-0.725308543424281
-0.664567406999192
-0.610078481054483
-0.61319922033183
-0.648845398608156
-0.445341103737608
-0.584465597589402
-0.609268462333982
-0.565903774693987
-0.564856030851085
-0.674164445256831
-0.525689628034558
-0.761652844556259
-0.621798145728187
-0.717871652490142
-0.50461266002684
-0.56197108742076
-0.70323628176705
-0.567904711715459
-0.551827244291203
-0.689077881831826
-0.52283317784152
-0.538540205946534
-0.841172954769825
-0.687349830210888
-0.538407056430479
-0.62353477698964
-0.523467275507355
-0.633763492922438
-0.607488721796819
-0.618457153328896
-0.754565518262852
-0.69129711681934
-0.706725058823971
-0.539143653241552
-0.760915126790018
-0.678058407181869
-0.639700441854902
-0.719467755849417
-0.684537681850802
-0.539877242083042
-0.514764548897376
-0.713154879980545
-0.628768181781831
-0.606092026910154
-0.610050110051427
-0.543923352838684
-0.658180269389314
-0.620082659392129
-0.488746950581534
-0.476080279621266
-0.498752704942942
-0.529908134032872
-0.527784856350921
-0.610839998265786
-0.454067220928539
-0.564883763697521
-0.499334260044818
-0.616743886966588
-0.510248368189827
-0.573155196704683
-0.49406126182067
-0.684030601132768
-0.518332401031388
-0.538771154146828
-0.559128202510677
-0.515377974532993
-0.655809841991523
-0.586506652874791
-0.585585658851287
-0.537681258183397
-0.724736505503801
-0.512667567998391
-0.482797350502427
-0.556730815821688
-0.400489053682208
-0.553063579965263
-0.652491328573703
-0.467719139900484
-0.56555355630181
-0.477244443764836
-0.578303442373667
-0.496905465082993
-0.449509598733123
-0.4117145032121
-0.619950730397784
-0.42553000907059
-0.581321671867809
-0.478899631495353
-0.566027872861832
-0.388865618817082
-0.549616339199105
-0.348933908061125
-0.377259121679161
-0.427723695692665
-0.520237073213727
-0.514595847357526
-0.396835741867913
-0.473531047010706
-0.444110618248465
-0.486200218569639
-0.424994584742112
-0.481222649518093
-0.594563528694809
-0.34542745562566
-0.490734676089334
-0.376872103001848
-0.529436074755107
-0.450082685873321
-0.327030390238105
-0.445165286868813
-0.476759046256873
-0.571343494553194
-0.436267897020819
-0.437198102126136
-0.481889750262675
-0.292002721749907
-0.404974974930237
-0.524427238754437
-0.446748728202573
-0.374808271851677
-0.334555126920823
-0.263474193832187
-0.284559263572006
-0.437254528118582
-0.36576404400692
-0.363998521120055
-0.321735980620672
-0.310408348984781
-0.448261411648022
-0.406156956834122
-0.404880803436539
-0.313536428846372
-0.463911643779611
-0.503151089547777
-0.328504497403765
-0.209847707628839
-0.437881058065888
-0.320195624871117
-0.336615991386955
-0.368022864786436
-0.472515363239562
-0.341694096562621
-0.450364022792669
-0.451013241555323
-0.526115343743962
-0.348370497878864
-0.430118540087579
-0.331892834199645
-0.429698734059787
-0.425977945531591
-0.415622514237065
-0.402759011699409
-0.342272719801258
-0.508534329631877
-0.329709826139088
-0.349636985495147
-0.375530159296143
-0.354661761884644
-0.510418632431559
-0.384006583015672
-0.2390164226343
-0.365797142003587
-0.381079200052848
-0.303743217887927
-0.353973035681669
-0.473738895218064
-0.338788129593987
-0.320080970187906
-0.306055947796863
-0.239513890359206
-0.402724817009425
-0.38163460971493
-0.323159041217582
-0.361608558845829
-0.310528057435129
-0.248988306477976
-0.337573893858598
-0.310924218374586
-0.459208507658914
-0.233840383000778
-0.187364701059157
-0.2405257399901
-0.296829453578291
-0.333873504063302
-0.194794227200628
-0.244600729408388
-0.450139432673932
-0.198669181715771
-0.282185949205379
-0.431613601989647
-0.31676972785348
-0.318920700226658
-0.238506632302107
-0.25329484674168
-0.269236957767785
-0.267597493739753
-0.415231768281223
-0.250293119705424
-0.192591464922997
-0.327281314599068
-0.284855156747925
-0.350185835044539
-0.235544266390955
-0.340956816890722
-0.395195505344415
-0.294642405877814
-0.102814808764159
-0.295314660900755
-0.19453222653342
-0.299478290013602
-0.212512976903144
-0.288168231200329
-0.305615516304985
-0.225672821318174
-0.160804115524956
-0.160044702653853
-0.260591998996261
-0.398255789987376
-0.148514804700474
-0.245373837833228
-0.242019026232142
-0.195469842508381
-0.355311643512394
-0.173856182158368
-0.0987922769257029
-0.366953374331604
-0.252339648251634
-0.238604540249554
-0.126130060342368
-0.219762676050194
-0.276124463006295
-0.241298183345889
-0.403129890710382
-0.149986409062859
-0.276565461992275
-0.145549541736217
-0.208621273132885
-0.281322534230186
-0.172527984279901
-0.28034205311873
-0.266766540142549
-0.172511958153158
-0.110016146107464
-0.247969625884583
-0.121500159101741
-0.20175982948324
-0.0558826345238861
-0.146340552733095
-0.145254216717291
-0.257702529537187
-0.174617025490309
-0.268919450192325
-0.266052786400076
-0.074892827929724
-0.164946876017509
-0.128195522320014
-0.0994474659765235
-0.222177081932391
-0.0347481911220981
-0.187384750856114
-0.210278699872599
-0.075772782140089
-0.150236066724378
-0.0244929936621022
0.0403499834163209
-0.0814284698045201
-0.151339488313848
-0.114072040266532
-0.191607948668736
-0.0660736910058099
-0.111487703226227
-0.15654467410838
-0.123956830107866
-0.132476106863265
-0.0668221511085123
-0.155418714500584
-0.28572655635312
-0.200534481887075
-0.133744483364484
-0.0751584022610797
-0.0558331923620349
-0.240271711257736
-0.0540552665784295
-0.0980423568724848
0.0204547322591199
-0.220692601630505
-0.231538828595238
-0.0399391566830579
-0.0934160604316094
-0.0950075421054335
-0.158363774959493
-0.0812068608025433
-0.154573223723451
-0.066056721240497
-0.215894298963691
-0.12866971330136
-0.105826014349016
0.0338481449750812
0.0129542870336025
-0.147758543332726
-0.111362356322964
-0.183188211931417
-0.100933091206626
-0.268230468296919
-0.0802364053863972
-0.0145154842945243
0.0333648938432303
-0.0725526435528322
0.0553891661048832
-0.167497540845457
0.0423735622259199
-0.0158416406202329
-0.156584512912832
-0.180987236173055
-0.197765309394254
-0.0261016553501725
-0.161419755422182
-0.0468598521884408
0.0349686861207214
0.0179837585177757
-0.0527848203204054
-0.141435049756458
-0.0377192023584782
0.0224000355465531
-0.141509229439565
-0.0704260359083827
-0.07878028524008
-0.0968802363799538
-0.0144495465778525
-0.0533710037382036
-0.0841566696670385
-0.051445358153751
0.0115073714793225
-0.0742251120208214
0.0155004355080775
0.137222679752728
0.0373035379598647
0.107073192568934
0.0716245879361091
0.288205579706481
-0.0663040487692459
-0.0136078411189157
0.0540352303379193
0.0031660157805567
0.0426522027015441
-0.0413266167987114
-0.0247977669222565
0.11171364866561
-0.0379851968552672
0.0566439451841185
-0.0127211387028731
0.0593632012710223
0.020390982360806
-0.0104930247518407
-0.0562742514565115
0.106819157057592
0.0386017052536749
-0.0160434016165655
-0.0542893745324805
0.103094650410625
0.00795211426067875
0.0397341816142961
0.0391368866358644
0.0138594824939263
-0.0823619112208344
0.0486513692700639
-0.0459212178113786
-0.076840154555861
0.0768711373493126
0.0122214605190791
0.316688353174755
-0.0112804488142805
0.00882827297010708
0.0976300945590203
-0.00809642523619941
-0.00318288544396788
0.159280951853745
0.110804371425844
-0.0492402812064202
0.20066174757143
-0.0101241183893506
0.0362007298324908
-0.0108529257225703
-0.0160532421839459
-0.113632734934217
0.024023858111354
0.0184592179151367
0.156250847561349
0.0225551312161808
0.00181542435524261
-0.00423013329029287
0.0944325274094583
-0.0398208925077095
0.0537910577230005
0.0833318649129105
0.127020996752291
0.122177720505926
0.0948156997163778
0.0408498287294241
0.135729212120936
0.123931126269724
0.0594679960733331
0.274321400370327
0.158184595680393
0.110306570523226
0.202274690806298
0.178080189081687
0.2301097185282
0.111864817181494
0.227090265756548
0.263157790025741
0.139466876839669
0.226059494885148
0.137439902665853
0.0798027774552157
0.077659977604744
0.253831484672968
0.16417991508984
0.0294988935338718
0.178871492825753
0.0547702931510949
0.0958290644147996
0.183432183449219
0.190102282099477
0.158684709929222
0.0885895445066724
0.0632302611064721
0.119342925820916
0.176378259495224
0.203993928647099
0.0642431805976475
0.0739682510775039
0.216894624139553
0.34422158999927
0.21371845071529
0.168795166669082
0.215650899138563
0.00199943570080533
0.235193320099255
0.214609787285402
0.322645833256537
0.250746772253397
0.327652972020026
0.180228845876156
0.332923926373987
0.222450085355935
0.09058821149674
0.229827727165951
0.29058893663724
0.143754410945543
0.222785673433164
0.148827151225588
0.245024944827864
0.205681947246942
0.394077790790403
0.386212117676894
0.0842244030868984
0.403631093240398
0.275464267749399
0.160062838598973
0.295860089593497
0.337367663949735
0.102977225643905
0.212852752022683
0.168707045720257
0.192234645419133
0.117303372115592
0.250837695965718
0.370037763185367
0.299568525609929
0.308857449739782
0.277677624266468
0.201109337321416
0.26717556007768
0.180563795249718
0.217262147129061
0.15801797776508
0.442489466089792
0.324450029863019
0.182209906033116
0.299381582881457
0.34982683001033
0.218717629880695
0.245541904439672
0.399356615301606
0.136372930741262
0.189690833496469
0.429007525502811
0.334635494864594
0.489130590767631
0.327701848048094
0.390999546944162
0.371347821150928
0.285603577289643
0.285532655679414
0.28293745985673
0.36470888311369
0.470965807328458
0.29411234827166
0.377127904711572
0.34764968602385
0.363066888713248
0.424285409123093
0.325678615548346
0.189283866466957
0.440859379195972
0.367291309386472
0.140100822145376
0.540576721119651
0.385390489710854
0.353847546841248
0.336245236688145
0.361296376881733
0.457604204304293
0.408340545764578
0.50954556854958
0.361138979201106
0.407909393990127
0.440428409075622
0.391158349489693
0.44172764682474
0.39341060698042
0.47818665010973
0.443781619164374
0.431846848175078
0.349754561356048
0.278071759718245
0.41725325855513
0.33507330310205
0.379128656496531
0.319176208271467
0.426813627679026
0.259467513367646
0.425245636431021
0.466055729949835
0.434519488584746
0.404958098787208
0.414333594566558
0.281362189689317
0.389981703407131
0.322404519105774
0.475640119766313
0.50006635327221
0.480583213120206
0.43344542801987
0.547522010517356
0.438805158715619
0.428007009338141
0.485353573722513
0.543152318847851
0.509896555290782
0.413773059615064
0.477689837884426
0.344987032821841
0.363317459318877
0.447617632560764
0.474020063798159
0.546558873335012
0.403435543988876
0.43003908194569
0.431197028420699
0.412465147325607
0.471080730198902
0.398978294039706
0.434872342746161
0.550532920328555
0.582102530393006
0.489188481525504
0.426720701480085
0.445017899878094
0.505629774776464
0.371036110220657
0.506590975259515
0.317339343150319
0.533640436615035
0.535616349273164
0.471517207339058
0.368519784535029
0.558792537779336
0.411548713681653
0.625525275691325
0.69547364907954
0.722422807670024
0.410456444227137
0.383859663355209
0.586232039521052
0.446277917990682
0.432540295320023
0.539204919112414
0.38778964639349
0.414209643125553
0.5343414780994
0.433952001775267
0.485971255737551
0.363854908558947
0.499275290709378
0.570082553045061
0.496156951890984
0.390404444880584
0.525271448412077
0.575361744311153
0.424271725981908
0.42182403630199
0.383615616529535
0.556208615516983
0.486931241829935
0.567545670775202
0.57198259748874
0.548851743443276
0.412074785963865
0.430091145634341
0.696429063492591
0.596196717794789
0.618314484198383
0.556648282045155
0.451124577758213
0.711921203307321
0.541141299893449
0.595078358999074
0.391564600468747
0.72823177322992
0.50901167559595
0.615966316683839
0.607089404801414
0.564348154598476
0.520872127015161
0.529446578498605
0.441496952967865
0.628545669805898
0.684015355760176
0.671589938264799
0.539966352127714
0.553348993595684
0.382958417856643
0.584320174306238
0.540668682053837
0.643080656584618
0.606608749703868
0.652487569127058
0.681862312395969
0.618611145771377
0.48696161476545
0.713480938433572
0.733761446145996
0.631133184192202
0.455967269655993
0.720062811769626
0.682309822378579
0.544146261482839
0.71896492376123
0.576714283918942
0.445192754901295
0.566229530366715
0.525982133539629
0.559412099903445
0.623213182272724
0.707795617860941
0.529317763633268
0.676297697178916
0.467112433477964
0.670536105524002
0.675260398592587
0.572493657582405
0.679796653006163
0.601181014411331
0.807286858880782
0.732898674229191
0.729131424630788
0.650253338176196
0.705431620129105
0.57451879131608
0.705907851306512
0.649402974744813
0.39022364445193
0.716669375591077
0.62195498142015
0.618499060529854
0.556606419890415
0.620408012417833
0.72228381323874
0.745721426363706
0.533725552265909
0.69427016640489
0.696079273759795
0.745217741868594
0.615759207441051
0.675345281569642
0.562969312141995
0.788636229835957
0.853631324208559
0.883137454407862
0.712177193488729
0.803023525070346
0.681722125732377
0.838442277506518
0.672330165039853
0.712365695533995
0.77084790406796
0.71374597487176
0.6654938852726
0.781610848648367
0.72323034507637
0.690244431792701
0.648543903534861
0.65780303586043
0.774873560134515
0.887291885995329
0.809765528735069
0.975267464906227
0.871531280174113
0.782666400751844
0.82421016506706
0.822840481412407
0.770377121087007
0.934224104763003
0.849373030238306
0.711960233522738
0.660899579338642
0.864497469376676
0.900913213277909
0.69107770869463
0.768106010006101
0.74874839953883
0.81306949270934
0.850004501616263
0.563982175281648
0.566902439497328
0.767420390395901
0.736495462510888
0.824123220237511
0.742644293624362
0.726781969435617
0.802209381037284
0.727029671061079
0.653467031057213
0.830539253833405
0.77633416520038
0.713745238298467
0.808372411914148
0.754987942276835
0.762743803560928
0.829298669942887
0.887874570981727
0.868781278790141
0.832430126313983
0.803381325262779
0.746998859668261
0.944921972799206
0.82185927775067
0.830269438004736
0.871196114410691
0.667287912052762
0.808825638981958
0.879368644226501
0.836677723802107
0.81720476178747
0.744906205054328
0.810913824472794
0.765265468135945
0.77743604282308
0.843296806085378
0.689701939527062
0.77821202108738
0.808336991059894
0.753845334384306
0.929995050564369
0.757854357718412
0.825108844684601
0.962376724123378
0.945930292688497
0.91600468471949
0.824747455461673
0.934366529092952
0.878563444123288
0.858693361113238
0.817360358668846
0.799887984262305
1.01170027515476
0.941856095022936
0.834332493002565
0.848905772968808
0.912247077810092
0.976174207310771
0.920327563627746
0.922600821749244
0.76601361308544
0.90808066945128
0.98147446578667
0.864469944062904
0.88902218190408
0.922827377272111
0.924545643514819
0.832664210478027
0.963329784647657
0.903938500626162
0.806941165084578
1.02919630187557
0.907425227517011
0.885240927773861
0.956828781614461
0.854292134964342
0.932335083875795
0.843152547938375
0.964519621117494
1.00240424909926
1.01627607557638
0.986844921952696
1.04361837207451
0.919670124845139
0.952395271757659
0.788709814950187
0.966980634315667
0.996462455755297
0.931029926483374
1.00123518336902
0.967984502450636
0.910015402450393
0.982945646099376
0.967891626481119
0.936644706284561
0.94760806161087
0.975563867427139
0.969208276552247
0.914217202706638
0.964362990314881
1.00112549433214
1.10430940163887
1.10465534863002
0.842350413586849
1.08636739434343
1.08453635474969
0.978198775200318
1.09678560626127
0.988288884489498
0.983509462292582
0.968951782968066
0.74380241057341
