-0.991569052284587
-0.861543035985425
-0.873584055266714
-0.906103878519054
-0.771404921081619
-0.979994938877104
-0.980329856779788
-0.963279374621663
-0.969514387187382
-0.936439033325578
-0.852871910531455
-0.89259584899149
-0.891859156317807
-1.07990289547354
-0.932735505794648
-0.899166239985863
-1.02673484246777
-0.921016993301348
-0.860940681749556
-1.09349929523847
-0.946862098186381
-0.941674805835693
-0.800454512531544
-0.948341620654334
-0.914940438709595
-0.99382671511121
-0.88022391102184
-0.920787604875823
-0.937919522051282
-0.879180117566686
-0.976863824669361
-1.14512161570435
-1.01948477487443
-0.95486032235086
-0.961553109895436
-1.00193154914086
-0.925850618070521
-0.884262725967372
-1.09416021448614
-0.912814829910522
-0.966503554241883
-0.820718867179105
-0.858914189312452
-0.892146881985468
-0.842867298062953
-1.0051997588747
-0.967754171352145
-1.07276639089982
-0.915440606674894
-0.840312851780047
-0.919771318182822
-0.921942767646149
-1.05219757981794
-0.944152091039536
-0.680217902273269
-0.790774070167487
-1.00879360861585
-0.85969997846902
-0.905510130261109
-0.791741405121613
-0.788145950372739
-0.965573855684165
-0.706261500926368
-1.00134359215673
-1.01224261139962
-0.791467540450278
-0.777732508348199
-0.87224738927582
-0.869219528428356
-0.856843220365587
-0.81977000317888
-1.06452072819584
-0.943128449634432
-0.835207416709713
-0.887548283009506
-0.765951767881754
-1.02961879986118
-0.757854144479071
-0.799500169540422
-0.7526837516864
-0.779583287975116
-0.952831401561112
-0.744119360170021
-0.788778428247795
-0.923087287029315
-0.888009357377412
-0.651237489781504
-0.851645249577919
-0.786922106226681
-0.78868869078908
-0.958313167249451
-0.581023979451704
-0.801414061392957
-0.822333342680016
-0.718731380744683
-0.819525997933955
-0.863188638520222
-0.866180795373325
-0.862275574924691
-0.598615974537634
-0.88029735600115
-0.726478495737679
-0.727429527770518
-0.761905266082725
-0.990777931494245
-0.919408450743975
-0.783822949757093
-0.674238593433764
-0.727766543440496
-0.930695038702626
-0.607551184759911
-0.709601988853471
-0.760636357414204
-0.798991646900529
-0.821502982141515
-0.765077999047023
-0.734176743588794
-0.748319769055682
-0.831379862178586
-0.858658531666719
-0.709142428140361
-0.792230297981482
-0.781194229465778
-0.979773272696768
-0.763260165953427
-0.811576787115698
-0.754897494710873
-0.757667146922897
-0.655169681429893
-0.813987856191427
-0.778552991855277
-0.632059313802352
-0.955754684488795
-0.727316541131484
-0.730736157590035
-0.835364202566015
-0.548306030756311
-0.672638308129449
-0.815150815224976
-0.699573039415708
-0.782546333102076
-0.726131179716235
-0.740593573299135
-0.712115760833086
-0.728669044477395
-0.740351185070528
-0.499515630521535
-0.71243572492882
-0.75921253363004
-0.704190018331291
-0.677776644649198
-0.590121164461446
-0.713732844463405
-0.890902399168994
-0.614833385489803
-0.641009486061795
-0.611409915039778
-0.629348365586005
-0.822895533906583
-0.733750570474516
-0.77206285715047
-0.631228947930546
-0.551159115333385
-0.588627916040451
-0.662564118750523
-0.676190274941591
-0.698464439782027
-0.696988284425257
-0.614488817297598
-0.645574461134192
-0.533124803066058
-0.610043602580072
-0.610549987776477
-0.6703885732187
-0.644378759561643
-0.738172868565873
-0.506754640131682
-0.612289960928676
-0.662949311892331
-0.518984817767765
-0.68415364897724
-0.649691111673722
-0.651083744293864
-0.685017361043488
-0.561449996909635
-0.702198356911585
-0.734820417345873
-0.415791823689218
-0.545202371454316
-0.559905435087745
-0.637213504363042
-0.647213666139295
-0.6475890333721
-0.642559335834619
-0.54580106748989
-0.697862356114006
-0.697358942952053
-0.588161185050271
-0.617340322101369
-0.682522952486372
-0.669650300671441
-0.536993827960953
-0.613942672874927
-0.436140807080523
-0.664217504240273
-0.623508060854099
-0.5675710505364
-0.686776978396335
-0.583830276882799
-0.542249807262922
-0.481733165379898
-0.427002994219645
-0.432266290862581
-0.54051828713397
-0.559669904835301
-0.70955852792272
-0.490885518231181
-0.506365830165062
-0.454477634298472
-0.650277828678862
-0.712952942865841
-0.482952889644879
-0.631823261211114
-0.569965937510439
-0.550140808773473
-0.564084759494956
-0.539222084991341
-0.629901929504929
-0.636247783550299
-0.568552807926708
-0.392627648686247
-0.506854495396677
-0.385646847219211
-0.567709513292902
-0.502360703323872
-0.571569557923582
-0.402386762943153
-0.707699737123033
-0.645684863933331
-0.506989917226211
-0.601915352145052
-0.531479354878967
-0.530296589512899
-0.482907207495815
-0.493560672077581
-0.564514424811911
-0.371568636268564
-0.519121519870301
-0.459343167933026
-0.34022537978793
-0.5934274420138
-0.450097692634974
-0.440002593326635
-0.425904516407049
-0.605929603458059
-0.513816686410375
-0.559425528316403
-0.471053757515017
-0.661459648643692
-0.577862319745698
-0.42072475892751
-0.451692864918618
-0.547373906314906
-0.409536523982918
-0.425704040721863
-0.524926500524481
-0.524060100786056
-0.375985166715945
-0.664992098767468
-0.503903891470479
-0.536572901471537
-0.422731061227398
-0.421792953832532
-0.41403550329498
-0.391925976100488
-0.406426067712866
-0.517035611465263
-0.397683949558991
-0.525788641455775
-0.649179854059262
-0.379284942282426
-0.469065423112816
-0.438064645973525
-0.384801361328692
-0.462053992050468
-0.509586444682369
-0.454032666877558
-0.440384384610074
-0.445147227307585
-0.601255300612318
-0.363149758107365
-0.415381564115493
-0.487621947790518
-0.458856791821307
-0.474676829986611
-0.317778853671079
-0.563697434663492
-0.252281343021139
-0.380221556740987
-0.471851495852441
-0.411781735785248
-0.443071950837572
-0.540605584225698
-0.326658726263966
-0.41754719604776
-0.425610067313204
-0.299824999485043
-0.563016740688761
-0.397121580725319
-0.422409251788776
-0.375045779740108
-0.39086779156831
-0.452719063401179
-0.34691259070836
-0.360625421794983
-0.382340416209578
-0.432978704076781
-0.401410910820843
-0.396757586076523
-0.364674925933399
-0.380414780788242
-0.411418133434708
-0.317851192704587
-0.351095167768773
-0.373672155636223
-0.577015333016652
-0.368746408507247
-0.254192151532819
-0.39665881402888
-0.314042140868109
-0.396902054512315
-0.40505423960527
-0.418304378739038
-0.44952016502396
-0.439313692575252
-0.443665158346618
-0.281421746625792
-0.314760634808846
-0.401096255276734
-0.402810808197725
-0.297502343481316
-0.184617717565837
-0.553368737155737
-0.242590340887745
-0.309580086534248
-0.229168894751503
-0.149788170359557
-0.262484049522695
-0.293256912949861
-0.328295819319129
-0.36601984898394
-0.349807490025462
-0.336131008933962
-0.157914527397752
-0.400270927180589
-0.476904065870477
-0.368688916058551
-0.306663633471835
-0.333148421637026
-0.387870897690269
-0.153248688602923
-0.379546859898735
-0.349569545940729
-0.389663929644844
-0.195915089307228
-0.318509874276062
-0.281478735030546
-0.266956264036846
-0.309649134310934
-0.275234223952725
-0.12107750693701
-0.29474637377123
-0.219290089997209
-0.304451911408903
-0.372761366075179
-0.249302486390319
-0.286209003474666
-0.292777838411389
-0.216386235356366
-0.314433970450433
-0.233528005472811
-0.0680501557062219
-0.111023280195057
-0.158546968531759
-0.323570349112066
-0.22178410530922
-0.188136377084466
-0.19383901770051
-0.0669001197943842
-0.236696831353669
-0.231264877996915
-0.294455641651026
-0.231225746348657
-0.233871728473498
-0.244863715580429
-0.222009465494364
-0.231037434312774
-0.239190878180126
-0.242523421317749
-0.0720974728203496
-0.290404843878342
-0.243299438001431
-0.192695270266979
-0.205721312052267
-0.206069811775103
-0.182271738177463
-0.14563672319497
-0.417419111880574
-0.241283297536749
-0.167825885208885
-0.151003236158416
-0.163185158311393
-0.221786313495432
-0.191486058506666
-0.144523027259695
-0.138964625712487
-0.229631032105371
-0.212034168795092
-0.135344452035302
-0.20950449756556
-0.208505045362992
-0.0856113088576119
-0.101667268407787
-0.148185064891473
-0.121950069295462
-0.18564106063992
0.0462754236398015
-0.266979454237833
-0.242709279586793
-0.132630037340485
-0.130816280549502
-0.194703036267153
-0.148315490344434
0.0868863365722913
-0.0543177284667215
-0.211198188529977
-0.213095933014573
-0.145610110249826
-0.0630779448139151
-0.162314062250113
-0.159894617488446
-0.200532377341835
-0.0332491168692298
-0.0164637442227593
-0.00995700421226312
-0.167273752208679
0.0110059380041522
0.0395185038929419
-0.107080483765384
-0.16947122712466
-0.146574131894636
-0.124742597023992
-0.0511298828791119
-0.096987932401908
0.0858101312388224
-0.133092368364868
-0.119162559254322
0.000912913310570589
-0.0599806067097454
-0.0769431746719264
-0.0349964587045939
-0.145202803956657
-0.201397205751965
-0.059770628897531
-0.163428216510153
-0.0644966950623441
-0.0718971774752717
-0.215766027021437
-0.0748365324097312
-0.178007358093724
-0.0213426677938583
-0.0581622376094956
-0.0244875063934167
-0.142939824029696
-0.0281468687011611
0.0239205638261255
-0.0997171654639813
-0.0158275505553756
0.0843049967971639
0.0154194147516253
-0.0888999994998365
0.0269279023591713
-0.120106392742185
0.0297785418224751
-0.0233537697658909
0.128310674407322
-0.197123540370578
0.0150083852609124
-0.0815090644271627
-0.0715504792089717
0.0385000078139866
0.0474771576459733
-0.0582315190737344
0.0393583862938614
0.0356547490855247
-0.0863503684562766
0.100920843109522
-0.0483199660695777
0.0720884189332514
-0.0340213355715117
-0.0275593215811594
-0.0339009265704397
0.152481105365396
0.0405279697425783
0.0292363335061755
-0.187179405202991
-0.0372749914827869
0.0752083261260268
-0.000754108460784614
-0.0614959712410127
0.0805080548355255
0.0588533096821307
0.077366138108961
0.110580659589867
0.0145309511354357
0.112172849991732
-0.0273526815817593
-0.0157839028218279
0.120519554093793
0.0936953974690405
-0.0361617390025833
0.0252103492727757
0.161317276670778
0.106549557711539
0.045369314123284
0.168940681773562
0.00575019351215678
-0.0246266441689927
0.00807193607264344
0.0732405234542985
0.0591343528664946
0.136314423906345
0.209037845304028
0.254412224184291
-0.0891869581458818
0.178437455315145
-0.0373088205945853
-0.00083924904593525
0.122400830660212
0.169263245651232
0.0218981641001872
0.228374682588249
0.0309277252294164
0.0317329370046572
-0.0712557467905106
0.149416458130792
0.168347509383599
0.112792302288342
0.0407124603296924
0.0913485317807033
-0.0695669091761168
-0.00720421155339154
0.0563356573028658
0.260664575774005
0.128528676157801
-0.0180699603865925
0.230537023108174
0.0791420305231797
0.0785221782144786
0.242035780602214
0.135175218469739
0.156851509834161
-0.0183899886821712
0.0324449522305586
0.0341745711290956
0.208534681827988
0.0742185929791794
0.197243537908113
0.0129820552841165
0.133851306084506
0.22554678915502
0.0714530695065489
0.0901049380161128
0.212716066463441
0.228704458330609
0.130642778148985
0.133272615616831
0.129930113536838
0.109535045809619
0.183596956904294
0.231422044089422
0.211756011900207
0.0664494925150949
0.130354744505167
0.137184031195396
0.09947403528927
0.164020638989874
0.290684365871295
0.210808895367123
0.201296780069333
0.0311190793234609
0.206864018979051
0.178667668689097
0.158012050183507
0.163828497164968
0.0584310598590787
0.205669958757983
0.201999912878102
0.313874223954916
0.283207029341323
0.272459801218067
0.153697016219834
0.152091825214109
0.147179314720884
0.127790450511773
0.299448516832399
0.189567016417226
0.312505884001986
0.344943879881826
0.383705943008857
0.147389874597886
0.202294246439543
0.262147357157735
0.227306302602139
0.119390996536248
0.25448739333885
0.199766438593555
0.0812902602583447
0.278228814828904
0.12076347561247
0.150574164789465
0.243306436197642
0.259650180523059
0.309426142185703
0.398241676737941
0.111026083040679
0.307934352193299
0.268863077971196
0.196347372932025
0.0962423400421082
0.211398792041022
0.261936236415582
0.237379764015989
0.323275706791605
0.204549696939381
0.281550014666849
0.390177107512226
0.259019229895278
0.144150625621129
0.201339714612207
0.169602880992951
0.300431897751427
0.238253565931883
0.359393821877779
0.212256422210978
0.297288001028441
0.268610755960888
0.115695769680974
0.264177080751769
0.313666274476528
0.344443149997753
0.146682220182057
0.30221607110702
0.260937750036117
0.456307188618704
0.365783741707834
0.383701059338034
0.507200079724295
0.356247746199002
0.315067752110682
0.237026696036141
0.376767054765378
0.444660787354951
0.281724130708964
0.175098920853445
0.40129603994843
0.39160089853935
0.353653107979999
0.314204413602673
0.222883043876601
0.261553372153765
0.391762153065435
0.344573351165891
0.278104108980948
0.342270013876598
0.486779838537882
0.473720411193923
0.272197129077251
0.281659047381039
0.310267539244085
0.264125798119646
0.369693614713683
0.24526432556027
0.430852457921975
0.363767058391538
0.34130870827867
0.43750024020915
0.454853119520164
0.425998646253225
0.472974743991542
0.530992847023701
0.427796998233263
0.286295599306857
0.368979519429175
0.379122548811496
0.437301093846723
0.351953122779856
0.216171566196901
0.306147540778594
0.449380656770523
0.373112771465973
0.440586675317372
0.447992151246886
0.446822640034514
0.354807898799456
0.433639301967651
0.250970259401274
0.421399243074003
0.375300718128106
0.615212963458007
0.581243983488251
0.375580488892209
0.297506870457632
0.359470756503407
0.482396847120491
0.424625149607342
0.404272777328014
0.398428134011421
0.472058229357798
0.59179109635924
0.459654096129196
0.522150000288058
0.426488600872847
0.269942291600809
0.549807384491207
0.558168563479197
0.492864286344935
0.424221684630228
0.30938038295312
0.313274907912446
0.403899684547565
0.497380178648691
0.446336450393958
0.442913071777754
0.353664892604731
0.380898773254973
0.470243746846997
0.553064749631627
0.518386674912315
0.320783693629715
0.496895001218696
0.384356676938572
0.369948628201377
0.393374653981012
0.528951869791924
0.566147011413403
0.298741752429583
0.40489740885534
0.528296645626176
0.54542893119691
0.496096213622436
0.509977209882892
0.428877535331144
0.458328846645792
0.621735367658551
0.370576642768721
0.643535126093997
0.514158744796761
0.376982433784935
0.460748828910277
0.619284804335377
0.59506628884831
0.547937930335062
0.50728589784158
0.492624349917777
0.597104338566708
0.551298413349438
0.647818052458455
0.599984696810268
0.594310274885982
0.481435664874962
0.525279569171427
0.4981213630568
0.497633002360968
0.774101260808399
0.592634485441438
0.504425815212899
0.390241369186516
0.516493325217071
0.649435836701766
0.514138872977197
0.635747914284089
0.471795328222831
0.582430626851951
0.74458925699403
0.60481575093214
0.606735361691828
0.68023416273521
0.607809260257348
0.560887631774864
0.780341664464468
0.48492265003017
0.628770338180906
0.522234312552433
0.57841009364007
0.555885282878309
0.672559056384721
0.643069192515274
0.598310653654253
0.547717013942463
0.599076699603537
0.481330217069684
0.585214819804053
0.708331364595018
0.594754165551714
0.615459632589176
0.556893120581868
0.509818540114435
0.661901422038928
0.563518428857626
0.78414830761218
0.619599152455057
0.477542420298566
0.617136854504073
0.567845605910927
0.707284924176241
0.588299931644576
0.71439746678291
0.653164287582535
0.770929959832211
0.682884424873292
0.73286774299712
0.648517805457732
0.726835289546766
0.609517970588937
0.577700225712551
0.747789429942822
0.59953678979878
0.677793059227745
0.781458213025381
0.763011408095711
0.73790285592956
0.726701619213012
0.605408261577421
0.511685414200642
0.712907568582725
0.593821084652996
0.585140671961895
0.807775965822892
0.687338211395024
0.523554441015531
0.540933079358843
0.772989839951504
0.522546799991037
0.689655463221816
0.592056635192685
0.880637934046202
0.749480565984912
0.696368210486077
0.717868336550204
0.716754967528416
0.770787467475164
0.840805794691917
0.648746082360227
0.756588599558055
0.841579149964365
0.879860988532625
0.718436508224487
0.779179136526673
0.827394018292657
0.668898180739174
0.806379088784377
0.694903345288589
0.68640741354267
0.711755049788312
0.808176952958575
0.801041177920909
0.686923223158895
0.765170647695061
0.72480662602867
0.716807365276656
0.689572811348589
0.677256056216872
0.879912262602204
0.818260769969226
0.734297233823031
0.797703797571415
0.784046995830133
0.723177451331011
0.787069725426203
0.823866728203022
0.74525397399911
0.868778942398477
0.820568601111897
0.859331837505281
0.869144638807851
0.693098301565674
0.803422788233955
0.834295649734251
0.737438530377383
0.884656820876236
0.751012514415072
0.888759887710086
0.8552538350618
0.943955983792101
0.868710151953788
0.839043922952168
0.740706531154687
0.742308698827562
0.75024925184145
0.861872929871458
0.857354418749043
0.732854321510748
0.896396114982597
0.777121285534323
0.9343067083097
0.893349761280571
0.704775797186793
0.914440837684752
0.752853742067352
0.679679526041169
0.729845742576529
0.759685492990548
0.962304864946906
0.965686145737131
0.906722195923353
0.779130503186568
0.80009558408909
0.740789719829957
0.965048399097014
0.807554258582172
0.885176413967293
0.824803244660712
0.844315067543469
0.789907144555103
0.864478745080618
0.851961674150923
0.812266534936481
0.829626994469353
0.99908669245771
0.750813701489641
0.979313973441153
0.884438519585584
0.830372865511491
0.806435197859518
0.721561386519044
0.736806311649793
0.911044014211807
0.895169191921335
0.880807543162422
0.987546461303181
0.870496595107391
0.890356836034704
0.948079377809346
0.871671610320734
0.784897122221056
0.898073671540698
0.883647459421202
0.931050179169953
0.990356290560176
0.963503850913429
1.07717302950748
1.00523306300992
0.968945982929095
0.886520113152589
0.974402107078595
0.974853247793654
0.89702862792102
1.0207892573345
0.859188662437148
1.14146741530329
1.01058800643839
0.773026339959101
0.972968430467498
0.898347155132654
0.752834271335342
0.895892482744365
0.970493207267489
0.911716769220214
0.806398537246776
1.03091542649902
0.980177896509994
1.02398426063016
0.940255395830654
1.09057083696279
0.797549941754362
0.973065083129931
0.87280931973358
0.857443965830384
0.884386807975224
1.08986304035259
0.89791838045355
0.98127423447631
1.00595168721003
0.918181289922578
0.940222570866634
1.06477839819071
0.959005352337567
0.953519804564868
0.938594492570483
0.998586703752818
1.05371073124959
0.997561511437381
1.05543750164531
0.900152699164351
0.977795121019696
1.06679470180934
1.00164475525171
1.04633712278736
1.01894847067
