-1.05970584893204
-1.0268098655511
-1.08379985305851
-1.05975581762564
-1.11218084944306
-0.851222790392448
-0.793805008676043
-1.0849069659115
-1.02535573337542
-1.0591659956103
-1.00405414330012
-0.945197204582375
-1.08377432902971
-1.09924853284714
-1.04507828037388
-1.02464388324203
-0.850951866783439
-0.991960529537518
-0.890369442795393
-0.880128202810644
-0.924184968418538
-0.944300479554049
-0.847726779030828
-0.872314993726622
-0.891255264217825
-1.05351604278667
-0.944580339248448
-0.931652758228768
-0.719028096525883
-0.873465948570097
-0.944789988264915
-0.809132213284606
-0.885251036956815
-0.979074411417562
-0.98812761001502
-0.883105682447712
-0.886944679366672
-0.844805911401936
-0.956035815629796
-0.816001095180654
-0.864718022400768
-0.992134027609166
-0.938294748944211
-0.919601695193688
-0.908399591275534
-0.843717475833193
-0.891698156585747
-0.947496884194985
-0.874893378672281
-0.988555040169895
-0.705490128131877
-0.957811799787648
-0.904608530339971
-0.819146227420517
-0.830080527243113
-1.03129643340459
-0.893395056447665
-1.0788073757119
-0.991895531117456
-1.12671867187086
-0.93631085188832
-0.873508443545904
-0.802189300811509
-0.85770384896803
-0.983510231264052
-0.915576942227763
-0.780989721924461
-0.933963890505432
-0.86884281683394
-0.892706323020668
-0.877210105343625
-0.792374049637195
-0.728503393092858
-1.06983856061723
-0.821971792183434
-0.74367531647872
-0.752506045352327
-0.877501791527434
-0.940647306458257
-0.617177039599224
-0.730029239329913
-1.02948404515084
-0.678838900139863
-0.824854323721529
-0.904095469996326
-0.879375507970189
-0.79065200131682
-0.737118681714539
-0.853670547193313
-0.729193071680062
-0.813714705239297
-0.804163235572397
-1.03209678728935
-0.734612700165987
-0.948393245011206
-0.770366960848754
-0.74258638315318
-0.659092233903785
-0.713767722287354
-0.960263483469714
-0.717655148748077
-0.851949384165939
-0.746491215895444
-0.685233071011405
-0.739338307380498
-0.738172448639621
-0.801999093273801
-0.870645173015841
-0.693792204857915
-0.743928303247013
-0.714103647404773
-0.850982335917291
-0.781820012865863
-0.667984803327952
-0.667029856044632
-0.709372016797923
-0.888151203865948
-0.828244301816418
-0.720894199442647
-0.850495452863449
-0.75050518528
-0.805116663837721
-0.766239707481727
-0.741636069360697
-0.794272407796357
-0.64503450665665
-0.812879830322106
-0.855951437769758
-0.747022271363405
-0.573429756411473
-0.728550524533978
-0.682329357734124
-0.804398018011128
-0.624951956202759
-0.636541992750527
-0.733749697199852
-0.642104289274671
-0.742799099588327
-0.816677178494147
-0.759930326336716
-0.873243601930489
-0.637973587203667
-0.667257187648103
-0.519261919512241
-0.671365129139129
-0.719697747220896
-0.694359204408287
-0.713127737522592
-0.766088002906181
-0.704418177549598
-0.74635416947764
-0.518036873192447
-0.690767275056214
-0.653603264792136
-0.695693103495177
-0.754576485868166
-0.705558872601777
-0.533059062712219
-0.716569459782321
-0.784841929741082
-0.714689035496484
-0.8137749137022
-0.835226686173961
-0.816552025690936
-0.624002769851321
-0.505540700272788
-0.842011143489673
-0.671298974333089
-0.720967725883439
-0.735824130794869
-0.583263358517365
-0.704210917548678
-0.558632808550637
-0.650075256441647
-0.653453403021213
-0.636363852716891
-0.566603003290217
-0.691398751530411
-0.685608370685987
-0.666330997644325
-0.583826817369955
-0.507427530708993
-0.730642465505547
-0.566598354377001
-0.647188918452777
-0.700642168308636
-0.701125551405767
-0.604348454954186
-0.689320928743096
-0.652235345890443
-0.603895520529446
-0.597803741750313
-0.660825185619386
-0.641337501427363
-0.738515679204332
-0.691319017267142
-0.604992928690844
-0.660152691247869
-0.612006458738449
-0.610776257365259
-0.643686661648299
-0.639678682755968
-0.604753484161768
-0.650508516392462
-0.52802733812535
-0.466661488588477
-0.455673215533853
-0.647285577540656
-0.60542717962935
-0.660516281640498
-0.549697567524631
-0.672307317421197
-0.557589672873069
-0.662071478962958
-0.581284345854649
-0.714056988868408
-0.511040606387564
-0.548408998283321
-0.600366419885912
-0.468791689123374
-0.571466990081913
-0.584173487635194
-0.573169727828122
-0.494911746944341
-0.654952717166639
-0.519496433835412
-0.509032752701933
-0.460040203959236
-0.401112009268553
-0.572362185997213
-0.615390156958405
-0.499209952218693
-0.729131045346114
-0.492310679778887
-0.572122396038949
-0.526681118029965
-0.388872480727574
-0.538084040814848
-0.505874206821863
-0.483234821092562
-0.517449550470623
-0.524807319395097
-0.662779390348502
-0.605900745654266
-0.5273074127324
-0.483301404690168
-0.689599321269778
-0.486472809696141
-0.611359560658367
-0.562768922280244
-0.455295765573798
-0.532865877993711
-0.399430643247542
-0.393985852005629
-0.463723587308502
-0.632948218875883
-0.525498947608121
-0.410351169523879
-0.510921544999727
-0.507067974986305
-0.525252044984994
-0.464989618794172
-0.508015507552596
-0.462569437972596
-0.650313166411901
-0.603159363642034
-0.491726059921373
-0.469986291775854
-0.470889456348725
-0.519580326353133
-0.699787148989125
-0.428319956104939
-0.472364929011755
-0.39015626352393
-0.385728764407395
-0.407500162986082
-0.530351840082778
-0.434686956172228
-0.280914897169276
-0.521793603020108
-0.292214944060782
-0.494339565611526
-0.415527297173834
-0.562897719974028
-0.465049481533406
-0.431093911277394
-0.476717060959748
-0.449270397024065
-0.555978687094604
-0.291085977467468
-0.508458041899207
-0.451513294302668
-0.281995172473117
-0.462359327001132
-0.399451444876585
-0.515509419997291
-0.352696965487899
-0.37184390557948
-0.34301790052189
-0.401121740749926
-0.447176983705524
-0.337476985482195
-0.245711850261105
-0.329677540451912
-0.426697399757808
-0.360174593512117
-0.40879169416652
-0.451181183779088
-0.487386250780081
-0.42913589679245
-0.449382284672233
-0.41182082226771
-0.290043351370848
-0.582007628198362
-0.271600566437666
-0.371928100757135
-0.463390748463203
-0.380945210257803
-0.403184307562363
-0.420563370678984
-0.37407485709049
-0.414559967578279
-0.320043455225447
-0.356509176803961
-0.357241917204917
-0.210391703335568
-0.312110732347476
-0.510076149819504
-0.409703108494293
-0.38614976246594
-0.332539531092052
-0.300038681799868
-0.410822426899366
-0.313963825514526
-0.390187429289977
-0.325903825697467
-0.217434927235546
-0.0913270416353496
-0.282750654477851
-0.387641895727425
-0.252336874098042
-0.295493510830921
-0.393838111057599
-0.407659170041171
-0.285771524494384
-0.181799356297397
-0.264084710479871
-0.451059685522633
-0.3310349044375
-0.241854074142298
-0.183150347190114
-0.372486349802646
-0.256698267289394
-0.359340432395101
-0.332339888813329
-0.279493878484616
-0.386604118396838
-0.309023121638944
-0.177652846900335
-0.377514892779237
-0.250412403258274
-0.330838426863626
-0.390051805371529
-0.203769527541288
-0.210667718264237
-0.372984455782293
-0.135326674882364
-0.241733052105181
-0.221712806126464
-0.389282370558255
-0.191923649257046
-0.192463825897064
-0.220577101082603
-0.120697419651196
-0.302260007675951
-0.163374147466817
-0.336947981088781
-0.221499374142561
-0.283805090780079
-0.372241775563626
-0.286508772447562
-0.192184376089045
-0.0760911504691071
-0.289899474169225
-0.265972931649177
-0.262302065981253
-0.299790582665438
-0.272139765038155
-0.183315197595076
-0.117076214018191
-0.315738511916332
-0.17091284740257
-0.1597770606786
-0.29596561248405
-0.22587495274278
-0.252689451087344
-0.144236271357397
-0.209453746648192
-0.248079004123328
-0.241817395947034
-0.292101896200083
-0.253042638928357
-0.324413953635126
-0.00599086882869818
-0.0979259236953606
-0.245189900467609
-0.123893755281342
-0.0836495078881205
-0.177140964073845
-0.221415948107658
-0.120698361408154
-0.187912679646727
-0.163659936719514
-0.0673061195902298
0.0213508149302431
-0.190531865796427
-0.12495992337348
-0.24475735075842
-0.178900353047629
-0.107928975122334
-0.22787425953231
0.00514256816092812
-0.348029237845307
-0.194017474920271
-0.35080216834477
-0.154706667808582
-0.229477714253388
-0.170794400133881
-0.0894141843986266
-0.0996714804592387
-0.22243482992292
-0.0466984958748493
-0.0966034222938029
-0.170502226494435
-0.280323549340273
-0.126936705235752
-0.26540843180542
-0.189515041279298
-0.0946475034246574
-0.175890473856507
-0.0696505537741473
-0.27663354020008
-0.171775904616432
0.0106794282999803
-0.244002279421219
-0.152404789976882
-0.225858473877922
-0.0198389078535027
-0.0741158808258056
0.071425349183698
-0.0350895407185807
-0.11452432001816
-0.141233041143581
0.00945367449312823
-0.206612342129302
-0.0490381144970393
-0.185971533442908
-0.113659319893537
-0.0742930415344277
-0.0795181256327184
-0.119420931113094
0.018005087690361
-0.15095193906992
-0.162620336256459
-0.0458186017659268
-0.126454570638475
0.00907915779869833
-0.137850864096116
-0.101769610859985
-0.144493902390133
0.0516485773612588
-0.0117134578633221
-0.0313178469392212
-0.104804751386538
-0.0950406198622418
-0.0935799684133662
-0.080063072639437
-0.0979782218540982
0.0862525527316245
0.0201426177616131
-0.0156746553295059
0.0591058900206925
-0.170478760135323
-0.109781911337431
0.0103976761074677
-0.0851495394226776
0.00926052344910692
-0.0237479287583621
0.00979424845605964
-0.102861608027109
-0.0905624517465359
0.0392212905464659
0.0343005791487998
0.0276956720089952
-0.0729792620136592
-0.104345165388454
-0.0242807219598762
-0.0134747811237262
-0.0560431925179064
0.0950067322334125
-0.00339191104702573
0.0327569316385611
-0.147798592949361
0.00497950936502625
-0.0954439102705338
-0.0722706772900961
-0.13223118673422
0.0802272434040719
0.0341588776478945
-0.0255650529020298
-0.00955839034547896
0.149208912432441
0.0807611387556735
0.103658046099008
0.0661950148436854
0.00830600985711248
0.0759014006958788
-0.0791261106766356
-0.120241108141724
0.0713550764533701
0.0773721011435843
0.0349099566149857
-0.0339064347908583
-0.00650750051965093
0.0594456265521847
0.0320853023594216
0.0773421057127666
0.00117412142661255
-0.000848291525156956
0.0079293024600491
0.0124994410839853
0.099029351343357
0.135676304954151
0.116761516447006
0.0381945610587632
-0.00683037437180725
0.0182388045040596
0.103370713551762
0.218331851292256
0.108462030244426
0.118131833707197
0.046687595441604
0.0687065922340097
0.101130636133081
0.0857715644597152
0.086962823748124
0.149523059314949
-0.0554513821909489
0.12661107779484
0.134971354558389
0.0648034985533394
0.185254345524273
0.191594557121517
0.0912615016678108
-0.00157279854945183
0.191976600643408
0.192132720957852
0.0816406978435138
0.125969052801093
0.320610721997559
0.251207685390516
0.0270901196633714
-0.000459038856081411
-0.0366258694794445
0.091813087145009
0.0985629771835969
0.113059951919301
0.123473964724327
0.0531067384482726
0.0680369425573409
0.174882829374409
0.276559912800924
0.110801707609795
0.281834234100064
0.148393402904253
0.102560589425721
0.262505077466963
0.146067300145509
0.0433640877155403
0.295874505153491
0.25483227958597
0.0997452968329349
0.19292075975388
0.262151673724
0.255549275334553
0.111867927663871
0.184601316507895
0.221324700756688
0.136902186927204
0.11580900245155
0.0956703244752616
0.361648376998264
0.267666963955941
0.0809708433934368
0.184892249576632
0.201183532550911
0.265273726930422
0.19750371808224
0.113618723846216
0.198620954681906
0.208773988901808
0.317579444712909
0.286707410708719
0.283714006423266
0.164207107384742
0.253548583131116
0.153681631240125
0.176925124089405
0.23612670799397
0.209604223200962
0.288440553975921
0.232320078776904
0.216873188930067
0.174884301963061
0.228551341507942
0.195895658494446
0.228168348020125
0.0411053289799573
0.312059754034804
0.366425326238157
0.273760455127571
0.14396675314442
0.218621232512834
0.296739718514904
0.320920363467803
0.31948573071891
0.133795941247626
0.212879535706758
0.194615386562122
0.215337164083162
0.207656907141198
0.216470672069121
0.26294920924931
0.219585944330185
0.175883041561978
0.215440541562184
0.325275599604254
0.178361634995557
0.239193156435224
0.323140645599774
0.292539466773844
0.188299666581347
0.209660871082755
0.268409395224464
0.377605601195491
0.298741256031054
0.373310224869067
0.257439649343243
0.391568591277394
0.285054006789856
0.429497628456803
0.386647675632051
0.434336558033059
0.185695599329147
0.372572056878891
0.148742151450965
0.38229287567161
0.354195893650185
0.267146301463142
0.332871201864629
0.310050593664158
0.264848649603112
0.331373641400852
0.319090288392768
0.391955599331551
0.309798979545803
0.256424413892254
0.405475558155784
0.285563710360141
0.345190905609817
0.32845295437538
0.127800106655653
0.428328825359327
0.362158150651475
0.419512071021171
0.322273132401685
0.459401836243817
0.233832324233391
0.350688794389977
0.432767826387455
0.282402962203347
0.211630218555098
0.303302653181912
0.269148583245975
0.354265502723081
0.323593538215929
0.395160968462508
0.464799563625505
0.460427195894425
0.451226159470021
0.403942942985518
0.319502397766719
0.304785397012358
0.392678215792846
0.306997396804416
0.520994276645394
0.336383009720843
0.469227862978044
0.563930723791744
0.500830572856595
0.323744755271496
0.513902920039786
0.32069017807443
0.270903514806751
0.336408827552684
0.493321556146691
0.366529113546956
0.33226963992243
0.541996171919444
0.366383057083963
0.40055956120012
0.371059596812439
0.356169359740827
0.266829772096339
0.404377828313446
0.387285121623259
0.32801858905604
0.561184826428494
0.512990464436119
0.374472884236959
0.434917771457985
0.367549885050361
0.447607588190436
0.441872815971933
0.544528257151341
0.497689221925638
0.459918461612085
0.497903301911492
0.591047163634755
0.553255767835575
0.484241104467783
0.606174560411148
0.544010529108345
0.344738027279496
0.372103282811031
0.366942241295049
0.341726382824453
0.510651487333524
0.492830370647089
0.530713040769231
0.481480226714605
0.547434566711261
0.397023891527448
0.419588588954004
0.43443957344946
0.446174402667818
0.56631817419491
0.637139760744226
0.455353053994791
0.573715353710418
0.410809603453848
0.516001725171361
0.466012853417051
0.54140188915406
0.523227395049689
0.441062318536703
0.581603427980451
0.471169292483093
0.600301333802703
0.418983615808355
0.475371673688508
0.522642506153932
0.561286473643186
0.504018945636322
0.529198777090178
0.510285428599925
0.475350663188258
0.280626773608182
0.461582153697747
0.580479803856324
0.40610341793355
0.46358294928745
0.418438273369167
0.606473111359261
0.547210437409777
0.574064652570428
0.507026389463457
0.527332643723714
0.669945913118115
0.482133966027586
0.597900037059027
0.476235310629648
0.54015521587622
0.48890979341356
0.465643029557698
0.504621147141088
0.558287502434606
0.514470414969715
0.570419043145553
0.659233088499263
0.709091541262131
0.570312918813539
0.621274344069789
0.5947779632407
0.687396813926409
0.57788199177059
0.553834117762419
0.61728946959882
0.510435235896038
0.598035354339146
0.750368718156278
0.636184723356012
0.55516660830589
0.637105902820267
0.687100261520701
0.628260795534938
0.471199871404353
0.650100283022854
0.51086556774883
0.644654973474835
0.582691980204916
0.607643621143249
0.737399747705828
0.46954615872646
0.618008887883773
0.579678028388581
0.602773178643181
0.558812405953528
0.794670771409446
0.593365855588725
0.539062018487106
0.616225899107607
0.800093157219564
0.616095110271335
0.564129530536977
0.608633798577097
0.756027545012113
0.605733928072614
0.5652432619575
0.656910834543857
0.664293711613632
0.813467297244535
0.780276584875039
0.6781094073985
0.886442435183746
0.716607854485647
0.569819229850472
0.626242980740322
0.767116906331346
0.734754205349319
0.674057787878208
0.650099737096146
0.642353636735321
0.737021729457518
0.788474898559367
0.960541191166319
0.837069093109381
0.645157043590037
0.724284741260113
0.696772745541472
0.696126188732132
0.719206436753804
0.69023813439767
0.645019660384366
0.700088399539401
0.534959706455213
0.718314078552421
0.676587046361513
0.784722473375078
0.778507267361622
0.675638540763925
0.608696455117013
0.746905892385702
0.886428588520192
0.836190153527237
0.565260224922051
0.632552154270547
0.748021850154435
0.641501559319759
0.654485618955661
0.617662662515193
0.714832331987032
0.616692595987817
0.814008800779552
0.660540102739392
0.812695822070853
0.774222026859863
0.71246746951841
0.811664068456616
0.789182936429177
0.537151323138367
0.564789526149284
0.65616484657032
0.651979145345333
0.883865951550651
0.766928158542746
0.92929150273659
0.845631923678955
0.759698810677008
0.789484089223621
0.869855362940218
0.847170316744325
0.754704225940204
0.783424311411357
0.707707645167928
0.921641570914127
0.753418654404033
0.892090647902724
0.884642043779983
0.804179916574255
0.905950419202678
0.856508248017261
0.856980639671596
0.847063433323488
0.866814072089053
0.782970292887988
0.973990796897206
0.698678368878766
0.771156661603834
0.796463960913195
0.886609958483742
0.950436882250589
0.889009370370189
0.855308959378586
0.892780470355322
0.692119117644193
0.782969677857725
0.889398159750087
0.749553375754888
0.682231917396277
1.00898239864893
0.897281685799115
0.724034851918601
0.97454633639561
0.759637114240414
0.913910365858063
1.02534268230379
0.849474384689753
0.923114116035838
0.624976673962217
0.881031632506075
1.05751607016388
0.806986811186773
0.841315559788983
0.879260690326143
0.898113985766662
0.808654842557208
0.878543168290113
0.968294669622709
0.940785889749097
0.916733134857122
0.969843787884219
0.775326061201484
0.877125525646753
0.972092753986398
0.922923063057421
0.84059893793306
0.801894239397401
0.878120081320434
0.84050576953976
1.02045890730673
0.928675132233711
0.953203355019094
0.982142852570952
0.894141197629702
0.839233445711796
0.927804701492723
0.967847051314443
0.847345898000861
0.907458831507837
0.91598822598039
1.06157028591396
0.844213246188424
0.839285067877008
0.918022153985933
0.948863248007154
0.724458775507149
0.961937482423846
0.826580907914479
0.907389046931454
0.903912058383893
0.986363085444733
1.00765135917836
0.983190063061759
0.886448564929161
0.916549161354966
0.991855115507965
0.797562994726122
1.02208377326265
0.904622979574395
1.0040437086455
0.88416711627928
0.813987592788958
0.865269430030804
0.96191558926093
0.964639866143183
0.845220435161605
1.16196217497122
1.11702954907788
0.943338873957443
1.0513066649463
1.04905075045719
0.877138380390066
0.933955427702293
1.13440982475124
1.16137562444933
0.990930219580338
1.01546738334536
1.09156002780084
0.99826145902432
