-1.01237216694515
-0.763036519968415
-0.976396816036897
-0.831599169881411
-0.970024978036217
-0.918005554554767
-0.876224520312555
-0.927749304100741
-1.00564197261517
-0.933027395609715
-0.828955972426683
-0.89250844081348
-1.05997547409064
-0.978535635211494
-0.937440005604067
-0.995321342206165
-0.877665348393518
-1.04998263233127
-0.876820097954822
-0.932032519438446
-0.895739822954144
-1.06032767708321
-0.888474419261682
-0.799218548454531
-0.94551588724975
-0.994526132749798
-0.880318600261219
-1.00171732791695
-0.729581880441719
-0.933886753027695
-0.868683107657367
-1.05869040222121
-0.982555737331197
-0.839529800705809
-1.10107193476923
-0.886108998473292
-1.01231240611
-0.845598151012427
-0.933943262506203
-0.961845532495976
-0.821909583767446
-0.909839263072005
-0.932849172139347
-1.04619080017891
-0.945644815521553
-1.01727699760579
-0.877193141270343
-0.902461661564681
-0.88529572280245
-0.900825219213188
-0.960814873682407
-0.809589954697911
-0.903304304523392
-0.711561716183518
-0.954449178990868
-0.763237655837296
-1.08955599056617
-0.907137632934893
-1.02677851034948
-0.865593431173092
-0.913817435963248
-0.810647228767474
-0.852427357983047
-0.86543680185864
-0.808010574574928
-0.989882800306984
-0.820705917729641
-0.874417756591965
-0.79500304526836
-0.730652252208936
-0.880702185858022
-0.797382838465767
-0.77935573132569
-0.876295760755628
-0.904445759833947
-0.894547714629555
-0.881601739605412
-0.803360597656633
-0.84958464295512
-0.974437333468517
-0.687128327946173
-0.8145812783641
-0.937198060596738
-0.915590597780326
-0.939950697942786
-0.79694941548381
-0.801493580962929
-1.00074557981122
-0.965993362869912
-0.751009116130805
-0.886616749340723
-0.828658719444813
-0.926516970657249
-0.741970647723827
-0.832608988730689
-0.978595377791425
-0.838065425269607
-0.758995071748845
-0.853979295512741
-0.748839112474374
-0.831705218898406
-0.800505989548141
-0.693235419694135
-0.784032647953388
-0.899650410819563
-0.856585689085665
-0.854946005631647
-0.81270705177012
-0.703502849053275
-0.808522283365507
-0.722637194859886
-0.772222759059579
-0.8252587940344
-0.762387952336414
-0.815203673372934
-0.72454179742044
-0.677786118494205
-0.732784929962956
-0.825353127688731
-0.754973875638895
-0.866638228152804
-0.687038183009636
-0.755130077626808
-0.747564220628988
-0.821391366443131
-0.723230799058868
-0.709554902563933
-0.728651803698339
-0.701209349170497
-0.590738752346867
-0.803621817376815
-0.933940972121334
-0.695743835255009
-0.801153211715203
-0.611787926621638
-0.711366287711455
-0.712459509388832
-0.502531434838224
-0.663031691226644
-0.619162369923432
-0.726447702787036
-0.688621718055421
-0.566373111680818
-0.687995462948245
-0.764449477421224
-0.6830266776086
-0.704161788741971
-0.561208289155589
-0.715955002141448
-0.669395751545365
-0.691582099193007
-0.910698952067436
-0.770605260110195
-0.646767753910857
-0.650428118974802
-0.673098077763213
-0.660343228120718
-0.636429925121405
-0.74059961149227
-0.659615150926867
-0.629480197187896
-0.584425394648353
-0.707381379004911
-0.643417466902959
-0.609613878086966
-0.599768944124132
-0.648262136839291
-0.460448258904144
-0.598628533563197
-0.62171002508487
-0.563877437683378
-0.572729296726716
-0.67075977848122
-0.540111996711428
-0.756901163424206
-0.639738733859411
-0.698423836772422
-0.504551519672259
-0.553205852886352
-0.703273805223136
-0.576384134877831
-0.536550255244599
-0.670857308337279
-0.507369792949946
-0.527796033201241
-0.845811317299645
-0.676197324211485
-0.546246527953621
-0.63936915745516
-0.507968677479387
-0.645526192164021
-0.613242279139108
-0.629691981327049
-0.763220308659326
-0.678731513159827
-0.69281115060517
-0.541628931983954
-0.767509951783048
-0.663444611085346
-0.625552987349435
-0.724750336332274
-0.68329034784734
-0.532001640373955
-0.526331600263677
-0.703707125141378
-0.616520965176427
-0.593530334222425
-0.601481129781814
-0.530453184403314
-0.650882373372213
-0.63131633217821
-0.496641741631904
-0.459217076820053
-0.501136604307444
-0.537655240165562
-0.546858352501811
-0.609895748550131
-0.448432750563375
-0.527398118772496
-0.507538314206947
-0.626898243425852
-0.510642224126759
-0.569624870431977
-0.505966087553671
-0.668480759750811
-0.514805661071424
-0.513968051490082
-0.550167742247558
-0.530020913415055
-0.663187896376449
-0.578450493607372
-0.577706961563519
-0.539196529238138
-0.724464789677848
-0.515835386057036
-0.500685178360819
-0.582573054053055
-0.412554131769868
-0.545563975137839
-0.641849428047322
-0.463748694715653
-0.563360004912481
-0.481397627536915
-0.595956686295916
-0.506419472670754
-0.439942067230722
-0.418626723694799
-0.633140479959069
-0.406713299570664
-0.583166529935082
-0.497668069331233
-0.549484890019587
-0.380230964569386
-0.554758747783443
-0.354849227728717
-0.367060288255475
-0.426042287133794
-0.503499525130011
-0.516376976846885
-0.375137103731874
-0.470022360002597
-0.440858236288179
-0.486577507119625
-0.449092123244175
-0.449956387120979
-0.602148887263171
-0.343567175752588
-0.490580385031863
-0.391695481784212
-0.522221519911939
-0.435987485341208
-0.310984219371377
-0.46610175782909
-0.462053799540745
-0.570556014830152
-0.456451935157502
-0.411072019103658
-0.477917728077849
-0.302203457140726
-0.387536095686194
-0.514410790427789
-0.430941653580593
-0.374638480287536
-0.345388458380742
-0.269975102052348
-0.2833719127747
-0.40408222907737
-0.38833534399608
-0.351381319844515
-0.320798175026123
-0.307589919080166
-0.445326132150262
-0.406600077789534
-0.419626700587535
-0.340990762092461
-0.45150601262872
-0.53246723501524
-0.361573368071166
-0.196017786159358
-0.425572189724899
-0.33890066969533
-0.354694588368306
-0.36470178608577
-0.472633847454381
-0.354588950074494
-0.454197441916677
-0.445536880254728
-0.490502093665834
-0.355276567392226
-0.413728010864274
-0.321289188200992
-0.43134557709665
-0.41961588845981
-0.401109527903348
-0.407780259333425
-0.350303112956654
-0.517992599271743
-0.316336373022967
-0.337414716280277
-0.395288478855021
-0.353365340236695
-0.510250976380651
-0.4043142398075
-0.221637486013119
-0.33614381866972
-0.378394345874137
-0.29829909511639
-0.337998930456938
-0.481592322812863
-0.359746275499301
-0.33682053887896
-0.289098447606084
-0.248807986011695
-0.421798292168604
-0.365947096842707
-0.317665848425534
-0.379661313531719
-0.298629597971043
-0.252629110530213
-0.322170580019333
-0.335804988483539
-0.450539892721477
-0.215579897888481
-0.18014686773946
-0.251758008213226
-0.286772936614538
-0.330257738037499
-0.209773952248154
-0.263687025907472
-0.433831754939692
-0.205951880698885
-0.26341720307213
-0.435986340371524
-0.314221700630531
-0.332361206514973
-0.248361836776057
-0.277244236274497
-0.257115463358694
-0.282788785718839
-0.415855813130381
-0.251426231895541
-0.184961081959839
-0.323673131074166
-0.298584423009605
-0.347819563906417
-0.252285846818375
-0.34330215969536
-0.395275483816089
-0.301726671633299
-0.107870807166697
-0.311294095958041
-0.187001529477578
-0.295828544582084
-0.216529055899661
-0.288592357805579
-0.270339722816733
-0.230669250503556
-0.17847394511433
-0.174339000912449
-0.267694113818425
-0.393703580794072
-0.166276072449907
-0.24359846531447
-0.250121073272496
-0.178246433219273
-0.361618422455935
-0.163798148820047
-0.0902150813740126
-0.383211216292493
-0.237734824753161
-0.239104537741041
-0.14216350853718
-0.223835268058749
-0.275786418407344
-0.241434472594928
-0.395502815190404
-0.145755853286434
-0.242670402149419
-0.142057403327015
-0.210237988430819
-0.28299812653559
-0.18123041745689
-0.256016634343205
-0.26840038948687
-0.178404394943085
-0.0930447316973816
-0.266773188868831
-0.131143273678336
-0.19984522765039
-0.0804723995233103
-0.16449279809213
-0.1470287026157
-0.296167180571298
-0.182458918773083
-0.284947713574533
-0.276402329226852
-0.0682065323831332
-0.176553548313715
-0.112105224548321
-0.0998666312206502
-0.211067652774736
-0.0185422842236389
-0.198056208296163
-0.223058012508661
-0.0896150597374974
-0.164092145593933
-0.0261692426678793
0.0560034401684918
-0.0960347774797049
-0.143852252490641
-0.11652909938248
-0.205957378863187
-0.0480629521297211
-0.116395029060058
-0.145905331804629
-0.136531612814807
-0.117469728893262
-0.0606933077545635
-0.162615470060162
-0.288144738316397
-0.184459859407256
-0.126028846346244
-0.0765081612346108
-0.0429558897812566
-0.282396787749596
-0.0665116092201604
-0.0813448772885099
0.0182763772947397
-0.21751982599978
-0.239293909893995
-0.030913845230775
-0.0978291928321812
-0.0997873213282436
-0.147844689927053
-0.0862633362371494
-0.136226692809457
-0.0282845523030402
-0.201181996471195
-0.123302866203922
-0.101100244488896
0.0268128897484804
-0.0166920388309403
-0.160524932557479
-0.105385553502243
-0.173395448199065
-0.118370027038323
-0.279166733802124
-0.0781413717915837
-0.00656211954010771
0.0530260301041007
-0.077842128355167
0.0388893888260763
-0.175191561156238
0.0125251620864046
-0.0164944856457758
-0.150327034930522
-0.194764374834045
-0.202412016709868
-0.0128666265963811
-0.139578270644249
-0.0429766793183033
0.0105464791475434
0.0167738799162991
-0.0302597764021188
-0.162096237640855
-0.0424837521347546
0.0183876487102279
-0.155217338660314
-0.07360565579983
-0.105306017364428
-0.106805201341048
-0.013054663946975
-0.0566450641501848
-0.0879949576861335
-0.0330939561443923
0.00360197109308161
-0.049899233141233
-0.0123236140197164
0.117856582909986
0.0556936648932609
0.10330369239456
0.0791155237887615
0.282999481350167
-0.0915998581010933
-0.000670166053369717
0.0534492148040587
0.012021526036774
0.0478692240465983
-0.0440170405527251
-0.0336803939791054
0.119275895244888
-0.0551010027497476
0.0633763685089521
-0.00521316264786624
0.0637827159507378
0.0467209931497183
-0.0259581391718076
-0.0684076800961594
0.112037990147412
0.0256569578905745
-0.0107753760652187
-0.0416707582828355
0.0706279844874765
0.00537149596528621
0.0389672318917042
0.060425642804334
0.0135545934530206
-0.0786712229346237
0.036119040067779
-0.0420108550121854
-0.0814623019985391
0.0824838320589635
0.0277012803198122
0.300971919827761
-0.00705273907152335
-0.0255496508509887
0.0958438463861997
-0.00554843685529596
0.0169619334516252
0.160526971834194
0.0966322206486735
-0.0425297827751953
0.179278530196395
-0.00076790815334786
0.0209936506651206
-0.000767347177612451
-0.0182006241331332
-0.112980297134179
0.0458403941185026
0.024516460577559
0.143497368821343
0.0256730672560244
0.0246898947019004
0.0161551621525893
0.116234941762186
-0.0459401274791637
0.0683258172243852
0.0932809193240239
0.14106478020283
0.14219222840368
0.104219559101229
0.0513231788595546
0.14151886496312
0.118671011154979
0.0429799853008432
0.267125201851172
0.138665633526755
0.114702675090446
0.224731058176667
0.183882755701182
0.258311249250233
0.133484376042381
0.243382910867553
0.278098815085273
0.132180477522004
0.217028480917097
0.134204172004415
0.0872600245672356
0.0856174741436248
0.242687805298128
0.160065776213062
0.0594740311494667
0.151898476903788
0.0714349050163575
0.0826502616650037
0.16979965421826
0.175145337235492
0.159053319987298
0.0794668027263671
0.0614833437086029
0.112256660369684
0.165052389474168
0.195424527844984
0.0567355695326922
0.0978790946221024
0.210827579206901
0.335408155347998
0.214952798403137
0.178702814856631
0.211471607235707
0.00917203733743544
0.242196543057562
0.19281425084351
0.345001435998332
0.23134044981529
0.328188286651152
0.190842690674555
0.325790535084205
0.213735535795751
0.0730074070006951
0.25575619933408
0.294233705332772
0.135574436114901
0.17515123023421
0.142938615678707
0.259777911980219
0.189578918092138
0.382223281624668
0.381783676915848
0.0730432265503544
0.382488483823479
0.263408235498592
0.163998952607848
0.321503361210269
0.334700084815979
0.115452413594998
0.221696191090195
0.178683364314825
0.172162643421936
0.115999298129501
0.232119857180238
0.36727093602945
0.305739001286722
0.305945272179918
0.284102227369674
0.169383482165306
0.266462382493894
0.160896811493021
0.226575325172139
0.137070803636689
0.43896174124011
0.333788975404762
0.197472057611787
0.28518911406081
0.337609885527524
0.246487821151064
0.261446676566191
0.366318154809386
0.138211113866945
0.190551795798124
0.423216142022671
0.326873595073186
0.497733921181372
0.336896073774823
0.386528478984499
0.348886697318677
0.288287548201745
0.278370386050243
0.283315592798478
0.391812414839101
0.464684073280034
0.298931944756196
0.379719955834194
0.336467410140987
0.362363569546588
0.426575606235529
0.327165561697434
0.196426895489656
0.435663138585936
0.363759232040924
0.152769065342578
0.522342074171933
0.386566921073236
0.350788703147917
0.349389206291391
0.370270362796828
0.47139274765963
0.412770666417612
0.50116846383239
0.357065944211791
0.387436588794245
0.440780291938104
0.408793978939907
0.449933835265992
0.374835217006565
0.494678922038745
0.438107530452562
0.416598435616387
0.350757125209775
0.255386498321304
0.41145668083666
0.326424250928149
0.398680919836715
0.322827609361851
0.449920726110871
0.265146291259157
0.398895780690558
0.467341936500171
0.426162741954456
0.428656609078423
0.414090836297248
0.270949487099012
0.379269480369587
0.317771842622165
0.469628951775657
0.506532722644519
0.476865735724016
0.424299765627027
0.559019611074017
0.440911738733652
0.426815388951811
0.514926917395208
0.539484706584245
0.513070310725641
0.403391818114958
0.489705214843966
0.341286522075664
0.349691060571403
0.432257963017547
0.439379371084285
0.567326976409474
0.426480170233357
0.431734965320336
0.42378432156787
0.423088402643309
0.471236058619724
0.403100284990181
0.441906738375696
0.550687927496846
0.580213059675962
0.47700592974519
0.445821555784464
0.443990197606014
0.507373737528373
0.387069113240268
0.486719664169801
0.33491322299665
0.553233570357704
0.525042130591922
0.481251961793609
0.381397576902653
0.58107197357981
0.391400440297159
0.663462996097225
0.687101427963206
0.715828620515605
0.401422620003721
0.373631410655952
0.557676247646283
0.437515644134817
0.445203431767473
0.532373709626367
0.351529027514707
0.408172772849575
0.491111318536915
0.437274254358954
0.489898614869227
0.375815465996228
0.476411446508942
0.574880937481902
0.503323500455144
0.3883170599245
0.525264790367968
0.586412647208254
0.424156084540637
0.419687843845894
0.398593483100938
0.562728216347188
0.473103505719947
0.578335593908592
0.564735281661354
0.5546271880304
0.404564951369751
0.405852783946944
0.680069935027749
0.572102503651904
0.604074927424711
0.55371059858863
0.465509024803816
0.716308574283981
0.555892452305485
0.606648502823444
0.35532917211795
0.727516839509671
0.51833087583825
0.627947239209006
0.604643891274129
0.573984216994384
0.4869835530203
0.529789039546625
0.449450015187998
0.6580007517773
0.675088697862516
0.659943517894384
0.545329856872604
0.524864091216369
0.40115364326465
0.583379839059789
0.545890227868425
0.647881765619921
0.605322414577305
0.660003022312172
0.680201553886924
0.635940137016092
0.46750503829171
0.714833158864407
0.731518303063545
0.625185334223353
0.431603808584478
0.739169258536877
0.693306536708504
0.534919394435098
0.721263043319827
0.557923728777231
0.45005395952827
0.554095647591274
0.514805267239095
0.573377036090838
0.646444904312632
0.692547563223383
0.532792982202871
0.6685492735598
0.459294276728527
0.665294128247983
0.68491215591499
0.586572907729306
0.673862944315598
0.589652451928755
0.817969907577242
0.744724916093224
0.735292084009961
0.65274023080018
0.662406875792796
0.561398024740972
0.695820449072475
0.640162423439432
0.39454328685104
0.709212781536238
0.623255766039815
0.630769614300678
0.554129741573461
0.612133118926571
0.720234037065769
0.771077984258579
0.508706849785585
0.698492538732795
0.696093886691896
0.734347342033012
0.620721533425919
0.677254669386317
0.547633103404429
0.791797632059215
0.817535021693772
0.878915803289646
0.717343362508346
0.804708101514531
0.688868194985627
0.816269573537927
0.684319112967942
0.701646668405555
0.775931573620314
0.695733041707923
0.659330968788697
0.77434031901115
0.71546152252534
0.721651400585086
0.670102701716019
0.672210434495204
0.764955495692677
0.888694695622133
0.812194456964254
0.971193448568438
0.872759339414501
0.781507290631141
0.821040466063772
0.836693650668181
0.758998739863641
0.914706027510589
0.862546568876022
0.71369509326496
0.636025938164486
0.849854258166134
0.89058756307082
0.708616942707542
0.77687334697438
0.761038684040953
0.813139346272697
0.851699762210889
0.555882662019933
0.566009235258065
0.783372318754001
0.732316771077411
0.801350116755991
0.753825336032214
0.704145947574508
0.798168860347824
0.703378352464354
0.66610427504233
0.832763621976021
0.767797650635635
0.720452208617311
0.820994842148454
0.751161680794106
0.765944703315417
0.831176966107805
0.888159621079182
0.877217752598653
0.815978412351297
0.816793705329365
0.754039043945433
0.945106717480242
0.830285758708335
0.831666488996485
0.865888130545708
0.669337917375093
0.822895965857635
0.881679067527683
0.837192658482709
0.803429320399566
0.749193999663522
0.815710608784462
0.768459767674908
0.790788407399819
0.880608367441872
0.692927040827003
0.804725825880942
0.815657085618513
0.762588864347054
0.91634290689645
0.7578457301848
0.814099146430577
0.943536680332854
0.931468360474432
0.936038471424232
0.820245196406888
0.911449204572725
0.882069473257357
0.867748297816479
0.782188679831252
0.839602965799421
1.01947359083809
0.948885375252978
0.801266611745856
0.850997022105971
0.925382543816285
0.974144060972489
0.922870772904407
0.914421517872986
0.82100980090323
0.90325654601993
0.987668522238716
0.857074299440572
0.90314803717973
0.926121235922007
0.924926020062711
0.832844407904999
0.977097451261088
0.903845695964693
0.824318713669565
1.01737670702244
0.927730683250094
0.878479115736184
0.938833494771655
0.849507976112553
0.928809594571257
0.857071055599311
0.965385983414642
0.985369138242285
0.995805224469845
0.969662811881237
1.02473787077935
0.90505386414459
0.940567463567506
0.80062225611626
0.970372454139789
1.00389034547531
0.959803363934269
1.00847599523734
0.978310395279035
0.907688574123727
0.98610784035848
0.966368334133628
0.920606204812312
0.950119358775761
0.976535390117017
0.958422804497537
0.922874285807697
0.936628023150141
0.994186173068886
1.09738771682175
1.11105437142138
0.866039399312677
1.08631091312334
1.06995140358648
0.994071615664388
1.11328334853578
0.990314841497749
0.965783481002575
0.990358359100652
0.768488504321333
