-1.08133282060247
-1.01660787275523
-1.09555233899204
-1.05599468371629
-1.11300740903044
-0.84018857044966
-0.797915195843737
-1.07133419030468
-1.01663544294733
-1.06670301912189
-0.995507778158331
-0.954954822811882
-1.07254835747519
-1.0568890648371
-1.05097477775924
-1.02776571231814
-0.870195122237802
-0.985558335817255
-0.882836687328403
-0.88876083889954
-0.944576436063456
-0.95702908626283
-0.857130096179126
-0.892103497530993
-0.89647619584454
-1.0668173835762
-0.947207357843074
-0.921961849592418
-0.720836715283155
-0.881369615921382
-0.928202662646341
-0.811700272955653
-0.894519850945958
-0.972090904206407
-1.01144554408439
-0.882855156509882
-0.853158199192661
-0.869461648776361
-0.970141931701458
-0.813711510410358
-0.854896329014441
-0.981131618781142
-0.951013490594787
-0.92752537087213
-0.906561677232717
-0.829520844873466
-0.905832771293914
-0.934001988323177
-0.863746985905879
-1.00209666539975
-0.702384861754672
-0.960125586014765
-0.876110379327596
-0.844455664438762
-0.829580531675577
-1.03340782824242
-0.892845159589475
-1.05840008059453
-0.988886710044592
-1.12869727154789
-0.933785316595545
-0.882191679163041
-0.827020072620947
-0.859077548599896
-0.995248159930868
-0.909629523236145
-0.788254733700771
-0.929607351788653
-0.90045782548186
-0.885326006984045
-0.852335352403325
-0.792182842079757
-0.741133827609282
-1.0926830109602
-0.826015007329705
-0.741473107951267
-0.750261200528345
-0.875677629153837
-0.949513581107197
-0.58581405619147
-0.737805584419063
-1.00993896979703
-0.671132500649124
-0.814443709786109
-0.888145991625459
-0.871462821903759
-0.772570862182487
-0.723050695289553
-0.848629243296899
-0.727821454633307
-0.833627088216905
-0.805067535280222
-1.03914816176969
-0.738063248674646
-0.950369691751624
-0.747962980943168
-0.749296124459434
-0.67078322141941
-0.723773121708621
-0.940921067586086
-0.693091302705112
-0.859130924149986
-0.750860757867993
-0.689198517765876
-0.758036103281868
-0.727811879337455
-0.811180932352641
-0.848574511498571
-0.718395028722017
-0.756847497196797
-0.712379488280322
-0.860325657785672
-0.782215293606315
-0.66445618603003
-0.668782591461859
-0.710946293037382
-0.901712194718753
-0.840595182139279
-0.735597691429536
-0.860128529716904
-0.740150436134211
-0.820222380673125
-0.756214791838648
-0.719283109153614
-0.796265921808303
-0.655527472804818
-0.832510215231789
-0.855810208060723
-0.754494276039707
-0.598426370062161
-0.730115753714903
-0.679291137985144
-0.790551580691279
-0.601008989957792
-0.643525647124667
-0.744641316365087
-0.629740877081508
-0.734009525874041
-0.786608323189943
-0.757937638467982
-0.9027609122762
-0.649436726280185
-0.650116288624109
-0.516044841185474
-0.670140928385099
-0.717502061804217
-0.705395455282188
-0.712980672606451
-0.751133759796879
-0.683330645726772
-0.741305249967857
-0.521296455365773
-0.693828951388369
-0.654713457766106
-0.665213245254246
-0.769091113514314
-0.716865307946319
-0.534456045856598
-0.723713188075075
-0.821145042131087
-0.715615957482436
-0.83079280603448
-0.848774118607029
-0.817392130343429
-0.6280403801577
-0.505215034576964
-0.830916269804202
-0.681273677248067
-0.704925799373892
-0.732040141870407
-0.580120447199165
-0.713444361808827
-0.560117233108326
-0.6513943453182
-0.626306799094254
-0.623694690600201
-0.561700061787665
-0.684827104951513
-0.675313078688237
-0.669652019474733
-0.57870296682158
-0.494423286076628
-0.730735244402031
-0.54829362441783
-0.65398608122404
-0.69903015775879
-0.688628644235784
-0.603488781440641
-0.684390735534405
-0.662576759453063
-0.601458886470896
-0.598406527484826
-0.674130153745254
-0.648016543997924
-0.732035582445892
-0.692158791942218
-0.608636463247512
-0.675141300477765
-0.628989015083591
-0.616487563086018
-0.636357074627592
-0.644578434752331
-0.60690042111165
-0.646730375747364
-0.523396503317211
-0.449740940439463
-0.465149728138279
-0.645040531361607
-0.602738504517598
-0.65082559514932
-0.566860670053555
-0.677096953023181
-0.551035862046525
-0.642292263149547
-0.570940107495365
-0.683782027458996
-0.507875912274939
-0.560381708299946
-0.61901200386531
-0.469969850769054
-0.562936938788745
-0.587475477000234
-0.578080722846923
-0.500407736841305
-0.648300078722649
-0.530843523421182
-0.504207230159219
-0.468669376578552
-0.386187018326478
-0.572913830282852
-0.621772524632322
-0.497640117868427
-0.729752049018713
-0.512640287185618
-0.571787031814115
-0.535089328401939
-0.397095056117733
-0.514347669279016
-0.510964252948944
-0.483418120721463
-0.523517037030427
-0.525843882345175
-0.663012496988476
-0.593809767208962
-0.531639033664317
-0.473100136438839
-0.685026213925131
-0.517386827964553
-0.58846684650564
-0.571664684168689
-0.439533697960572
-0.559199838790146
-0.399263038199937
-0.400925257583228
-0.456308570085193
-0.638100811243701
-0.517643573561685
-0.425170863622589
-0.515098145284384
-0.534201400662573
-0.519990063245644
-0.468098097498199
-0.457287194173076
-0.490914211517032
-0.635150477773839
-0.603959214296176
-0.48609317514818
-0.483950496697797
-0.437814788572002
-0.519540614665104
-0.692157814550993
-0.444410204627415
-0.461670837981567
-0.39398190994021
-0.372501872581498
-0.393989001390098
-0.55526732664583
-0.415836526990261
-0.293109790547531
-0.524762427683265
-0.318156892923091
-0.498289671390321
-0.415211977361476
-0.558042367311914
-0.469721932573215
-0.454089823744107
-0.456083621098755
-0.47873143316973
-0.542131501069914
-0.295207890797215
-0.522404311463338
-0.458626906617859
-0.288516271436134
-0.479912452778215
-0.417413905821004
-0.522514807015921
-0.353404806092507
-0.355134959675803
-0.34801113526347
-0.423927892265694
-0.452056547706725
-0.333928149079208
-0.266977723598817
-0.334171999512426
-0.425135058645134
-0.376285605786727
-0.395527229759392
-0.42408007096551
-0.472256561737987
-0.429261101225264
-0.467115639833987
-0.415237209908342
-0.287160245760712
-0.591178620222923
-0.292715885512125
-0.384986131515241
-0.430797320443757
-0.351663375648133
-0.407770925852022
-0.421260495155757
-0.379759991230256
-0.411621657536585
-0.327236941022074
-0.345546011154394
-0.360549469413844
-0.194257881646239
-0.321307112414748
-0.506882812628994
-0.412570085066772
-0.379765876593043
-0.314282262979177
-0.316763828447061
-0.431176663952138
-0.329611471347681
-0.413263550915228
-0.328859785190253
-0.205259609026739
-0.10420989296539
-0.292212062130137
-0.383822588623961
-0.269957433591686
-0.2887012542662
-0.404469947262752
-0.428765816017115
-0.311126714866926
-0.204973512048837
-0.257080430939275
-0.468166233151899
-0.29654227172223
-0.262534827754223
-0.188330104815658
-0.344075679959564
-0.258178638120729
-0.35634989707171
-0.351218261984047
-0.282368125317663
-0.379320759991417
-0.321364717323244
-0.135977848621005
-0.374304713827831
-0.25321717286517
-0.31369317848148
-0.401697035587442
-0.204410910319695
-0.242493516333797
-0.40552047502845
-0.146647544173411
-0.25200524155611
-0.229402880404573
-0.386221479966664
-0.216559434468447
-0.217751612298743
-0.238054208522472
-0.112139950781639
-0.313762134499191
-0.143216855932184
-0.345404639195355
-0.228475106372872
-0.289414994946495
-0.395196501268895
-0.276010986761443
-0.201953338402401
-0.0641642992590339
-0.301466325206954
-0.262225108439141
-0.254331961626648
-0.297949344039191
-0.281324343438047
-0.175145141855279
-0.131556703054231
-0.29087390299725
-0.176289675834329
-0.170570101036905
-0.297564139143295
-0.215307639751656
-0.232574773072864
-0.169572075422441
-0.228058869628974
-0.276190926677585
-0.236448642861677
-0.303580563973909
-0.252028137719105
-0.336724475057284
-0.00497618502410844
-0.0821994935045768
-0.267227337911226
-0.137041859983142
-0.0908754453921595
-0.159791006648407
-0.222898946440181
-0.116127843326444
-0.177046521859551
-0.146293819199223
-0.0581149382003539
0.0192050157756017
-0.185838666956793
-0.144922504592374
-0.233312550704567
-0.186674793283118
-0.105211232504851
-0.222847823292067
-0.0110090200382059
-0.352460271235261
-0.180966603349504
-0.327943836984375
-0.121385268978493
-0.223053640760862
-0.172790487003238
-0.0951818593034175
-0.104067433633544
-0.235283476667239
-0.0896770453774472
-0.0999715666163288
-0.15334248240156
-0.277245503878925
-0.103448222150149
-0.276334378049091
-0.175341712368974
-0.121507045942796
-0.153063731406533
-0.0803485278231426
-0.275449562790749
-0.174427391651086
-0.00247847910675533
-0.239568975110884
-0.152167752541086
-0.209981296432044
-0.0127830802474897
-0.0870165768597715
0.0776142030362724
-0.0380663148275194
-0.110099189536592
-0.144327948853894
0.00636109695181935
-0.19237113948358
-0.0457999939174825
-0.162290201926479
-0.123870910818537
-0.0737630325798785
-0.0698960988224788
-0.143183479637672
0.00797390866789786
-0.142710154677708
-0.16589278009875
-0.0444289907334849
-0.107624447651079
-0.00281760868749292
-0.128380971566916
-0.107864704363395
-0.127405202830954
0.0431155297599087
-0.0206172654913049
-0.0384402227439842
-0.106290709033122
-0.0983254820948545
-0.0811794966143766
-0.105260981858271
-0.0884986916756842
0.0911562979754363
0.00337004721077898
-0.0243779840134871
0.0765980086204974
-0.179249516978594
-0.13670183889468
0.0174921826005024
-0.087262312551663
-0.000702966363569466
-0.00236211843250793
0.00940056691546858
-0.101515976455585
-0.0859951876439716
0.0266404522306044
0.035396984671197
0.01970668473057
-0.0679199057923366
-0.10982567596314
-0.0353790831161756
-0.0470969843204985
-0.0592991284094715
0.097518331663202
0.00464608173698705
0.0502710104017773
-0.178457193716373
-0.00239260824578301
-0.0729952065197751
-0.0833519470795083
-0.120695321760128
0.0834181681288169
0.0366233734418017
-0.0198225596093159
-0.0269081133211589
0.135045915043056
0.0828541489344888
0.0990766833742082
0.0548763222874387
0.0185444255237047
0.0786530747826951
-0.0695164375708985
-0.117345367844847
0.071014990927727
0.0671733426938967
0.0199293411901152
-0.0242874896644788
-0.015183421952064
0.0434101011522918
0.0369829225022536
0.077603151680474
0.0130001716244906
-0.00393590532839851
-0.000890172961729625
0.021751415938427
0.0997466519927379
0.132482921440221
0.133213192899161
0.0478890074782314
-0.00819764619048097
0.0453794145580091
0.09799920161981
0.208653950870272
0.0886455321353084
0.112457413551552
0.0290673647773613
0.0692642221394488
0.0714686253072256
0.0902044175999224
0.104971806546657
0.148195597182079
-0.0464373735890171
0.0968853660833511
0.151956135496093
0.0799560746969187
0.201692798203934
0.196352362354923
0.099938753006452
-0.0139908109869009
0.18204488976552
0.19346047416723
0.0963361943553591
0.129080198485788
0.291183886538169
0.24255707915195
0.0545642340171419
0.0202610652592278
-0.0407333622963928
0.112581527534085
0.102833013717696
0.118751377096752
0.115032480561116
0.0514865077680408
0.0453037548886224
0.188139158432368
0.271953531482644
0.123769381197605
0.305257733959333
0.148988783853281
0.126578806240687
0.242638543287393
0.15092888970532
0.0434922120596789
0.317156901722047
0.246415531262068
0.0895855175073308
0.1882351798354
0.25696818703802
0.251758483692755
0.135019258554602
0.165418195947717
0.227935690336342
0.130752227343717
0.123447255413702
0.0959891343350326
0.364247421134865
0.266592977178277
0.0603554061605215
0.198100037901519
0.176128184319271
0.270561284516049
0.193030221988111
0.145504069792433
0.193119981307994
0.191931469062715
0.318852955701406
0.285675074768095
0.287502907954481
0.17036730321587
0.276525131442247
0.159020700326129
0.177009191424918
0.253740534721944
0.199016409026578
0.307171341738346
0.239536479566585
0.251531216524368
0.178785526335343
0.239771582591642
0.217017172457803
0.235067036381465
0.0558829956316612
0.287228852146009
0.350037582503252
0.268318484763449
0.154279597860627
0.215121911587766
0.30076702561677
0.325955296864705
0.319493099103379
0.118524033502004
0.182250442201029
0.190292152530186
0.237440409221805
0.225504584592364
0.230494966736487
0.26421683659088
0.200890173057053
0.149495107930435
0.207502773076341
0.318317230788987
0.176735919107479
0.228240117641755
0.329682147790109
0.302372366269774
0.184443899892815
0.216128869951638
0.260495182300284
0.365203350647012
0.293753805765001
0.380759965081858
0.259550484976647
0.391216880444271
0.299078580014188
0.407593812802798
0.378092832812831
0.432398848661832
0.190263432376565
0.360807634915591
0.154282651637359
0.361188213412959
0.364968818103483
0.253347780178824
0.331323132493885
0.302408391754117
0.28889354094075
0.309065068675806
0.309782511551386
0.374969977746494
0.302478741136055
0.253801463970665
0.425059768931564
0.297532000448054
0.340288565241046
0.343479966295261
0.110728587785321
0.439520256235695
0.373999548752245
0.401357284237934
0.310988940687534
0.470584787520006
0.221653449023233
0.342787886499501
0.423419745070415
0.298973468750515
0.218046204758092
0.317379025754069
0.265720263027763
0.369775096135068
0.304798679097312
0.406581373237528
0.459057559034891
0.421142411648016
0.448891589951463
0.42396269766215
0.340388789774242
0.311266316482299
0.392972487852899
0.313653294953923
0.526969440552502
0.336571298437114
0.483536449195148
0.534154485002942
0.48536223563799
0.346991516874928
0.50539169595001
0.312696165122957
0.250866289820569
0.328166985106744
0.496965055520996
0.364298736780485
0.29893799899278
0.568556225692186
0.361475311198293
0.397110559323934
0.361405002085487
0.351055417734433
0.272424758717882
0.402975552549637
0.386001234493588
0.35034860397007
0.575501376382213
0.508142309359447
0.382454136804706
0.440223720049261
0.384760002841139
0.460185246512228
0.451101158953598
0.569188208230875
0.514131441435028
0.483773641435987
0.509349398921394
0.586246170317782
0.548494086077251
0.464597625997703
0.617769932115654
0.529682712812307
0.360074487349506
0.369987904810426
0.386979977725925
0.33235734045576
0.50850761591763
0.498712728214064
0.540175110155011
0.48742794074306
0.532173973750543
0.384537219719474
0.401850861089257
0.433480733680213
0.44598111532842
0.558421153500495
0.651728453272741
0.431619603785894
0.587935284930008
0.40927130637414
0.502459003388346
0.49808150695272
0.556658515045739
0.516022760685554
0.445263391789715
0.579397779043836
0.479137413714676
0.61824793411296
0.428356586658799
0.459831855787531
0.521272639892109
0.57131868566507
0.490257601049824
0.521876346149235
0.505854203487779
0.490161845257125
0.267469979569039
0.462649773305469
0.566011215434971
0.392845579932944
0.459897171037056
0.423032571276337
0.605203414140653
0.575780006296686
0.552837268757294
0.495873968707222
0.516734860241172
0.663253508875332
0.489221418566093
0.612758471385349
0.494232149476668
0.556935081909316
0.474847919216056
0.493264708346507
0.521186439891662
0.557006392347328
0.531727418970627
0.575945767159448
0.641758828649856
0.730328078734725
0.586332868186799
0.605892987320051
0.607206034006683
0.668582873241211
0.558569306688358
0.550088494620531
0.61037070119024
0.528096408112701
0.587986357315434
0.743548144506513
0.64422050603488
0.56942780890408
0.644298569176841
0.673741836330348
0.646527264094924
0.483896265149512
0.632839981718466
0.506609909557196
0.657295695748111
0.589556386943296
0.630955410930661
0.743106710376942
0.463858608605337
0.616165089649725
0.561653424119584
0.623767693844435
0.567229956566763
0.778620050035426
0.576459928127493
0.538043880665029
0.622397207496976
0.816888909807618
0.608710750379916
0.585272267368946
0.632762497835789
0.747473144473581
0.623094553775346
0.56961254690662
0.636284166694339
0.664967077876557
0.77487644363199
0.771809253558368
0.675058142621926
0.893102870970961
0.724356967105286
0.549391923921963
0.618561378063076
0.769374865428111
0.750353209561272
0.686159362317339
0.626522372107311
0.632677862824827
0.739198422450224
0.779674263137737
0.964371342807051
0.850789987213485
0.659242744799014
0.698516106172541
0.698036068238694
0.703682252664226
0.726855458041689
0.684741400708133
0.642832642044074
0.710881108524752
0.538998589373043
0.726248081406456
0.650736793731252
0.796324376151457
0.756536144861828
0.682021254633804
0.597036811042974
0.73991844159078
0.897889842755406
0.837126435268003
0.573746849058646
0.61650459505412
0.732639724415382
0.645703004008322
0.666960606866781
0.61446875788785
0.735324569447408
0.624292298149041
0.808993238365045
0.65372112456469
0.782519511730762
0.776393230546465
0.709265142125892
0.790025171314869
0.785018035129069
0.556699144626718
0.57784600827794
0.655658866135765
0.66021639578716
0.867403607249546
0.765648693332485
0.889230052690899
0.826529554596774
0.77379527341109
0.796123778061522
0.880425363846909
0.84657182661145
0.733047902562867
0.766646621945402
0.707641960838538
0.900261353412624
0.774270280315991
0.864083177937767
0.881378915478873
0.814962558173622
0.874790936149428
0.859797894737622
0.841553550756732
0.855641388965543
0.878541055450081
0.790217847425292
0.977217328007262
0.685649899494909
0.776987745245723
0.79079061378667
0.872776509276799
0.96494458847412
0.882076223846043
0.850820801981472
0.909405123872457
0.672633390377393
0.787791204017176
0.870973256643871
0.729109237610652
0.69137226305024
0.98655838580645
0.899284870756906
0.744957142340228
0.981885793116024
0.762910350897246
0.946978373052153
1.06077695854391
0.868730225632868
0.934904928143841
0.642712070598928
0.887517309883213
1.05619276532687
0.79398423570655
0.834966422008255
0.885914832245488
0.91482519096968
0.807994516871531
0.888342782688095
0.960668145976745
0.925984079870011
0.905569428945222
0.95306643563239
0.762231054753529
0.874384747870993
0.985156599142354
0.93777392834571
0.828944045922506
0.803275420788677
0.880594000135844
0.856525231901868
1.01512357794832
0.907065833161488
0.953530677654803
0.964333768542312
0.879142738435137
0.8142180901975
0.900021214588748
0.965727542549942
0.839353006401291
0.928251461613006
0.913881111744232
1.04183691865435
0.829778171079184
0.828186352079389
0.919931656470437
0.980577786476827
0.726954815751647
0.966271063582685
0.846958055233801
0.886100295698868
0.920828163388404
1.01692598330114
0.995458488539853
1.01794926706679
0.871490421301422
0.933454646701588
0.973318385984604
0.805241560352395
1.01844698425109
0.928592603834973
1.01216667249836
0.891881439077739
0.82890122222735
0.842066927909813
0.96705452211194
0.952691974450031
0.864306867950652
1.1501987988407
1.10203158306886
0.935323829181986
1.06555836420701
1.0441197487291
0.865919902077805
0.926415702233493
1.1410662827078
1.14389901307289
0.980154820121269
1.00130626857386
1.09905707137081
1.01954677768648
