-1.10794343484928
-1.12058793039414
-1.02726408677055
-1.06703084051953
-0.96299443481078
-1.17188917513775
-1.07272987385791
-0.934631084312249
-1.01710329189154
-0.860818619521953
-0.914665464901638
-1.07535015666728
-1.0035291676764
-1.10890334524462
-0.934738441319568
-1.07825186918118
-1.03357355957854
-0.8650309747866
-0.934561091213392
-0.895358843974206
-0.935852071816746
-0.884934581955131
-1.0217253537016
-1.01030225205964
-0.967828803596721
-1.02929986160593
-0.890510226261986
-0.891636003851296
-0.850785934071272
-0.897455159927388
-0.851061945596208
-0.990635646366273
-1.00212282664053
-0.831579209948358
-0.932149010080598
-0.940205449699543
-0.932827971591791
-0.990343246161586
-0.847171474323148
-0.941915788790859
-0.940986553329724
-0.914435874297142
-0.946560493373054
-1.09815780136774
-0.716675134288419
-0.997338183986972
-0.902925501513314
-0.9037931448152
-0.908072603493
-1.01277865206482
-0.730927715650384
-0.93296352805028
-0.893353207828716
-0.912348524241575
-0.880377807923159
-0.818114781253363
-0.931157759932393
-0.744812885920488
-1.00249813430221
-0.832706794054644
-0.933551190723107
-0.811029961297973
-0.833691411330422
-0.861638899705249
-0.739350119164967
-0.852502159197488
-0.94007296286604
-0.786593314671981
-0.793009822268803
-0.772253327411069
-0.844493135864263
-0.817386485161082
-0.912864733657151
-0.808942620993347
-0.877760736759813
-0.845330103678008
-0.856329096027748
-0.74970721394527
-0.883863816660074
-0.850439996662462
-0.945963770526361
-0.933016254516815
-0.854609550138498
-0.898207847924342
-0.69475956113249
-0.936490467142349
-0.780779979324987
-0.843142059202859
-0.938262024767781
-0.790443221370426
-0.857023264426548
-0.924060667025182
-0.94465591309731
-0.653059821145777
-0.824943511086524
-0.857201405802311
-0.731878389751932
-0.82044358275884
-0.876906014488359
-0.78369431376616
-0.927691285430169
-0.790545456714541
-0.742725704578563
-0.919608890429067
-0.738540886968155
-0.84152770799911
-0.864727303852253
-0.81305869899006
-0.747887955437139
-0.775521432673871
-0.740534163465271
-0.741592280979007
-0.650746508883054
-0.822016970874993
-0.723826724312252
-0.788777875122629
-0.827289658999253
-0.716994169876106
-0.663236556316503
-0.76857194329854
-0.708079926291792
-0.908713778729732
-0.672605874111254
-0.716826473605645
-0.711147032571942
-0.859357475094892
-0.763899375605567
-0.713262011605662
-0.824530113663787
-0.77874459580936
-0.654839078068135
-0.832599787345103
-0.692673528718161
-0.632075811809003
-0.709370704562478
-0.734005019245399
-0.761043135911309
-0.855554081330024
-0.752084102775629
-0.836646480245379
-0.808424469449641
-0.628205925837409
-0.643920558188114
-0.75462125251553
-0.625471975586778
-0.675919444920695
-0.551798727571025
-0.422846061844932
-0.672008202016678
-0.66369387950191
-0.629054527495543
-0.664850559869815
-0.740745514014314
-0.499349148901328
-0.602491442486225
-0.531769095831732
-0.67630425542711
-0.44424298821429
-0.765162398674197
-0.752791482543355
-0.57253918391625
-0.60468974263192
-0.614006380608958
-0.620301496807919
-0.688015547166911
-0.685034585803426
-0.748662679241082
-0.697824739451839
-0.629916444416893
-0.627567566224709
-0.569128501563751
-0.64564756994442
-0.61730155503976
-0.620109925667243
-0.615206261757411
-0.707846394806977
-0.692953154703454
-0.646811623459938
-0.507853200002991
-0.715421546066001
-0.636729473508131
-0.508964479880144
-0.693967965204717
-0.663909784440009
-0.499243880620694
-0.497137081589164
-0.713730020316277
-0.71215050500806
-0.595908770369566
-0.664306563651991
-0.658949897549144
-0.536457671121752
-0.627068662479063
-0.714512485210879
-0.622744473889729
-0.665488815586099
-0.619905093104413
-0.80113824502057
-0.535732348046772
-0.572455537885215
-0.476839505269825
-0.659642495024949
-0.468937256444453
-0.566624605139254
-0.68055927048791
-0.559120898336985
-0.598014338237476
-0.548799707289658
-0.619853270075996
-0.519947905042531
-0.531456972674818
-0.589201325228527
-0.636367802745744
-0.40640828641957
-0.452492302926922
-0.646930306509646
-0.63902236159986
-0.703828706481828
-0.544039473169312
-0.507726603977217
-0.587449439546519
-0.425262895014578
-0.457007197341092
-0.699940833261948
-0.438100543886834
-0.739180731311038
-0.430383587767768
-0.602912495899047
-0.631894790672861
-0.510422297392394
-0.449359438722545
-0.551276914968946
-0.559369674269139
-0.663373430877421
-0.663792763536382
-0.597570902464144
-0.464508720375424
-0.472039818604313
-0.567837019219753
-0.328164248110385
-0.45334365773792
-0.59609467505454
-0.445425916627502
-0.450258200398898
-0.534855653032195
-0.541293666147404
-0.474371064402929
-0.492270203843687
-0.391040352492014
-0.523518480057258
-0.432016602141715
-0.470296948505806
-0.467595228694728
-0.608950505157466
-0.638729836723765
-0.506492935477415
-0.509209546216703
-0.440889083225537
-0.447329545525986
-0.541424708651251
-0.475230523969116
-0.55707565798147
-0.473400315171292
-0.525748322840946
-0.454287802156265
-0.332531968033637
-0.578717237548061
-0.389934620302343
-0.575897137236597
-0.614500290449253
-0.304553909948093
-0.481279519331661
-0.487618223543648
-0.408389289091312
-0.398672077854459
-0.46765871020527
-0.492143672244902
-0.391909660511146
-0.504257283179564
-0.418614937501693
-0.532509110399199
-0.395853372338432
-0.310697269993313
-0.48871541093717
-0.38223254713565
-0.495653283379815
-0.423670783192563
-0.398648234301542
-0.495084162095819
-0.349145714593286
-0.416969239822942
-0.355789499600339
-0.440196306697663
-0.395573070756117
-0.535318236019731
-0.611357805549205
-0.536995515546761
-0.38699472498302
-0.319109836777063
-0.44583682350007
-0.419118835151749
-0.476577732598902
-0.34568096694522
-0.392430851925624
-0.398515632645056
-0.359181225152314
-0.440004287911127
-0.43171076504901
-0.334174950583025
-0.33135234387771
-0.322738212130571
-0.432905401970947
-0.43661426169166
-0.384344148526961
-0.300593541062305
-0.397631293643586
-0.216677482205228
-0.332259175943347
-0.237583880887893
-0.343393088876372
-0.327590449435655
-0.255329394365688
-0.388313387882132
-0.170180731035078
-0.2925201527353
-0.38212850916234
-0.322890578851105
-0.253735087558449
-0.23756646895165
-0.346028530343521
-0.233458460423757
-0.328948179209303
-0.256694232068634
-0.326069490123946
-0.350963617498172
-0.461147961234624
-0.325366769908743
-0.196029198672246
-0.412060032110797
-0.431886370956173
-0.221384390995457
-0.423347463133484
-0.260385377520429
-0.289422859493264
-0.314243542309334
-0.356277086807801
-0.223888579369418
-0.256472024251763
-0.295201361391816
-0.418430888055986
-0.251338190646223
-0.296856137646955
-0.339632364116646
-0.390125972935883
-0.463053365508305
-0.144388499050019
-0.272622386236844
-0.298845598888602
-0.184297918060725
-0.30204756603698
-0.178250624413972
-0.277830525166416
-0.149549980122499
-0.287913311814694
-0.352080260753482
-0.312214520769119
-0.334221041404633
-0.0997339983366137
-0.235613291517271
-0.225900800640269
-0.275402939437799
-0.272440041636814
-0.295276918282348
-0.0903137712503591
-0.319661831964079
-0.140432465564602
-0.506141213466043
-0.235753319745738
-0.0948648779886097
-0.0991365379938427
-0.427548057838548
-0.283115376573585
-0.0430107015044219
-0.337607617163805
-0.226583338530491
-0.264509619728953
-0.0535215536727552
-0.252324107111757
-0.239160574260216
-0.193997421467272
-0.195404360104344
-0.164235687209188
-0.0804947113415044
-0.270566983875108
-0.243350663866807
-0.244522310587197
-0.184400931794427
-0.20526761832073
-0.137619434195479
-0.212848476518742
-0.164030708653513
-0.159342988816588
-0.142576654059265
-0.219912165301379
-0.127064789771898
-0.0846520598570964
-0.209744597191709
-0.303149971187852
-0.166082644657967
-0.0220340220166733
-0.250764827645774
-0.303941247492935
-0.220184235765339
-0.09316724550897
-0.172872918730122
-0.212943946635892
-0.132050510743395
-0.144365198244583
-0.193826538621388
-0.08526925041362
-0.228195611409737
-0.0462324396921676
-0.250251145883097
-0.117746811744995
-0.3018307977522
-0.160218475025223
-0.121351055743582
-0.200827279985209
0.0116327251590007
-0.133849804855271
-0.152192967960687
-0.384359550748111
-0.111681332797339
-0.0249605145561199
-0.205376855873001
-0.00143225001282645
-0.239137506028074
-0.0726753053573962
-0.136788233873323
-0.271018234386336
0.052836610642695
0.0202575937485732
-0.158815000302452
-0.0775399393485812
-0.273204436990255
-0.04186419896398
-0.0898379166869516
-0.152286842948971
-0.24657390395273
-0.111106239234715
-0.114090088511109
-0.106827301025881
0.0476431439799432
-0.0582462517037746
-0.0937420607183765
-0.0964810779210146
-0.0370994241820592
-0.0531233056348564
-0.0777388696327707
-0.0740111654733858
-0.154751617354299
-0.0461847431018334
-0.131838676057275
-0.0497420229874518
-0.099319065273832
0.0396254418427533
-0.00527042104293377
0.0651452078077277
-0.111311953217498
0.101575705414678
-0.0630467634537297
-0.156596293628514
-0.0154325560411971
-0.00107653616708265
-0.137473540698238
0.0124809814023363
-0.0179409426919596
-0.0136384023770215
0.0048800576949323
0.0237556066243545
-0.0235810377666386
-0.173880076480963
-0.0982668683609608
-0.0457276903083452
-0.0298991020464579
-0.00456449805517509
-0.108199405011895
-0.0621238989261066
-0.115123363282425
-0.0306991897206468
-0.0351542020671819
-0.113035196295017
-0.0143927310464924
-1.32930000480555e-05
-0.0276848983628156
-0.0224342569734252
-0.0727388205430308
0.0280244344432105
-0.0831637885820152
0.0476434905002437
0.0399428380443487
0.0210091413003317
0.00509686051990573
-0.0342100570197488
0.0448031499691768
-0.0404869053381217
-0.108877335590064
0.194967171196779
-0.00318236783670954
0.0433210690072832
0.0951731042541679
0.0502672338970966
0.173524950250208
0.00891215015938758
-0.0576264917431122
-0.120992255598769
0.0405378135969222
-0.149327600278837
0.000579721427680509
0.0886615491173146
-0.0160281612486485
-0.045106789730347
-0.000847273553466988
0.0858298513234005
0.0422414966759882
0.113902180119004
-0.0513964497095539
-0.0658095063654764
0.126800402558941
0.124713972076072
-0.0325074659401135
0.00930679445030905
0.0173063151736762
0.0991303309221176
0.0611817249680233
0.100898951874711
0.123385894816918
-0.0991732946510914
0.0134888150784001
0.126559146513423
0.126252453326586
0.0300725113353036
0.115907109632761
0.135577137592123
0.0608582019749415
0.129106376279519
0.131404381349616
0.0858592318529003
0.133259907994469
0.0426183915916747
0.170468999533535
-0.0329604640137185
0.0349012682786045
-0.0392168451107368
0.0976869709478036
0.0320804891190564
0.134074030906436
0.116169914639517
0.0856418565515152
0.13579370764224
0.0433487991330977
0.178587974726129
-0.0522619958292392
0.156998938865732
0.10225417283643
0.131934617424661
0.0702179933621454
0.112587402953792
0.121152518880964
0.200075603891054
0.237084766388403
0.171763529873153
0.24081667891254
0.148120088557348
0.154843613706709
0.278134406144611
0.00988348940967638
0.136508846807176
0.172333285405914
0.234871048943755
0.276091014585097
0.00386846569528785
0.106500207777483
0.242506627020522
0.19070493896413
0.188251277496496
0.0551265244989313
0.0339230368581911
0.176853175837866
0.289132095076168
0.0886473871073645
0.221963213231782
0.131787955342755
0.199631241343203
0.0475306884484951
0.123193978669782
0.165841091267339
0.316257746776329
0.335982667457417
0.0432021572115467
0.123641005493421
0.294411171257967
0.133841108598598
0.188658694280959
0.189520298028309
0.203362021842919
0.217544969564474
0.118850792148848
0.317322295051674
0.15209335552243
0.196107951778262
0.351292917548952
0.16808093983568
0.333846508452664
0.376429738746479
0.206938406992336
0.177741394934641
0.348528177954711
0.420705196438116
0.193337891550706
0.379995605542488
0.264704759747276
0.0892230594937609
0.222772686597411
0.273952300508988
0.130922125314814
0.256783347318809
0.339758254642338
0.386057591462758
0.246386515943989
0.261561327527977
0.168842139427971
0.285702643376771
0.227135215657936
0.202333142493526
0.19494557819349
0.334964858908049
0.262351851619987
0.450528764716367
0.279066893005047
0.349821470299241
0.177474228470608
0.298850218182442
0.29833204345985
0.30994469325471
0.238756998436207
0.214589433750807
0.215322567275759
0.29612407973735
0.312667278547752
0.356158326787389
0.23556644660356
0.269713078021945
0.270604058890994
0.310239906561966
0.415721898269501
0.302162276319948
0.344405224102114
0.401284096619724
0.304406095808011
0.290849466499584
0.304789083489478
0.295328588372885
0.40411324789089
0.33396014873174
0.211283695333128
0.368716212496395
0.457621934388191
0.445351516256073
0.275227998386919
0.319308329253828
0.221974524662843
0.33001915258153
0.308289692299195
0.451821956943249
0.22194911573285
0.376673430911467
0.223758785507169
0.309968914645372
0.249442380078736
0.344372391041207
0.34727398523324
0.395265465606747
0.427373272743973
0.392437531249731
0.39555044282344
0.452332838036706
0.276054628644535
0.461731442208721
0.366949353561354
0.335018769604569
0.469221573687325
0.44289420890358
0.308331205271741
0.402240747243983
0.330413649622362
0.37931572704279
0.395214954059494
0.472285383898107
0.391512874857715
0.35523659934176
0.511510487161395
0.384931434647833
0.412419827402207
0.435449252942608
0.324075426118939
0.334972451757435
0.394124329244293
0.459870727302804
0.442846671626512
0.451946948694724
0.468614792254446
0.450386156894375
0.521048751843769
0.420149794060253
0.37943577951132
0.516796877297614
0.363549508502072
0.535915342037068
0.514400586713753
0.460557821453163
0.577158458258819
0.360269940468255
0.372536955240972
0.239240836589151
0.465338304571499
0.349482864112642
0.426021263626087
0.482912447817522
0.574450615314614
0.471130709691477
0.396124442008621
0.43595151922515
0.55388894232818
0.475374022311382
0.53531945441455
0.492863950276128
0.478441544512798
0.553077997697823
0.624884383293851
0.422431733404275
0.605760123578748
0.48257481558117
0.531605999136775
0.522480744906289
0.473769349381491
0.509191516215162
0.558767223626717
0.53530641730406
0.580609815010559
0.440815126268549
0.514298407739937
0.502548255506916
0.396771081695678
0.522408782218274
0.439431783917939
0.610864930641633
0.569110816826322
0.626428432780575
0.552025458003158
0.57708478446173
0.438789255781862
0.458033525567863
0.362330309252189
0.512089136240369
0.608539571075207
0.533045540456963
0.677184470276767
0.412704858419785
0.447624722878351
0.535939426101488
0.661332282381497
0.421858059901509
0.544300552243086
0.521324748363775
0.492851755634184
0.553407712857074
0.576813149746283
0.578811206487267
0.611919278292613
0.569116280200057
0.586865566946593
0.613014384714107
0.586601095214956
0.548954228226699
0.591772264702857
0.609585725354898
0.474213639772948
0.713463709464272
0.573316215172649
0.506623741325121
0.574860033598574
0.5478149695222
0.550550243236252
0.63966951443441
0.762093140978105
0.517328596122188
0.587330231123404
0.516889775871338
0.517688774124086
0.545362809029398
0.51827087462035
0.659973213774828
0.54735134281997
0.70712713468844
0.566909498518002
0.553719366372478
0.73336834448197
0.521536345208633
0.608765461023764
0.508321867374772
0.506635770220867
0.565430189234495
0.486151775483798
0.639924039942364
0.759129430371215
0.732777510471401
0.691131329547835
0.679208096877863
0.6313294220459
0.588020933159617
0.721140560578769
0.52788755138548
0.580932367030951
0.695276459088002
0.601650229432226
0.591509444552257
0.620081421876246
0.714369988298442
0.859157665489226
0.676080450255087
0.686994232854858
0.693298145655015
0.731768408904246
0.585064667251553
0.719272586052662
0.563332094588903
0.713700479858245
0.593726353464952
0.647643389648192
0.667000902711585
0.675762360458057
0.869823487182399
0.524803135515111
0.665085651165627
0.698108279630209
0.789671195353282
0.82140631973133
0.621649081631822
0.694533586748876
0.671755573979125
0.829079391046032
0.708828152109935
0.833975899356425
0.76355933736528
0.706827570935013
0.659107108639047
0.832708176592003
0.731139437725812
0.827211456145591
0.714293188720999
0.741245010010917
0.577691441547732
0.642386100695541
0.755784243650418
0.782080752241705
0.725421308826862
0.828322842578006
0.683869549043908
0.726566989779726
0.78583350131475
0.664639248258144
0.72809316032251
0.637540218652297
0.784711012386854
0.752872108170906
0.677540154418051
0.68237875372023
0.710236502472864
0.646138232861366
0.720748180511698
0.674066568883573
0.652537366094493
0.798910440481926
0.742357338736703
0.759648979271733
0.769444097083349
0.659955180133824
0.640027243833721
0.711863296588574
0.882592617826736
0.855071345820376
0.740510171055383
0.752241783306601
0.998208550388309
0.80206429434012
0.752108514678704
0.678017441542376
0.73406898990838
0.847809902670765
0.838858129487489
0.774215200305122
0.878073945969495
0.78151653874379
0.716053152512307
0.748531599128957
0.818372203060986
0.649507141578322
0.868700789600534
0.617512427884326
0.871806278001819
0.785306148690509
0.956706354494796
0.953775509902717
0.936241929129553
0.875303342011288
0.767930937568033
0.869705966607873
0.736406478311022
0.856814153261704
0.77607887279567
0.818957891097906
0.857775429189554
0.833535996737911
0.686251291603113
0.972663071467761
0.849927179838566
0.883861876620505
0.851601793053292
0.890704259629736
0.877970926383952
0.941760432915796
0.943177816044854
0.79562457610594
0.881169791499561
0.934094245184096
0.87411127652259
0.854890797409722
0.959083100143677
0.960970918955915
0.787836626567646
0.908395857357797
0.855179856586098
0.898351303403039
1.05737127199449
0.84169348497395
0.817697459621913
1.03322123877592
0.930788665524238
0.914280469609311
0.977244075769571
0.956497747112198
0.969395347544361
0.853702678699937
1.03360142185496
0.875223528791668
0.869768757579127
1.0149938523236
0.897118478067198
0.966486423202141
0.88307442722492
0.781585641243507
1.00390992828859
0.913091373180108
1.2930905609541
0.89838113212187
1.01826355180163
1.06611837575584
1.015662479154
0.897242417515752
0.968194120737215
0.865937245526369
0.886797739507666
0.833021528712194
1.03893529265826
1.19155205494761
0.991500416155177
0.974898888015286
1.01384978114935
0.936665617451625
0.898672654806315
0.987964646323732
1.06286656221724
1.01883305869589
1.01300502988683
0.963036795204589
0.939545003611432
1.0757652759971
0.854826336750419
0.982897146991036
0.937761857187647
0.903967041864671
0.994433221202975
0.778950806869306
0.87064167131526
1.0487112254775
0.985436103375647
1.12105563493411
0.935322882013065
0.938278332665199
