-1.00052819011746
-0.859542403244244
-0.879191909119202
-0.903954084178968
-0.778035840540905
-0.98607787043371
-0.980149121727635
-0.953749344804852
-0.964013609452567
-0.924795722416188
-0.846222260791465
-0.899256045518046
-0.884109118874417
-1.07923041746917
-0.955835269926058
-0.913706478286081
-1.03250563536684
-0.928906464286505
-0.872031972500784
-1.09537793040912
-0.957451161904529
-0.944046410919673
-0.804551240322043
-0.946507620266167
-0.914580296909587
-0.994594986494112
-0.929996685928534
-0.922128924801065
-0.926838033603501
-0.902633196072296
-0.958234505849028
-1.14466921601611
-1.02075630222145
-0.960650054070996
-0.957582354051354
-0.972934325093864
-0.905221676819355
-0.88392542756643
-1.07081336958134
-0.909395380993239
-0.976906802452176
-0.797470668678656
-0.852848886042247
-0.886554438709233
-0.815220133197624
-0.993719803044921
-0.977180993209563
-1.04804898801901
-0.914262971589278
-0.833258607179304
-0.914982053386424
-0.908001360612767
-1.04320849625398
-0.954622672433277
-0.703588625339495
-0.788098644316298
-1.00949227552573
-0.841213775671832
-0.895303141449201
-0.794015768885257
-0.793659368494534
-0.958287399240424
-0.685773612450824
-0.998566522668546
-0.999073035765249
-0.791823637354593
-0.798962685326864
-0.871713625429221
-0.867406423372618
-0.859886835614949
-0.830469772859105
-1.02924004644846
-0.936044697560541
-0.829013664852889
-0.887599909790735
-0.78143950395298
-1.03046920677579
-0.76201698881856
-0.766724458328554
-0.740575142090444
-0.781090042130706
-0.94620917316665
-0.739133764095723
-0.788654656030406
-0.897492949887062
-0.883352059895959
-0.672360487914882
-0.832493503423996
-0.765716509260874
-0.79016510277675
-0.947383894966238
-0.592518890683828
-0.801471707965556
-0.852567335380662
-0.718592036185373
-0.813965077993634
-0.862331720946363
-0.874671974504393
-0.876624768389039
-0.61577288509416
-0.862351497118555
-0.719559174648333
-0.709277512921817
-0.766383227238359
-0.985396550791436
-0.899610953896565
-0.802846359830367
-0.674803389281321
-0.714315907242105
-0.898548403535548
-0.613341729332061
-0.72072538131334
-0.779499853221868
-0.783006689004121
-0.80502550095912
-0.767998536068733
-0.74113393183909
-0.749199435088376
-0.822259850978322
-0.856567962890817
-0.701155882009198
-0.796914739573745
-0.791239770710254
-0.958767362428327
-0.778230995968816
-0.785061243829837
-0.744829364907681
-0.765479596353605
-0.650287284321215
-0.833091944132285
-0.755185444178298
-0.607363102800785
-0.966952722417917
-0.731795987157442
-0.725261460325907
-0.836512039915242
-0.55390981532001
-0.666887321196686
-0.810726306667599
-0.702430384095169
-0.774604331464754
-0.719563897282933
-0.721469151459046
-0.734454261801843
-0.741303184365403
-0.724530795048756
-0.499320805151351
-0.715814765763242
-0.768168572938294
-0.68947611898758
-0.676025164861183
-0.569303673461921
-0.715940157410188
-0.885214848773028
-0.604474284151681
-0.645428320084675
-0.58904903465472
-0.620380266595486
-0.792028298191482
-0.72360558559396
-0.775834662442687
-0.655510324357307
-0.560879344683459
-0.569882023704265
-0.691506371357056
-0.684465207852916
-0.703730748082193
-0.693173149745918
-0.595423045429961
-0.655845840102829
-0.534817314777626
-0.63065881748369
-0.613085958516282
-0.655765750793104
-0.651155935496979
-0.765558266842939
-0.512504683565506
-0.609421666408746
-0.671473036550242
-0.521530685650282
-0.657550950219025
-0.665605139963927
-0.630793702698634
-0.678700286952893
-0.560642979781587
-0.696159775648899
-0.733311144855083
-0.40658853010523
-0.530516394096615
-0.560594985673389
-0.651421161240635
-0.65169315080777
-0.639260904171411
-0.652921999358431
-0.558546710740182
-0.700892939378031
-0.683001008298647
-0.616564627014131
-0.655500718367682
-0.700037512024999
-0.690609199141331
-0.544095833505877
-0.610147838549421
-0.442245275039697
-0.64797360587591
-0.611896652904672
-0.5438252933695
-0.680982998424081
-0.56930017042435
-0.534629182541576
-0.4713620712223
-0.44089341059792
-0.452355077073662
-0.518333037260847
-0.56284183710809
-0.725780865510567
-0.484699411402606
-0.515406222295627
-0.468961826210802
-0.653946964139881
-0.702681506011857
-0.501448376788102
-0.632385897875623
-0.561975104884564
-0.528596903533117
-0.556548010823856
-0.541457345170905
-0.612656538630735
-0.612797163017838
-0.568373913432081
-0.394181521078721
-0.507693962941506
-0.376744741047597
-0.552154058907022
-0.50621354926569
-0.562469205255759
-0.413731089428956
-0.732949116289113
-0.657417329474314
-0.537640174117058
-0.612097761820041
-0.562957144180505
-0.507177828666692
-0.473027296286847
-0.492108489127702
-0.557672628106231
-0.379823808165438
-0.520602668900227
-0.464392233514516
-0.346103934410668
-0.58695010504409
-0.428990790494701
-0.46917303212493
-0.419844973149376
-0.587096870594009
-0.507832713216474
-0.556685258075233
-0.462597531999817
-0.656686113184122
-0.567590046247375
-0.416653913401887
-0.432601462296436
-0.561256602147367
-0.417152306815945
-0.422898727102855
-0.530062388534277
-0.523800434990647
-0.386061992277956
-0.659068002789741
-0.515340496585567
-0.517076308282934
-0.428117933130024
-0.431971936230267
-0.419911655615956
-0.386624382996398
-0.412396687640867
-0.529750171011227
-0.413597761564165
-0.542802251707961
-0.648019535078121
-0.391443488021288
-0.492141090582131
-0.422588321973892
-0.366674754011946
-0.449657340494559
-0.521684889303744
-0.471988116813534
-0.443253688586172
-0.454217501997129
-0.576636468304316
-0.367410671649139
-0.409925875837773
-0.500556077028925
-0.459567136379683
-0.459101731890335
-0.315512477381701
-0.577870745805386
-0.236194292498454
-0.381530601911325
-0.471376628775416
-0.415164464192464
-0.442892130050731
-0.556109505182191
-0.337905347413125
-0.410780405373362
-0.415666459409566
-0.310797907527046
-0.562447408688338
-0.397992146687333
-0.400323446894417
-0.362218359563503
-0.396780230969745
-0.441902402232043
-0.35922249893347
-0.342327693166083
-0.38907079535644
-0.42317075288856
-0.40336534849321
-0.379020171902926
-0.353681456124314
-0.355489977780816
-0.405775814273346
-0.31097565553708
-0.354826570754385
-0.386418760278997
-0.566389038173315
-0.358874365091566
-0.276929861099173
-0.398690873271197
-0.331844499202714
-0.385871849353354
-0.40131177384481
-0.416391547448603
-0.437663397176659
-0.453624349724568
-0.461836007109152
-0.299992208790179
-0.341863469451496
-0.408094912512425
-0.41226004819208
-0.299637602858182
-0.185161971309155
-0.533842575515457
-0.257231591806739
-0.28268424564279
-0.227339037764078
-0.153469539456406
-0.276078062697833
-0.307536202351517
-0.328542834022481
-0.36286747355275
-0.362622988967844
-0.346823183674153
-0.158915703766937
-0.401191788711769
-0.474571666846193
-0.347464828820754
-0.301458653804737
-0.340541774634832
-0.384195770960608
-0.150228744519134
-0.374334316673717
-0.358054417410703
-0.370337147310614
-0.166844810994598
-0.305269747214058
-0.278089914259776
-0.275802598541942
-0.350708029129803
-0.273188518629743
-0.117088513350118
-0.277960497426291
-0.239183945865373
-0.311603391048673
-0.364659855548154
-0.242085850467715
-0.28481239639457
-0.288399441486911
-0.205551318734237
-0.325854745266879
-0.210516339169704
-0.0757993193039614
-0.0880397170675348
-0.150067528908042
-0.33529164109843
-0.230435221398153
-0.187662427306091
-0.187645809538077
-0.0578959203647875
-0.252052827154815
-0.212577887311422
-0.299490320456841
-0.230846109455908
-0.231146904819861
-0.22527767757656
-0.246047991623223
-0.216084549266971
-0.241660956559519
-0.23448623368713
-0.0774825061067602
-0.315673186873234
-0.259742252574285
-0.199357934453455
-0.222664320604517
-0.216067208401437
-0.169411750601634
-0.13399996434445
-0.424913021935162
-0.214639768927677
-0.159152746199586
-0.134230952124747
-0.160176417336616
-0.22695448625188
-0.188220479454363
-0.138666501651052
-0.135946623154621
-0.227689374930001
-0.21122305907559
-0.138845182226397
-0.221463099935921
-0.19852061009543
-0.0793064944664404
-0.0998359187633106
-0.15032977890922
-0.110551837079864
-0.184906698956029
0.0351488352912289
-0.250055767710201
-0.218997758451832
-0.157658812323923
-0.120126938289589
-0.201680618459079
-0.152005755056399
0.0715501373525756
-0.080084822051092
-0.208768393021072
-0.209209503163333
-0.156716063666955
-0.0636053483784238
-0.169658510481759
-0.144482163979371
-0.20311794718942
-0.0511685318830428
-0.00609789834307751
0.0212140060326398
-0.162594632232965
0.0448320779260854
0.0117921326218204
-0.0798889402740623
-0.142538006851168
-0.168119762906016
-0.128626757005659
-0.0575676468930228
-0.0978520788075618
0.0829894603662867
-0.127779976038668
-0.131644675965426
0.0211256820282297
-0.0438049879189725
-0.0719626127564286
-0.019812129689126
-0.158675950820936
-0.206739653736253
-0.0713767168202238
-0.155030921483118
-0.0431669777985905
-0.0654114923810536
-0.230240933812979
-0.0846669895828394
-0.199697209971423
0.000593237029120055
-0.04865774290167
-0.0215627680458462
-0.152353519090944
-0.0647645626750808
0.0298413001586051
-0.0875775484969935
-0.0249249908468765
0.0708707982819162
0.0154359319556343
-0.0631497340461281
0.0392635853674473
-0.134424237602078
0.00470144192335919
-0.0142854177026737
0.122150313537469
-0.172340671668852
0.00823771718622029
-0.0638687088537888
-0.0612688696696021
0.0199006187986975
0.0431504942978675
-0.070528625281166
0.0334535900597417
0.045005565849567
-0.100993980160833
0.114582623519465
-0.0428070755516771
0.100033836954606
-0.0199031210006491
-0.0291103519336556
-0.0353417204680741
0.143633141483099
0.057771703278762
0.0242473083561036
-0.196062189406959
-0.0402830136512336
0.0923314791592123
-0.00344596385379209
-0.0413381551753271
0.0676895090970238
0.0715627983744299
0.071500727091925
0.128687254697021
0.00524516139958403
0.110309759223559
-0.028282147659323
-0.0154979941267256
0.113128925739097
0.0882735390695413
-0.0417504816792373
0.0416314732041998
0.150938297707003
0.0913779818596394
0.0478250084787022
0.145379862857397
0.0160037664352432
-0.0464990674147352
0.0190902412480522
0.0845223942604947
0.072043095481091
0.144957081788401
0.253969447056859
0.260607823966189
-0.0859090254782449
0.164393604107553
-0.021106881760718
-0.00913501142541643
0.115804880117512
0.185808870337846
0.0324585945535356
0.218853762390488
0.0143772973607819
0.0165819306616282
-0.0934827399382142
0.156552760637538
0.162943963472225
0.146123876097272
0.0566159531165625
0.0788793361446012
-0.074480471301584
0.00256500506027822
0.0650795846235546
0.251917887666872
0.100487663613972
-0.0156763340283185
0.252921389638437
0.0854741850829372
0.0686246131824696
0.228566607468843
0.152854066189141
0.155487139835753
-0.0217636591788906
0.0601322581000614
0.0294411057457153
0.21925731187719
0.0832285854701885
0.197738117665338
0.00737560445033264
0.123211353747662
0.241515005064957
0.069560136647886
0.0872688909787928
0.232199199374542
0.21469210049246
0.103546979294556
0.156818352833385
0.130308154810432
0.104716494186349
0.180509641430867
0.233586952869532
0.205693870309942
0.0886212742536713
0.119934820269093
0.0901773795311886
0.105890398723848
0.171775092673786
0.284947961104627
0.208911914939281
0.20787093507983
0.0358823166872079
0.213806985925825
0.170176993768461
0.162947756433039
0.153084453954784
0.0740997318933241
0.206939728242469
0.208400615805434
0.294151353794366
0.260459861903801
0.257834897415893
0.172271812810581
0.160184987211953
0.15596744071506
0.120820252901462
0.307735547513028
0.180106393187304
0.312513676520442
0.340920654813449
0.388464800052821
0.168436190135853
0.216815667229046
0.258358683007097
0.239846689871731
0.100932955245735
0.258779173089725
0.187060649473978
0.0874838855839759
0.28929135307729
0.11032380143345
0.161153675386219
0.246366805309287
0.280728942348317
0.308586833489603
0.400977471203154
0.113577722203945
0.310917901222485
0.292962208225015
0.20239355782095
0.151361499983284
0.212655741209068
0.232635247600589
0.245883629502577
0.337786196243663
0.208670432218978
0.27468050631615
0.409167909096173
0.286441204253687
0.159913279748542
0.210834199411465
0.19560601653568
0.305567216904737
0.267972700426609
0.349519702240136
0.229286173219977
0.309300072677524
0.309271372952657
0.137240341011541
0.257364243656007
0.305563950740763
0.345198699938822
0.130324917191708
0.275285731078548
0.253922581010628
0.456119003410974
0.3581907719242
0.391702384411601
0.49967219882126
0.354855549394328
0.311763581204922
0.241863704203789
0.353589585313172
0.472817543276849
0.292906076714058
0.164617888816605
0.381013375536209
0.398027570586162
0.368499170088347
0.334018040940734
0.210844391547373
0.254706052693982
0.377757976382497
0.342285907498675
0.279355579749925
0.322836513365399
0.490665230570185
0.46678260241192
0.285272168893443
0.286676517735325
0.306400985811626
0.261626152020323
0.365500738147557
0.258745263903419
0.438933549898494
0.367911550639439
0.344496130083551
0.449098495908908
0.426262796884922
0.398577253136717
0.456825296594848
0.529258380021094
0.432668726668634
0.286412742222329
0.379275920600503
0.380339483275021
0.440791540532053
0.353133806156171
0.222916608610188
0.297840073704999
0.440510356558381
0.378921551683835
0.427084799298896
0.439631510948648
0.43993568985398
0.354912324607914
0.446654413152186
0.272804607355594
0.425939155557029
0.380403657433202
0.592141262057852
0.54917320690579
0.394812095221307
0.273020173165038
0.345117530079104
0.480413375185875
0.444088451708702
0.40665288832323
0.407901526560809
0.460192405411684
0.592499989118712
0.487527432345953
0.546745166253825
0.434622978414547
0.26478877928488
0.550258854199475
0.553210660943446
0.485651032657226
0.432895827643902
0.299065186271519
0.301157787098222
0.410274584070556
0.495356829332242
0.446029200731627
0.435219130103946
0.367888710008103
0.359348204773839
0.480746803284579
0.532395124852754
0.495107966102946
0.328228534433929
0.488618936391136
0.390552991047382
0.370337851160918
0.371876450308753
0.553183506853513
0.563002612591998
0.291912596607675
0.400026525834651
0.52188266462953
0.547978065904974
0.47300264107823
0.516870717817375
0.423687482685636
0.46668888807774
0.6308082620153
0.37359626069054
0.626183150385889
0.516452802239437
0.388064049323624
0.435947261895079
0.620935222747349
0.594984482053787
0.53063939327023
0.497800904252704
0.496340032824643
0.60007812028949
0.551526239586214
0.655398722334077
0.593217804457692
0.578702162642314
0.483643848874798
0.505142342695687
0.498853979296298
0.498008711440992
0.786989003593787
0.592107074750105
0.488873299063177
0.396130770233721
0.531207375944312
0.666064384534032
0.513035409017167
0.651541170935315
0.467620417995254
0.577654785333176
0.732992292137989
0.601420412101305
0.578889247874135
0.688252337997241
0.595511263380421
0.55739710592261
0.745262509084035
0.495317058930684
0.630722872156576
0.526034650865259
0.592236148042426
0.552735666589061
0.641075072715461
0.637862794079667
0.596706961968639
0.535933445801613
0.610475353928205
0.481457694706801
0.573003138572238
0.707091908100865
0.599022827764593
0.602570110310258
0.579719118316405
0.49127068890119
0.676588481667356
0.57866372363847
0.819003928666389
0.625180976720605
0.496725189646328
0.619952396061622
0.578495707182354
0.722614682200238
0.57952577855002
0.725079811694336
0.642795136955415
0.783898114613313
0.670108192389398
0.716579459857499
0.656188380089683
0.738108727714772
0.630317098999188
0.565209031704521
0.753217690406512
0.596291990032346
0.689387573513008
0.782596592313368
0.752560112717808
0.717319386506932
0.705130362577012
0.609291920782576
0.503291100082498
0.73453484553063
0.580924838288828
0.589230140101516
0.812169426420724
0.686009453013128
0.52441232522229
0.521267130708088
0.792914090458085
0.531666919222168
0.695380503527362
0.598953438481244
0.865435373715982
0.745587951421744
0.673386429134081
0.71482186530289
0.694299044936935
0.7507297505227
0.832907621119629
0.657441626305965
0.748688721635892
0.831815673070156
0.876730164764448
0.72539816530839
0.795949248545169
0.808172777091602
0.667092371102335
0.800398844593107
0.705020655133433
0.686607505508844
0.699301742095668
0.804954469842449
0.806452588023998
0.680459382360683
0.757996330736826
0.713040723293103
0.693393378639481
0.696921541897837
0.668808620253716
0.865244525182388
0.813353463515785
0.71857136959208
0.784742703742995
0.791943488456652
0.714956453269211
0.799916994694052
0.809964145653884
0.755077052679515
0.871327722738506
0.813538746951422
0.870828996847549
0.859769958308037
0.659207863493607
0.794469085822907
0.813923556239264
0.737192322930646
0.87152082719693
0.726895600871822
0.885655366468148
0.85469190613317
0.945262152243806
0.883764911166752
0.830223640105577
0.749455169942974
0.745125287581105
0.74337428250643
0.876887923181742
0.858473883448613
0.736277827978351
0.881185840980352
0.76214702408593
0.941469744912215
0.9059289008357
0.699081680260746
0.903355717501704
0.744630148285866
0.691477756843605
0.725918210521998
0.744028635170581
0.9724358116574
0.963640209968046
0.924847088044003
0.788365661254506
0.799312231915829
0.74073310832845
0.957289111074616
0.818400780871099
0.871251596356843
0.818811132725951
0.851760309147465
0.78164236243187
0.847183452656317
0.853703842380052
0.821688537545599
0.801154300462839
0.97807345166526
0.749493223250415
0.999622501612204
0.879283829742919
0.836712269640632
0.800211127919539
0.71103409589551
0.719479626858706
0.900005226200932
0.898171832724464
0.890220584783113
0.99511735371075
0.868684471136204
0.870723693324583
0.96727724190546
0.861614933687699
0.784248030266339
0.910739241363583
0.878917680699845
0.969060787620207
0.991083138119178
0.960295778304657
1.08379393647831
0.982390846224553
0.96486444400199
0.888006285952825
0.973494720985487
0.97218678879556
0.905995426989491
1.01043837082638
0.863889172091147
1.15793355252644
1.01104708478726
0.798094412949098
0.997405723946197
0.883301241492755
0.740729956004756
0.889411349154404
0.966143496262381
0.897326420048496
0.821764323928959
1.01706433060906
0.966131760255669
1.02189521636166
0.927259748744064
1.09081322950266
0.811474492769247
0.999184648569361
0.907773251555308
0.857005019086229
0.874391387256549
1.09057014177639
0.897984171210397
0.957424132989107
0.999867829641979
0.913554673829942
0.934245671965676
1.07138507731257
0.954142695502357
0.946728607914609
0.93677620159006
0.991269583753352
1.06345190145175
0.992331295647509
1.06568853488055
0.921722287176975
0.945516824110569
1.05682103613481
0.998820583218109
1.06088729307378
1.01733896495798
