-1.11523239411535
-1.11218694592191
-1.02502144474759
-1.08672016138997
-0.981533367740784
-1.1880171718182
-1.06276485748456
-0.925888229425625
-1.03891069333421
-0.844097385245718
-0.915345090465691
-1.0898647962945
-0.98833731283593
-1.11419497833993
-0.959146940131006
-1.0652865723381
-1.01642510667274
-0.859104871411552
-0.92781538818103
-0.884115815892175
-0.904452524710679
-0.878218244846426
-1.01098839895748
-0.988548544926213
-0.994743519748437
-1.0464306423305
-0.89297596612617
-0.886865355926026
-0.849203232457526
-0.908409319893621
-0.852463728774173
-1.00129637043757
-1.0106050202173
-0.81969138021637
-0.916168115742956
-0.927669552428592
-0.933579729798042
-0.998256862320279
-0.828436026661921
-0.941689770692445
-0.945398172557302
-0.90368244506289
-0.939518905950536
-1.07890074306149
-0.715224876495477
-0.985042093481966
-0.905553417143676
-0.885360967294038
-0.922895987554772
-1.02499084092534
-0.733744363262516
-0.90336476945355
-0.89063496736084
-0.910764228662783
-0.868298548931823
-0.831569472118189
-0.921101744645587
-0.726646348047538
-1.00438154831329
-0.84592553535689
-0.917177167208209
-0.803550744334563
-0.833303909767705
-0.869648720987854
-0.7389467530288
-0.844655203400403
-0.925725764301081
-0.805616547083466
-0.816128267573994
-0.785281265795259
-0.833652219370659
-0.826642239202398
-0.908183852286964
-0.815466258055286
-0.855310934119025
-0.847865905774053
-0.881337386809575
-0.748191254918663
-0.881472422558401
-0.829524871257628
-0.926593601612674
-0.931445989844444
-0.85791398810562
-0.906421580356446
-0.695882124407453
-0.942349856854631
-0.81493925624426
-0.850655487128188
-0.933510301329259
-0.805027126450645
-0.843310676254619
-0.915929647172769
-0.943156260330484
-0.651645987705743
-0.828225675067898
-0.867138251249842
-0.747066568466091
-0.8352920910255
-0.876450609334421
-0.800829537014808
-0.939089546299169
-0.7990314531936
-0.738521348680415
-0.911243024286391
-0.73185726507047
-0.864111431036763
-0.869062201078309
-0.810719232065973
-0.746727774147527
-0.78679262712438
-0.708690435216288
-0.738556381903039
-0.663517822180659
-0.820178542094858
-0.706909446726112
-0.78842204430247
-0.818385763000661
-0.717608009646433
-0.656069949403921
-0.783809444931001
-0.712670706237401
-0.919817389294089
-0.682896697599658
-0.70391456740615
-0.683152657731716
-0.843940881352019
-0.771124433467202
-0.709158104948523
-0.832839490939095
-0.760044626112149
-0.666869937853482
-0.819399607595886
-0.702837068098308
-0.630529086983096
-0.719685954347729
-0.707716263726305
-0.762831057439658
-0.848295947938005
-0.740395480368102
-0.854535371738706
-0.839125609550587
-0.642933852547752
-0.640365352288291
-0.739924118023098
-0.622443046121324
-0.673489424796738
-0.561235032271828
-0.414786650324098
-0.67386970246561
-0.664972069926763
-0.641572493140797
-0.650717361756093
-0.730291576940597
-0.491367914172392
-0.571822425475359
-0.537163792350823
-0.671744816909599
-0.433603736870003
-0.745549658075327
-0.767405007985412
-0.567250381860856
-0.605325517580171
-0.59442344481886
-0.626676379380546
-0.676854282245703
-0.700722879750086
-0.74839259478113
-0.712280619560728
-0.629046191447347
-0.626213067316881
-0.560128782718558
-0.647711514018106
-0.639126645791219
-0.588603240298375
-0.596027095898801
-0.676389933269825
-0.675620288059513
-0.650801382194697
-0.515725569080911
-0.700536138396412
-0.661210759758226
-0.525164805518489
-0.673375973952269
-0.664558987528307
-0.516924784216244
-0.497722932151519
-0.679267553177248
-0.696514942801246
-0.600594993582155
-0.666159706012873
-0.649425402029315
-0.540699670746543
-0.63602521355677
-0.707608577492181
-0.632591825257242
-0.677534957061368
-0.618361271615603
-0.808889425849236
-0.53263745350956
-0.574256236456959
-0.475699236778906
-0.648232937060567
-0.484629054985853
-0.585311083556232
-0.683581444753385
-0.560105882505068
-0.612246494300218
-0.549289371509714
-0.608064125305439
-0.481540945752988
-0.523877618553508
-0.577001354970127
-0.643601007254839
-0.396740550582165
-0.41157985236495
-0.643587615393935
-0.65375536745143
-0.691284471059381
-0.540914733933555
-0.509998425675188
-0.575195186515102
-0.438682914696375
-0.464932344118193
-0.687135497298508
-0.444050503705161
-0.729838029361375
-0.42391811195136
-0.578579128996418
-0.604980201055557
-0.518219554297437
-0.441878024647744
-0.553264617874282
-0.545585186839954
-0.668126753527879
-0.66739548558027
-0.619002592273909
-0.483444642330197
-0.471196864636087
-0.578746196163234
-0.34819182947635
-0.459662612672884
-0.578844778817441
-0.454538555712175
-0.453374669774856
-0.545788491632679
-0.54228957970602
-0.492879426752065
-0.492260034082109
-0.388318332937819
-0.522843071933298
-0.430395613098985
-0.461688229366565
-0.472530988252526
-0.6153314958412
-0.652165196642969
-0.530097693734072
-0.528104001107708
-0.440393576315001
-0.426474434741434
-0.530726559968158
-0.453351897248782
-0.537435440848535
-0.465759863871495
-0.507808595357711
-0.461636060847235
-0.340755062445262
-0.568047112064359
-0.430455576308544
-0.574704809554571
-0.597129018994145
-0.316499202118444
-0.465594495645901
-0.481018416538729
-0.420860092472166
-0.410773315113777
-0.462480442093036
-0.498614261656453
-0.393583223066161
-0.495833849859269
-0.399456445436487
-0.516395163737539
-0.403162076509164
-0.310729284561469
-0.486793690126268
-0.361619703854176
-0.463938798629859
-0.404876831028662
-0.415998397345283
-0.486092371867306
-0.36363723795483
-0.434444209438436
-0.347917740994677
-0.440898359009504
-0.396050514517477
-0.533616934702214
-0.598841428638497
-0.513775118756105
-0.402875171749437
-0.310912977258161
-0.437370126827808
-0.409683529406505
-0.444759605229176
-0.332240606515734
-0.362891710506188
-0.421315350014861
-0.351398270993712
-0.451953614600673
-0.424996376279515
-0.337237197681687
-0.329540391093719
-0.343092667808589
-0.443226179214673
-0.46823834342281
-0.394366874454385
-0.323080070551097
-0.392720231203565
-0.2107952798112
-0.340985315652685
-0.253785816793954
-0.321887951339285
-0.327331294788166
-0.245363524296067
-0.395957305703571
-0.163900859108254
-0.302331776038224
-0.381988599731315
-0.318033005308088
-0.261927527933185
-0.235280493307068
-0.339024359794245
-0.222305587786505
-0.325712115277019
-0.256656417220261
-0.339442328172006
-0.351109528444863
-0.474216266047815
-0.320769186494552
-0.214373801629476
-0.399796243050872
-0.444070200878165
-0.214312847979679
-0.425393118686259
-0.264719920390766
-0.299788714466648
-0.321913945307338
-0.356743696842371
-0.208290047464955
-0.265864000435561
-0.277289845361857
-0.415359565908767
-0.252914903519168
-0.283074576200177
-0.356454625922373
-0.391623144804359
-0.461177015019474
-0.16263527327832
-0.267176933049946
-0.279845832946444
-0.167789875172709
-0.29319281495822
-0.138929741473225
-0.265052964128992
-0.145224180077599
-0.324016520067632
-0.373907993618933
-0.301422358686619
-0.305921951173579
-0.077693665397052
-0.233435135969481
-0.230806949462187
-0.28429869798942
-0.281743099422069
-0.297907369800135
-0.101541137442218
-0.33927508313657
-0.143561851442506
-0.5013319721745
-0.261967784438727
-0.0986268611210739
-0.0891472173839483
-0.396594527664852
-0.26626894152939
-0.0319954884245405
-0.343591254857983
-0.211478920424778
-0.248631828926743
-0.0706250352731462
-0.247833337311395
-0.232618000851545
-0.193060338155911
-0.187304766316023
-0.14910150124964
-0.0590826073758335
-0.269676997253578
-0.255235825658245
-0.238184838391441
-0.175529846477095
-0.210289884152065
-0.161845232969319
-0.211246935921122
-0.152947342972004
-0.155844254309083
-0.142472612258495
-0.2159434338348
-0.129254777682637
-0.111402177489247
-0.207059767040195
-0.314861676761243
-0.166854361714641
-0.0273716348952741
-0.257060479515601
-0.303622590922424
-0.189298904759606
-0.0878385146580021
-0.150908090930076
-0.200727664160492
-0.139150502445335
-0.150424132199427
-0.199197060342575
-0.0616820886008829
-0.195160049294695
-0.0484387911070671
-0.240922470396302
-0.109731297890694
-0.296719042306874
-0.171286616583972
-0.106744262005663
-0.201200119042596
-0.0106393988262002
-0.14738768630037
-0.151552750895174
-0.36505974325555
-0.109514805780104
-0.0377996265109905
-0.215692019127494
0.00244843763372237
-0.250978491800106
-0.0552282693787989
-0.136028574581016
-0.268748180106001
0.0577894584481819
-0.00941369476864029
-0.163891002432126
-0.091719533472584
-0.27151546819357
-0.0582443464698171
-0.128012749286318
-0.137114000062502
-0.246459783592958
-0.109747586630989
-0.112384542505886
-0.10208912847007
0.0536448243303904
-0.035163714562701
-0.0891631831257736
-0.0942209947419783
-0.0311690524557329
-0.0390893611120205
-0.0839615138573822
-0.0577750867470282
-0.166639823179123
-0.0516669092277895
-0.145571947120829
-0.0457162610879773
-0.0814982676476452
0.0511638653442657
0.0200361690759786
0.0704163752173388
-0.10474405353038
0.130260113053397
-0.0628156194591721
-0.172798929412924
-0.00954244032047522
-0.00357282647157039
-0.14039785544715
0.0165151064432223
-0.034748908332801
-0.0102029792753419
0.00225301797777324
0.00997072667648603
-0.0161643072582613
-0.144529857488041
-0.126269640655578
-0.0900708372315531
-0.0113781772706829
0.00254089886024613
-0.0951663074148307
-0.0719909432534345
-0.125001678493384
-0.0363762391785255
-0.0650422193986069
-0.122266468859238
0.0171017764801106
-0.00397115790389697
-0.0289761120626618
-0.0136692163130087
-0.0604013531972488
0.0406717399159981
-0.089305246316044
0.0517753745754537
0.0127035154529661
0.0129569207622653
0.00534941526290766
-0.0222993531451777
0.0537344244657566
-0.0297915886953943
-0.102200448958212
0.189686605907286
0.0106672372741769
0.0567604850547473
0.0675823089624955
0.0642445978241508
0.178965452691028
-0.0106289721653256
-0.0661057086900757
-0.140167116006712
0.0524585523414816
-0.15498826259961
-0.00425509263693994
0.0992929578488647
0.00626582902398224
-0.0511139700645207
0.000115746673970662
0.0599379421230434
0.0421923408184129
0.122456559434667
-0.023939219012852
-0.065470721940916
0.136012640824416
0.103173907448619
-0.0227126238967607
0.0256971689966123
0.0125409075958277
0.118195690021028
0.0706646258191274
0.0918144468567096
0.117275751257086
-0.100835500290206
0.01380133371209
0.124800184215241
0.112243772072063
0.0441841493003591
0.0734676467258152
0.144322718777528
0.0958191675729187
0.146463603711221
0.113380709463797
0.0987660875929762
0.126779005933894
0.0619960966322452
0.156887450705303
-0.0255534269094
0.0300331533555729
-0.0499912256865877
0.0966419247160446
0.0344248324884113
0.10874834972804
0.125730543477798
0.0707355051754034
0.138639409784821
0.0538135174634983
0.172587402473834
-0.0487847392992495
0.157859880175785
0.105118801864427
0.15318238534906
0.0672024982360156
0.115768857753591
0.106583099378861
0.204880014248655
0.251492785727215
0.193352944686365
0.209441806848131
0.10833974536201
0.138531348296911
0.288032191055367
0.0311954897348643
0.117419644299254
0.178424768546802
0.261682496963641
0.263736926548393
0.00986828715427684
0.0970476090002988
0.23274834368184
0.196643865662419
0.188424833638981
0.0439695635625628
0.0620542241343449
0.204038009290867
0.291306037316986
0.103980826591887
0.243530374798742
0.118756989667631
0.195421046664339
0.0461854416577434
0.144313680792589
0.16656492079737
0.346343021321325
0.353311442678296
0.0309424425611125
0.117162555852638
0.290531494642961
0.133197525892253
0.176804810134947
0.195720430778012
0.192390693693492
0.226860938274786
0.106868081039051
0.313150164425781
0.150782493674069
0.215134794318083
0.349814377343052
0.178789514464804
0.365292647148425
0.389454247734523
0.210147588585718
0.187923097253743
0.315734954784505
0.415583828464561
0.204071903632355
0.369436188762427
0.269209151955983
0.0698359757573306
0.206791893065581
0.291216071728542
0.126753997431616
0.264748698832926
0.348719914569085
0.378353809923083
0.257449100599183
0.258042647926072
0.177949627133548
0.310245474710697
0.226931554506595
0.162518626094155
0.203346937490801
0.338136186612524
0.271180675257185
0.428254137563906
0.280609935362098
0.342560833045659
0.184817457206123
0.305913986902158
0.300789879384846
0.282030742608603
0.248935829793428
0.209004238264927
0.214229978689592
0.295574100396397
0.324186675355124
0.368696111664233
0.257987323758171
0.24264896350026
0.269265383213404
0.304588640909882
0.399676573705904
0.297098704365991
0.340873514369319
0.391148180452447
0.308323140435385
0.311922640739125
0.295043307187791
0.284087047870392
0.401908832298478
0.350493981544063
0.234312187118406
0.372523488860563
0.458641735393072
0.445562692039101
0.249741210891857
0.326729200155885
0.219705812253461
0.362105306614176
0.329792240703901
0.451435765823846
0.217543728926858
0.372822388987847
0.242136708528412
0.303344018291325
0.231730547566249
0.347179860802177
0.334975755228011
0.390994615826521
0.419346229927293
0.373251118939576
0.394849539238692
0.432936174143852
0.301166085748259
0.477058834759739
0.345092142754046
0.351222580378191
0.474041727736762
0.426632996525046
0.287569339651856
0.407220533499631
0.336054362153489
0.375396397910434
0.401650016850276
0.469108189563454
0.380054338414891
0.350221270903845
0.526454007046355
0.360340424704157
0.400078038728449
0.451834504495926
0.322553642356582
0.336256157011742
0.370917452826496
0.471523594261772
0.445516805182558
0.446102939635116
0.465818617258695
0.459742421422326
0.545724230205944
0.426037160002164
0.393182410393748
0.525137117215881
0.36511216584382
0.524766561527773
0.502753618098798
0.456402151140672
0.574227518763646
0.348410936699107
0.360953024578178
0.217442879954515
0.446576310320279
0.354553485318476
0.395516156083571
0.489546290643412
0.576784867416838
0.467019340553635
0.401288395258629
0.434978033151684
0.528392976883283
0.484731805265388
0.53318715813987
0.495555240182858
0.475608948840446
0.549405348273809
0.617912170749734
0.424897807602528
0.586057975938725
0.481597835700699
0.539122958554963
0.534072721711993
0.469383764850413
0.502906229778562
0.561553264187074
0.522535599734195
0.58744327831471
0.437746233051349
0.494101935696334
0.519784817559948
0.399753394708932
0.534062049193766
0.446120789003474
0.591936407987036
0.566491723833865
0.655796460748855
0.541782066330714
0.587766462297973
0.425634221236819
0.47366494933938
0.351589527004274
0.522550070248406
0.611979095044488
0.520501115071767
0.674992384070957
0.419547627583457
0.432239438219388
0.519570174419027
0.626402468055882
0.41938071885905
0.533980362931071
0.516270930445053
0.44920375630483
0.558626089385967
0.550532978121817
0.549258938505891
0.610899751303232
0.586258079562892
0.60743771123542
0.598596290837153
0.593482248087999
0.528347773249192
0.603630715620102
0.611201946396627
0.479180031405598
0.723078339182205
0.579703872951763
0.504985856174276
0.557271366613016
0.549090990324646
0.556614589054375
0.62579073982244
0.775402475661289
0.523118301564103
0.592613794484982
0.540181426468651
0.513893229054034
0.563684275629532
0.501929114716982
0.659628852293861
0.59043266767971
0.716068768029892
0.585089578861458
0.574394370618001
0.718505418403179
0.525628220376426
0.585454613323754
0.483640538250906
0.512064143177888
0.575513487105646
0.522234084415969
0.641298537688164
0.731041508373149
0.740575066869373
0.709481664653615
0.663218631760441
0.628179779190011
0.600540569579295
0.723101104406819
0.547116313571179
0.607406918854696
0.704742594139408
0.563951835633001
0.594011379283001
0.615412106861597
0.71032628376693
0.855260368122852
0.645006226096088
0.684018145092022
0.691325986976018
0.727865367741986
0.594416056529326
0.705449776267715
0.577429500227457
0.684700069980868
0.601738458297246
0.659527129552358
0.664567032065091
0.6769222848746
0.861230734356655
0.509033172276933
0.678281180609969
0.69316356705618
0.775931729812246
0.83176242482237
0.613543265258322
0.706676082800855
0.676362172031702
0.834017309975449
0.712764447869556
0.820972449540804
0.753071660401994
0.715668024863988
0.65758097842799
0.833991982047563
0.728938476687556
0.819817935926179
0.713697508575481
0.742449763147248
0.577269181998308
0.650527161064117
0.76680391355522
0.770210052350405
0.715122795419244
0.824688015210359
0.684662595339862
0.732792499642192
0.787606340653978
0.666739343796275
0.758842649917408
0.634941447944336
0.772886670153275
0.76622546806595
0.677177522304537
0.668265957572214
0.718438382297682
0.66498788655279
0.710106287227061
0.658560540505122
0.653080471832549
0.784894339594199
0.741853735545211
0.760691528820222
0.758471846144323
0.659256508596019
0.647230329136081
0.711533168603794
0.887922448611825
0.851267738907172
0.757006810439964
0.757190695653537
1.01731862984705
0.791742515696727
0.732971295205517
0.671710339910023
0.735575449586304
0.838213999995526
0.825169831431288
0.787401711852919
0.873816723932167
0.779064453145102
0.724801571711825
0.737461957347473
0.799936460587575
0.654907547332245
0.880758375476404
0.598913293065605
0.867886817943994
0.769412076747719
0.941638725125362
0.962459332118328
0.928236735554368
0.903499163459347
0.755824605015771
0.88224026924778
0.722071935704996
0.847126995001298
0.758842211006248
0.813256962426615
0.87943869340523
0.815341665810587
0.68790058713307
0.952667555032275
0.836561213838075
0.886234047035333
0.822847327355947
0.896083948849971
0.869863588330541
0.931884676160131
0.90490553145223
0.783556031864221
0.891367601269811
0.924997210544816
0.872683956154214
0.852149727590266
0.967982418542466
0.965140670073169
0.802160286758126
0.9115225351916
0.841865830092204
0.87491522477448
1.05386890840688
0.829300750780041
0.799556006415392
1.05517134607842
0.94271200534824
0.896030697813552
0.952758538771445
0.965237226575535
0.975350822605223
0.844050602002213
1.01982891844926
0.894796370120905
0.850034886050555
1.02942679899541
0.914784797403131
0.957242585298364
0.897474617369878
0.801980298731593
1.00823898517081
0.896439237292758
1.29122220712982
0.886699666545916
1.02035868083176
1.06929116642922
1.00201359975391
0.890364292329229
0.951117678035633
0.862234336542908
0.883712129640341
0.846125073070058
1.04906562057986
1.19881141772532
0.994741190007492
0.994415616338154
1.00969370402571
0.949653613168397
0.900365554075812
0.969910811320883
1.06011297049097
1.02031554961495
1.01960432170772
0.97425151497797
0.935346714467422
1.06525171288921
0.873172003493552
1.00012780949064
0.927784804605242
0.906758396015399
0.993435516272016
0.778331143182463
0.88549987282887
1.05488689899749
0.955446482663983
1.12059739452284
0.947911949910473
0.933475965196354
