-1.0906363956369
-1.03014116770787
-1.06007919118725
-1.05181460896318
-1.11113985705008
-0.846752046628414
-0.811127327594118
-1.10542007677473
-1.02199168814341
-1.06663973505762
-0.994382850907807
-0.964160822294365
-1.08852495037882
-1.06382984815443
-1.04235038118018
-1.02540833282455
-0.838330434388514
-0.977577638836347
-0.883212356673374
-0.893867899168569
-0.928548084494801
-0.956735222906677
-0.860142571470511
-0.88019034947606
-0.89673724743048
-1.09110075006862
-0.935009060010691
-0.922852477157476
-0.718257832007955
-0.87903671956379
-0.940745135424992
-0.803213231918695
-0.882498669932149
-0.985977714936257
-1.001126873088
-0.899620622656594
-0.877648859213999
-0.859213084028966
-0.965902567807049
-0.814439217488169
-0.869859269441698
-1.00433539961069
-0.950937029656496
-0.899762168445779
-0.924665434733793
-0.840146160961062
-0.884455652262858
-0.936469340252616
-0.844245381843947
-0.99370713794192
-0.705936724967456
-0.9541809348946
-0.886717846698924
-0.806900809216381
-0.825992609652392
-1.02937655581395
-0.88488093626895
-1.06971625679591
-0.98341552229273
-1.12175389758165
-0.933457144615621
-0.879709406032361
-0.804917906787438
-0.862397962442951
-0.991132425001703
-0.900545949172193
-0.769326568178552
-0.925355103289076
-0.892448402018896
-0.90460393017484
-0.87914887866883
-0.794253350893441
-0.748174793808896
-1.06840533456883
-0.796669194648578
-0.728669015270076
-0.756426607914514
-0.893665305459439
-0.940016244307905
-0.585477762517954
-0.726061988749803
-1.02037712578862
-0.700851592877513
-0.833901088266797
-0.863779448991758
-0.875782261332959
-0.768342078144565
-0.723655789301389
-0.859601310516822
-0.717410091753049
-0.822767807459483
-0.798637815760952
-1.05197543696026
-0.736364155477027
-0.942117954110421
-0.73703395535224
-0.736861153343142
-0.649913316731851
-0.717756424747552
-0.953100279546585
-0.710678276034317
-0.843812625285187
-0.742197499419561
-0.687323562104636
-0.747259149880936
-0.730796366423278
-0.798627140170626
-0.855777913732454
-0.715393133268707
-0.755380989405029
-0.712723327286523
-0.859582205621277
-0.783825720110749
-0.665271377663557
-0.681070146530725
-0.734322914235341
-0.880210459755852
-0.821165094029814
-0.73347043709366
-0.849232919645104
-0.740980748511724
-0.780688815763661
-0.758078193200315
-0.730804649327344
-0.793392953928505
-0.645128795184846
-0.808672530428161
-0.865379862248219
-0.743697844183331
-0.571333058179765
-0.721397362828731
-0.665531207026029
-0.802714447630211
-0.616233096805125
-0.65213011621182
-0.718594681814543
-0.633720936386031
-0.712070540707911
-0.803143840852927
-0.747420806771974
-0.882229032228533
-0.650199794468603
-0.673381671717377
-0.522171034953342
-0.673922332581741
-0.727171118658733
-0.693492258740882
-0.72883667548254
-0.76998845633406
-0.683300297825146
-0.729611237849905
-0.531774632614274
-0.705997773007914
-0.64459826654505
-0.680868353127365
-0.762516348659996
-0.711700864414955
-0.52138919512189
-0.713471541684725
-0.796655910137414
-0.712618083124569
-0.813386401514924
-0.836730186548665
-0.796616130538269
-0.612355056479305
-0.515133778549536
-0.816211329935521
-0.657672816141882
-0.71596757952849
-0.729538276696971
-0.577301553975959
-0.713342297573881
-0.549370964175895
-0.659654417605779
-0.638516421083121
-0.625720886796074
-0.559647286503473
-0.69140163126036
-0.683346472750911
-0.685104126160292
-0.597095138926906
-0.497724675677226
-0.729862241587495
-0.567751537151978
-0.664873703584704
-0.702923206665428
-0.70962474364305
-0.605134014353031
-0.680918543728228
-0.638102234248304
-0.590224955701151
-0.590129895143613
-0.67071065657836
-0.627692296976287
-0.737860204351527
-0.712230950946702
-0.599941903040811
-0.648547322343532
-0.613641655011974
-0.613073140774505
-0.647679991884663
-0.650796540073247
-0.613058243218475
-0.638274529481404
-0.51893405889711
-0.431960703254376
-0.449519245010733
-0.636685664714469
-0.604150755352744
-0.671589068691958
-0.582954925433215
-0.682684329026142
-0.548226745351821
-0.654605539328461
-0.571940316493066
-0.680590410255838
-0.500419990763823
-0.548379920229177
-0.60578324176362
-0.462248214359283
-0.57151893109022
-0.596141252961702
-0.574929134381634
-0.489232497100225
-0.652505535528325
-0.527498213787528
-0.507070700853026
-0.466943011953352
-0.392141045785009
-0.559261931208202
-0.607319500640547
-0.485808044111994
-0.722930546865904
-0.51976906988
-0.568512727961802
-0.523775723367627
-0.387036825573844
-0.530230503094941
-0.480166540808179
-0.490859811361305
-0.528922470151492
-0.559514660023212
-0.651781194139192
-0.623290117328625
-0.543745836723514
-0.479069820044464
-0.710307097045768
-0.493329732604534
-0.604115481862376
-0.572840653105247
-0.448760855610686
-0.531764486270142
-0.401874262761809
-0.39353884454353
-0.472426966330553
-0.616837350944271
-0.518217357722164
-0.426975377193839
-0.52600257990161
-0.522974098969498
-0.525543330778429
-0.479899181975549
-0.481600705481934
-0.480096447772705
-0.630196458535106
-0.604602074579692
-0.491499715632844
-0.48053551414877
-0.455274570830314
-0.511623312971942
-0.705853581341343
-0.454620469806012
-0.475289287228421
-0.372497484374873
-0.376383044987036
-0.416610083692272
-0.565481656072064
-0.417472119124921
-0.287193855467217
-0.536332183821626
-0.314555396301175
-0.480924401767623
-0.405252679238529
-0.574965658341851
-0.480828379519699
-0.447968716565858
-0.463879509627746
-0.47070547203803
-0.557961487383464
-0.304248038880307
-0.515904154412004
-0.465898885319852
-0.296453867515978
-0.446717656441141
-0.40816607454485
-0.517363730857032
-0.359435126223569
-0.353129932649088
-0.355326260839205
-0.408827968201606
-0.458256275898534
-0.349841680502677
-0.249391219308541
-0.30026998917747
-0.445576874782574
-0.369585782460549
-0.403073753770085
-0.441781389706247
-0.491980452714967
-0.453952661536436
-0.446656915657965
-0.408724351184452
-0.296109456800843
-0.571548789529909
-0.287365254527827
-0.37857315665139
-0.448487922915006
-0.382518019676753
-0.408961022252995
-0.407539100175184
-0.382873727687597
-0.404270732586771
-0.341808714776296
-0.346117359422721
-0.367179524795361
-0.184220873521981
-0.323009655964558
-0.501726587124062
-0.413972971276563
-0.375555135358305
-0.354142505876114
-0.294924666486934
-0.397736008747403
-0.30582021683133
-0.3935633566424
-0.329612509875748
-0.218998679893656
-0.0957965239014611
-0.290337052755175
-0.380107369563757
-0.250656969331126
-0.283683603219922
-0.399996169410904
-0.404784885464048
-0.303763736938448
-0.198263565044324
-0.285817178548042
-0.452821971445382
-0.316933702679057
-0.269263126390035
-0.171829068526973
-0.36269307860843
-0.249454793435275
-0.368968630436072
-0.36341092448863
-0.256762206030181
-0.37229688793264
-0.311198627668229
-0.157691138534553
-0.35161060353189
-0.233763706430103
-0.315478301229475
-0.382372664579809
-0.21981776656889
-0.24041730328922
-0.376163622617699
-0.13077448210238
-0.238223003886599
-0.227221208094706
-0.387950605903977
-0.204220797761725
-0.198189208805237
-0.224944215077692
-0.11248448548704
-0.312340895017675
-0.168910050816203
-0.314220927702334
-0.231554953726433
-0.28664191998761
-0.381509304308303
-0.277468341704907
-0.19088935322223
-0.0601885272660481
-0.311304773501402
-0.265845708231093
-0.272206491332892
-0.292449904147066
-0.276263760380276
-0.163962555124059
-0.131688578692301
-0.301199353844694
-0.16276575760238
-0.153979978560851
-0.314732515765839
-0.227348842854515
-0.271818551753617
-0.135626121620768
-0.218460304903743
-0.256664981540325
-0.254094925312482
-0.300580276313929
-0.256517099080238
-0.345820073755836
-0.0168387248136657
-0.0947587367744514
-0.27013931934852
-0.140167284754988
-0.071583511890119
-0.161696172001693
-0.216086784207417
-0.124459118843918
-0.187984638703018
-0.162323914633408
-0.0527810578607963
0.00786545757273027
-0.198833102501686
-0.14570125647488
-0.243247238838209
-0.18361214192962
-0.118597904945373
-0.225388827247955
-0.000272251662130759
-0.354140046567524
-0.162204746765583
-0.33723383501907
-0.134738762743848
-0.20921672366745
-0.16495374984451
-0.0972107721886943
-0.0987432351198282
-0.221753019051988
-0.0761369911631346
-0.0848712289609924
-0.168475530938704
-0.273857523105656
-0.120873627771883
-0.285075800037749
-0.187206489104868
-0.108028764280386
-0.182574316411436
-0.0696677033769776
-0.26990630092903
-0.177932643414085
0.0133415121510588
-0.224769564010772
-0.143718563392849
-0.248074378104521
-0.00924082322377374
-0.0850361670077138
0.0867892907495706
-0.0298785471350312
-0.102395731873559
-0.148333648843422
-0.00228257102240844
-0.189459174719486
-0.0578304335753042
-0.168581603862636
-0.124109865706111
-0.0763092945068759
-0.0633440133685715
-0.120626405864746
0.0106467841537076
-0.130404844186833
-0.165774241884345
-0.0357778408132747
-0.137845969558204
0.00263358901627077
-0.134742569323022
-0.119597336340139
-0.149092404756279
0.0387892792627245
-0.0213909463774484
-0.0229532035060297
-0.111576012776831
-0.0867788149796144
-0.0980216194684992
-0.0875422250433085
-0.0861597818984092
0.0676447154623761
0.00544194293043866
-0.0311482427221308
0.0637641392699855
-0.169743969926575
-0.106702089249255
0.0117056277772236
-0.0844753053582888
0.00668675374444682
-0.015421515983521
0.00551502723507263
-0.0965388209436962
-0.0769615425643291
0.0320266585398966
0.0284020972278808
0.0187736873498073
-0.060979761976501
-0.102806155077293
-0.0198097703621202
-0.0366286540493202
-0.0531892348112473
0.0855375291499667
0.000686187438101639
0.0405086569144924
-0.166851297447869
-0.000587557798169644
-0.0964227270041706
-0.0861568339214192
-0.114438727753544
0.0827268577778286
0.0439421932125795
-0.0067896622527683
-0.0217903029038522
0.164049360987599
0.089190400119792
0.117680612826398
0.0590765405737034
0.0176734440140974
0.0596995376616063
-0.0787377693631945
-0.107967863058696
0.0786143953385656
0.0838998929279466
0.0251179281711895
-0.0322718427579184
-0.0256059408455743
0.0584540854160794
0.051804939167433
0.0599001202856109
0.0157645133249587
-0.0148961813699814
-0.00322867345054127
0.0119572947685447
0.10536928308941
0.121050745835042
0.142311879618581
0.0635522506498594
0.011286640164196
0.0336796194515402
0.108912219356135
0.226898102407806
0.0723424967804039
0.109921057457618
0.0186731592737565
0.07983335431819
0.0801981086257039
0.0656469441242453
0.0881867771828386
0.151878209266787
-0.0437482674487037
0.107789195830624
0.150708497003005
0.0713781530867466
0.194588242281382
0.193010862367332
0.0890027358956471
-0.0081585596738946
0.187546238013024
0.187254855380536
0.0992240023603459
0.120811479129681
0.290604789397548
0.257136279681277
0.0512018819245914
0.0204948256857303
-0.029406557659616
0.0981292704106605
0.083987409072316
0.126459242991648
0.135389202199769
0.0506692253742077
0.0471129194964874
0.202561193718198
0.291730480070484
0.149265131428289
0.288253972530261
0.15960023271773
0.135147486402932
0.260471806381914
0.164966859740222
0.0567716602432931
0.298907849588958
0.238202019852342
0.0740605328875684
0.179395201318942
0.257819378314823
0.232983560916009
0.127548566254384
0.167640805576462
0.208813740846466
0.135199726125518
0.132923100427999
0.094322916094321
0.3383082153383
0.245330323938826
0.0539679792770546
0.19108741096234
0.203662812993449
0.260216417607892
0.214290681722655
0.126689717358484
0.178969392768679
0.200253048329752
0.308126993408837
0.275662171315731
0.273566454640267
0.164124478099685
0.275909536207288
0.154134206596742
0.183890433128386
0.234269403678716
0.204033795457199
0.293249869865359
0.257226699288213
0.220004101885942
0.1819222684248
0.253376699829031
0.193250404915759
0.2267162258521
0.0699039431520188
0.296106354335274
0.346875309246172
0.287445639986478
0.146926798574388
0.217583754467442
0.321084722465383
0.343201284621196
0.300664267782679
0.131306864101742
0.211849030707635
0.18483421028672
0.221070783982104
0.22084367383462
0.213282754068674
0.275687734152739
0.193271056280569
0.149964404943898
0.217602257710718
0.329481491438943
0.154465879111231
0.234180813705033
0.340254088173653
0.300674432993584
0.203444700631539
0.211667557348359
0.248159829191328
0.372917305635222
0.300543060187197
0.361048528436175
0.250002638764309
0.407949213845324
0.295491277751877
0.420373507817666
0.391530233233763
0.407709863712943
0.183491495755687
0.359173325315144
0.140153005410952
0.368896812663895
0.344567639493574
0.253679297858634
0.344628784433946
0.316703067591195
0.254100419564859
0.314820653737858
0.304264843379235
0.399869386638441
0.30613570353904
0.274573256504868
0.404466360205764
0.287744138411723
0.335323144848673
0.334554657263404
0.110305881011184
0.435423930621569
0.364070323649786
0.415186830201322
0.315976608880596
0.449230711207196
0.231982225507941
0.340938097410553
0.412080953857267
0.287913457736521
0.219951940399346
0.313476730781715
0.252974541016555
0.378451062181802
0.31922119850665
0.41723287334825
0.461560612780399
0.438113615079165
0.471134793635928
0.41825593414747
0.320488850086241
0.316404059968401
0.398950254368093
0.305879169505375
0.536274978510863
0.333970610177004
0.463231080697073
0.551435385004984
0.48788470734665
0.339928833779165
0.514681379151127
0.306266393118286
0.273680301266809
0.327417605854684
0.498278976408781
0.380276302271475
0.304156338967664
0.55580479094792
0.369995636094796
0.388029158345381
0.380423357699162
0.370311913880915
0.270807514328795
0.412144027605565
0.384702313218173
0.345397121394101
0.563417619855037
0.480269213982425
0.37597863845743
0.442577351359209
0.37690132792994
0.455513473435088
0.459012352731817
0.562206568775919
0.512887241006141
0.487417212687939
0.506606585646922
0.577716525359273
0.554098907913638
0.473039441738842
0.614923048841246
0.538816668448692
0.351097672497791
0.359723090754438
0.395964613130527
0.334924640527069
0.502640152651632
0.47488331857037
0.533377303953075
0.475262459739685
0.542769702439908
0.39697291370894
0.405115435321388
0.421481636581
0.445214328918773
0.572808977887082
0.640292551535323
0.451773033148505
0.597554322912447
0.399330475227954
0.539760944351989
0.474285757394251
0.545433058348984
0.510068590485641
0.423629778575623
0.576862479495431
0.475075779339238
0.598253280051224
0.427661998029488
0.45990965608128
0.534150223848375
0.580769159978007
0.493176705793267
0.530535711930202
0.521855820233317
0.489765493570822
0.29073492808219
0.449610659497672
0.564755874124432
0.402984524632974
0.456415763352579
0.411305530372619
0.600195298945887
0.586307325460813
0.544930141773303
0.495719112947681
0.514164148910009
0.657006673151346
0.466822004117936
0.592273668868838
0.486612201540994
0.555559580937772
0.487943361670442
0.486527055392929
0.531583499679524
0.558262638075586
0.52584591841592
0.564817603020416
0.661177421078943
0.699964865672496
0.568020730546814
0.619743392609906
0.57930066751705
0.683620059417814
0.562114603629016
0.534934672979007
0.626722683771661
0.523456075475149
0.610676452287695
0.740326916778247
0.652273080834819
0.565285895329873
0.650190778294351
0.698082458295454
0.624594948232179
0.463348932494969
0.631914748489222
0.514407472326315
0.65995880297949
0.588680298122565
0.604513873969819
0.711761058811958
0.465023580805161
0.628044576976656
0.561986428257713
0.620444937703164
0.558482984901236
0.781485941853137
0.601218680560775
0.535965516877899
0.602353090134201
0.815565771066885
0.613853051292778
0.552685514347795
0.638697744062729
0.747243209572423
0.618016259471482
0.554859014418682
0.639058815566734
0.652800151418304
0.792761661366023
0.787977153992875
0.67030162744727
0.889384751337872
0.729299963157713
0.542937853102941
0.627016832394968
0.788954852064097
0.742853790304346
0.701578465455908
0.62559919051007
0.63983626342159
0.737451935870327
0.788249242304387
0.979650772734078
0.843573836692913
0.656591643180573
0.715055163111579
0.706137546602777
0.734865890168672
0.742983390670238
0.683525009203612
0.646450168491358
0.715745695959465
0.520543152397017
0.726208130656654
0.659855998225217
0.779029766232234
0.781206750105652
0.669104846435364
0.61026919260472
0.767492129133531
0.895361206401643
0.822988471574032
0.579567031653023
0.631514355414126
0.730468005181824
0.636331181886207
0.678751042111174
0.60524979961645
0.740324631410542
0.618855516718955
0.791100539001095
0.641588427194623
0.793040612292697
0.755470541860713
0.724631136432354
0.80197980141282
0.792327695818091
0.553191152586842
0.56295699296237
0.655430263470065
0.659807389349907
0.878399989924914
0.775881595269897
0.89598874638035
0.825716127112539
0.765443085328279
0.784101873654209
0.874318025454798
0.843036476308709
0.746513711656095
0.777035816207884
0.734277250518548
0.92488937993433
0.755420698322547
0.863901670568945
0.875859275631808
0.776750062373319
0.897896406995365
0.849103594299092
0.865114003326334
0.818028325615939
0.867864769944018
0.799845941039741
0.969558543434721
0.70669764029385
0.776295346508736
0.784936849346125
0.879701647629729
0.94042315390383
0.884024511659812
0.875445069173941
0.897483481608205
0.699727480338973
0.7771605046121
0.884371659941956
0.750243389427917
0.672281487271378
0.977746653670747
0.894072538690092
0.716527277530514
0.958589886379965
0.759286437809819
0.926184673034618
1.0372804838444
0.845316559015882
0.945207801256748
0.610999499325099
0.878350655112975
1.04206541596738
0.769975266273525
0.833596000823241
0.880516723529733
0.934787392527435
0.812625575181419
0.876095727993104
0.95523636375482
0.940490175866554
0.902851447709578
0.95700417323128
0.776928412507788
0.888958126471043
0.975807825148343
0.94699001143498
0.83016380408085
0.820424932677843
0.900494240961072
0.831546510155344
1.01554868079059
0.911146947278216
0.942382719890594
0.951115600846948
0.873421155323754
0.825928098963575
0.926338087159868
0.968218669050489
0.835278457459115
0.911898955887807
0.885323066187676
1.04675370236144
0.85193738817017
0.821489560525871
0.898339726417808
0.951079472718735
0.722531459209091
0.958923811186417
0.840680128466539
0.888201702815996
0.90428153933492
1.01310991067809
0.997461664876869
1.01310715311729
0.878921315284642
0.926606214276131
0.980794852260469
0.803790461776673
0.999803225635111
0.928886677776502
1.00580451186764
0.908750426168999
0.809352497098606
0.844413152383825
0.957190801638021
0.976013874854777
0.840355121852495
1.13985291649876
1.10225059695848
0.936114533651077
1.04347166162157
1.04345705499729
0.891402863050131
0.934212972748127
1.1155525230466
1.15316368085031
0.994587031204132
1.01621536870077
1.1187228275981
0.998391787128868
