-1.12723807278031
-1.12039916133901
-1.02447162079658
-1.0697318706169
-0.960135639970139
-1.18560090377502
-1.08550888480675
-0.913623664516755
-1.0170698433141
-0.857325977165836
-0.917020238874449
-1.07641874762352
-1.0134441646644
-1.12372499884039
-0.922482152844443
-1.08024723922926
-1.02274757234994
-0.843434595775472
-0.92798060625348
-0.883704335696474
-0.926442006409667
-0.876190027852757
-1.0156897944741
-1.04017714400217
-0.973253272050397
-1.05983081940835
-0.884256765155867
-0.890007278773804
-0.831839520089449
-0.882693215758457
-0.838840373211045
-0.988346647787071
-1.00416311760421
-0.822223533941514
-0.906148632157423
-0.939591921764924
-0.91671451944178
-0.999829982747484
-0.841965423405991
-0.935256551041775
-0.948879516911746
-0.924608377040064
-0.947603673150213
-1.08721220589283
-0.711939280341626
-0.995186429792546
-0.87930901364354
-0.915311744457542
-0.926654280223549
-1.02044182377846
-0.733759379953137
-0.910725760795293
-0.874957584623769
-0.894800397974815
-0.890118461944954
-0.823699392631223
-0.930532377796649
-0.74981945477748
-1.01412472318259
-0.830726105686438
-0.905060494754863
-0.819391138325913
-0.83995998605493
-0.88813948811375
-0.739547002542696
-0.853418101469431
-0.926235680336798
-0.814405280701306
-0.800747464980593
-0.787267877497237
-0.807435560962854
-0.824467144527554
-0.917503405387405
-0.801950680918024
-0.856968887775452
-0.844102360955745
-0.872558083831038
-0.733578932208046
-0.875181302403795
-0.88038276898401
-0.921647043770537
-0.911576369179459
-0.856836722618415
-0.889616156942425
-0.69222633785648
-0.952368981355249
-0.812499745977026
-0.861427583732411
-0.933382150128823
-0.791920513958435
-0.857816292007671
-0.927219931231735
-0.937074044111993
-0.645509397664421
-0.825162936448182
-0.865731031317561
-0.736938776582492
-0.828151257148244
-0.88250752436205
-0.801961988558025
-0.936455146814497
-0.796314664999299
-0.736473587492006
-0.913547937761578
-0.729319927489291
-0.858694212325235
-0.861605981596984
-0.816841551737018
-0.77190495425298
-0.776923526942661
-0.727532340322161
-0.762598093024014
-0.657595166554194
-0.819144531663805
-0.734815305277989
-0.786278356051948
-0.823555445389141
-0.711980937453737
-0.683462450566403
-0.787307766616406
-0.693162230402509
-0.909257418894114
-0.674987402220419
-0.697611016404612
-0.699050042343746
-0.837872538254999
-0.779767458325385
-0.695747356471298
-0.813463214811223
-0.768320234634305
-0.658512016966178
-0.814447528218778
-0.704318965695761
-0.629450046471505
-0.73497543036602
-0.720851480952591
-0.758295478391011
-0.84827461143331
-0.716540630097899
-0.843718715552463
-0.821497590487834
-0.626272234256797
-0.623814343130873
-0.744448729086747
-0.61354820376919
-0.68668001130102
-0.547089346239836
-0.429409249481095
-0.654197285872562
-0.675313118605659
-0.632162218870039
-0.643536663041654
-0.73807818701271
-0.514815382498402
-0.591186908623852
-0.531102826435834
-0.674641462277078
-0.435645613230646
-0.736181713166637
-0.748505003749369
-0.58727023007808
-0.601290566041439
-0.593901965985577
-0.627164365635543
-0.675898466219215
-0.698248014035172
-0.746369662208898
-0.711556644236164
-0.63430721735153
-0.621740204379782
-0.575092223530906
-0.633642069432774
-0.622099499679323
-0.606651228585599
-0.591466742523636
-0.704404690966969
-0.702820730094524
-0.655412658723991
-0.520766661966491
-0.691604948298658
-0.63867714077573
-0.500936034112766
-0.665671094406729
-0.653137624107147
-0.501349135021361
-0.497913892422759
-0.696015410149614
-0.702574773143216
-0.595059853378664
-0.661235146217704
-0.656632302745978
-0.532830383571815
-0.63927110702974
-0.704173747429019
-0.636955459770804
-0.67704084569224
-0.602049379738372
-0.814860685533349
-0.518976530795822
-0.587913114854112
-0.484734711272459
-0.645182088685699
-0.492050059727252
-0.593159263038341
-0.698599318047032
-0.562537636670269
-0.607444977655061
-0.531055676416439
-0.607023232363914
-0.50326953143575
-0.525207539589505
-0.570755713614499
-0.623643627783155
-0.402482666231046
-0.415353572761693
-0.641389143180401
-0.651803444711917
-0.685599243044367
-0.558752217662168
-0.511645010645796
-0.590532563663132
-0.415605207689184
-0.465493926646492
-0.676619506223263
-0.439087761778641
-0.705860925511271
-0.428483415073809
-0.594086178834046
-0.603622277884607
-0.508441648430322
-0.442608695537621
-0.564949336910921
-0.550003625249041
-0.665066500095211
-0.661224266996437
-0.605075635507876
-0.465464361721616
-0.479616890516855
-0.568972465784553
-0.343066464569167
-0.448524978353792
-0.596681575635065
-0.414002685439066
-0.458651964977216
-0.537320769932167
-0.536313124478301
-0.482743173990645
-0.49705735029949
-0.392526809161427
-0.523307980482521
-0.437880728690518
-0.462360921989782
-0.481528786836917
-0.620313460037527
-0.638317249637584
-0.519707885122493
-0.516485845692897
-0.437893659994269
-0.438930236799936
-0.53694770107957
-0.454019085705712
-0.568039118673079
-0.472137078912133
-0.519735871377006
-0.46002383033651
-0.333144577841275
-0.566381426214389
-0.428540475241566
-0.576242958472558
-0.621696991916216
-0.31735381019601
-0.481362399879168
-0.460086389191128
-0.431841636002966
-0.390592117954487
-0.470538573026257
-0.495117317437613
-0.407206330767543
-0.499314383658865
-0.402854858201753
-0.518587645732589
-0.389250271601406
-0.312843785706998
-0.496963052851812
-0.345982497728393
-0.49599476052651
-0.42078040645684
-0.401153615028698
-0.514875853186988
-0.362413307131121
-0.428267233342592
-0.36317686180031
-0.442116138504423
-0.407609496770852
-0.535716788935759
-0.617700347930242
-0.527173958267728
-0.403483410109091
-0.295625003109037
-0.454682277297507
-0.420526913216335
-0.474462843632394
-0.338645683236806
-0.359392639389574
-0.393322416525415
-0.352614299708732
-0.437626650155457
-0.411815773352776
-0.319126563057123
-0.337474728511857
-0.358627563437199
-0.436936089219483
-0.4422156752655
-0.370291375365402
-0.345204515236831
-0.396646077257062
-0.220696002999857
-0.307080020007335
-0.236412167796903
-0.331848120399689
-0.345058021364348
-0.265945178569204
-0.383650861514968
-0.179198092784923
-0.312683499411456
-0.387227954832201
-0.324095159006191
-0.246686281036535
-0.229978296471262
-0.341960724885721
-0.244763907504807
-0.325872496371768
-0.269335884150143
-0.344250984724087
-0.347981138409368
-0.473013086292479
-0.341229574062252
-0.200848452082076
-0.402724326012642
-0.452536408454002
-0.219812488206967
-0.418831904634982
-0.262261693751728
-0.306523873171437
-0.317759425663317
-0.363715701108309
-0.21891717443373
-0.282026132503038
-0.278825129362746
-0.400457728588025
-0.261138414495136
-0.268364579937714
-0.362395545900792
-0.39341264050907
-0.456011167278343
-0.156828161556045
-0.290400360269384
-0.30071218432605
-0.178556010742774
-0.300287770310949
-0.153879691113605
-0.299972474795785
-0.131174857166797
-0.302013104683191
-0.359147946307432
-0.306253848914586
-0.315586957130207
-0.0754611146423531
-0.260688338635692
-0.216647152855871
-0.271845654840417
-0.29355026837856
-0.285963139521701
-0.0877612940793086
-0.294908616753331
-0.142468377495118
-0.502139194941492
-0.248626589475192
-0.103844957929291
-0.0731498710936982
-0.410330502170529
-0.259499066155091
-0.0246803875104864
-0.314975267517961
-0.213773543654846
-0.272711158305612
-0.0667399636294875
-0.255329156121627
-0.224632367972489
-0.198515803283188
-0.176219202761375
-0.181934234676414
-0.0827987463162062
-0.287109500292909
-0.234194112996792
-0.243936093602849
-0.185027753411335
-0.214758566889535
-0.144246376491742
-0.204957840547415
-0.156396218722856
-0.169526946832615
-0.156250414087276
-0.197830723233115
-0.145189256613045
-0.0915901877622183
-0.207066248779473
-0.31056926819739
-0.16368551841912
-0.0231116262294967
-0.261648557662597
-0.322957988248004
-0.184223326748683
-0.0733637989952202
-0.177188551649484
-0.195858753486636
-0.135948788122483
-0.115232737854012
-0.212847027427639
-0.0517759515569446
-0.219319043032183
-0.0441387822812306
-0.255969094996354
-0.104069778124172
-0.296218462017961
-0.182336633634496
-0.0994133569238067
-0.224729175779527
-0.006282233222562
-0.13776861053105
-0.149577183417921
-0.38285565463567
-0.132377322960105
-0.0329371256205944
-0.22048523289193
-0.0111872306187084
-0.252953140698736
-0.0570820778838982
-0.137189599782057
-0.254826942509124
0.0681444184977377
0.0130523738194982
-0.15988477581235
-0.0854167480085437
-0.280141193052908
-0.0564569965920447
-0.110091847333801
-0.166189647871551
-0.234165202188208
-0.0927161330316294
-0.124461401371048
-0.0981902089551344
0.0480081150775102
-0.0284912462982632
-0.0808627334808029
-0.0774777826016936
-0.0474394657849993
-0.0256154732755081
-0.0743192766989959
-0.0768769667416319
-0.149181336764699
-0.0547554931139908
-0.123788814997219
-0.0506330870626454
-0.0986941855983501
0.0381347933526182
-0.00123295193660424
0.0562846605350434
-0.107086538543414
0.0963544492987358
-0.0862269641036701
-0.169884420965094
-0.0232845584438266
-0.00326880449680327
-0.142129610619884
0.0185557038911865
-0.0167315502760988
-0.0132247177773433
0.0133384865632267
0.00299921904627464
-0.0373240893765601
-0.14054765608703
-0.112854071580037
-0.0676816799164324
-0.00472024850013179
0.00107016356786242
-0.0837392946323314
-0.0736757383315637
-0.121459046523915
-0.0432079968082341
-0.0602553495448975
-0.127858088505698
0.00951719209032488
0.00221762091436075
0.000636897720781872
0.00765747294224909
-0.0571889354083036
0.027009472498651
-0.0750807660964548
0.0520770417692681
0.0158034154757722
-0.00122590198950324
0.0129020924574235
-0.0341867343256286
0.0500360078476361
-0.0332742538927342
-0.102968987301666
0.202234677262866
0.000410880187634371
0.0546741820322193
0.107340244571697
0.0555911957859107
0.180784015262788
0.0129314426563145
-0.0470768642537278
-0.110675742658193
0.0438109352999667
-0.160383050545894
-0.0141601275242999
0.101364147022234
-0.00280212113568296
-0.0345503323714797
-0.0305506264424963
0.0977273879155711
0.0306235808486233
0.113613041437188
-0.0453143829514519
-0.0365492832832362
0.119889451476188
0.113923159320907
-0.0340641249346721
0.0294489917212819
0.0226319645911187
0.10311616660187
0.0540455187527308
0.0982242999481298
0.120418794916632
-0.104745005907652
0.0260603208541754
0.129506368211324
0.126688126750766
0.0360439359102285
0.092277959952577
0.132233080821203
0.100655036630421
0.134640164987065
0.120747508497276
0.102541205696151
0.134634230542121
0.0472589091475485
0.160383748475639
-0.0202712044913669
0.0220013026774604
-0.0537911158371183
0.0851695982039705
0.029940998893802
0.127722054521826
0.107309403429118
0.0729617564642061
0.140611680315552
0.0547527286174618
0.173142295691844
-0.0310683473303891
0.159061321298462
0.0890904932375088
0.150513618055533
0.0663496039096171
0.114194261305369
0.123690212859217
0.199341416328106
0.244672351263
0.190027505779834
0.229138524056742
0.15514618712285
0.147530061826585
0.293310975926883
0.00819781757194907
0.115768839969746
0.173899667381574
0.241895650341112
0.275528708804337
-0.00319925217811936
0.124951302367218
0.223552802826756
0.205375489695158
0.185006059217436
0.0681940022550491
0.056090720472322
0.179080819819609
0.275221387517216
0.0873680464410926
0.21722848035869
0.126091132521102
0.187946223187531
0.0559163737971291
0.144696310565683
0.153550456925894
0.311125461160481
0.356600525202146
0.036422030733521
0.137104970675961
0.301945843582777
0.139677366684954
0.182845539579062
0.193211728300973
0.196008600939339
0.211307235406005
0.119246377344731
0.331549950593679
0.135135605117948
0.20191287982631
0.331603215914574
0.175767208328081
0.363851671899001
0.384042460387831
0.200467576763524
0.201683575551427
0.319530189996784
0.422585216035611
0.210253442607735
0.378245432803705
0.276819571481525
0.103341293951536
0.200173635035588
0.307725318625895
0.129104229021937
0.269207730661372
0.330745328545327
0.417580599151399
0.256879849931488
0.257788408483889
0.190470614498961
0.296884909363144
0.203868380584885
0.183841188122991
0.173459351615042
0.347157359222422
0.266887560290101
0.43925239611317
0.277792577797043
0.35382489848487
0.186961565623801
0.288659646193264
0.269807711435609
0.275945882448663
0.258243973583757
0.20388967098754
0.216801553109315
0.295215421440074
0.297612665369844
0.371741752196566
0.2431978004483
0.264408402273585
0.2755066037649
0.31209226625044
0.413544502443898
0.321101841922985
0.348271752307524
0.397275922593606
0.299110742381597
0.318532192245348
0.291443709689424
0.278832549106988
0.401607753471961
0.355146526391099
0.2165325926236
0.367585236100453
0.468433203207626
0.451745184139596
0.264075222510416
0.31937052740164
0.211984911146174
0.351254873879979
0.326418049209952
0.434969631570987
0.226221840948442
0.374908239919784
0.23424337988641
0.297769107090107
0.229171729688027
0.34168271453085
0.338357534765316
0.400747499583683
0.412014568242902
0.385775204805623
0.392093887439785
0.437891315484842
0.282564172763767
0.474442035797997
0.358572709307188
0.351543765498021
0.471385560131031
0.45463928501605
0.297186835221905
0.416609615370644
0.327253632227355
0.387839425944026
0.393383218938002
0.49435941803122
0.373981923500397
0.356068243984749
0.524907127065539
0.37482463016641
0.403683647131583
0.435109021223672
0.31087324942101
0.321729228236886
0.396766979106172
0.464197300768936
0.462030676997733
0.469292716891706
0.455129062147641
0.454043661938702
0.524951900598368
0.419742568536112
0.369073506199066
0.522354157223138
0.362416404468953
0.558698645928937
0.51145855342559
0.450197733186921
0.586053738078924
0.360440746636341
0.368864677414135
0.232751208755617
0.450597178134893
0.366643193862984
0.397798499781101
0.476516027840688
0.580957230927332
0.463301626080551
0.378886018054259
0.449857221837167
0.546598511799889
0.480951395022739
0.524857906809471
0.487331382164842
0.474551697459205
0.576389187877206
0.626979518256748
0.420220731933825
0.578844931105745
0.498683751599361
0.527922514261305
0.527413499492588
0.46589776557472
0.509853320218965
0.551125838569447
0.525350319613383
0.583736548828608
0.448358409602183
0.506987480182957
0.508510552633296
0.399139065088129
0.548655494509013
0.441287072760449
0.583475254888177
0.5710512305898
0.655013604451977
0.549652597713847
0.579413039724365
0.425133331515671
0.482704158691558
0.352214838849265
0.496769849213878
0.595000409661889
0.51321245354801
0.697518238660735
0.40938994046022
0.450664324879406
0.537372899498967
0.626667599445873
0.430055916680451
0.532764531615379
0.499518228080037
0.479277967190292
0.548739282442546
0.585151426999084
0.583616700540301
0.620653684041053
0.571224054390352
0.561436548155806
0.619836400567148
0.597755577820561
0.529297233653858
0.590974254437721
0.606786267061439
0.469142693094423
0.723092225099104
0.572250440379238
0.5009847879215
0.560376717052616
0.5170932673847
0.538304586546617
0.661048507757664
0.773323283753698
0.520301924960816
0.576055112137625
0.522650500429877
0.536582615002198
0.551443258065163
0.507508922255201
0.677301041550474
0.558821389964206
0.715995728204342
0.575204299941343
0.563792078970131
0.71073918879515
0.514904086936244
0.611923208943475
0.499687194097875
0.4925238069939
0.563909195872976
0.515794978880609
0.6520240774121
0.741043237456504
0.725270893811293
0.705394484525946
0.675660991395395
0.613862505027189
0.608353089561324
0.720581153763061
0.537026614123346
0.577017395828087
0.660978130754823
0.597154435496507
0.586794994657679
0.616046915400801
0.715038018160274
0.849417864088338
0.669430025839507
0.681609291339771
0.681942357210579
0.730988735964213
0.60166050290934
0.703722482741916
0.585558636403681
0.676238744807869
0.586541028956361
0.674926569935598
0.661659015740228
0.665145175435686
0.845505823606649
0.534869578272804
0.668785285727725
0.719022274094064
0.79186868952128
0.808426366899573
0.600959013141657
0.733379554556888
0.688720100928428
0.837338722774569
0.715249563891567
0.858823269472296
0.76841555405213
0.693608557755298
0.663638257600271
0.820680373870758
0.70706520373167
0.830399278714569
0.714263648133289
0.739622053106935
0.592368634221937
0.648475174676858
0.738504850606585
0.769631474668212
0.724927312902147
0.799282890001046
0.676301149366562
0.734799603932167
0.778635064323001
0.648900901947343
0.755381066063755
0.624966549359684
0.791566688140714
0.762923889535986
0.682541686042024
0.667257966334029
0.707209171395706
0.660871145950113
0.68843805483593
0.636846906350602
0.669255169772094
0.776537546814732
0.734363921744711
0.75094814382749
0.764810027878716
0.635960290281747
0.629605739366433
0.711158827657544
0.884046659935069
0.841265202374623
0.762480603901241
0.761791599467652
1.00574641801189
0.792265379603466
0.736986147527374
0.674629496476336
0.741038469193263
0.851493111585781
0.821104244871168
0.756102679203477
0.887095551118601
0.783045735492221
0.714435382539847
0.735890484092994
0.803602857426292
0.65680487001796
0.898598480068542
0.60877286447796
0.865514034460897
0.783212504803948
0.951261691543409
0.945740051627562
0.936657823109761
0.892954785000857
0.774242557562923
0.862889086720893
0.745914298776332
0.84895277683186
0.773737347100861
0.815824043100607
0.87705497975762
0.813557039333435
0.692439016517282
0.974609850971573
0.85303274348887
0.870720948889061
0.825763988631714
0.893898789162026
0.865916347588218
0.901824886922578
0.923610449129641
0.777971058095497
0.895564596097253
0.914125546394059
0.882248905699797
0.875581764326941
0.952903449658466
0.975484115084235
0.778679486757758
0.911355182442281
0.862269594031607
0.899178874541957
1.05499829663492
0.832451569937032
0.816837232048021
1.03790315268075
0.91754877598437
0.92135387687844
0.962100472831599
0.947424750561959
0.983882838926994
0.851528323482606
1.04210941840721
0.88441192382845
0.858075064993877
1.02464408115398
0.909448728086532
0.972242635360766
0.891112506566492
0.808992296268396
1.02279456440742
0.892456281048048
1.28846039513543
0.875372292086162
1.03528699461708
1.06366278492459
1.01150732906118
0.863198993136497
0.960276698220913
0.849504190157937
0.86456690331487
0.847962716514645
1.04613146747395
1.1716090711324
0.972773353700049
0.982411511544414
1.02429120084533
0.955033166837135
0.895824418950333
0.991449175317623
1.06243166024694
0.998406792288439
1.01856059858356
0.978298273099198
0.93650175572185
1.05064350984628
0.872182641654698
0.996717637645606
0.902711176021439
0.897957853649873
1.03258248279494
0.773677255271849
0.870016392243205
1.03432931791291
0.985804564901691
1.12577987786764
0.95662086734923
0.950778451164548
