-1.05672144733633
-0.970464163868319
-0.879612365117947
-0.940753493841177
-1.08120547443784
-0.8853193970303
-0.906552294219518
-1.06314399777526
-1.03701887689999
-0.902170302669339
-0.828288194233844
-1.11491706246772
-1.00627825214323
-1.03124170387407
-0.878215670266274
-0.957013457503802
-1.17061216744009
-0.954950530304322
-0.944752809613387
-0.833230253767285
-1.0112624389617
-0.848029715729948
-0.9375358539361
-1.01678224276457
-1.0532960150505
-1.12463020427378
-0.946885758558332
-1.10967641009047
-0.95490404934737
-0.855440661137698
-0.975189875574956
-1.06768601708142
-1.02933677720899
-0.858503584505621
-0.951520328989284
-0.992304132833792
-1.07607175358868
-0.896587677912556
-0.928267925261981
-0.949480968143043
-0.892131105813717
-0.893715577907441
-0.826636036441753
-0.84546198472485
-0.941804251960197
-0.963868171542188
-1.00278264340176
-0.909040808315562
-1.03802659340734
-1.04788250512179
-0.997690895641256
-0.872936319732221
-0.896300773949251
-0.880856544576189
-0.924061376370081
-0.881212938535205
-0.869818484267672
-0.988625376968916
-0.758520367680883
-0.913456299416081
-1.06873492483171
-1.00355270516582
-0.723522311039668
-0.858727228388557
-0.757787868543754
-0.822832375159845
-0.781247880386057
-0.739790810154028
-0.849883399349715
-0.917776925763049
-0.938758183183543
-0.896019500316548
-0.84929331533352
-0.870455645409556
-0.885669482166364
-1.02060637177322
-0.755397322858774
-0.834887040840514
-0.96946130497893
-0.729817258741319
-0.890764398946856
-0.805569900047135
-0.773239448147758
-0.7746118288604
-0.843025390426945
-0.845035936050799
-0.813358500118297
-0.810394010998745
-0.847343872545315
-0.803809559245444
-0.886023369046055
-0.86412412107921
-0.755619810708099
-0.749168986412847
-0.782350857023802
-0.842921683235375
-0.867401678701425
-0.741043246602514
-0.787072979314628
-0.8628328631241
-0.93409474346282
-0.744506191186813
-0.825815733135985
-0.931397240228286
-0.774822727502694
-0.857579932824269
-0.82798074359133
-0.745895145084344
-0.812872020372836
-0.896172935361188
-0.733558563393424
-0.699292455839287
-0.781402527382164
-0.775487931583025
-0.757700892380184
-0.693947667639198
-0.69972960805872
-0.860075410859772
-0.862904151208731
-0.775338483593923
-0.738951092911864
-0.670217090789891
-0.790894297902293
-0.686042778240056
-0.739920061712468
-0.600881871771562
-0.610960184002787
-0.791792571814232
-0.726151586005088
-0.784290795186484
-0.718754029165964
-0.696606877837075
-0.793431963103465
-0.758013103960086
-0.65892661145103
-0.827322131664645
-0.775897051902451
-0.823683324084399
-0.727625948300244
-0.704064483334295
-0.75101127780432
-0.84397712307846
-0.76013029222321
-0.792120313286087
-0.726469602475045
-0.788881333525648
-0.696310722717898
-0.659321929499933
-0.503171698991614
-0.728485403925397
-0.707463130006839
-0.704988839590194
-0.714768275733017
-0.638130702715704
-0.603209086086518
-0.613709913670273
-0.738387539387103
-0.738623909017437
-0.69765806551711
-0.749584521790926
-0.858872607378823
-0.536058423592164
-0.728645000797147
-0.745130275009979
-0.70332313738593
-0.639490788501833
-0.714531538312125
-0.662830186501443
-0.71728323632179
-0.670685459891837
-0.686954600782499
-0.598061883160702
-0.599281428700657
-0.635110739829294
-0.718536544499238
-0.535813653851365
-0.878667506388666
-0.702083169958472
-0.742642156680322
-0.674942796678831
-0.680527552009062
-0.656616891139493
-0.651643195089835
-0.671463571705627
-0.52665935743346
-0.720979976165867
-0.551021087079404
-0.488238857207779
-0.619939430575624
-0.576709769004152
-0.57432062263987
-0.648419135922513
-0.593428523897789
-0.660816197744015
-0.645647402752525
-0.681542214291625
-0.683094310058271
-0.65903996764212
-0.570405821766393
-0.598338990930185
-0.662879392586243
-0.60883782766268
-0.702866842534766
-0.552774441548009
-0.584292573542593
-0.613833884635473
-0.533329221751091
-0.670523273586539
-0.745445474635498
-0.741311802505267
-0.630205189696529
-0.670564296281192
-0.65956654339338
-0.452846041558321
-0.480091081144119
-0.649537795249482
-0.454578136979741
-0.606516056022269
-0.43616342944765
-0.688628725404926
-0.646480559644646
-0.562322615858779
-0.610683587787769
-0.466385554625206
-0.509316997731074
-0.601317697072448
-0.575982877980658
-0.483481200072706
-0.355175586840117
-0.556086820566315
-0.420101370533096
-0.489337922182694
-0.680204400732626
-0.419096173025843
-0.435522656592043
-0.553177089114452
-0.339633257775466
-0.740584712038222
-0.543647059534636
-0.635397829907554
-0.550631964823718
-0.513504836789459
-0.570106306607731
-0.397462432453007
-0.558879215559004
-0.511736527425109
-0.579848403630303
-0.468129598924135
-0.664472769659719
-0.655079905048018
-0.539807638998865
-0.517782090543694
-0.637855353026447
-0.449368223324213
-0.453915690361797
-0.542783951274122
-0.633713888899617
-0.440773908994088
-0.476575052378757
-0.491067897975888
-0.579747781451982
-0.454356427209958
-0.29035536395686
-0.647726107244949
-0.484117549887236
-0.578429961106885
-0.397969651636043
-0.494434538707525
-0.459567982844777
-0.545278502709318
-0.44443803356886
-0.299838101848387
-0.58285301538987
-0.549992310454368
-0.471596168530098
-0.53890681609865
-0.421999632152573
-0.561274254331152
-0.498022525247539
-0.479514992420328
-0.611620934381102
-0.548143370493586
-0.338040255915428
-0.467113189204374
-0.396169349722537
-0.424328852678529
-0.306987365138832
-0.627080828431188
-0.513752886563937
-0.39296871341117
-0.411423407123408
-0.491371195315187
-0.230553585792651
-0.358460725939423
-0.23684778564712
-0.431142801387958
-0.419632552219546
-0.470405829483859
-0.518226854330125
-0.336321712170433
-0.462716408835299
-0.275005355448856
-0.329120422096454
-0.439323465909597
-0.467225201684404
-0.352887328382501
-0.241859267703349
-0.393130198290306
-0.443940074341518
-0.450395118615248
-0.42511087850348
-0.369273115973255
-0.283652735421388
-0.419811782209789
-0.459787526048489
-0.303834664015233
-0.37709314460799
-0.338153634343488
-0.449888244220292
-0.321911514880641
-0.362954581670563
-0.451014479291563
-0.392593878033721
-0.456414613575792
-0.289363190000643
-0.32874636781635
-0.390893155967376
-0.51646808323373
-0.338514887058275
-0.16812740788003
-0.313050550498049
-0.229708960182783
-0.441222548706076
-0.284588755573499
-0.0267961512231276
-0.346776416650094
-0.336604623667432
-0.404824956945211
-0.278707262067408
-0.340769416594657
-0.303177964858975
-0.295727372208756
-0.097966174989722
-0.329301157261417
-0.167680814489804
-0.356990315632065
-0.387595414773887
-0.282596662274705
-0.296414979738455
-0.248556559149536
-0.277706401313589
-0.284797600052631
-0.29246062646855
-0.35795782957026
-0.173995650027789
-0.237795280187916
-0.334861684934101
-0.374326408419424
-0.365832366728696
-0.317737442279938
-0.318376954911315
-0.336713039729674
-0.413725462323798
-0.15567882155248
-0.259140955592038
-0.26447116532942
-0.236253773053654
-0.282580023396403
-0.197646359693107
-0.307309518343852
-0.158245795663621
-0.225091822617719
-0.274010327404002
-0.24764751605561
-0.228724491214579
-0.175231629461249
-0.286595533278662
-0.333783681344932
-0.185610520815987
-0.232897584528114
-0.338679189566452
-0.33491789895554
-0.126618683449244
-0.202127440478602
-0.120717304293326
-0.224466662667926
-0.188795085449749
-0.170301392156257
-0.27373229792138
-0.341407235595823
-0.255372585668094
-0.271222021528669
-0.229025529356513
-0.154682619640254
-0.1735983885625
-0.145249283332666
-0.280862502260659
-0.302417832281786
-0.167298429537913
-0.319534050744778
-0.0925190447907503
-0.197119368876583
-0.261210038887384
-0.202225591960682
-0.129365717931386
-0.198653794231483
-0.216085892350033
-0.250222998409272
-0.289720589920429
-0.175522843062197
-0.406358612607945
-0.0813603177456147
-0.210103860959514
-0.265314010042419
-0.147039401273024
-0.0129731683651259
-0.247595661924229
-0.156096947540219
-0.154236778924781
-0.219300743973642
-0.38893935388201
0.00517728658491864
-0.268150075913616
-0.182330583412533
-0.173023087218698
-0.152160431604863
-0.0895390621337601
-0.295560157060716
-0.179031486793211
-0.131594540936831
-0.10737132793512
-0.260609964037469
-0.124231694053571
0.0137807451544797
-0.25543709400854
-0.194272462901427
-0.287401000682572
-0.116929297659983
-0.183365894737313
-0.145091754533214
-0.0870291585478848
-0.138664614334536
-0.118665098001654
-0.0371190690597555
-0.138337574300502
0.00742229407221275
-0.068405392762943
-0.0544229288614357
-0.137120702271968
-0.158094238669617
-0.267822848339821
-0.131371435815422
-0.105590897977389
-0.106120345177523
-0.0694271738592607
-0.0684302880879457
-0.0708670912502178
-0.065359242527435
-0.103208217934148
-0.0695578085961951
-0.0875961968715283
0.129419129964048
-0.166323413709568
-0.127748394770572
-0.0412456452113086
-0.087364901195157
-0.0286188190400102
0.0201119846683129
-0.140283317708004
-0.0560567910083534
0.0268420744842442
-0.236822547742203
0.0636101479679299
-0.0669959659063829
-0.0314131202312508
-0.0725789625537113
-0.129572434277357
0.0249345214679567
-0.187135246548923
0.129030950444443
0.0620492829958579
-0.152502011135349
-0.0970041002177196
0.0285191716831521
-0.113378830793201
0.0263442939436084
0.00251716555157037
-0.152615365053437
-0.0445281081900976
-0.0369572156376877
-0.0534162584994275
0.0752018035448061
-0.101035380310395
0.0488380173813057
0.0331743251454209
-0.210812780237919
0.0337019184749862
-0.0818913582185141
0.0451676117184689
0.0387681302933866
0.053326256843947
0.129184895648098
0.0580853115930992
-0.0242504018781028
0.0337623279953126
-0.0476604886008851
-0.0362103512025796
0.0402197905701894
-0.0414338904983894
-0.0464644789931632
-0.0499605544171907
0.0241105472658033
0.085280435461088
-0.00209262297496135
0.0208325021671972
-0.0255817714487069
0.212005377484321
0.0420992776002968
-0.0191025807969111
0.0262400704263337
-0.123603743582265
0.0400888477406287
0.00327193600343284
0.0190322905167598
0.000900506130623406
0.106070994636875
0.270093842196211
0.0777132981751463
0.0698309917981182
0.00980317728081899
0.233477921152856
0.106268875437458
0.0637086743126219
0.133614463313815
0.0902097980735982
0.071405668450589
0.125936412236498
0.110531488745234
0.0113215323092978
-0.0485068693982605
-0.00173356575378013
0.0664184433355982
0.0955686963019414
0.158477389278573
0.0958639510041792
0.0519479831161908
0.184776694081877
-0.0373338087854682
0.0639344993387469
-0.0917415126442511
0.240976871752661
0.104419880457627
-0.0006948178409589
0.171368112816187
0.190857841986023
-0.0412378497194654
-0.0339709738757006
0.0873920708391289
0.0709228420170687
0.186785898051603
0.105283731006973
0.244232201712505
0.0525774288351046
0.0547866148192153
-0.0125773611551475
0.111199714271881
0.105493289524109
0.164551530386314
0.15419078137241
0.189841037956479
0.101302310005757
0.200681164958239
0.215243695875868
0.268224800746548
0.140478173589434
0.0367989610470216
0.254937992553846
0.238279036914759
0.0981816128926001
0.152073737039246
0.279237948174847
-0.0594556510939253
0.0418756165121467
0.186921387567098
0.120976728758372
0.203052591599693
0.0580897270022481
0.0594137242730594
0.153317677149349
0.22207506465901
0.118599790057166
0.234767313247108
0.0470516230984388
0.172895115412132
0.127186357227583
0.349828035463193
0.289333437732161
0.351067006533234
0.0987105379487892
0.135920936816533
0.129891577019189
0.167601318510745
0.126260446615304
0.262570436080112
0.131284226590825
0.35732275712187
0.184544245557226
0.291997899256228
0.253540767473416
0.208746299193275
0.261659871308378
0.405263988385535
0.0365007800949333
0.207606392610382
0.330196397356494
0.357156336100403
0.146759748602321
0.113042165444484
0.306428457241491
0.294681933166741
0.211260046844826
0.165434616004651
0.384396205368952
0.301893345389602
0.152921903468974
0.268037360572953
0.321959726373384
0.191316034451843
0.21602624861217
0.171237874315103
0.411851152915769
0.235595578002323
0.129896732089251
0.355934726186364
0.335488593786108
0.262048358805029
0.280041507837966
0.20902153845133
0.17201952404461
0.318387227718705
0.217608880441425
0.183505586629044
0.161674551607352
0.246406194977532
0.280901395798288
0.466711767662415
0.36277277055486
0.191905845158509
0.323935123626882
0.162733291175128
0.289979246390764
0.333194146361864
0.319127562048702
0.273676113042312
0.163682290285429
0.405304387893036
0.391998519698046
0.323326501535994
0.326250263776966
0.284803065450729
0.279430802113348
0.309870105099319
0.339163537498944
0.357758500016253
0.186245614924444
0.388069903373253
0.273551336810058
0.369635102385094
0.213136512756164
0.27689003781833
0.268123777743838
0.436598680771705
0.391068705978195
0.251267333574841
0.391583537192751
0.287803408536803
0.425345179449907
0.366712379424241
0.518527258199615
0.4349886106426
0.292944766501542
0.254943339363277
0.310495431425311
0.462450960284419
0.465830283752799
0.388115976486368
0.139258586553304
0.473634714790823
0.314179319651908
0.381456611412968
0.28773019363989
0.429025739957589
0.303000719377013
0.425275486937758
0.363502062305061
0.431979473461518
0.383644803836088
0.461058616756163
0.514985002021044
0.328818432648081
0.435050456722353
0.482203309862098
0.425935940288665
0.458858619938194
0.46130306880429
0.548095054170091
0.339770016145923
0.30125647904161
0.339791445038822
0.415630461444565
0.42601489137207
0.419456590757549
0.407333281217769
0.431117168339277
0.302957045395491
0.390072325044514
0.466387928966674
0.432968375973816
0.357821943191189
0.544394888965399
0.433893389973301
0.351385502850576
0.489947233020418
0.569264831140196
0.480486498097023
0.368732907566919
0.466770197312923
0.448409759748051
0.602244717103431
0.579698392388311
0.447039505789928
0.394487163765292
0.462148858778698
0.397309336008328
0.334174116166455
0.457889750607067
0.444539525815545
0.647749633399497
0.236492593460771
0.388611266828412
0.528989938288575
0.406063096275301
0.380421137356802
0.431624160152845
0.455556168047859
0.427483118037495
0.622964047406211
0.522807737540495
0.434270556993871
0.548681439504555
0.509747566160792
0.393204612829008
0.624708221623916
0.473571666401716
0.427861190616182
0.650339548684201
0.59124903528507
0.558646930689343
0.473648464964474
0.529777734498548
0.56259594317793
0.535944209399631
0.472696994931979
0.57106489430702
0.457578925662056
0.39140244729003
0.563985844989882
0.489843682132103
0.44156132517237
0.639007715773578
0.3704008601405
0.561141946908729
0.510843058762431
0.588809371183178
0.532083219311357
0.523086064321749
0.502934045822389
0.357925519519235
0.610669732088742
0.663575931410134
0.629491357914924
0.567132080572767
0.660521205104307
0.501024747594174
0.572369222600884
0.598487832134034
0.51181454932608
0.557952277029243
0.587204369695841
0.750353500706833
0.636308367289889
0.636369292669201
0.615563466222615
0.516610006473116
0.770396837715632
0.540962717615242
0.50850952758353
0.365392764886994
0.583167391513286
0.631104505887988
0.563964974558231
0.584016026764001
0.600068729335092
0.605744592069351
0.698703872021774
0.591954002422072
0.553109144203139
0.697089124400043
0.662217170742585
0.429244325823398
0.748025833926288
0.698154881423053
0.631714316315261
0.460543668708182
0.678111974326914
0.699226911434049
0.464693571910286
0.514334954630525
0.54598776220396
0.775983135786356
0.78816059382345
0.679659844792774
0.626676889589704
0.537821129860863
0.669211235761405
0.587326284917478
0.678717459095911
0.509418036318808
0.689611838166478
0.63976795962678
0.598237168404379
0.858079181948306
0.822478913231874
0.739048180281941
0.721323399747605
0.5376582813155
0.68478686922565
0.72995111240441
0.682689684204111
0.607034365552889
0.521675806382443
0.608199870128444
0.788112758130887
0.71007607402057
0.630315861981626
0.660768128348723
0.666581572062034
0.728466264218282
0.585039562478768
0.733167401570505
0.690421179815579
0.806416725309271
0.630424582634222
0.724424397178545
0.770740518316181
0.85205943344826
0.638298466031775
0.788506630688077
0.636747092444444
0.763651150315556
0.809414160432679
0.693263656317154
0.659315412591787
0.673718161388822
0.762418121579405
0.686498933387686
0.781671047074275
0.630291976952659
0.859790622496536
0.684187292296323
0.669626072674392
0.755242038195309
0.59722172776804
0.7883640322435
0.562646138586761
0.704643276778802
0.896580090066751
0.722941943180734
0.758291644829003
0.659766176002887
0.776623714872701
0.738342737418645
0.70603409517125
0.798855245093186
0.790317530641889
0.80115051284678
0.609316846929068
0.809797206907676
0.814494306711568
0.701125826980812
0.693757036761158
0.790431719954537
0.816566222988982
0.851460805667143
0.707599417897713
0.889032154069072
0.811765549686504
0.896899728908897
0.557643982583347
0.786510906979597
0.870467862987865
0.695403199878134
0.779201564582798
0.746359156524554
0.885848600540539
0.815634842031975
0.781144294581756
0.888234640499858
0.815343312769993
0.775750321966228
0.758827644688038
0.895446705096322
0.817821155737202
0.872588862110857
0.871409441045246
0.820333892722405
0.837664628057615
0.928312173670222
0.768691885211058
0.772806688456684
0.757984765776854
0.74122917732648
0.977986424158118
0.908788441393685
0.848071822481809
0.920501930616022
0.954921336578955
0.768373156341377
0.832285828824756
0.910415410161181
0.918389510136462
0.752503763111845
0.854617146920697
0.994938474591553
0.986417751089074
0.794268639897694
0.850002982700164
0.951814556700178
0.942246085700883
0.882011823104723
0.900911710015916
0.786325217497049
0.95508794049715
0.953314462962225
0.9355611368727
0.842967458245798
0.775437010894185
1.01949038224647
0.82960340023023
0.791632871951022
0.977173586286388
0.774506230762618
0.850838866171487
0.924046445481037
1.08060348600823
0.939342361825633
0.946490967941329
1.02418046976556
0.931658644541164
0.91300395937696
0.923007266385504
0.8800949012329
0.986244847832762
1.03495036560016
0.953291608807617
0.875133624128129
0.974801937613435
0.93151222693468
0.918174031102825
0.90579902108596
0.859928329054541
0.9040511403601
0.852722380085457
1.11602236654101
0.997675594954432
0.882615902841062
0.923226675740507
0.952840819542949
0.918193933937125
1.02236034489258
0.905027495808031
0.931889337422964
1.06183741965854
0.95120949066849
0.942427121098555
0.964430382242577
0.882002861970799
1.02820397367149
1.00500607690074
1.00317314733333
0.88543850984289
1.01821490048551
1.02091637239043
0.938729143745894
1.01078301329107
0.934986640294097
1.06589319954539
0.864851495127586
1.05814023662065
0.822825056306466
