-1.08713795545828
-1.03601231725704
-1.08344226758334
-1.06191576792645
-1.11037742966099
-0.858171787363553
-0.821425375064607
-1.07832883601301
-1.00958730362366
-1.06378715524055
-0.995434885321364
-0.949712829727215
-1.07679388815618
-1.08443009115889
-1.04396405579673
-1.01503172652986
-0.847012990838779
-0.993089527385516
-0.886084388152951
-0.868021385029121
-0.929840826785512
-0.964423884104701
-0.848016633452862
-0.874412651519442
-0.909039181409632
-1.07237290488155
-0.946178021434768
-0.93308232202163
-0.721240378139562
-0.874084855622488
-0.955445569229764
-0.806209603011798
-0.901129643429469
-0.986811364700284
-0.999394694814168
-0.8762004509387
-0.87518998481213
-0.86238247600695
-0.967362254371901
-0.820400211818345
-0.860233868403779
-0.984072059645002
-0.941002171416039
-0.911857384280536
-0.899734660731092
-0.836747051464286
-0.896502136178285
-0.941268432488819
-0.865158179634712
-0.998809482981475
-0.703462228816251
-0.956984176743232
-0.905593936616073
-0.817582469358525
-0.838591600054885
-1.03395470109029
-0.904893643227432
-1.07187471159025
-0.987953354787389
-1.14611396593903
-0.950300163430389
-0.881280091970698
-0.815488461739045
-0.844786233769238
-0.983867428692267
-0.908918220830368
-0.768336505635876
-0.945612952581961
-0.873414722215552
-0.896957128093105
-0.859683469485228
-0.775382855779131
-0.728147882898839
-1.06455911538266
-0.799462409556584
-0.73405890721654
-0.744513753428367
-0.878311858596518
-0.943384456139609
-0.58943954754711
-0.73051710665504
-1.01709345872121
-0.671343288086355
-0.833863696652907
-0.903020628472322
-0.866524466812367
-0.770896703376049
-0.72614916151153
-0.861204791587573
-0.713635521832524
-0.818446041929356
-0.80949721352322
-1.04881307098231
-0.75074268441545
-0.948092851543269
-0.749374482857064
-0.742557384925043
-0.657145380008873
-0.710207037512566
-0.938857734364235
-0.702331395377764
-0.847149683524548
-0.757821852300623
-0.717092073043753
-0.750209924843619
-0.717401872756586
-0.802830566121078
-0.853130932927667
-0.718216160991971
-0.738689364719347
-0.706531249357117
-0.864029284414909
-0.77796419172517
-0.657279989335263
-0.673533805278175
-0.723984398119233
-0.879350209606698
-0.816762768732228
-0.742277845086782
-0.839806227843988
-0.746953670924061
-0.803229646848182
-0.767562779982847
-0.73149607530175
-0.79383221451453
-0.642086046635755
-0.807445725037648
-0.879752796306827
-0.76268244623183
-0.576304547810277
-0.722938857220329
-0.678586329523705
-0.796443162261481
-0.602200878814293
-0.630217734934336
-0.728160791671596
-0.655560379639934
-0.730435890390813
-0.791454376047363
-0.755006235128611
-0.877037060206099
-0.634235740038961
-0.666666029655146
-0.515354529503091
-0.65480771032043
-0.733599783121268
-0.728415466546942
-0.728805755629526
-0.743864844677197
-0.708069152393459
-0.73007848829877
-0.522100125159704
-0.698113537077144
-0.651450249769021
-0.686719523617463
-0.753700840748145
-0.702966742367254
-0.504622288312556
-0.697669159031916
-0.815548307562716
-0.703869987435778
-0.834730156361039
-0.840342585406305
-0.810641772317061
-0.61046005704437
-0.505357509567352
-0.818175056698077
-0.680889954418432
-0.72376824125261
-0.731131258418337
-0.560133621005336
-0.708141136386388
-0.551800098556205
-0.639746602491377
-0.619376371558322
-0.61753108181673
-0.554182688029438
-0.691799582899044
-0.687865787191852
-0.6816728157529
-0.562105069405906
-0.475211544740054
-0.716856454551626
-0.551643322502129
-0.661984498098353
-0.71342395009558
-0.704376540882808
-0.615793293864094
-0.683812438575491
-0.66510698021136
-0.61270641979981
-0.583547950363103
-0.684492615811422
-0.635560304005017
-0.727233218616567
-0.687174480602461
-0.604320147037849
-0.655910750405446
-0.615178199644625
-0.625368911520352
-0.658734836833119
-0.655841702888006
-0.578932981519998
-0.656773472885067
-0.545948317129229
-0.446746266331512
-0.452734367607133
-0.640822079850308
-0.613490069507232
-0.658072990397812
-0.580827774959845
-0.678617058642723
-0.538035675233552
-0.659797024310833
-0.590408193378406
-0.689483786255141
-0.487074654728446
-0.548472256889691
-0.61266190721351
-0.481373587833429
-0.555343736505207
-0.60520674524941
-0.577689515053207
-0.481798036885187
-0.656081167270549
-0.534139156240959
-0.497743876558177
-0.469582678238087
-0.397651816766647
-0.560667216600472
-0.61584934250411
-0.506925573747448
-0.736012217179131
-0.512663160595842
-0.581755067680196
-0.517404249276086
-0.389396450274308
-0.546241334549569
-0.500740561564572
-0.499406958496212
-0.544433050047664
-0.538922259012891
-0.649452151096392
-0.61236862999932
-0.529300826274858
-0.452147481809771
-0.704386558126581
-0.493126915473031
-0.594330619524396
-0.57784577788474
-0.440073363335908
-0.534484171910087
-0.402982802097905
-0.39727217048568
-0.450598809337831
-0.623204914312086
-0.52509791521815
-0.419951539690228
-0.519949816786133
-0.546537514964641
-0.524177720885135
-0.474534947510625
-0.492261861728394
-0.484605786342501
-0.627966247723897
-0.611926232497936
-0.475526498291792
-0.471984644077146
-0.476563214923609
-0.504718626019099
-0.678567991828811
-0.435392143862425
-0.469455785473999
-0.388705155214972
-0.380472913063156
-0.413762350218581
-0.547513284938817
-0.422753397664768
-0.286128184432848
-0.529802723491536
-0.298855651659129
-0.505460789110275
-0.406369959021606
-0.568266206056849
-0.491418974061433
-0.4581375056325
-0.471046143059029
-0.471598885924935
-0.566604978341075
-0.288548619509852
-0.526061350882418
-0.45340304640476
-0.284836541045352
-0.476439787968919
-0.41435300633061
-0.503109006231711
-0.349054023892143
-0.349639364232717
-0.336454536875438
-0.424091561828043
-0.44290201628675
-0.366170821628035
-0.250499619781037
-0.312677727564725
-0.420896719953374
-0.367131016151882
-0.402118130124738
-0.427959114306807
-0.486752422875394
-0.440555572144964
-0.445550764379766
-0.420358291764009
-0.29698783957757
-0.600339094591572
-0.277706361028373
-0.367890640232221
-0.434565202179206
-0.390680609835721
-0.417330372373904
-0.406723813801334
-0.403895897573158
-0.420851849190022
-0.290143468406325
-0.362335960943063
-0.36024196345678
-0.178301979753218
-0.338455814851203
-0.508152626981031
-0.420506204270511
-0.370544772755436
-0.327487900921415
-0.306141856998336
-0.413894488297859
-0.339414073850524
-0.401221204728908
-0.320182941946718
-0.213050545276676
-0.0910916891610295
-0.266196510245743
-0.396019894824749
-0.254242279250115
-0.281280769470126
-0.390086905451758
-0.422053129394449
-0.288647393644623
-0.199587850792226
-0.266014000146458
-0.462751537418931
-0.322964376773645
-0.281372322991288
-0.188660880489563
-0.368575099425153
-0.25981868363012
-0.363037905835078
-0.34911766644599
-0.272357048818916
-0.376392743155805
-0.309239418788901
-0.150712558881366
-0.352730917052181
-0.234630378794512
-0.32577199575935
-0.39558938535243
-0.201474423434671
-0.235681927673644
-0.389333390458873
-0.144161619593987
-0.254244009315388
-0.220541152058393
-0.393162135819253
-0.208379515268014
-0.211789125959824
-0.233465961860043
-0.101189199635502
-0.298744651861607
-0.150278170809459
-0.335785238561182
-0.231080649801242
-0.27837192698088
-0.378418021900629
-0.28314868969694
-0.187137163310923
-0.0478288015027583
-0.291936455554952
-0.264988823472077
-0.269481092509583
-0.28992417187223
-0.267046144316355
-0.179175134776108
-0.113210696602492
-0.305995607899406
-0.153976705814704
-0.157817515553377
-0.300297312144322
-0.221734390595167
-0.230186146609118
-0.167989883046982
-0.223740649357427
-0.241175511533783
-0.235932276601895
-0.296213613533238
-0.248999341175626
-0.323816071439493
-0.0186033936159172
-0.0854995617055477
-0.268511705101128
-0.130890375541299
-0.0840461272795641
-0.173371852887002
-0.214936157539164
-0.12873551683153
-0.192371194474713
-0.163293950922194
-0.0618957727227487
0.0165488465242056
-0.18285988883566
-0.141570871880822
-0.246798806508305
-0.177149397060936
-0.119757794843696
-0.231001374854489
-0.0063060400739783
-0.346836193339387
-0.17089490254158
-0.33702308933802
-0.147409237980334
-0.228548156120275
-0.175074386548295
-0.101893560912936
-0.102579368471827
-0.214891956989035
-0.0783045727081503
-0.0845652982136145
-0.151618426760377
-0.261803520646877
-0.107509579691312
-0.258067489312392
-0.17308111956517
-0.103624142896754
-0.169935535652277
-0.0774061089666174
-0.262258480390681
-0.197426095499436
-0.0253987774610253
-0.241188931006741
-0.157002768048781
-0.226891958441615
-0.0204584216365995
-0.0862242514864649
0.0814476895544429
-0.00783119147298614
-0.100389012460753
-0.161659343973455
0.00116079789784954
-0.194763688367657
-0.0218838588225485
-0.176863171377056
-0.112498736934125
-0.0596232968634682
-0.0612839521466053
-0.132862545610306
0.0131907449183022
-0.131885123538331
-0.166291389448049
-0.0297685040869969
-0.105521250763616
-1.00909721791471e-05
-0.137815239307328
-0.106005899877438
-0.133461356475009
0.0549082119370808
-0.0203736036976963
-0.0100892179804866
-0.11867305459541
-0.107382613769402
-0.100248737051643
-0.0937117152885206
-0.0931513464778041
0.100449444643231
0.0023469343429392
-0.0181353741238369
0.0694096190219286
-0.164420520077139
-0.127739798716461
-0.00552108624146054
-0.0706221907563207
0.00600855584304268
-0.014702848314774
0.0110433234407359
-0.0880452108366422
-0.0829513541387383
0.0464151246706558
0.0232704002061568
0.0320533186741122
-0.0661676743080372
-0.109633032053915
-0.0151706963678781
-0.0237890647780685
-0.0571211990503321
0.0745316016130693
-0.0187585106992779
0.0407688871933762
-0.159537123777397
0.00948062602719389
-0.0878379128988303
-0.0714756494512619
-0.101172169234396
0.0644074672485392
0.0507536671944397
-0.0206627548476685
-0.0292510779357854
0.145754092130593
0.073193693704468
0.122981636126116
0.0557391065372346
-0.00128649579546472
0.0760388927399687
-0.0650932715294941
-0.14638082772685
0.0546433941324976
0.0816564625586511
0.022959127673106
-0.0273811122039299
0.00617746922574101
0.0371429324657752
0.0147584323158994
0.0819045094473522
0.0102958730350366
-0.00151940936514102
0.0106106108595057
0.0104773464150415
0.120554898634192
0.141569030915034
0.137352619451098
0.0606338324521415
0.0101162813146619
0.0405954873439816
0.0894031306140902
0.229670534814396
0.0987641038253739
0.11098188778739
0.00997538848704007
0.04918268213712
0.0940246927668073
0.0975580611598671
0.0848367761362581
0.145255590267916
-0.0337147599231033
0.116671136335165
0.14220880459923
0.0621946501432966
0.199464127787654
0.19501449527197
0.0781069349946963
-0.00165513761414523
0.171663554617977
0.184853455916586
0.113644450695302
0.149290919105765
0.310115726999734
0.243260050532152
0.0460769540457813
0.0115417443937874
-0.0550770031664065
0.104549308192394
0.101490358821599
0.10812860905361
0.132956811974732
0.0505451724759423
0.0493513296073926
0.172820786165967
0.270906768165861
0.109968343886295
0.287997016072693
0.172773106456564
0.121724679615579
0.244902578071799
0.161629701550958
0.033241846429213
0.292207112013511
0.252531555110404
0.0664199242018019
0.180148052677005
0.269362769436479
0.243230149573309
0.130452089125517
0.156325015635183
0.223085609028675
0.139974257864032
0.131538539334965
0.0882447945561926
0.326018385758578
0.262657675460808
0.0527496232124953
0.189594421074609
0.190204152187516
0.262157863872158
0.210982890151313
0.120362121321407
0.203714469693954
0.19796406306673
0.307923939578918
0.270963065849317
0.272788172382686
0.170292027183493
0.256148426904427
0.142152982856505
0.18591126400319
0.251555780022877
0.210413464156772
0.280003161123122
0.242015856845476
0.222610288935188
0.163021846643147
0.244676486749168
0.193361091095506
0.225486645830953
0.063582828173189
0.296737567477027
0.363752136433086
0.284768276364965
0.129518669913848
0.22041422215913
0.301037592610276
0.324085785136311
0.309327390436564
0.129515989714885
0.201436957310145
0.190173142479782
0.217216811398873
0.192023140140743
0.225126982682117
0.274524318058866
0.190306441278167
0.145491924909361
0.210544154010208
0.335825285425347
0.170510852717381
0.235086172609862
0.343476803340211
0.292538870844481
0.215309342025658
0.215855386194195
0.244383325986803
0.38952056131082
0.277575466159709
0.382397770778682
0.25765947189043
0.40896052286755
0.28241352549765
0.394637145834382
0.366730180391867
0.420546955744017
0.186321118989778
0.37281589708749
0.140691384718998
0.364586382338563
0.344780247613809
0.267312108768128
0.341125373604995
0.311606333609649
0.273568923490477
0.316456418054311
0.318100717022818
0.395376088780932
0.31250906346145
0.272031078039718
0.41511358794995
0.296181042685272
0.335219112568828
0.328491073359849
0.109017613304676
0.428949671384162
0.362606422279964
0.429899788886933
0.316159962173016
0.451724710231921
0.21447072961913
0.353505579176762
0.434548740875142
0.302599204897883
0.228432695549701
0.314848579552776
0.266170710037183
0.351090816854303
0.317717202956786
0.399509558681667
0.473214509576448
0.416185581022716
0.433603321814111
0.414708229387143
0.326308852359849
0.305973378439744
0.391512474108412
0.291272667489546
0.533000196011154
0.352689515872194
0.471637664918746
0.546501764174202
0.518153015065828
0.347692754024329
0.511645397898374
0.298839611589036
0.255079996416804
0.328630443381059
0.50450356474517
0.377903150843184
0.300772444516132
0.555812333401766
0.364744646086591
0.386246586435956
0.376274854766911
0.358094055704044
0.293487568165305
0.402439351525515
0.380205752670033
0.330359643503715
0.578093114010487
0.512253760834304
0.387960091073954
0.437648417469699
0.387338547877563
0.427719292451237
0.465821045289237
0.542331212710884
0.496600462955392
0.475602935237374
0.489491342298123
0.568954374305784
0.554700081316225
0.456713534406304
0.617500767445671
0.528715178135996
0.358353853277752
0.382212826441207
0.386478721596293
0.332434814237347
0.491316087661182
0.50241565611128
0.532229749604349
0.476607072508702
0.534359910620672
0.392207984934071
0.398542716895806
0.426334505294507
0.433017509996903
0.555664325989496
0.653312206093663
0.431473358410161
0.592645490814077
0.40206905087757
0.529984310117337
0.471278378114789
0.537329736412957
0.511222626401592
0.450298598881113
0.584820409484059
0.461986139218115
0.604784915912104
0.434924053414151
0.471448889682159
0.536057213303438
0.584477467881163
0.500386336586655
0.532240693389858
0.524254247880845
0.492118990917795
0.271952623004788
0.452096691832357
0.571450904281092
0.384063279033062
0.449706486375407
0.425398663398448
0.604829463227733
0.585976663305596
0.544453674388457
0.48749330098243
0.51956225213309
0.655252320019214
0.476599848663337
0.615900026598849
0.497687720791668
0.532812703060973
0.495145223241816
0.494468955430189
0.503053741961653
0.543888409535015
0.538543724305227
0.563986676944527
0.646125538086848
0.723463959762031
0.575259291590999
0.60495109892749
0.596539932274982
0.676064598042556
0.549063379688819
0.541223573064256
0.611362373388654
0.536439046243648
0.593001925101043
0.74157996104391
0.652265643404129
0.540996134115037
0.635161858936549
0.672666138492795
0.623772319992464
0.461686258548587
0.622585726560336
0.510878897303379
0.674816494725283
0.603050238301182
0.615067152565094
0.740295123343528
0.466991617711909
0.631361484170413
0.559998316594787
0.615802233712153
0.561614438915588
0.781030769771434
0.580512618716569
0.554326872905722
0.611523893930172
0.815233259132124
0.621108216124996
0.570578147900388
0.631284636284655
0.74792213871273
0.614088204385505
0.539366505899082
0.642017655397898
0.640394535146727
0.788341424763652
0.783673781355379
0.683281161843562
0.883776990922795
0.728330561693778
0.552459835180349
0.615400364868184
0.781003487255221
0.733815308942695
0.69395978225921
0.643204174209055
0.658677512993688
0.745498839760436
0.79118639200083
0.976647431355977
0.822032991554182
0.677602485319578
0.714326858213426
0.701594215014161
0.705485944775751
0.722132330099347
0.682121573250724
0.651305430507848
0.709708402784111
0.535442490194532
0.726733898863722
0.657944513079385
0.788148033716551
0.772946223981968
0.693037515497412
0.605805981214606
0.7570825273204
0.899002800117619
0.846542471511525
0.564680665064773
0.621786107254606
0.736275011381556
0.669106616310224
0.667713267930854
0.62178952469342
0.72772790624309
0.612158720463762
0.805209385565647
0.669479025444234
0.801772291942697
0.75857221883572
0.713895157122593
0.806822066091572
0.794274246637504
0.551826445721257
0.562633594732462
0.676403080889948
0.6577904329952
0.871290747377022
0.782737876614548
0.89008849274754
0.848930452132966
0.76331433081968
0.794760608062907
0.871634749392483
0.845758172907913
0.744100856713987
0.78966418122394
0.715060505824694
0.935926523549097
0.773919211682206
0.882075835784336
0.888162085250167
0.784730035952038
0.877247338043626
0.855208449234238
0.843951090153853
0.837931054361194
0.862380006833323
0.80766343466975
0.968393337283538
0.698159735369079
0.79345563004678
0.797681604506007
0.887655982777681
0.959208837197062
0.884950506407451
0.86325627966866
0.922289468889368
0.678734040492068
0.794822885351389
0.864679446340837
0.755814439111875
0.682329249963166
0.98750599159187
0.890899582138833
0.744530996551829
0.985815816610834
0.77008477132004
0.955619166262944
1.04903958434392
0.864642115336161
0.933971539592413
0.630531266790807
0.900898979393021
1.05911234457509
0.800546574922657
0.845499447375691
0.888415697672835
0.915329377681195
0.801569606835047
0.891616194102986
0.975638684532552
0.924813913444119
0.908569209636472
0.949394916189039
0.759392264108037
0.887116648983983
0.969512122424484
0.926517565374058
0.817095976206974
0.81626948612013
0.894003071269699
0.8626373461396
1.06306859577303
0.937861214120152
0.960963579069734
0.940230746595
0.87172239140986
0.828803131065245
0.92934662252371
0.967249634760858
0.854644488982333
0.906569617212226
0.913152044015477
1.06658609273433
0.844987408385067
0.848872284356531
0.902985132261327
0.962741171706419
0.729552906649011
0.961896982802497
0.830280866792988
0.888870325739011
0.906000393575758
1.01342109259837
0.999521727932445
0.980035230316543
0.874038843948081
0.910387900622599
1.00430920048527
0.808765611338836
1.00561821244491
0.941280417934659
1.01296826332785
0.889701147971222
0.825860374455865
0.856204663421626
0.967668509975403
0.97332069084214
0.864421896035664
1.17541018846769
1.10321933804905
0.941939454301974
1.06024455239385
1.07420081179253
0.89585613689155
0.9233895605759
1.13214687738622
1.154538468114
0.985366157450109
1.01451943832926
1.11236875313654
1.00331869981
