-1.03185483542744
-0.978781817166736
-0.880644398283947
-0.934827800736519
-1.09374664268397
-0.883073694144672
-0.915022518192058
-1.09414975781431
-1.05886592046161
-0.879260074899741
-0.827565914874543
-1.12044295682996
-1.00969657837956
-1.01876197034853
-0.869370276274078
-0.963313105873045
-1.16804999944967
-0.934137915648136
-0.94689223871477
-0.851620892302698
-1.00688828031941
-0.869257609875214
-0.920691520734594
-1.03410589271882
-1.05239266099718
-1.12643525117541
-0.918980272808711
-1.14267806933229
-0.935648295088489
-0.859368671777146
-0.96657091711641
-1.04888252965945
-1.05074740391857
-0.863097358789579
-0.955312248751126
-0.997258252899558
-1.07454694457883
-0.881061479002264
-0.924582448849824
-0.946234634464666
-0.908655363933889
-0.885299308537154
-0.830113235796103
-0.845837660616808
-0.940540573638659
-0.940909965570918
-0.980275550079587
-0.90959366845502
-1.0272926657178
-1.01719095522147
-1.00099157359983
-0.880516796052574
-0.899809687567273
-0.888695216942786
-0.935308868245751
-0.903751642633613
-0.858279067063615
-0.997623311209975
-0.768042532487077
-0.93265500348632
-1.06740375071127
-1.00339271698053
-0.712866786605702
-0.86609139543304
-0.741736907542749
-0.815436567040786
-0.793027565977178
-0.748171848774098
-0.856376015893214
-0.930557226644748
-0.950129368671308
-0.882506934038278
-0.847858048666561
-0.852081903743618
-0.883709812454293
-1.02861016846968
-0.765576438976579
-0.826167618177959
-0.961426894340211
-0.732834795203492
-0.881277035519287
-0.806147903712142
-0.754542955329065
-0.796504841337789
-0.833489980211091
-0.834136023368516
-0.81254314375506
-0.81049686816765
-0.850431096172723
-0.813921492449966
-0.880589298772725
-0.870363522694269
-0.757582984829985
-0.727702713698462
-0.77234971707159
-0.839550552631256
-0.858944170861572
-0.750029445748695
-0.790455508356017
-0.865571139554157
-0.933320778861755
-0.75464087021724
-0.827900870373896
-0.931396239735945
-0.774850960983135
-0.850818835503071
-0.820790428230113
-0.754854516591377
-0.794019840232674
-0.905682613961779
-0.729139519170149
-0.709766360837227
-0.771189164747039
-0.766473627990123
-0.751974393309329
-0.693125405311176
-0.702581476110128
-0.849075236283767
-0.86316284154468
-0.77428063744724
-0.741783431671668
-0.668312005966401
-0.79143125054475
-0.692958422086162
-0.744357665207261
-0.598113893297441
-0.608777377511952
-0.782905765314336
-0.735558757644814
-0.795425815540637
-0.696576502096668
-0.717601285796726
-0.794326244976146
-0.747382465053554
-0.641160592728398
-0.808892837516451
-0.808375404733502
-0.832643283429565
-0.727549807292029
-0.679992792896156
-0.76010549768385
-0.856988548674841
-0.764199990098336
-0.81622383211609
-0.748842568243661
-0.792872669222501
-0.695351484186928
-0.687700081729599
-0.512656620269932
-0.7150339152177
-0.713502992740604
-0.701109670029199
-0.719066496710731
-0.623122856135725
-0.622982611205429
-0.613652564291759
-0.758243507025029
-0.742543348938019
-0.689975123732165
-0.731840287958669
-0.870744853854971
-0.534949741292581
-0.736265118740592
-0.727270613123265
-0.720520279688564
-0.626537418810419
-0.687487802853069
-0.666984600674139
-0.715427393043029
-0.673179194884302
-0.690701356722311
-0.598980855308009
-0.577659399406981
-0.639294758685921
-0.691417057794458
-0.562387572630893
-0.876869546287307
-0.705007301459793
-0.735382927799273
-0.661109600923304
-0.651426525344632
-0.646616340788864
-0.657535939016848
-0.690092385293556
-0.543548403813887
-0.74018320683861
-0.567685364301463
-0.486952253180962
-0.599011873414608
-0.575323223357933
-0.573970949364625
-0.656321928064472
-0.609156146246974
-0.645487240611505
-0.631737766515686
-0.678343613025186
-0.696725913679041
-0.64243941584957
-0.578885550541332
-0.578979602306651
-0.660076327097977
-0.613097862911449
-0.706577217917544
-0.563069729248075
-0.592377675668995
-0.625386170011044
-0.532183389175791
-0.638602085571881
-0.739901745815802
-0.728452419406615
-0.644572347552268
-0.684325443302924
-0.663345213916186
-0.447936882343485
-0.467053887646134
-0.645761721355826
-0.449049311248699
-0.590746216339594
-0.442340324730645
-0.718615262828181
-0.635944056250244
-0.573431055506278
-0.585372625821956
-0.471906746816786
-0.491313851087483
-0.598951363198508
-0.573352330570035
-0.491522750864303
-0.341641541082505
-0.578382288434383
-0.43611296330472
-0.503119781556805
-0.677160347100913
-0.426701578272424
-0.42047945319838
-0.536401485428738
-0.359759391895578
-0.729866081630524
-0.562229157287593
-0.626474758997556
-0.563001709431555
-0.502488607464168
-0.589482903146445
-0.380343088721953
-0.53922548488048
-0.531826814904678
-0.573561934160088
-0.456649170417422
-0.689617576062152
-0.658925734949519
-0.511682945290185
-0.496795932699704
-0.630823126167958
-0.460932652106807
-0.470322318352223
-0.536691106282828
-0.631157775946972
-0.44249433403177
-0.494146951405551
-0.482176798527037
-0.58080449073612
-0.442002171314932
-0.295262558722103
-0.643949032297512
-0.467384177772656
-0.55688431662137
-0.386909467367858
-0.520322289496384
-0.480549548310732
-0.548585824755535
-0.445078911866134
-0.291141752280628
-0.591572350490699
-0.54838446894807
-0.478230580906801
-0.547339493699776
-0.423743584526384
-0.552390957076233
-0.506674737063207
-0.490206724068167
-0.626213591187698
-0.543901162287979
-0.341306270334683
-0.472616069440365
-0.37250820699915
-0.432864954367082
-0.292694230982477
-0.61481146579324
-0.510032099668207
-0.406777054600793
-0.40978377637715
-0.497462031548003
-0.23875213209961
-0.372862241147325
-0.240232122411273
-0.424998438138123
-0.424379935307807
-0.473088107634829
-0.514913887751185
-0.346924731024653
-0.463856868647784
-0.267042152741521
-0.346110506446688
-0.421650391405081
-0.468316936904971
-0.368081838899576
-0.258243191089944
-0.395782594062792
-0.453123560069393
-0.463290835287127
-0.417386731740383
-0.357407566365844
-0.280146219014759
-0.430088926535763
-0.469348706339144
-0.289041887434298
-0.389778419165226
-0.347452325708741
-0.449891806090028
-0.318549505301548
-0.367310743050066
-0.42308841472358
-0.401584021282879
-0.484037481091151
-0.30038048560484
-0.314814902572068
-0.375873417591544
-0.493350557602889
-0.371740963068223
-0.169557967101236
-0.310399991422666
-0.217200691654877
-0.441576519143876
-0.284267073084043
-0.024222417143079
-0.332883278584694
-0.339663425773565
-0.387429569631108
-0.309013014169934
-0.340265046007936
-0.301147764474831
-0.327214504414572
-0.118231022620588
-0.357000830544799
-0.184139576334276
-0.331409778871587
-0.367644484633407
-0.27644621512848
-0.299914893613338
-0.244409325619813
-0.289275039983389
-0.305994210092884
-0.266409069245135
-0.361492941106454
-0.193798406198352
-0.227722510607567
-0.323662388337895
-0.367752132079948
-0.364127329985189
-0.326831295165488
-0.329466385541201
-0.329633063863759
-0.427655146212349
-0.156414103948943
-0.26855276372437
-0.247959603762478
-0.202758762752211
-0.27430948449776
-0.204745018634085
-0.286123856505519
-0.16507346232107
-0.226027016043375
-0.274400073879277
-0.245162775567586
-0.241036208490136
-0.220667596858596
-0.285466529837088
-0.313392527380354
-0.178983891517326
-0.218571343753111
-0.335702584423502
-0.353337038849839
-0.115103343293817
-0.220432912097259
-0.150029859529531
-0.218990980801269
-0.187756783157922
-0.170027643483031
-0.27768817212811
-0.367915288673885
-0.270782773766213
-0.250550129053045
-0.240277309277797
-0.139915720026877
-0.180567080311742
-0.161884509151462
-0.284325744966844
-0.305006624328636
-0.169556076935382
-0.292807985921954
-0.0898166663849069
-0.2105304957964
-0.272760487725282
-0.201417168965707
-0.133527643927979
-0.185765799461446
-0.218899852230052
-0.241485881973882
-0.267329712338199
-0.183065123657055
-0.390164504324372
-0.0725650017989214
-0.205685307683801
-0.265825350005292
-0.159008083128957
-0.0125282087004153
-0.265433453120177
-0.149180840892878
-0.149640011068151
-0.217893500153777
-0.426257259760043
0.00327053999947052
-0.265950102410254
-0.176717849807485
-0.185947408531086
-0.134468412435146
-0.0686110212964529
-0.306313206820425
-0.175009734650553
-0.130522237411723
-0.0969091484969115
-0.269075595236979
-0.13924174410931
0.0349465432367658
-0.252839108819652
-0.187608449018523
-0.281725352180931
-0.113609843059072
-0.182931154443329
-0.163752347739524
-0.0616224675164442
-0.121273504335683
-0.121431603475381
-0.0368541153356431
-0.13459286671396
0.0121347620688629
-0.0506387676403785
-0.0272865301298076
-0.15830236926658
-0.155910584701834
-0.267666889119754
-0.134421278061801
-0.0966722670856202
-0.115547757019746
-0.0701418085092547
-0.0811515011815378
-0.0707316294055422
-0.0631603662913518
-0.0891286591546927
-0.0922746333148944
-0.0766286808360485
0.137179190343227
-0.166161461337791
-0.143316269706535
-0.0442905947339444
-0.0962733766441663
-0.041910449776112
0.0212447130502928
-0.136771062554104
-0.0590412766879372
0.0231968364966958
-0.232049589154342
0.0662105625866071
-0.0505972779139749
-0.0460741459763605
-0.079021672370887
-0.145806830290553
0.00242909195697016
-0.204856815501024
0.1196720459136
0.0534110696508565
-0.156588192890449
-0.0887529623623573
0.0639069271993215
-0.111318622829573
0.0369674354675807
0.0103501761378
-0.162364754722704
-0.0446722904838508
-0.0573211638541883
-0.0310883649728439
0.0626830596000744
-0.100481681801924
0.0813011663484319
0.0278465069720695
-0.222501019875027
0.0405024155815956
-0.0716387052415809
0.0332035876955923
0.0595156141967116
0.053925889930258
0.121931305894718
0.0304642274446669
-0.0252719541199653
0.0540093122938957
-0.0591513251527303
-0.0301327900964341
0.0496767580366359
-0.0414744452000849
-0.0537819847453487
-0.045658464875872
0.00711199116526063
0.0962165861313749
0.00495665756709443
0.00313991854198552
-0.00304438704933543
0.211440494050021
0.0514791339078081
-0.0109252351924978
0.0481065639548495
-0.128418085883766
0.0492866280849553
0.0127066629240772
0.0377436234913255
-0.00156821517460604
0.107663507007342
0.243466595088801
0.0719278006577285
0.0690262989853207
0.0222227731258552
0.227988949535517
0.1149346566747
0.0484396219518009
0.136638440887871
0.108203869847937
0.0714450854048939
0.146003818368233
0.110180578175485
0.0197149656525652
-0.0405669090392306
0.0109292053373344
0.0707952732983854
0.0930870539461736
0.137290207578455
0.0999082700344474
0.0544506003289292
0.155474688604595
-0.039681245990275
0.0527215646628968
-0.103719565972503
0.238906570527731
0.118756263049607
0.0112780548148029
0.162053475670368
0.181576519082157
-0.0695721856161877
-0.0324704637027958
0.0856466875361468
0.065687316772114
0.175730479184691
0.103825518654624
0.222150831882366
0.0680575944026556
0.0557262594206148
-0.0057246812448261
0.118446702188715
0.0776104178085234
0.158891829174618
0.146092292416194
0.187183034528108
0.0853124563883695
0.19812860139973
0.227621400205857
0.259949783112133
0.135566700444682
0.0411174866081422
0.25144166264098
0.274757098486304
0.113793228012739
0.155766642749507
0.278247884695605
-0.0788557228414798
0.0342623459578832
0.184206551155312
0.109685207177691
0.218258747902442
0.106880845911086
0.0502218107105128
0.144433361099958
0.232757300819528
0.104977189608536
0.258279659321069
0.0731658868360878
0.185639037892156
0.119787532165897
0.331473007473642
0.267325830259882
0.363679803203752
0.123700999667606
0.138205273059311
0.121762684119763
0.168866259060052
0.126312350172784
0.2556500798558
0.13832160095074
0.35806053072559
0.197026930320437
0.29321652949758
0.240778946474275
0.218599683977764
0.275323204812575
0.412603246675005
0.0239405783895601
0.222843805799411
0.363103372858144
0.35023385104848
0.151520184389053
0.0949308119798784
0.315995697472297
0.281819021277311
0.178940936863002
0.185864206426147
0.385502908334375
0.309004978148437
0.167101789221865
0.275270826955534
0.338841767711851
0.210236054791012
0.224562435436406
0.176673125945309
0.401151733448216
0.232071768928655
0.143520578539528
0.365346812817952
0.317653508479746
0.282825390224437
0.296681349867391
0.2199782247459
0.17017518061302
0.310111319572104
0.245288607228003
0.173401632855353
0.158090116214458
0.256493909285013
0.289691706161681
0.475475324255586
0.347845949196409
0.191737738513982
0.317331561232743
0.177192576692964
0.283611729844487
0.341609305446183
0.326932795974609
0.260910124034647
0.168464318077209
0.396492309664792
0.412543200362842
0.315287287975361
0.339210908269555
0.317359327530366
0.287627431459846
0.340692128412073
0.323619025622915
0.350126344333602
0.17380744013249
0.404277767122157
0.275878687430427
0.364817845434177
0.204645755241348
0.274729958481655
0.261491222693919
0.439344646147472
0.393137286593076
0.24503873785081
0.414943179991554
0.289258048687197
0.432799876667569
0.362321423840367
0.507609508921689
0.415861576535508
0.290479964388098
0.263281457139151
0.350095567969697
0.493812267733206
0.485748897006946
0.389105951369281
0.161860133305763
0.470475743789026
0.325131333330601
0.373102510318678
0.303344414834061
0.419242683573879
0.29696509896066
0.419218046866819
0.353566442962276
0.402517162882577
0.38245525862758
0.458776985861484
0.526623737146105
0.328111079306373
0.419237751434588
0.49554664833245
0.427971352797323
0.446013144851686
0.464948023602368
0.533334087798456
0.35401059106919
0.325051724846298
0.329422684117677
0.421543022669021
0.427524690631225
0.434221628973223
0.429910005241977
0.437162819549368
0.304443763293129
0.404144306685126
0.448788123785107
0.428482116441209
0.353258978201346
0.536795958010209
0.437167371300831
0.344465447844533
0.501345337264699
0.552483436958083
0.496193925028315
0.374505795214865
0.474698873200431
0.437322937745653
0.590592096971799
0.569561624950562
0.459514422011545
0.399856188967719
0.449633573219455
0.395915448233685
0.329956118513042
0.446924591217274
0.427075435693765
0.6535313516005
0.253109804790917
0.415094586097357
0.515647309684117
0.406093061990788
0.419870904869132
0.436980836499531
0.445961938922907
0.425769135878712
0.615287413057145
0.536630543401855
0.411646663462971
0.535484921256463
0.505801905789497
0.400017621852851
0.617713759023688
0.487212925824005
0.414214608987423
0.643361984089316
0.598480207907322
0.554550789013031
0.46425265965546
0.535945782977089
0.583101863150319
0.537460559441497
0.453813084739536
0.586533807553503
0.484087579911539
0.382236220211129
0.545621235842934
0.480116470353182
0.432424816023146
0.629600345445576
0.369014770627048
0.562263649554728
0.505300040158955
0.575906073564471
0.536923584174644
0.533374060160458
0.490069383236389
0.381626014806574
0.589636745097614
0.674356225888775
0.607512459629139
0.574836650097604
0.64474306366367
0.514947047700672
0.57391502377812
0.614695055404727
0.493958372563073
0.556593420873346
0.580739346856479
0.734088951369535
0.620082223080324
0.638079253894845
0.636037929887537
0.505654951108371
0.757744940767083
0.546605185504656
0.499083656117913
0.361728516170185
0.585199930481133
0.626331552104511
0.561533080647555
0.573430498974487
0.600505766307756
0.605170424768833
0.689898921133531
0.605892070602634
0.549929847403562
0.692292077053574
0.658485912804897
0.421349078504402
0.755755419483553
0.711362866234454
0.643195700347967
0.483797814222082
0.67948245460447
0.691622265010288
0.468317619386568
0.508659375371979
0.520568771436144
0.78184912829944
0.804533944080066
0.701005623371843
0.643500769396345
0.537863404951491
0.681265284362703
0.574362682978559
0.680473093174674
0.508822579668759
0.699885411974353
0.617342444357468
0.599451503403083
0.846307677335695
0.826225836206063
0.737986190089903
0.718200784362688
0.539458184824695
0.689696803299468
0.742792194830189
0.679771676171544
0.612485383479406
0.49960385519133
0.603874091766853
0.794220059088812
0.716877446019334
0.630740019777185
0.655923739456156
0.66844055173484
0.750454425284563
0.573247006998328
0.738164182532819
0.686504459175414
0.805222408740764
0.654120013201097
0.724782272633483
0.77624846055055
0.825956789628831
0.650738820291901
0.808525336596796
0.643674453088868
0.777456372176989
0.789873626952481
0.702899681110295
0.650328017395743
0.709606868699374
0.761101005905767
0.69748584968579
0.759956876466001
0.632071828585069
0.876672656835287
0.69849807053017
0.673064625912303
0.731174941985538
0.580345439524343
0.773872292041184
0.574126210657914
0.696261959678973
0.882899254570725
0.716325891569665
0.761157989278471
0.669847567334231
0.785065575267876
0.719150728113892
0.708005068142914
0.797996696862632
0.789163582891666
0.795328799126479
0.618368032846633
0.825439499937403
0.777867764786597
0.690358713848077
0.701105979137841
0.79094286517809
0.818344149052979
0.824330563269988
0.710815027447644
0.881379080168092
0.798162610349812
0.886629939402188
0.568007830020235
0.784697851023007
0.852098411665436
0.690956559688133
0.773274341057477
0.75986907904296
0.886766951316896
0.815924308719609
0.773913664102117
0.873702117606815
0.831713505104751
0.767590075171971
0.789923063820086
0.891658226651533
0.805628530056458
0.875269495656834
0.86775313290884
0.860945112744357
0.826577503908822
0.912352817777788
0.763946718713267
0.778995453505722
0.769716963080293
0.744607203644045
0.991430739167511
0.889123005206658
0.84512487564217
0.923597912308168
0.957734124640114
0.756053610171814
0.835768691852239
0.892069266837119
0.920132331566066
0.759564813710215
0.856602214110427
0.991517182846315
0.991355013213151
0.787466206529018
0.86536770299717
0.938304581372648
0.945260827677265
0.90354311147586
0.909814138287821
0.786837850417303
0.98645143170139
0.965421743046235
0.940681503376919
0.814386605489437
0.771894563526892
1.00712255320423
0.837878752874732
0.804752079086768
0.996238629376798
0.791425652071575
0.839698629995553
0.911893460832114
1.07757728543445
0.924555606013499
0.936997554857356
1.04181435262443
0.912522592266288
0.89693110974495
0.940091384692833
0.874737118993443
0.989289954224267
1.05748830905615
0.932379585620992
0.877384142151458
0.988591461355025
0.918276331517917
0.915991405124329
0.910179841047212
0.87450122945266
0.905742238894939
0.863754965096353
1.12026289966719
1.00660333948002
0.856443362049301
0.960216911284526
0.980512701002371
0.906802227559624
0.998407265082364
0.896185316502843
0.932944811060171
1.06768306396806
0.976477111328701
0.94084120380606
0.96376241986282
0.879665317868165
1.02244574173009
0.965321456194455
0.985347201667506
0.899343711814084
1.02693137177521
1.02077547025569
0.936383201921836
0.99073563280164
0.917609993059506
1.05543603399901
0.887483129469396
1.06137983260539
0.824590202128804
