-1.11234140211028
-1.09645423594699
-1.03477287883078
-1.05510267069202
-0.959227576096538
-1.16810802233529
-1.04042659248765
-0.899710018817143
-1.05201993158356
-0.839533777890067
-0.908469229782964
-1.09082398401071
-1.02103205904811
-1.12279326324488
-0.956900929884552
-1.05324692974172
-1.01614104398058
-0.842656250934636
-0.914033276665753
-0.876678515048853
-0.919230922887762
-0.879619802359918
-1.01809373541859
-1.00676891236665
-0.985061952390639
-1.0409844963986
-0.895234152829581
-0.883945987844292
-0.818342860369199
-0.893842256233993
-0.843567428099048
-1.01256125288844
-1.02063856157348
-0.824291598414783
-0.914121249917854
-0.915847379769331
-0.930594755307398
-1.00831656467245
-0.840855039138742
-0.943666581406315
-0.949009497192009
-0.932144696141314
-0.936156786699874
-1.1010779446462
-0.726555501680664
-0.991298493937302
-0.89161640745143
-0.916509019578521
-0.931646279497653
-1.022192406754
-0.716336343266162
-0.922324981268699
-0.890169618069481
-0.904443446573117
-0.869321243597461
-0.82020670486925
-0.939788097367379
-0.732575199046846
-1.02282632125357
-0.822293172058429
-0.927414645564589
-0.825376397486003
-0.837845602036491
-0.881911179036754
-0.715708620433603
-0.858933271946858
-0.923438654513418
-0.82032792634983
-0.802051240974508
-0.797302048641726
-0.847421575474534
-0.831260361259362
-0.933491132726275
-0.814819325864182
-0.845258531552515
-0.82587905486271
-0.878284624547151
-0.722588762724094
-0.884620127179314
-0.852207196010338
-0.94978254686565
-0.921559926970975
-0.856312014725847
-0.886341169098546
-0.685154831278723
-0.947561984171869
-0.802527739856208
-0.854584121268611
-0.938930112507486
-0.789905312236443
-0.852152046027285
-0.906409616115346
-0.93090692451901
-0.647923801057638
-0.808825841779286
-0.86606279140727
-0.750957089596597
-0.858038217522102
-0.862082234211103
-0.80975932636656
-0.929055069883106
-0.789966668633717
-0.749537905117855
-0.894437917240404
-0.733307328548601
-0.869809635289785
-0.844769143608421
-0.820689050738029
-0.742234150430483
-0.770382780048967
-0.729000033895075
-0.744000417611683
-0.655376542987992
-0.818503048562556
-0.73236572665781
-0.792246588791415
-0.813156497327766
-0.717167255909134
-0.682512799290917
-0.761240685199194
-0.705556571715085
-0.934441786327713
-0.670201965747225
-0.719218360444889
-0.701444317864185
-0.844799619752431
-0.754384603981505
-0.709096266628597
-0.828731422488715
-0.783703372920935
-0.673402013975568
-0.846580837784414
-0.705872782193366
-0.62810995656923
-0.727702898478333
-0.697698137889995
-0.760751271945515
-0.860180097851157
-0.721355295528829
-0.839478340960917
-0.829415173065933
-0.618015673211921
-0.647119345636604
-0.735177009071664
-0.618513890842635
-0.701604363387375
-0.546644416741978
-0.42289323955574
-0.67515769794918
-0.683551668560185
-0.638376090031056
-0.648133545180486
-0.737868620433503
-0.491530914098775
-0.577746246198099
-0.516684491422822
-0.650527794637501
-0.440520785775159
-0.74684403186625
-0.764731090183531
-0.562324230087445
-0.612781007584671
-0.601497464415824
-0.633466015048382
-0.686820847086389
-0.689970188716908
-0.740022542919918
-0.694722455591168
-0.628644906396216
-0.610042024183679
-0.580401391286189
-0.640876515579843
-0.621242467091508
-0.60517138845175
-0.592414764728021
-0.695373239438092
-0.66773101426817
-0.675593553860188
-0.517121511525053
-0.675178530265537
-0.650246579961667
-0.521089907940038
-0.666825737896121
-0.646219987945912
-0.516241802988935
-0.50760209520474
-0.693003845278325
-0.708093197220049
-0.595118703220002
-0.666579765069107
-0.647127380038032
-0.534687581148755
-0.630943622590343
-0.703379979576348
-0.61236334733941
-0.687323556323892
-0.616561065012101
-0.843123900176116
-0.539991590303923
-0.577578019033635
-0.478243977853138
-0.665502637451987
-0.482113043799402
-0.577063396533035
-0.677395692027234
-0.569776021973618
-0.591184883891674
-0.532119462856707
-0.614698309322466
-0.518327427589605
-0.528973550440277
-0.57936941438278
-0.637880347860511
-0.394181414174335
-0.427640424590756
-0.643017867453104
-0.634191640997709
-0.698310714803599
-0.563195102564485
-0.523382482472936
-0.588223802262739
-0.421742611149951
-0.473685051447292
-0.686630870931498
-0.45057703639775
-0.717329671052799
-0.413442941555029
-0.601290104432646
-0.606641903290397
-0.496298247402413
-0.434689153447117
-0.565064508191523
-0.56470505277578
-0.66800873002068
-0.668556469822955
-0.61311991071821
-0.467812553532499
-0.461281548174522
-0.575796676277655
-0.337610672791721
-0.446286737910743
-0.626129056533746
-0.427764270728024
-0.444695746886518
-0.54285114560005
-0.546033330552403
-0.479356272846434
-0.49046196917195
-0.384793921207474
-0.532113394943709
-0.45218664596021
-0.470057746751398
-0.482357342323913
-0.591502593655369
-0.637685304562411
-0.507575202704116
-0.531321090931689
-0.457130398865384
-0.427372793128772
-0.532504610970818
-0.457281752159867
-0.558119372218452
-0.460939587621193
-0.515848442352204
-0.457960031535025
-0.338667779087377
-0.570806077422733
-0.428595424990795
-0.598533681217234
-0.607153061074648
-0.311482009446315
-0.476646947847413
-0.464637331108237
-0.423440868149971
-0.407874539639931
-0.468470419096274
-0.514490125650881
-0.405558148624565
-0.489106306964602
-0.417962431128218
-0.505276845293632
-0.384367798343886
-0.335064569408801
-0.489265471293455
-0.343778771516283
-0.476498897344465
-0.427899849835035
-0.388983405566487
-0.492341899650864
-0.354171372931099
-0.450339969714925
-0.356896442417434
-0.429217913724273
-0.401471237767777
-0.541568073202898
-0.609618018007628
-0.538153469348234
-0.395333081334958
-0.31124971624776
-0.435692634021123
-0.414387736487654
-0.476229101702744
-0.351627550955411
-0.405721004893153
-0.415923472590605
-0.352508295195058
-0.445539108576975
-0.412604449136213
-0.338581160745317
-0.344466102559063
-0.358702413350828
-0.431414626690779
-0.439906296276575
-0.39152858895121
-0.340177210056314
-0.386150330504944
-0.206391768833332
-0.332133093281771
-0.240693986845012
-0.321910777168459
-0.337373588646145
-0.256294156296693
-0.384218684843702
-0.167426457099971
-0.288088913635264
-0.390830254645715
-0.303174181382881
-0.264832254713094
-0.238459624902837
-0.352034422958134
-0.237641168156731
-0.314291357002515
-0.278878738696405
-0.34890492627049
-0.347907671165751
-0.464719432354927
-0.322553108308672
-0.205122622163139
-0.402623787990867
-0.473463186746784
-0.23011210365691
-0.408978328695254
-0.262772380161637
-0.305172168608001
-0.315778114932634
-0.359880540881455
-0.208860651041961
-0.276616746437057
-0.275329073093318
-0.421184573185384
-0.248318997005491
-0.285300985114815
-0.365157938710714
-0.411830345784232
-0.45576052251633
-0.174899410495199
-0.273874661377334
-0.290835386144385
-0.180072417243828
-0.295200922663498
-0.152014139822723
-0.287581403180013
-0.139591831396408
-0.308578397271463
-0.361166268227681
-0.294200547976937
-0.323944325324515
-0.108412451185077
-0.25300376720135
-0.232795042091048
-0.26357293359907
-0.273241312547752
-0.302134763870622
-0.0988154439310202
-0.304327210333444
-0.124553734340243
-0.482368710555031
-0.232870408728931
-0.120517467598857
-0.0919035728678329
-0.421668432159847
-0.276345788445726
-0.029798332002227
-0.344522331791694
-0.201375572472144
-0.263301228737202
-0.0424633775372933
-0.258454647041953
-0.234411607427749
-0.179605072914283
-0.164547600449768
-0.157638600053644
-0.0749799269130822
-0.275877269115524
-0.252136888495893
-0.23265070106237
-0.188288267191255
-0.197196530934905
-0.134703417321222
-0.209413110992281
-0.159416845625836
-0.149782081159159
-0.151828060558697
-0.226632425626576
-0.115578259640512
-0.0988160294670907
-0.217920884083245
-0.296102605775667
-0.170422795519699
-0.0070861261660759
-0.267254297314408
-0.296534480828531
-0.205843882451236
-0.0991038537238415
-0.147545613583294
-0.220790857321872
-0.130911494693758
-0.150356577218296
-0.208274478748286
-0.0834946381012219
-0.205167952820217
-0.0625640249842378
-0.251419856649639
-0.11649636811809
-0.309931525211419
-0.170911521475306
-0.097503870192726
-0.196024835803358
-0.0105484742149632
-0.137722451693943
-0.124792429672476
-0.376861172154508
-0.12761816614402
-0.0255094536171189
-0.219578114212309
-0.0191594807960493
-0.251602911821742
-0.0489642292825446
-0.129729530625783
-0.267813883575902
0.0458477435592734
0.0176830957236365
-0.135671386767384
-0.102964957364661
-0.273200788369132
-0.0508683499729342
-0.102181459069921
-0.151012422142919
-0.226591543191701
-0.101855822157845
-0.129425896669426
-0.116610306134093
0.0545502626976928
-0.0244297739266107
-0.0850679146896866
-0.0830126986063715
-0.029396429472098
-0.0514202965351065
-0.077164428359016
-0.0807559292651091
-0.142719320156619
-0.0582365034339719
-0.13055680386597
-0.0516879087780628
-0.0971259864617691
0.0454759949760189
-0.00107160889053802
0.0578067798527952
-0.0938964271236878
0.0991938974766996
-0.0531573735698442
-0.149166734244606
-0.0309220863730939
-0.0093293370291172
-0.143495152007163
-0.00127686844381298
-0.0432711300861111
-0.0114369855391338
0.0219160799197786
0.0035145310767017
-0.0220974658024522
-0.148525651341579
-0.108751959585301
-0.0729908001292088
-0.0031560060701638
0.00774099756370712
-0.0828899794178129
-0.0620234591610199
-0.133143224725044
-0.027270290773376
-0.0855383562700709
-0.127903422827321
0.00212988718098448
-0.0128417840349823
-0.0156425935148424
-0.00943164193155752
-0.0637021098402717
0.0310844271303395
-0.0919687028166239
0.0623170552714572
0.0177096194869443
0.0143639818870162
-0.00773558488740116
-0.00974893026839995
0.0262011238988022
-0.0421377173983155
-0.114417237176869
0.190522388108814
0.00834155153945153
0.0519519996564567
0.0797454139924699
0.0519106069365225
0.178900727894722
-0.000992728954030276
-0.0695210054070466
-0.129053446376075
0.0441971243048424
-0.163594075725003
-0.012331752822925
0.112016776652553
-0.00232533633653333
-0.0701511945243954
-0.00640278829348262
0.080288114811453
0.0346689167532049
0.144981768247387
-0.0455432858517994
-0.0472671314444338
0.134446366222803
0.119162269619452
-0.0359050610076067
0.00338333312403854
0.0180733765641092
0.0956489799897536
0.0689750994148136
0.0808306906752556
0.116797268215345
-0.109553660627079
0.0229707628968484
0.123333570398149
0.107915548705456
0.0297752551218804
0.0660017844071126
0.150837724594648
0.0738620497490075
0.131351293910414
0.109256821388111
0.100907498626159
0.128119429715536
0.045957643317399
0.185271723892089
-0.024859844194349
0.0315984495484423
-0.0607855644526762
0.0922497793638802
0.0451077328886319
0.116355557586407
0.146485011199785
0.0834935679738577
0.120043918851676
0.0258944191312467
0.15067140587522
-0.0674047830946849
0.153460967825155
0.108860823664498
0.132417848831055
0.0624985926053291
0.125513116344999
0.109210757977012
0.202323139107866
0.231279469789412
0.174511416869896
0.224392366949437
0.139114234355896
0.169208565902161
0.301745398849839
0.0220410750736352
0.117785833237157
0.196284678885965
0.247521779516648
0.274951912957278
-0.00197466702409294
0.109974943569475
0.241456426480413
0.191850542308007
0.187905632647369
0.053983524116553
0.044456754825264
0.184644575732452
0.283752443743417
0.112399473533779
0.219991657709418
0.127083831213912
0.189677035507653
0.0697871098954596
0.164437826839941
0.151817355664389
0.33878149028374
0.357697691760861
0.0179308536006935
0.147828168348589
0.297589436026992
0.134147257896773
0.175867018517056
0.19676414663922
0.17795144407466
0.204721590906629
0.103246805395231
0.331912304326474
0.142464282003082
0.202842986415427
0.338755779061049
0.179195096631235
0.348830099475461
0.368773481268833
0.196701396073941
0.20728282961831
0.336614076377755
0.410013702918711
0.205832268954812
0.372975698715812
0.26353001560742
0.107426368764519
0.203655516579722
0.285820718876988
0.103431894176972
0.257311036571055
0.331858828315315
0.400140264338433
0.24203603150223
0.266236959390505
0.169967480378795
0.286720185817904
0.240156850427905
0.191189549728615
0.204361218002618
0.332734095426169
0.251000767663429
0.444150672456836
0.287884875921107
0.332725456151557
0.165955376025605
0.314822524142971
0.298307063594595
0.275195286166218
0.254653881329383
0.194203865903614
0.214811586019536
0.292338433242003
0.316377270686863
0.345551952988522
0.254482721547431
0.237652458030099
0.281963384904954
0.311783264740466
0.431686396679615
0.311097844143436
0.332676635067588
0.416376850738799
0.312046207708583
0.30564136522364
0.299994578811781
0.292515644990551
0.401268048591374
0.352904296402765
0.215802648503493
0.361648925440205
0.456745886309341
0.4488566092577
0.25543495288476
0.299460371747481
0.230035338021713
0.340830994975119
0.323118498903699
0.451289684586343
0.23330319700578
0.387624184586568
0.239210275207788
0.306053366544536
0.239272843406651
0.351454490012034
0.358330421049275
0.388016884042652
0.414453206004214
0.404917750980619
0.397079556307707
0.431074252010137
0.307280677432127
0.464872091558743
0.357281796495747
0.348925057751522
0.461667199953795
0.435126306000419
0.29410990763836
0.416804419859862
0.32343580759417
0.377503553304076
0.408721086028254
0.475515032389453
0.393756097596905
0.354654496286882
0.506524447518071
0.399943630191806
0.400697491270038
0.441241717237026
0.311393251975066
0.348562973319913
0.389361792268483
0.457200078858737
0.449821865108336
0.485331225905649
0.484790005019041
0.478021340128094
0.543664201261341
0.436719966064111
0.373641390991235
0.509107893525046
0.374660558743136
0.537825664896766
0.514303280003247
0.434812237707539
0.573503020488513
0.343757929316731
0.361432494910305
0.228668485843847
0.454680600621742
0.35866616305719
0.405548029727125
0.478011810495066
0.558871340326286
0.475882468659559
0.391064570510185
0.44296314972705
0.538469514151988
0.480949022678275
0.539014633743457
0.488930402775167
0.469307459637416
0.545864396641067
0.620536436255108
0.433346781681933
0.575579424070559
0.495572527896999
0.509084800700161
0.533743067681354
0.465623225347565
0.510049585191258
0.541936782260152
0.518509870481955
0.599555068475165
0.424635148061197
0.493387298769437
0.523747802203158
0.39700397251057
0.527464888964504
0.449901448968225
0.596760785543906
0.565175688028226
0.652136093637669
0.534030438359206
0.578895389765091
0.414759788286173
0.480612695266881
0.347152020012442
0.488767196613339
0.613957569801819
0.517913327031228
0.676274401443508
0.411307907866776
0.458066056617311
0.536804076751763
0.620511014755373
0.408191106095969
0.537154258234584
0.518841095831278
0.502207019184446
0.55326245161587
0.581352367223022
0.560483316913747
0.619796695249207
0.579572198261397
0.605003449196124
0.594304214654098
0.595567314817903
0.543603899288077
0.596348370998586
0.615470435495204
0.475225097927578
0.732734621341774
0.575837235020938
0.4922344248773
0.556014032147116
0.519527214442768
0.543886763177923
0.628674971506256
0.759321124982347
0.542888201842589
0.57549722132366
0.502639821660967
0.506671533154992
0.550619713348065
0.520164199714559
0.671239102666464
0.564402162307692
0.70593515485675
0.57770601356105
0.578839901558896
0.705771795009741
0.528122346801864
0.611925698281525
0.508976191475857
0.505041438108585
0.570321123723513
0.519190471552628
0.632860180240577
0.735571581129979
0.717649890816103
0.718319399305265
0.665933330868961
0.602839586316439
0.598399252211343
0.725572894497504
0.529827307534626
0.569459200740579
0.675889664264972
0.572712585240364
0.571533378046164
0.605386007860046
0.72215197089104
0.859256240364768
0.670798822090084
0.694650648724653
0.692970985774043
0.731120671366133
0.587103552969853
0.703481324038394
0.568732294476491
0.692903710920417
0.583246731394792
0.659771457178765
0.663210213646891
0.662092800703976
0.880493873869814
0.538973934866676
0.670540944556973
0.70491457055845
0.787147423907847
0.820661840847183
0.609642855705605
0.721309758871751
0.695599584475345
0.840978331262596
0.702011437232399
0.847119762070593
0.762894350834702
0.710894771936671
0.644382284091585
0.82169531215004
0.706579191275245
0.842958433070106
0.707807492211482
0.733680877828371
0.588206070681832
0.657901891297534
0.766992178410967
0.7918851855964
0.718772854647246
0.814639694262254
0.686058405618426
0.725863044817874
0.796632501980902
0.684101191916287
0.752618972137452
0.652722484089526
0.776724245670938
0.758498605311251
0.663164248511092
0.665105457172837
0.703843782689481
0.675125956681937
0.705748072567979
0.663966840342474
0.651405050110691
0.776794113157349
0.733047804982659
0.752135243344343
0.749482271113437
0.663944926233438
0.639007901404313
0.713453402672197
0.884174562343773
0.855735124509856
0.748370819541774
0.760472270271218
1.00356116680763
0.810626070299624
0.754807815880251
0.678936995707771
0.747092732286314
0.856504741708437
0.841969323920639
0.775980401667983
0.88124312999573
0.780453177019588
0.724340041514611
0.722490680882925
0.80509010782369
0.654986922998202
0.870648365912392
0.592572304469119
0.864745189912721
0.795428059500145
0.941250340418373
0.973486142019123
0.934810671898569
0.879189486133341
0.766195871902644
0.879627530342394
0.747922143393052
0.83795245441776
0.771005360558344
0.805450957328223
0.874930462619517
0.829281636036246
0.68681269709825
0.955192913805814
0.823543941648949
0.885150739616325
0.846848329866775
0.906925322321737
0.878545647428911
0.921430716028605
0.922442912880221
0.795212440606154
0.893410637565579
0.916078015341597
0.882147434652471
0.851695677879698
0.968223496592983
0.955673512894237
0.799358883806554
0.919953260012899
0.861549410670971
0.89197865422883
1.05369942544352
0.8303207480754
0.808029058257404
1.02867339665743
0.94950782416298
0.918718860595114
0.962908231574189
0.961302933012687
0.980353081812109
0.841782453429133
1.03376619474805
0.887822642239541
0.869951255094593
1.01264599421147
0.883084926484456
0.975376584729741
0.897455535461586
0.813287487481563
1.00869362904838
0.891320736124933
1.30422236053275
0.879240823896129
1.02185416445992
1.0421079271147
1.00269952223768
0.887645130467617
0.953786876184569
0.870141953624097
0.884109591310779
0.843898397456311
1.04585893562647
1.19644653383403
0.974421008546476
0.976483861926642
1.0350851670344
0.931388115569148
0.907111345437693
0.995440903057598
1.04533627421696
1.00624982837306
1.02327958243297
0.955491348422974
0.927896208880277
1.06060274634704
0.881859537632242
1.00127161139795
0.927464796105117
0.916405991006436
1.02560372239446
0.757127964669409
0.877719505223704
1.05322570833159
0.979868703063044
1.10674854672769
0.964415487428179
0.921584910507754
