-1.12396907783411
-1.11001583722472
-1.03430873310841
-1.08221390356194
-0.951346102271785
-1.1890725977819
-1.06217913097626
-0.919253193830094
-1.02857531431244
-0.839040428086316
-0.918207511972482
-1.085998936749
-1.00435161860336
-1.10839268753804
-0.929868573111757
-1.06247091762443
-1.01551293288089
-0.874270481933261
-0.927364442093614
-0.875245299401083
-0.921525290561809
-0.848610984246371
-1.01106174059127
-1.01398720068605
-0.982460487907521
-1.05137381429731
-0.877276471986237
-0.872210159071058
-0.825219359791443
-0.894366731134155
-0.843087865070682
-0.9875092088833
-1.01899266837823
-0.824435225982338
-0.891977261599788
-0.936297147279985
-0.924695117088861
-0.999955088059382
-0.841629209079376
-0.950454772122117
-0.958225819036804
-0.917983587722974
-0.92786169377316
-1.1142613567828
-0.731375018144027
-0.981592304607351
-0.903239600983354
-0.90224139208452
-0.914960367632022
-1.01870945774041
-0.719385892534984
-0.918957418319491
-0.891520595384557
-0.898297152285592
-0.895065247655977
-0.83803536678095
-0.921859556085072
-0.733084363814348
-0.994330582284954
-0.821378046556221
-0.906366928886009
-0.802557622293754
-0.829882794072831
-0.867319280782295
-0.740034044091148
-0.859922649803807
-0.927222143121534
-0.804060696726549
-0.788931155209981
-0.767036477661552
-0.825484722897752
-0.809355433467913
-0.937862360653637
-0.817535664371601
-0.863908949491855
-0.850705020413988
-0.863838721284942
-0.727278335826442
-0.885651155141481
-0.874536450332903
-0.939532196774965
-0.918906535283382
-0.858634168080176
-0.87487128776703
-0.678637765637366
-0.95501356391586
-0.812106557615464
-0.864294075052689
-0.911496267120839
-0.795352435064294
-0.837788427146563
-0.913315950555461
-0.928803277797277
-0.640327273996383
-0.824247017791874
-0.867209195601358
-0.753858254571196
-0.837834844184007
-0.907309423181621
-0.80651061511027
-0.929712780907453
-0.785135179039821
-0.754507934969616
-0.901081013938923
-0.741436529379959
-0.840351345004982
-0.86791690418573
-0.810724392731964
-0.73924452316143
-0.780005757273392
-0.741376160744083
-0.766726406173804
-0.652329678104956
-0.806557964016737
-0.72204124026795
-0.778145838140796
-0.830002054961464
-0.714622610373907
-0.66100398795963
-0.779144725334255
-0.701927575928392
-0.913737687344807
-0.648690525599287
-0.708597848580899
-0.694496708889667
-0.846042473673061
-0.778312542120647
-0.729369756550811
-0.826188341050097
-0.768636902097859
-0.668996971633979
-0.813906766012578
-0.707983219605916
-0.608230596890403
-0.714779752455671
-0.731897263359819
-0.76561098712112
-0.847097130320458
-0.739593800910447
-0.839996435538393
-0.825697797449503
-0.609048121764658
-0.62622836175721
-0.7417900400537
-0.610985964677094
-0.693079983196698
-0.53213513451699
-0.424405657083766
-0.663500508548415
-0.680625243103812
-0.639412980643067
-0.666602817676274
-0.725362022273687
-0.492128841359853
-0.592701217138293
-0.547002582393016
-0.653458346812384
-0.434199591660539
-0.770804931165414
-0.740476453935362
-0.583081903696407
-0.606867340222575
-0.613683800528811
-0.634747208807686
-0.687428903927286
-0.685639376865097
-0.756756021489724
-0.686654048524841
-0.619356471960328
-0.633154008639598
-0.563094428827723
-0.643690710453602
-0.618253171813893
-0.604206805067109
-0.600070691089361
-0.689436602751518
-0.681556507747486
-0.659513118687241
-0.517540215206318
-0.70476163321991
-0.663602165345528
-0.526101203042643
-0.691609970046014
-0.6437659161958
-0.517523049726854
-0.495472671150111
-0.699576796169081
-0.724367654038146
-0.602258132579892
-0.658626255940612
-0.651864891912289
-0.538804389397528
-0.606954154519712
-0.709804207331384
-0.631055918871985
-0.685565950603106
-0.618864367729436
-0.798370232655326
-0.553155557440045
-0.57623348334556
-0.482309491799696
-0.657966510768841
-0.473892185867142
-0.567192219657604
-0.663665047726215
-0.558606981306896
-0.608563838593608
-0.544679823675363
-0.628932675884314
-0.505426034553963
-0.53423712449567
-0.583199854383812
-0.627376369641351
-0.388972212620519
-0.426841595472988
-0.6348884379179
-0.671624938730939
-0.700954866089705
-0.543562443188524
-0.525152461126395
-0.581406503630163
-0.432282742793334
-0.448217302781029
-0.685593004134032
-0.443441121653931
-0.725767508296897
-0.420946463655741
-0.605222638036651
-0.628699289785952
-0.521242298668407
-0.432509957336447
-0.567398094056681
-0.544759627380493
-0.654835876746716
-0.667562123596057
-0.599478867050585
-0.466832566196304
-0.480216891930738
-0.561461599260994
-0.346928436808539
-0.444553982446788
-0.598231383059184
-0.444688103696286
-0.443180883891824
-0.546571423607866
-0.518558051044799
-0.482291351296306
-0.500300439478554
-0.379860531467924
-0.528355689430566
-0.423459356421237
-0.470036426376098
-0.48512619492299
-0.590311076697048
-0.648524712799269
-0.502238258063748
-0.52654842718156
-0.445036848881266
-0.44033939360699
-0.530124455366596
-0.441970910434172
-0.542650652432859
-0.471821364739683
-0.523304283038281
-0.461564909738121
-0.334874932718113
-0.559677655476125
-0.428738575983864
-0.572383215705257
-0.615700392429229
-0.304768683370155
-0.478065543866466
-0.478029933212507
-0.441030931441189
-0.399097753386628
-0.480547454021229
-0.529326650178545
-0.387614006539382
-0.519250383340286
-0.415677461915401
-0.514530370071856
-0.408769123080285
-0.295230546517925
-0.497910961740214
-0.369454970751352
-0.4900577150579
-0.412878731825066
-0.391656373878368
-0.486139579081242
-0.348743833915887
-0.450768636232868
-0.342004913988025
-0.459139795814442
-0.424670299449321
-0.539653176273992
-0.616842094683769
-0.530657497237049
-0.396927461756823
-0.300393002909437
-0.440199865244384
-0.412319763921857
-0.469573936696616
-0.34168873383543
-0.375583904510538
-0.39179855876549
-0.352524911372994
-0.452590800414908
-0.437013984676594
-0.328231168935929
-0.327349455427536
-0.363547659936415
-0.428624302234794
-0.461295538590345
-0.375858559015153
-0.317994669513756
-0.386586955602989
-0.218496255853891
-0.31503449396724
-0.242417790629308
-0.341390726140487
-0.338200759486617
-0.263508811391244
-0.38882770346494
-0.167738929707707
-0.294521330968904
-0.372243986034907
-0.306455630924563
-0.257651195980355
-0.225240826039892
-0.33027282173456
-0.255330736134702
-0.323843321864731
-0.249946796713617
-0.330185882800519
-0.341996797867113
-0.469227172664221
-0.326467539844359
-0.209075676486289
-0.408764473348682
-0.449077830731753
-0.218411750658624
-0.414127068930352
-0.27118690856323
-0.300394006762785
-0.312906026413843
-0.346456661463363
-0.210280822911436
-0.270517010433146
-0.282516960112677
-0.409841428809106
-0.260440467951416
-0.277221810069626
-0.35839895757784
-0.414101912357435
-0.44930024848355
-0.157475219285039
-0.276075778923352
-0.308631569430749
-0.181175157946725
-0.280976944630476
-0.152838885973044
-0.291043145693486
-0.138379131018648
-0.310215037054834
-0.361515650062523
-0.305568419863663
-0.299585478756723
-0.0897240678487438
-0.238336114760412
-0.212809241261135
-0.29953911352019
-0.276923593193461
-0.28887385772486
-0.0947783256424593
-0.309572289823295
-0.141727697563727
-0.496822962516807
-0.228507787988831
-0.0911168415363052
-0.0972051565617109
-0.40031269775824
-0.291490378671791
-0.0269218853039995
-0.345939313361598
-0.207858124030611
-0.250664165144047
-0.0565770100404753
-0.239505287813728
-0.237870960656591
-0.203308579611833
-0.190117777420644
-0.172014494124122
-0.0828132784915609
-0.281182201128927
-0.259408908511019
-0.245552912637958
-0.198996461724198
-0.198196969629578
-0.145932686030265
-0.204610463693282
-0.146944556520003
-0.179072408630349
-0.168272380274528
-0.193477806377983
-0.14027599941905
-0.0934602296854986
-0.18987084154456
-0.29622105115677
-0.160546122154516
-0.0110152416604031
-0.247288846377301
-0.301786892032413
-0.198689390130865
-0.0962963125181937
-0.162115923753049
-0.200578531977563
-0.129559616916927
-0.148515665500904
-0.216787000611514
-0.0636656530285653
-0.214382068959862
-0.0399341987666568
-0.247090340515682
-0.113934458741432
-0.306810699675663
-0.161416497256472
-0.121877443251071
-0.204932432855318
-0.0113864600329155
-0.140724066347682
-0.153815303054849
-0.387932167629794
-0.124373908072328
-0.0612960424794578
-0.19937647776355
-0.0229370279539147
-0.236650021057863
-0.0489158453239984
-0.115216944359352
-0.270702679701877
0.0408876579375493
0.0184159990827438
-0.145009104440284
-0.0644188255052651
-0.281820426518893
-0.0556158298424171
-0.125152975400708
-0.157318715026809
-0.248825097894045
-0.0975997517651139
-0.126920483957332
-0.12762678896648
0.0538278586709646
-0.0314859243023027
-0.0840923103749389
-0.0812302082819516
-0.0383668223475895
-0.0355467481798761
-0.100145525762838
-0.0878480596597733
-0.139479509217047
-0.053909410562327
-0.117899044960423
-0.0473676789609047
-0.100015296719448
0.0412280372804989
0.0154952731031168
0.0495395080025112
-0.114528943464842
0.125725873974976
-0.0527331928018422
-0.139980158000151
-0.0182526438636872
-0.0182209278856756
-0.129216085751654
0.0160956097331392
-0.0444481213519926
-0.0146147262919073
0.00658905086532997
0.0219240528183928
-0.0208228187478101
-0.158612426123848
-0.0989803609506003
-0.0633362334354036
0.00422296893175236
-0.000119681575717826
-0.0924438413012737
-0.0796175351962488
-0.124686277750494
-0.0281713751363737
-0.0501486551950363
-0.135685123231841
-0.0160687181739977
-0.0188141387118962
-0.0239482780346324
-0.0128568508767572
-0.0413310921163452
0.0371473537780303
-0.0879778497103374
0.0650239450344277
0.0075117591730253
0.00874732368765892
0.00961310017224626
-0.0317395952935522
0.0384364417677251
-0.0278915522695057
-0.118988617107291
0.210871072804118
0.018568259620934
0.0556655258141684
0.0891328274162982
0.0452731144648024
0.179375370052438
0.00291999914429195
-0.0484678512263698
-0.132121288088781
0.0352060192636569
-0.134577302982219
0.012722701775339
0.0921753077485702
0.0113323961209073
-0.0550246906884348
-0.00326911146529411
0.0690742016504102
0.0336364993627716
0.133265161836659
-0.031840886275505
-0.0570867100904344
0.126727798336343
0.0987637923929204
-0.025103445556646
0.025082813228001
0.0238205639219736
0.114198922809941
0.0742155171542689
0.0916066912068282
0.127141145707182
-0.105601069487483
0.0182045240349431
0.117395548613107
0.117324420551535
0.0551074804209905
0.0830410928426057
0.139306075123713
0.0870204587679784
0.132956057697289
0.124288337655423
0.0956149793190463
0.130221991843626
0.0532906455484751
0.17446055290978
-0.0219185880744117
0.0255259823464705
-0.0613086147741471
0.0800497507391603
0.0396631641478738
0.138085622454508
0.13523606055424
0.0817522114930732
0.134752715023437
0.0257422031314767
0.176793808833881
-0.0357967429060707
0.172204611867947
0.102036076410563
0.138470873807193
0.0611812986197496
0.0943366352775611
0.137998042708321
0.196825539967135
0.232207077506531
0.182461514213849
0.221578297114868
0.153996971913821
0.150657696317245
0.28238849900346
0.019971704803702
0.118752835555339
0.207217808240359
0.254511786863916
0.274956350627371
0.0203695704772703
0.112237155697497
0.246204443207591
0.211468634379912
0.196588483926155
0.064870913152543
0.0449346912498591
0.188696435836006
0.282638857643823
0.0944328127647252
0.205683156607291
0.129646487253409
0.195419105380723
0.0555070041703969
0.124868920425181
0.168926399133814
0.328036791596146
0.357975248394773
0.0255373422321907
0.134314880014248
0.286063275877099
0.123024821546563
0.192317982625183
0.192136379683797
0.175291122039702
0.188957498526571
0.111495647252328
0.320253943068337
0.16017926187734
0.181326312574179
0.342176223910537
0.178413284823086
0.346091093409775
0.388769639536359
0.205539547453364
0.19166731904785
0.341117924966672
0.423905890173945
0.207049094568553
0.364577036736509
0.252914820664776
0.0813683289433908
0.205705743309034
0.293104889237236
0.131963664037771
0.265765759952201
0.338131626120444
0.373826278943891
0.271449740288545
0.255067928981662
0.177682224783467
0.306813587407179
0.221733564129869
0.180561513901117
0.203014231630081
0.337415478718249
0.267330255999825
0.434084368202982
0.296278192920394
0.338697662775843
0.189127431553804
0.289819049265316
0.276803104120185
0.289976020734295
0.217786728551026
0.205950514025556
0.208490298522295
0.27966853452766
0.327500308059633
0.364333873844239
0.244036169843205
0.248429443789153
0.26931444801302
0.30702572942435
0.408943374201096
0.296888905885359
0.331339902275122
0.404674694481852
0.318970743255143
0.315259393860472
0.294904386495486
0.284291032997841
0.415440466452058
0.353612066209617
0.215651024015158
0.351952929460482
0.471154534892766
0.434619387167306
0.248715745858627
0.333684703676238
0.220584258592926
0.337782416426852
0.313775392598179
0.443988415480518
0.217270238015987
0.375637966520863
0.248898594809246
0.318587740492781
0.24647036795326
0.334482126556468
0.345333033484124
0.390356822182523
0.408744164859195
0.381092912752345
0.379497381217164
0.444303308797235
0.288913356548959
0.485074662356858
0.342786519768523
0.351487229234585
0.458893950431856
0.431492531707244
0.294879527556191
0.393916765908721
0.341486436194604
0.360739335815819
0.409547243664035
0.497516507061699
0.378265180774424
0.366190822246477
0.515511848421804
0.378884628422304
0.425765100132359
0.45939065649602
0.305017411315457
0.336283456319622
0.367197822942351
0.494709895557194
0.483136493856341
0.448699517748386
0.476430673861757
0.483533904914743
0.547602123146356
0.405968083874355
0.392731826716443
0.515280293799379
0.36728556685417
0.533386273804918
0.513615579784629
0.459109500295912
0.575480771377996
0.361369147015566
0.360158170783839
0.234413136261989
0.458953195328297
0.346220880027152
0.420276596957085
0.480209876174589
0.577892895679232
0.469341254465815
0.403516023850045
0.442379098311782
0.532455461767817
0.483969180138437
0.540124761028085
0.483311467829294
0.492613719979865
0.558319550084883
0.632180769366519
0.404421623891393
0.5972321877921
0.495075335086134
0.521855390650025
0.532748312938947
0.459058858258805
0.52348460470051
0.538157669510994
0.524580772953376
0.578197632752442
0.427050941031116
0.523857509806768
0.518641795310222
0.401553961451793
0.524922718279948
0.439955460402292
0.580544351290734
0.563078976185388
0.6466715221984
0.554431670908345
0.568150018630037
0.42149022887391
0.490877545642441
0.361573225599392
0.515155895387163
0.618955900174989
0.513690297596509
0.702052759815058
0.421790599670194
0.447089475684511
0.53357887112451
0.629666562979347
0.43100384714861
0.521937836162128
0.518954610657546
0.504353591232702
0.565940071783073
0.58421975477772
0.599868789974675
0.6264661369604
0.585015365877107
0.597216636819966
0.632384061363136
0.607943115348595
0.540771918526783
0.606164098854876
0.605200297791754
0.463332973125922
0.735490150707134
0.569689789303793
0.492533283957457
0.570481996913925
0.507281964035675
0.541686306542046
0.623937733210318
0.765015520460952
0.516403325331622
0.560855507040096
0.515767778046691
0.534187390932863
0.553125121714521
0.520605358120415
0.673510842636313
0.56834340947797
0.705581747502767
0.571940467042038
0.566437149222857
0.725391106441484
0.506921944230753
0.602132820923399
0.496271945073361
0.509296650881509
0.54392725662139
0.511988992449029
0.636889238403007
0.758516138248522
0.722129513567023
0.694133273785997
0.652917195464527
0.610226714250935
0.582681152359527
0.725958011230687
0.542485671964047
0.577367160909482
0.695311766366838
0.597421502003187
0.579487680262331
0.608947104811734
0.725896682631017
0.845922546107815
0.644986290337081
0.659040821306019
0.681489063760639
0.731058782043231
0.571635895545405
0.712102003240533
0.56324939696676
0.684514084287718
0.585045649912768
0.66000513364345
0.654140711526999
0.669170739351547
0.857655345742701
0.503499731730424
0.680690486768452
0.714253090903787
0.784449024512475
0.821990584968188
0.620620084977661
0.714526772837617
0.675353180328511
0.826036040044767
0.714628596920712
0.852660930684698
0.759043003491879
0.696462317143167
0.667930953921873
0.81712762498545
0.722493190446298
0.826856286850864
0.706596868540659
0.726602578679936
0.601839841568699
0.642073123255146
0.75297812053584
0.785921743689337
0.73398961646707
0.810213639940823
0.701427061409463
0.726859912846218
0.786543135140162
0.673896937102973
0.753975182867954
0.650777180156854
0.794140354416217
0.772661909859665
0.668215821158098
0.668810778764505
0.712663782830119
0.642309443763521
0.673898738281628
0.666516409039694
0.65017289974415
0.786875215104088
0.739631118454732
0.741936969897662
0.746462883528849
0.65041713484664
0.641962863453854
0.699036710995594
0.901270950361646
0.862375033153202
0.733547113407206
0.752837496054446
0.998570689954386
0.801877674877718
0.733487838090038
0.672585817565961
0.741370498490635
0.850695283418625
0.82169947753153
0.766225588807696
0.893493897119587
0.791893606821399
0.700767604927253
0.710844598883664
0.81062628627914
0.642986123176468
0.876391282574355
0.593306507971851
0.860271431053129
0.769487716741679
0.950861130218234
0.965295482897639
0.924773482960211
0.894320866466817
0.763905220044534
0.881351595547314
0.749587441889859
0.832089173332318
0.770815190164926
0.808089353255007
0.867452557209017
0.818070422889729
0.699845993120299
0.965826911773876
0.846685479831586
0.866035294874882
0.838007683184858
0.908039721740005
0.880624539703175
0.929479603117451
0.912203962761261
0.786939791768035
0.88234035119862
0.923818505509915
0.868056387555405
0.864470745564017
0.962749621055268
0.935051246749024
0.786738747362044
0.900809050725027
0.871250113760394
0.887200572901987
1.04146671782872
0.853980218743757
0.830118900375996
1.03423687624455
0.960391290168348
0.933942040677453
0.955389432473095
0.963890743875491
0.976398393459063
0.834380606870644
1.0332736437193
0.872973170795637
0.885871144342793
1.00207146860618
0.900308285344753
0.963463353419005
0.882253438908997
0.787756784560035
0.997080621679704
0.888835856812278
1.30279238983804
0.89530729322233
1.03099705864512
1.04903927436563
1.0258217211245
0.893376399082805
0.945983989707743
0.852793995518957
0.882838244650441
0.831342317743304
1.03932639043515
1.18528038490391
0.97076667933891
0.979171243527754
1.02149060200486
0.960728319191941
0.908226466993682
0.986653772048633
1.05757438729974
0.982472694257151
0.986061179332286
0.973209099078921
0.959745167285659
1.05314357660421
0.864689396411756
0.979853982060964
0.925139129950582
0.906750121467464
1.02786680139128
0.759000382938179
0.86852928440367
1.05078503940241
0.983318743312994
1.10262598894041
0.945049471187714
0.93430773624727
