-1.00705511172609
-0.862712683218386
-0.888164108257994
-0.909966729209616
-0.772954907045722
-0.981683174818827
-0.987952172899678
-0.959959808243037
-0.977593899709623
-0.931393601881294
-0.852703082003301
-0.900131586936963
-0.892067071340705
-1.07384060629041
-0.927794527770259
-0.901283142143981
-1.0023650093413
-0.9295730599309
-0.877101375340823
-1.11514083803548
-0.951042771771587
-0.955898031592419
-0.801886171660778
-0.951691702737369
-0.923603095111292
-0.992001728580439
-0.900336817498925
-0.916337023623049
-0.920957382472148
-0.892386417461019
-0.962887301755168
-1.12753962338517
-1.01133944205234
-0.943438145824059
-0.967634360238871
-1.00063021862076
-0.922885325133828
-0.880748157502325
-1.08742442342578
-0.924380754662026
-0.972534062100669
-0.815785242198715
-0.881778783751627
-0.879292493257269
-0.833081190187236
-0.972244117187497
-0.952602241359262
-1.04397097613953
-0.919859710687367
-0.850968600812833
-0.916997988567095
-0.924905080458177
-1.03712307644843
-0.936356657901887
-0.682199920641264
-0.783839371623707
-1.01315192024806
-0.864970463201956
-0.902092871187361
-0.7819150999568
-0.790280628564205
-0.948960630132862
-0.690090065708074
-1.02216076284767
-1.0109225147469
-0.809154984275616
-0.764385807089704
-0.857198386043644
-0.846430793199364
-0.83745638875739
-0.815417697978133
-1.05301258075472
-0.941242028619395
-0.839273483941125
-0.884516588937254
-0.768123871598267
-1.00752636822262
-0.770397494980185
-0.782807407656061
-0.752782276528959
-0.796382126792652
-0.94141707802797
-0.753957617898515
-0.788992494945361
-0.899354958296652
-0.873855482511848
-0.672613540271765
-0.82811519709311
-0.753386936157226
-0.770473712581453
-0.96250113677232
-0.57891735253175
-0.794643159304307
-0.839716155149003
-0.73250107440959
-0.806409511546248
-0.853355721652289
-0.888243366707672
-0.883614374142888
-0.602889068309238
-0.871495410807315
-0.704915926770406
-0.716290924472217
-0.771363700314341
-0.983363746929875
-0.924102189779033
-0.794515761161699
-0.674453996361979
-0.725662007031508
-0.91529249604849
-0.606371224926496
-0.694607996268524
-0.772056626376211
-0.779755045984954
-0.809355320879672
-0.76519026334576
-0.739107033968338
-0.748604668158997
-0.812160875491304
-0.872818563227953
-0.731309058240418
-0.791975593402717
-0.782685729670966
-0.938045448881683
-0.777011786939194
-0.778836850798259
-0.754230630512199
-0.762229645318529
-0.648962518802374
-0.812134243401081
-0.758864969738936
-0.60665909235507
-0.962005190152643
-0.725250229174763
-0.737577490054295
-0.826939865234786
-0.537993455248544
-0.654949682513293
-0.820399755753615
-0.697196060700886
-0.768775332878417
-0.729800902498985
-0.7267881890751
-0.698955590719318
-0.731022237452813
-0.73855631676632
-0.494996074628148
-0.711107938017647
-0.76168973141779
-0.706632772940762
-0.664760112938846
-0.577282945799355
-0.720327459617967
-0.864748789438133
-0.614082324030774
-0.628968100601771
-0.592523244304011
-0.630308931899363
-0.797940625549678
-0.717736634837415
-0.772661027984707
-0.655210268586349
-0.56701135268148
-0.606645390587637
-0.689303439224201
-0.683953663284032
-0.707759741116389
-0.692321880611183
-0.604678406051831
-0.649029679134625
-0.52359953857911
-0.617359478953748
-0.600163554034003
-0.676787610668003
-0.647549799357121
-0.770742123200049
-0.50149810335244
-0.607782849064722
-0.700598579055351
-0.518119522522873
-0.665474869484921
-0.669529510875569
-0.607296441107936
-0.680607996580266
-0.572472426737949
-0.688840783295934
-0.738100692203663
-0.392755144914438
-0.53929157853241
-0.530571779321073
-0.634830832232078
-0.648875448361378
-0.659756798273273
-0.653762307340579
-0.551174428272415
-0.695243256412649
-0.684758109130672
-0.603341210086771
-0.620522327826494
-0.690176339390691
-0.667640022254695
-0.542609452876751
-0.607641550212344
-0.4390415681114
-0.688961600800193
-0.623430110869061
-0.558537721329487
-0.679541075767655
-0.577992218547232
-0.544408762974488
-0.46043701985027
-0.441308206513614
-0.434581918539382
-0.532718405842774
-0.565980061134878
-0.740399368732239
-0.491900927424434
-0.492675960472947
-0.45712334426767
-0.640028388222155
-0.694210036138532
-0.510074356921279
-0.632476476000141
-0.556806423262995
-0.530953559391607
-0.568019293593765
-0.537234435937443
-0.609644589854043
-0.644112041903913
-0.560975791695597
-0.39582342871493
-0.523385880541175
-0.377533008104451
-0.559637902904466
-0.515310061543344
-0.561021189295533
-0.379651264264166
-0.71788626260284
-0.66156781036944
-0.536273177493209
-0.613011357775245
-0.502035514947994
-0.509832828071044
-0.478727214040761
-0.491420064255495
-0.583745665838212
-0.38462662818458
-0.524733545129679
-0.443670148737971
-0.346548498213439
-0.589729105041823
-0.408326825107872
-0.457303990603133
-0.415304578597564
-0.618017645721135
-0.511581102621113
-0.570757160878094
-0.468768478722661
-0.631437331092388
-0.577275055355494
-0.445444854657657
-0.436026531324176
-0.547017787491992
-0.399009262359209
-0.42315883285094
-0.536306697641654
-0.536288262067954
-0.377777547682249
-0.677846453314129
-0.500182260656916
-0.516763103553343
-0.428860483386003
-0.418057851506234
-0.408178925096285
-0.386250297599071
-0.410556624615486
-0.535824062058315
-0.403993369349771
-0.516300632329249
-0.637255264944267
-0.379305414445118
-0.504250728606109
-0.440520905752889
-0.378294999126351
-0.473924181573087
-0.517438184138552
-0.460386018746994
-0.432054257120814
-0.458342656849507
-0.608411445019597
-0.393324409172358
-0.423358405136875
-0.484608178960426
-0.461471914333387
-0.492242333635244
-0.327924169766453
-0.558008357928021
-0.249016941048097
-0.375180660338798
-0.459402754873608
-0.413405780222076
-0.44651490644453
-0.546768154112853
-0.341205776961567
-0.40563869018907
-0.431836271153355
-0.313615713451256
-0.556238009799893
-0.389232656725977
-0.416843761085648
-0.380818890250362
-0.411133930268232
-0.448532747110559
-0.358101126968693
-0.351499444800899
-0.395525924733096
-0.43512566680285
-0.400178562314414
-0.387650558838247
-0.353679870191729
-0.379129458872039
-0.41538772094398
-0.30286888879654
-0.35986166817974
-0.382257573550735
-0.596035003249972
-0.340985815702392
-0.254874524383715
-0.396817923900412
-0.313051897674441
-0.408446335721891
-0.392209030562896
-0.417109590562959
-0.428200463103116
-0.458024368963277
-0.439441527418232
-0.304388894619822
-0.309611586659824
-0.41154894626569
-0.411926983362898
-0.317726878864374
-0.181504948749106
-0.542884570684439
-0.244704239016441
-0.313181586068738
-0.223315026660928
-0.128446301381439
-0.245997068031169
-0.318090834604578
-0.321146786698573
-0.349842642390395
-0.357929357551495
-0.328716904459864
-0.159697451882069
-0.404423070342126
-0.473780491871606
-0.335683250688926
-0.295461407502078
-0.350257514553852
-0.390541061029755
-0.162932516649202
-0.385270630359746
-0.359620306823371
-0.382872609795999
-0.185854506624945
-0.314962652134784
-0.27802951867521
-0.28929894096869
-0.350234415865967
-0.301000750194092
-0.138045657720424
-0.300119280042053
-0.246686114402663
-0.316158770104008
-0.3734789844215
-0.237010581147951
-0.285181350239926
-0.282618976543336
-0.221863296935101
-0.320937598574955
-0.232027424973813
-0.0760555526424239
-0.07608038456998
-0.150118427542254
-0.360037712393628
-0.219111982790718
-0.178098755448181
-0.182835608655613
-0.0594204887667311
-0.229084512135924
-0.231310459310356
-0.277372832665378
-0.213002219557583
-0.232125215708236
-0.252419363810383
-0.240890263100801
-0.216975426860005
-0.239213080120974
-0.215019050636849
-0.0849771923740011
-0.301341712186475
-0.24752122625943
-0.188117431233104
-0.224994945452511
-0.211500644094767
-0.182531713227978
-0.133833177753125
-0.413376689348308
-0.22900038513007
-0.159241148195738
-0.149671698257405
-0.16517412896484
-0.212998292230865
-0.175711521732299
-0.151017421853602
-0.135955076814448
-0.219872881706249
-0.211475007828525
-0.132601364782491
-0.224369129417374
-0.205315638416837
-0.0716048557256829
-0.109493302236854
-0.142508571531472
-0.131527604705056
-0.172990276326123
0.0467733566758581
-0.259799147950971
-0.244341246583914
-0.147259115495412
-0.11176518289573
-0.195083105895798
-0.145531198996109
0.0857143012271937
-0.0756913215834401
-0.204147382534465
-0.18401765915152
-0.146171478731521
-0.0735584083891307
-0.174508905237242
-0.151779698331858
-0.170089077755479
-0.0554729792214127
-0.0130432236341484
0.0199388274660515
-0.167772060118056
0.0131702276464978
0.0171558303989637
-0.0835974131037828
-0.160189133471497
-0.169915514247899
-0.121149803646926
-0.0513115507335619
-0.0844470383537226
0.0777262476908137
-0.137415104629755
-0.118533153188339
0.0213073677239919
-0.0185580616690074
-0.0749843469619328
-0.0637016403279347
-0.154489421099833
-0.214668008319606
-0.076792070460403
-0.163944871605116
-0.0507153524172738
-0.0768934792627724
-0.246232132571746
-0.0639751722789704
-0.175114658533188
-0.0189286810551869
-0.0244993997777921
-0.0242890402096091
-0.141904954054647
-0.0582439252814128
0.00831932850634718
-0.0923119096246245
-0.0163493112925702
0.0861571553905401
0.00776708822882735
-0.047728747141646
0.0540833672248067
-0.122371396991261
0.0268783867777931
-0.0406317410778152
0.128155741526951
-0.177828208570478
0.0276073236709667
-0.0752450603717512
-0.068158662561534
0.0169906518519407
0.0327417550421048
-0.0829165396105276
0.0386228742431186
0.0551112707323536
-0.0931687959674073
0.126344188184245
-0.0507327801124792
0.101477322490323
-0.0242792924460907
-0.0177677935510359
-0.0450370667890907
0.145427479517768
0.0367475028261311
0.0267243415432248
-0.194468354368915
-0.0350351870188869
0.0676062987249414
0.00212133254407805
-0.0505798617714152
0.0717522010676653
0.073476483983585
0.0880193916144149
0.136649123149314
0.000829564073560143
0.104891499109416
-0.0310778974930473
-0.0285798054811589
0.118834249547381
0.0964908312751803
-0.0249359149503138
0.0418667987372274
0.159404738612031
0.0949364743316193
0.0631795760463424
0.153807001327482
-0.00362648624357719
-0.00356271145190974
0.00708739801713652
0.0984403299882216
0.0512164522993134
0.147116923226348
0.236738136641899
0.236314590739583
-0.095585646021981
0.211263981115398
-0.0191022414429079
-0.0121755301517504
0.115552219406698
0.188208961546428
0.00345218886125909
0.208796624907289
0.0207859854295099
0.0399049946941181
-0.0965002429711329
0.157771945157486
0.152669956285016
0.134921626055128
0.0565568802933646
0.0863259281073815
-0.0748776773882351
0.00239556553574358
0.0727810154669292
0.251042331285937
0.103205963030797
-0.00998486422321525
0.26890460516498
0.0720446160417703
0.080871604991081
0.245804291409506
0.133055088868774
0.155745606254327
-0.0442245364249408
0.0443867834207809
0.0262974292789518
0.203798216593209
0.076304882148407
0.200779037504197
0.0160288516545801
0.133808948557795
0.257470668706559
0.0664171556737125
0.101603927375066
0.20913375608988
0.227605237149733
0.119274154717742
0.135276396624476
0.133680917176516
0.109135733905668
0.17449549743249
0.24358557144129
0.195469411774192
0.0855285138387484
0.143060829421667
0.0964476612670838
0.0919006003571348
0.166986038823178
0.27619633916472
0.210953616378877
0.192433359355906
0.00750866024175589
0.218457464039475
0.197289293487257
0.166646150150474
0.144200134829507
0.0852754923951422
0.224707326804783
0.213724384765506
0.313850801803503
0.290275297704817
0.270977322322552
0.159627081907749
0.150489070488673
0.143041609408293
0.126644619920488
0.310456804742756
0.188702882120515
0.320068904785544
0.348429658042546
0.393367144717861
0.137906043909703
0.208468677210815
0.263487131888099
0.218730690920558
0.110474023106064
0.237090728141535
0.184653150415446
0.0678459206342733
0.287961844397736
0.108338152014012
0.146533652061758
0.25917909261776
0.269294984148835
0.308101433189806
0.41629899404747
0.119599895637873
0.318238809987784
0.29755677045748
0.194532581002087
0.121142088977125
0.212076667977153
0.254662275407145
0.214721884882308
0.31397002355226
0.224277344538404
0.283159753157444
0.402883525606825
0.271632655488494
0.148251120058989
0.209293201980753
0.191004706225711
0.325786314386582
0.247845579891079
0.358483889712818
0.219005493381495
0.303152062835387
0.295251885131757
0.132570102806822
0.252393007566003
0.339029431198514
0.334158440867605
0.159993633259167
0.283427442144315
0.27072219859484
0.45907505631606
0.364023511358251
0.37054018425999
0.517879952940602
0.365071726615
0.2970832291931
0.24471317326791
0.338710344649763
0.473953937047375
0.283211380140579
0.156565428535628
0.387617068646019
0.394196652489768
0.352790098726379
0.339609334085754
0.21480270353207
0.242383933927823
0.378390607390739
0.349155423797456
0.270465511907357
0.337728408682857
0.497531121837951
0.459205454069502
0.267086052381158
0.300065281978135
0.328986140282734
0.25236310820152
0.37427865135907
0.245061443466872
0.450896932050069
0.353771512713559
0.327149925143567
0.442705104522647
0.426006178100701
0.410071647770942
0.478138150806542
0.529243333689122
0.445531296633062
0.308169141005178
0.387417635444224
0.402078408625925
0.436327663417957
0.342987902278355
0.223192879640915
0.289939153598861
0.462212680144724
0.379043815894254
0.431751813517244
0.456038598620966
0.456620592329541
0.35632132903874
0.43870463281049
0.247556092633555
0.426091470195525
0.378562816176901
0.598587168867282
0.564064801752761
0.379416703492574
0.282562807906137
0.347500259611452
0.472173419698615
0.428533711022543
0.411384334198167
0.386895093210968
0.474652193100476
0.583517298818137
0.48056854736231
0.528814828933909
0.438586142703638
0.262043621238834
0.557696122570999
0.554749554036935
0.453736188696623
0.415647942323476
0.296276965428144
0.308449163683286
0.416243108051709
0.498628663666649
0.445886154319176
0.441153696611383
0.347725128289267
0.367940180288001
0.458388539967207
0.538445267349439
0.508328032061841
0.310360952097295
0.503242662224282
0.387109366650866
0.376945872297816
0.376312222875389
0.538210450156401
0.551276101291648
0.288539355515719
0.402702147270352
0.541204680118329
0.536833276929059
0.479475124883477
0.507374616174044
0.411233011589193
0.458394528812324
0.603531893560993
0.382488066349195
0.616868908910128
0.519218327775008
0.370116373304341
0.461322088777761
0.609410409513438
0.580185181864358
0.53457526913488
0.485485519520861
0.511291141934421
0.588823627387247
0.551854025427596
0.620335502055844
0.602919978082038
0.603403854830776
0.484056426191425
0.524281974516021
0.492898027005687
0.506686483424697
0.779247252618574
0.595269742099207
0.50540078692775
0.400403478535567
0.522233736216214
0.686786960073909
0.529492430292776
0.659446284205858
0.45781769695562
0.582350279540514
0.737456846423964
0.59795512154164
0.57647069775017
0.690647504742946
0.610466211819976
0.56166371100353
0.772966409321203
0.48434889404215
0.639618043074547
0.526770451102922
0.560192745764959
0.533648393064347
0.651906302411029
0.647244052703599
0.612469076062656
0.551425254547304
0.613845963700935
0.477291230548087
0.5881652218736
0.711703740485322
0.585023330216405
0.608980442594775
0.56460098419183
0.525008260797352
0.655464800331953
0.563115628763899
0.81083242702171
0.630210174956577
0.478674473283623
0.599058109592921
0.596878800129756
0.716742107181729
0.575265788903203
0.711011860074704
0.645050504973213
0.769023185687509
0.659579128664171
0.727615700833404
0.663813102544999
0.739888234829818
0.633616316952148
0.552613553777508
0.740773019230462
0.587329820283963
0.684242750231101
0.788771822828708
0.741541327411598
0.7276247853285
0.721963956357239
0.611296842029367
0.52415318547517
0.731250798224532
0.588784712093092
0.581013846566538
0.806786525418142
0.691425709759108
0.520946454100539
0.527920225402032
0.797583169541119
0.532497114731158
0.70367576251469
0.608545715159966
0.880943008661911
0.741630623880065
0.697672141660489
0.715100669589872
0.697379031496745
0.744035945519644
0.845788532691265
0.637811597096968
0.742460774566709
0.830180550622118
0.887768795611079
0.71355129621162
0.792977402677845
0.805893253205317
0.693102457183673
0.838970257926332
0.706373402179252
0.691360528679071
0.728754579948881
0.813013972984075
0.804690879945281
0.676284553418153
0.766806993687217
0.73946873000344
0.694142540837464
0.685127707306836
0.706411593862606
0.899205976963595
0.809369834858507
0.709648332954001
0.780902268035663
0.794931646665211
0.709827943702161
0.779708414874206
0.800544470192969
0.741111477344029
0.852278579120324
0.820983453305003
0.879767502378353
0.875317903483164
0.662849036085782
0.81042935371873
0.844992985452565
0.718831982697759
0.891476836738624
0.731465877212068
0.883545605522647
0.859306790016442
0.963270434920065
0.886276068932312
0.863580522074874
0.736198214137507
0.743772436289761
0.74386507080215
0.877034568116656
0.868120802204819
0.732247850847189
0.900465964776448
0.766813702495143
0.924028921772231
0.894531690160701
0.704058099694503
0.903413352516885
0.751550129459974
0.691733897825134
0.732722186280992
0.744104969837105
0.96229034265801
0.973542219001688
0.923208403406168
0.791550888296111
0.788429731394769
0.751754631909021
0.976714680507119
0.821311817863752
0.868648701220601
0.82507540423516
0.849117199722658
0.773315620188755
0.859835622236915
0.845988145719412
0.814479942024917
0.822700018889622
0.991515975255411
0.745845104301271
0.981568342217272
0.872277851620715
0.83246878470197
0.80183009403293
0.715390978057263
0.735888757067631
0.901521274580291
0.88753739596048
0.872957993337543
1.00756664507298
0.876257938177374
0.911075326958135
0.962753740467176
0.864906204968607
0.779076888742108
0.890805495262427
0.911991093866045
0.944194276649563
0.99246935356088
0.966030738158011
1.06828156656057
0.9912135448198
0.976227073127674
0.912238467245209
0.976959038223983
0.992651668707068
0.89769476214766
1.02473228743314
0.839047064411159
1.14884262761341
1.00589024574477
0.77298291369559
0.978034151864518
0.903403238436979
0.736403089575737
0.893616226544356
0.974847538400393
0.892940120756521
0.803806411672387
1.03113249530511
0.966800403725774
1.02597050414481
0.923736208588601
1.08325358018509
0.804179412160103
0.986456094905457
0.89344648233451
0.855239578949042
0.874977684385448
1.07744693824148
0.906518403387924
0.958950531737404
0.993805540922423
0.928165112322305
0.940158278065686
1.06564256059676
0.952683920397822
0.92869293310107
0.93316553556301
0.994813542742328
1.05255014379434
0.985309554123991
1.05221439806378
0.920794655931774
0.963599116695964
1.04785622178385
0.990394136437007
1.03244769037494
1.00820798842754
