-0.999738367523265
-0.864718346095963
-0.878974357801353
-0.916517209484613
-0.787478368783041
-0.980820302670624
-0.983565272388667
-0.959097283341863
-0.966567070423802
-0.924795395122561
-0.859870005097528
-0.901326936363101
-0.90618428514837
-1.06282048239623
-0.911403048131828
-0.909578972780403
-1.0112263745759
-0.913773310980421
-0.869101457066778
-1.11145253596425
-0.937860012121376
-0.945820201630594
-0.809599907530952
-0.945131842720342
-0.917618673244101
-0.983521723988586
-0.890606281294093
-0.923295073885507
-0.924656771166268
-0.904269863553517
-0.990931479527654
-1.14836036322825
-0.999545521801237
-0.942305634968028
-0.959699304094426
-1.00870466516313
-0.914334295747154
-0.888259305461459
-1.10300119639637
-0.918189768640658
-0.991218061444724
-0.83030150594928
-0.872589124579497
-0.896597390921827
-0.844495560537374
-0.983540726066867
-0.971132548086201
-1.03327284146783
-0.921767898514673
-0.861991289686416
-0.928133147329749
-0.910640734531042
-1.03923958152436
-0.925069497388117
-0.700928298334467
-0.788790693591872
-1.01716187617334
-0.846240036040559
-0.890949255540301
-0.782483503890972
-0.787734598530615
-0.94275293785947
-0.682471977491758
-0.985509195664815
-1.00958869966819
-0.787707787751952
-0.788939020568361
-0.864529434198848
-0.852730757239611
-0.848642033021995
-0.835448289361936
-1.05796597184296
-0.93456539264583
-0.815879310802506
-0.899526812885316
-0.761818362408908
-1.03061577432053
-0.757925214201145
-0.796531794589569
-0.777749921876431
-0.802166442326996
-0.946214191975118
-0.755818468590153
-0.788862211915596
-0.908653153497944
-0.886236584288385
-0.675680861852336
-0.834281629492354
-0.786969371482512
-0.783458901187031
-0.959602441300307
-0.59005104798812
-0.79488261607419
-0.83342466278459
-0.730866189813061
-0.823854347444639
-0.871953195474102
-0.881114845409723
-0.863918618669863
-0.587537081655046
-0.86782831266448
-0.711429319148228
-0.719519917618257
-0.759124886547707
-0.967047706947282
-0.903706947919701
-0.783821468262926
-0.687802081311054
-0.70583776668624
-0.900890565725132
-0.596580102136972
-0.707741171835974
-0.773665713617999
-0.777336529687195
-0.817840284048744
-0.776504396633448
-0.764600935098386
-0.770463853094616
-0.827844718129805
-0.857240355955532
-0.70966517434881
-0.800177484683138
-0.77205288791063
-0.95029271727986
-0.767653708208833
-0.795395116625538
-0.748219915810723
-0.760350111574167
-0.640061409490369
-0.817323188362523
-0.756708904186081
-0.637268956389457
-0.95882825018351
-0.728513474203171
-0.731242001063062
-0.846487599513849
-0.548595188306185
-0.648329228607989
-0.803982614683048
-0.69149146901882
-0.789640024554048
-0.729842745480238
-0.728531042272317
-0.716790739394657
-0.732382392705153
-0.735723149369918
-0.472897788968947
-0.699848702386381
-0.762987540713414
-0.704074510614543
-0.664758081785437
-0.566539912906672
-0.707081161848584
-0.872476128685629
-0.626283034695259
-0.659096729056399
-0.590083446964653
-0.634880903764316
-0.794791929544382
-0.722505655507544
-0.799250530370674
-0.633880009518246
-0.575098260508472
-0.601110880351074
-0.675740100397283
-0.686023228107384
-0.702887113818461
-0.667636984253468
-0.607911074283854
-0.649142685475857
-0.51242502952196
-0.631812398077927
-0.597307794075887
-0.670353369916685
-0.64419653989205
-0.755450186361309
-0.500536730903308
-0.606388545994106
-0.681884740513968
-0.537424674138721
-0.677627498331824
-0.670186774579084
-0.621397382286493
-0.681939268076487
-0.57315674073453
-0.699565483593571
-0.75407052377072
-0.430723542157309
-0.545173491270725
-0.549143689769767
-0.626011769349398
-0.639470966718021
-0.642586244910675
-0.614767797607873
-0.55020200448991
-0.673103126386533
-0.701016161913383
-0.592526286128909
-0.633209811433382
-0.690347270557038
-0.646074581790192
-0.552019714169162
-0.613182299487177
-0.433904040856456
-0.657449868013248
-0.630310400813134
-0.567789918106958
-0.691459337551983
-0.576769320319611
-0.543403875485018
-0.483610390894907
-0.435791031016899
-0.443623177208227
-0.538520196999271
-0.559282842377763
-0.716470732270849
-0.4962824265253
-0.508596699596295
-0.473865607309206
-0.645013557377843
-0.688687737855612
-0.49176071513725
-0.619329135160709
-0.574721883012132
-0.556122161987258
-0.558406956821771
-0.544997282698219
-0.638672342555241
-0.629712332698759
-0.566443110346587
-0.400883490501252
-0.531836686075855
-0.355842662576011
-0.558648336169627
-0.507200157627917
-0.56624675763884
-0.395133308102219
-0.714113443468546
-0.640742190612317
-0.543482458892874
-0.610299871483659
-0.530741537575061
-0.489364142637342
-0.477767844891356
-0.49019967392177
-0.576786914439809
-0.365789287355655
-0.518717239167094
-0.471328955359898
-0.356876303235398
-0.584764643170133
-0.419349564820062
-0.470421778106727
-0.418964304573572
-0.617012966066226
-0.506669936712593
-0.579869711266662
-0.452758080983222
-0.656060442252287
-0.591959339564685
-0.417316062904375
-0.434813526787552
-0.553665581225062
-0.410001492638206
-0.43025429017792
-0.53138652559019
-0.531916712420444
-0.376949956315488
-0.682917216326316
-0.496567844765633
-0.501195543804122
-0.434656928797516
-0.41701879743206
-0.423048468124982
-0.37734564769951
-0.420449604175033
-0.504312248714751
-0.417566316384879
-0.509617611129602
-0.648052127015142
-0.383082299644428
-0.490513245659269
-0.427756560305813
-0.37958353447208
-0.464320802665632
-0.527376959368516
-0.466587044905893
-0.44447307885184
-0.447459347144088
-0.596101315112656
-0.365528224229432
-0.403191118437733
-0.500603220328345
-0.46371355048298
-0.462791211736914
-0.360464476707477
-0.572212049344338
-0.240669070211939
-0.392016885049006
-0.470261835724287
-0.403391985811932
-0.442023036982443
-0.550775630847388
-0.33411541651176
-0.414531803755117
-0.43635752979334
-0.313710331459092
-0.553670582082683
-0.392593916068944
-0.401731985694762
-0.364258900089676
-0.390662451954449
-0.430700008196296
-0.358367909133254
-0.382748571852151
-0.374243866857025
-0.456858554691859
-0.384802542434307
-0.397858733875921
-0.347833688116099
-0.379115559289506
-0.402534206727765
-0.299308984452755
-0.363466780084027
-0.396328833292924
-0.571195654942144
-0.365241205175887
-0.263379587799324
-0.394211069109768
-0.310521648201115
-0.392372734256645
-0.367817945730239
-0.404079253477971
-0.4524453989621
-0.434573021763267
-0.445642037968595
-0.300817312621403
-0.312839898880644
-0.415728783193477
-0.413222919023677
-0.317832888664953
-0.184499044728048
-0.536712382923521
-0.25905844556772
-0.319053082254685
-0.22052512699411
-0.135829346115146
-0.262722735621352
-0.310084699542557
-0.329427761167942
-0.347217586247649
-0.367660863899319
-0.336408113598817
-0.157397161714007
-0.388994812827766
-0.461543355672914
-0.329244417620822
-0.287452950095632
-0.328626762337495
-0.404406226308926
-0.175576105587964
-0.391167183905983
-0.356873753746188
-0.377513960216981
-0.181887037821257
-0.308212635194469
-0.278739333054193
-0.299401743568274
-0.337558797845187
-0.280562873749724
-0.139093973233059
-0.279210746414656
-0.233870324788435
-0.304341233004551
-0.349483694456418
-0.23924110798127
-0.287126310996399
-0.293954612929771
-0.20735040622876
-0.293939914013002
-0.208937842467688
-0.0948654661127808
-0.106169045391925
-0.156537929660092
-0.317214708401889
-0.223778431693913
-0.191310551937231
-0.189966004639337
-0.0716314916484136
-0.254516726607285
-0.219947723901187
-0.267134862781201
-0.211552384627469
-0.222022668992126
-0.241694861944981
-0.249522849735104
-0.239954318343416
-0.23974761239607
-0.248207473944562
-0.0999743586833987
-0.30549158624646
-0.2659399902938
-0.190474011083457
-0.224618915853167
-0.211995191245204
-0.176173911534137
-0.13637020388022
-0.386192458483997
-0.218329482570545
-0.173997458951652
-0.14371886708514
-0.156389865061644
-0.251448686280591
-0.19152494432116
-0.138989994507577
-0.137419749732903
-0.209069755280221
-0.207047847114776
-0.128360205384824
-0.206979683972819
-0.2005453714977
-0.0920139859222513
-0.113613116267441
-0.12853697166534
-0.130289928772579
-0.167458719534947
0.0216285180228815
-0.265005325619821
-0.234679526100675
-0.138884444627253
-0.12811872463617
-0.206811496741499
-0.149291690317138
0.0718812260899472
-0.0669545180198746
-0.190676232219813
-0.216435236741805
-0.151495027452723
-0.0643301397001649
-0.161399828156262
-0.156648028375354
-0.198824290780753
-0.0311237751096829
-0.0132941719603246
0.000639527083240179
-0.165251789276447
0.0155429930754308
0.0159125803995256
-0.0779509558167321
-0.151034551464315
-0.15280573328393
-0.106163142379596
-0.0511008871383574
-0.101729698982924
0.0833834555347153
-0.128316619328853
-0.129924949095618
-0.00504569677714747
-0.00592005576131501
-0.0681392803938798
-0.0415800933872469
-0.133096615074654
-0.209993931542131
-0.0652202171330451
-0.15523040741598
-0.0545210217842004
-0.0748289686961678
-0.221932896723179
-0.0574193639879781
-0.179206996220219
-0.0151131842741541
-0.0501232397615304
-0.0245416741310946
-0.145487362629847
-0.0569268905348402
0.0183362804517567
-0.10178699122506
-0.00798094357205171
0.0817301248567942
0.00971737316645362
-0.0719085007536082
0.0193528830406908
-0.116287061262023
0.0273514507938931
-0.0300811761822022
0.139664464996258
-0.169492989760577
0.0256463024120466
-0.0511057424992225
-0.0623129543659972
0.0396972689420144
0.0227870574775618
-0.0606596240455513
0.0240239494430014
0.0471830393724492
-0.107617204363629
0.129537635212424
-0.0512058988424961
0.0871454334921468
-0.0199523945047369
-0.0083138316253535
-0.021084642632963
0.174390900840048
0.0540135204998459
0.0285470675410423
-0.219014194606799
-0.0324837730565056
0.0900219784244553
-0.0062342938777035
-0.0300525230015512
0.080000486036691
0.0650706660449429
0.0929527450631041
0.136140145733938
-0.00350186910450539
0.134755547657597
-0.0468571394975
-0.0352082856147423
0.113991371843518
0.0819891945252229
-0.0382312436121871
0.0673574646837241
0.162836205169887
0.0970887527497463
0.0617666773818353
0.159017211160206
0.0235053960902511
-0.0222781494833117
0.00894307618171327
0.0911940031245489
0.0552707450227306
0.13825074598525
0.218961446657611
0.267130787993621
-0.116438154345096
0.173991029913687
-0.0354750365212935
0.00515483302919527
0.128255550168356
0.164940832721446
0.0201179505714155
0.221514951890871
-0.00341530992315029
0.0466125937681737
-0.0750497326988555
0.144204116719008
0.162502224937814
0.137682305963458
0.0678616271897291
0.0888656715239243
-0.0482246501910907
-0.00335545403101298
0.0494345163167868
0.238858945840503
0.100552706667914
-0.0183870538117718
0.246068514713741
0.0793504842403849
0.0695712308659302
0.249778531424437
0.123438543896336
0.157553394641047
-0.0196306842071568
0.0612114913956041
0.0251050346764777
0.23843962332488
0.0792876020455349
0.206519747528524
0.0254281609638523
0.129124835253969
0.241297174641543
0.0736794089277771
0.109677064867251
0.217772099635289
0.244140051976888
0.118209205618561
0.139233033662827
0.132829192641632
0.0940231917640688
0.182806529729638
0.243507370912142
0.235635040666645
0.0794034123055297
0.13564723954424
0.0826918027797107
0.0948333813087717
0.172374266887221
0.278895761139034
0.204537504980364
0.194307930470491
0.028371094700093
0.2332763984361
0.172653928952734
0.172228192228382
0.171938969258491
0.0791578370407648
0.203440197578544
0.236369785824928
0.288872403382183
0.268231145401189
0.282384830962751
0.155280506875466
0.144113206193722
0.144897797731332
0.101682892787865
0.303522623296275
0.198789209642395
0.314573207701029
0.348264881885149
0.382214105908801
0.141622794592139
0.203179650336919
0.253857463231721
0.216925373701955
0.112014236014377
0.231657959550482
0.207995161374805
0.0712068446041045
0.29947625820477
0.1251246845499
0.164377432208716
0.259389583460395
0.263274025121104
0.320655032980964
0.414811914496107
0.119203946906905
0.324584829426268
0.295478411204245
0.200554877995524
0.118997928528948
0.214183965506483
0.250932925692486
0.245193633938241
0.341767551939843
0.214705395848836
0.306466024769124
0.390384549587434
0.277703276265798
0.118621164913975
0.196567348470524
0.203616777894425
0.300799655484573
0.277722310684652
0.34629456300088
0.228010421915461
0.28846267856909
0.292692668460789
0.140303335017027
0.271782061160613
0.315399248140202
0.357833869089663
0.145277759850193
0.299153606472484
0.262723215545632
0.468941578349009
0.355964136903243
0.370135154875378
0.528042044746063
0.355186116235778
0.314597078679995
0.219830276141829
0.352010301354724
0.443065626554682
0.283048866175627
0.17489233678412
0.396614233120887
0.39292316430992
0.351155252251311
0.326029929327915
0.214663674294958
0.255719531411508
0.397139856148308
0.333061367704903
0.262970148835406
0.316144892110547
0.485806606742305
0.469599227363571
0.265434342442874
0.267017499858918
0.302105119231561
0.26410869920813
0.364239844420275
0.247702031210345
0.440331784817872
0.357367142728129
0.349490621062142
0.435287953694796
0.42029124240477
0.405982136023165
0.465247138416906
0.514356259793485
0.421582183316338
0.305461816003141
0.35410782444639
0.386225994202803
0.422598235664967
0.320283246864688
0.236598142797191
0.296161090624637
0.42591028907622
0.37364342567739
0.438074757429492
0.442135062529518
0.450451389444288
0.360880502720318
0.467066325412713
0.267599899677734
0.433537957250451
0.376475633528359
0.603001662589234
0.555323064557171
0.385672845116318
0.275056554007279
0.370017919578413
0.448415136491483
0.417751258189493
0.392379330893507
0.411509247165515
0.48219589749502
0.591161610127053
0.473390127908202
0.530298843934484
0.455340739211924
0.258189089450935
0.534664045591658
0.544834923825717
0.49071576215579
0.434518566962139
0.283952598477011
0.310313856719627
0.395674662730063
0.501363873093143
0.457009945230651
0.431476310087773
0.336915046726528
0.355816992177219
0.459528950841524
0.558863094600474
0.514963776902535
0.326471406039596
0.48904272727445
0.383823933412002
0.373124147177323
0.376903949973502
0.549097161836483
0.560648632194426
0.282089244162338
0.395081416003994
0.517564418318234
0.550326488674112
0.483447723962314
0.518722936807907
0.432139025531709
0.469845764586242
0.612832434614476
0.379973342958775
0.650752819416454
0.495912187863883
0.374425463548895
0.442202477884584
0.61186190818131
0.595821704465054
0.524139923460277
0.50593191541026
0.494553660914388
0.60049684668651
0.549031301509818
0.650594116511041
0.59077912137506
0.584026338910969
0.493580607397875
0.50460786442396
0.516933011701732
0.493278061333445
0.77087124700042
0.595958079185357
0.482377173100987
0.409987507740842
0.537734340492244
0.663380318030228
0.515664321929975
0.66153609998099
0.484752644885727
0.589408821759868
0.719118831645425
0.609846541009899
0.590134760961832
0.688733657268724
0.623553730103778
0.556688207706717
0.760031874348525
0.512699880466896
0.610780011347211
0.54292972787477
0.576077303053311
0.552213751709326
0.657581164261986
0.647723903574906
0.589373901155096
0.546621003250601
0.608329189008058
0.489052038862884
0.590047244482615
0.720924717632134
0.59158633780888
0.608977393996611
0.578740838603951
0.517733948333661
0.666605485580566
0.573680115738353
0.799109844299038
0.613794865955942
0.487863357652359
0.608791368221462
0.584746209664197
0.70596830922282
0.57580218885564
0.717832352761696
0.645361956404492
0.773815572060404
0.656741211575556
0.712392715400193
0.66519716209522
0.724282272405921
0.648837264896718
0.560716243772225
0.757421879266643
0.60097458359267
0.701097630889617
0.773106152878856
0.752048708490557
0.728927888886482
0.697496787074738
0.645374099711555
0.519129931260918
0.737465269614339
0.585561884338272
0.591684970929198
0.799285373709707
0.682295148443694
0.544856441225514
0.532523545459659
0.808093969976979
0.524024088876528
0.700149745946617
0.60110546670024
0.847270997269931
0.758725576310882
0.696907848450079
0.722751422550556
0.697452348112842
0.757606753937798
0.84979330192346
0.648192436600233
0.742577366070888
0.842330194767011
0.874189662824227
0.709850375061495
0.796323158289448
0.812080672619666
0.682494404971095
0.820831102312306
0.710056847731952
0.664071958181235
0.730096911484245
0.803141660944739
0.781306090254517
0.682418500018972
0.768858422094261
0.705813226803106
0.686080040079425
0.676893759683245
0.700031429854965
0.892326286294567
0.820724268902672
0.718148930508552
0.772731442919181
0.784499820425626
0.717334289194246
0.783651646613443
0.807573121974546
0.757126183160675
0.859894854787947
0.802124931915438
0.858180722282612
0.86745911428458
0.675924002522718
0.819098884842401
0.826310747538597
0.705382027136554
0.882430929305614
0.720473988677555
0.899870715131352
0.869602247496291
0.959362274391727
0.870680336927554
0.847242912711784
0.725647345536308
0.734229430779308
0.751507525401176
0.873041209155486
0.863767911000917
0.738320343238273
0.875166089583123
0.740579475196266
0.938417819455074
0.892050786092395
0.701693290373984
0.904204434081051
0.770712606115145
0.667832283310708
0.735585361499728
0.757256711773245
0.972471206890588
0.969841845648341
0.922242904343784
0.807722665272939
0.78344930183089
0.753434866243756
0.968219446673028
0.82822520019052
0.880424024233903
0.808283802072513
0.826749324505247
0.781046480316576
0.864494849766513
0.864167061352063
0.817752969831571
0.823000780176472
0.9789187467538
0.726861286807336
0.993874497171358
0.874929773337888
0.833448341249152
0.804898749033882
0.721384038023383
0.741369355953208
0.895147909820608
0.869575393946113
0.880444041221496
0.986138907361092
0.887098762464682
0.901369605336348
0.947824273979005
0.864287803025705
0.774283217037438
0.901611384538829
0.905400373166255
0.938502285381107
0.983254649953321
0.999696748906782
1.08751147376608
0.98430492904198
0.949931917131966
0.880873135183937
0.964360082707134
0.997608254466205
0.892811523425971
1.01918491997145
0.839744485874594
1.15763826265626
0.993777127836674
0.762779246210838
0.977055614473778
0.90170183346037
0.757447917016437
0.888167082876182
0.968545671419373
0.900787320973915
0.801506752071622
1.01158982096519
0.966563500068339
1.00557810899705
0.95947944419552
1.09639881936922
0.796494308279384
0.991623181142885
0.88100420403796
0.881251091585814
0.875010970378118
1.07611999877311
0.910605621563615
0.961540035097343
0.996735623333283
0.900733628208131
0.962927532612188
1.06664190952463
0.975562447518081
0.936403837560438
0.939882320184452
1.00422599205144
1.06895079336113
0.996442751345891
1.04261919100138
0.909383748038163
0.969849621634715
1.05860764403421
1.0060687329817
1.05810822779872
1.01065529687
