-1.02152190486012
-0.765456597850605
-0.982214239895501
-0.852278085404989
-0.949734401871087
-0.891298064509924
-0.85835605317584
-0.926011831919988
-1.0026238459319
-0.922084372989768
-0.839192775297833
-0.882150898630129
-1.04261539622877
-0.964582513085697
-0.915569331546108
-0.994193959245959
-0.881161127486317
-1.03767005509469
-0.877991946240454
-0.919673486776313
-0.920099670074833
-1.06976633189815
-0.873998804579944
-0.798491907266632
-0.929338318052117
-0.967554868898575
-0.890699510185377
-0.985140025536612
-0.737347236369664
-0.944004621672375
-0.849497598601698
-1.06425818782498
-1.00154675588533
-0.827643282668855
-1.07562500359937
-0.871860619522357
-1.00255241822794
-0.83091348871191
-0.923484132620196
-0.962634030150081
-0.808207100985777
-0.891952075113927
-0.93000632674832
-1.05954149842026
-0.930939017885437
-1.01833934623055
-0.848970502929984
-0.934971677593744
-0.898110748816818
-0.889055812680503
-0.942431825707848
-0.806698102699639
-0.917085435341207
-0.698018160251026
-0.967798944825338
-0.762790140193557
-1.08260096040208
-0.902180048722898
-1.04623719099406
-0.870334020860507
-0.896596689825432
-0.786255763704348
-0.837028900931771
-0.856140709122385
-0.785652305730234
-0.971804758804319
-0.82851796838852
-0.882529754108884
-0.791744386411197
-0.739203798799909
-0.906158855537043
-0.80531748324623
-0.778917901836852
-0.87548509168128
-0.900314187101133
-0.893444305654892
-0.886570619705472
-0.829323622374766
-0.853271288434363
-0.971993635180026
-0.70333895196569
-0.807784711042945
-0.925051119491984
-0.928529275684286
-0.93531892884833
-0.800337240455185
-0.81613434270772
-0.986436784840139
-0.956588391407511
-0.747959250326893
-0.89487521364822
-0.82929613997806
-0.958851975244472
-0.761495295145646
-0.828239757781263
-0.971734255139528
-0.816258732053022
-0.763801612875765
-0.858997144125856
-0.771141116675657
-0.835576911450538
-0.808376016765705
-0.677490868625008
-0.779862330621118
-0.878401846275966
-0.85043985564248
-0.866057209309652
-0.800758776810103
-0.7023109973428
-0.804107391678532
-0.724934986930174
-0.78115715195859
-0.829619569001035
-0.768353060425312
-0.835113499724597
-0.725273684438723
-0.687363029575383
-0.747347165928779
-0.855120911239414
-0.764705869323727
-0.888408342401481
-0.68112395571757
-0.758026856382756
-0.750842332585247
-0.810912082168002
-0.704835354828077
-0.705715783072088
-0.725465683823919
-0.695305509378121
-0.599227336455616
-0.81049188551343
-0.900860997327449
-0.680801451511302
-0.76833498011367
-0.594825505402268
-0.707511930651261
-0.699561460181121
-0.504671593336869
-0.654650773867784
-0.61194524332466
-0.735772859494057
-0.676072515206281
-0.553464230215685
-0.657961251926328
-0.754779673727065
-0.697131214383949
-0.709868007371165
-0.566270869327743
-0.722581000461533
-0.67320436386329
-0.686436787151145
-0.869597954976733
-0.773761964279093
-0.641409215573125
-0.647286949784449
-0.673541806724482
-0.663603007741413
-0.631202207968429
-0.756098003302443
-0.6603178230274
-0.620650325283288
-0.574998433554823
-0.707629959320582
-0.65725387987001
-0.585098533233262
-0.602741770817202
-0.6534844494484
-0.439313039314612
-0.601259190593874
-0.616916179976978
-0.593778970428951
-0.567846160315787
-0.677184370439875
-0.549733168803392
-0.743232110548192
-0.630457168617531
-0.72887974641784
-0.50305177750645
-0.544130118350554
-0.693818335111313
-0.556046560721195
-0.52800406872165
-0.68786719931652
-0.508590204573731
-0.524337506442444
-0.841771914825532
-0.687748170879267
-0.525496471939792
-0.640937778609327
-0.520176149875122
-0.63338325771586
-0.602711371978077
-0.643600724776054
-0.751584242734031
-0.659221300258707
-0.712574693086692
-0.561288230768796
-0.764561801708528
-0.672955860429198
-0.655121337477156
-0.735831925673274
-0.699373345693809
-0.538627685862103
-0.510285040828719
-0.704968931557787
-0.61950035193423
-0.598905672362576
-0.595916875789207
-0.538801890294899
-0.651040262201964
-0.630178814364552
-0.496743174522036
-0.454080874529006
-0.498734748085344
-0.532919115481217
-0.533887056901166
-0.612161432165396
-0.459560092230619
-0.526164252070931
-0.488941853414166
-0.628077872947998
-0.519961045472243
-0.57601478296941
-0.517089773571093
-0.709685425575102
-0.51214523905064
-0.541710706588623
-0.548677148717871
-0.536548941765631
-0.645944576406331
-0.599804577339573
-0.571894147992391
-0.535953836241421
-0.72668707918945
-0.523386510030638
-0.496938949511662
-0.576462077184052
-0.389001648099818
-0.557832129367867
-0.654507642870014
-0.46146949732204
-0.547217141229198
-0.486544819949599
-0.587137390983349
-0.488890621474141
-0.454630693395705
-0.416282023988064
-0.642206282093291
-0.409055796841571
-0.57633862375813
-0.479326533399829
-0.55550995275221
-0.380268181695737
-0.538809674392972
-0.357610959710024
-0.366173070044604
-0.459489491349514
-0.502237371521838
-0.533861663748858
-0.385650309359515
-0.467248197500963
-0.439165689533233
-0.515126363742438
-0.413591784269974
-0.482527815042615
-0.609927990019736
-0.331918139751519
-0.476273526945773
-0.380208693037475
-0.526862953821185
-0.443798734043954
-0.324124304243419
-0.463448846436906
-0.475608156990368
-0.580794393417181
-0.447230923162766
-0.419045530418186
-0.460023828744568
-0.316807301678506
-0.416546084373385
-0.515532949439085
-0.449267677874997
-0.383608364348987
-0.366477990027219
-0.256298808027238
-0.281036735315292
-0.428704613481372
-0.391355826703534
-0.355374770843356
-0.345681864277596
-0.313431487130983
-0.430996067232524
-0.406433618155422
-0.403341964496966
-0.348097791806486
-0.448119320284908
-0.534166094314845
-0.353770146990249
-0.181442341933453
-0.435039225384718
-0.353859186610297
-0.375872501344649
-0.357636429669269
-0.476052657170867
-0.343861303227647
-0.452234036247038
-0.444439628275094
-0.528785152815747
-0.362316477476218
-0.422493674702902
-0.333073195742647
-0.439698797488214
-0.415712223553415
-0.430602258981535
-0.409405890454532
-0.35360217090707
-0.516807425352689
-0.339495368491512
-0.362776538088356
-0.373315130761293
-0.357315310287494
-0.493947442819187
-0.406575151806854
-0.228603522778301
-0.33037065669552
-0.360774944077054
-0.275537263888859
-0.361069800125339
-0.475473267134092
-0.318583166849434
-0.307166362709553
-0.284138596910618
-0.231417042230623
-0.403127802413049
-0.376010797968932
-0.32949612226066
-0.365352714079668
-0.313112264061732
-0.256741247915552
-0.332426250541364
-0.321907388307315
-0.458255785040089
-0.208360056580606
-0.171929970661414
-0.247451374383001
-0.289180896662338
-0.340569086285296
-0.187382356217208
-0.25483827520327
-0.441865586236173
-0.211178943251888
-0.274526364378177
-0.40001607389048
-0.32053185038222
-0.326128221830511
-0.258927053891802
-0.279318707471914
-0.259374136534082
-0.270729819129558
-0.42067800300959
-0.247183130324709
-0.187828499026729
-0.339916178468991
-0.296130393867486
-0.358662660915964
-0.248784203024827
-0.34250831465014
-0.406065875015378
-0.305189081604943
-0.107133537193036
-0.302911473800382
-0.192497694816191
-0.273547782846637
-0.187491798219708
-0.286770572067875
-0.298369466457169
-0.207957785761245
-0.176343716121039
-0.152114382629668
-0.261845522292706
-0.407447540546037
-0.153538990194188
-0.230689325730945
-0.238960492957998
-0.182674476492123
-0.357657355008413
-0.143812006750366
-0.086051122691224
-0.369611241269494
-0.238579437247342
-0.236919407648215
-0.112384616292843
-0.228624787912351
-0.295681202407491
-0.256895181863552
-0.399015492054517
-0.155292040066614
-0.247613002640165
-0.15625022332877
-0.226326202508164
-0.285847098904132
-0.175948149750116
-0.251945308704506
-0.257560653857135
-0.156326384795386
-0.117068646003677
-0.26059906778383
-0.116096025811137
-0.195428142247905
-0.0851054006612622
-0.140559569790583
-0.154859282425686
-0.289426910107677
-0.20146743775607
-0.284315561758281
-0.236517272222187
-0.0771738512084198
-0.14350583879651
-0.110484089086376
-0.112556653237619
-0.207753925657459
-0.0476500876589405
-0.203170089090199
-0.216054685323811
-0.102782289458186
-0.160174958719229
-0.0278947607567734
0.0528169633707597
-0.0792944090047509
-0.137645170386966
-0.131618088860203
-0.197805970554173
-0.0523457850554751
-0.101646120343362
-0.127634252582055
-0.123536119457538
-0.104515386674886
-0.0675743738488092
-0.142200535791548
-0.296239324396723
-0.210388659772002
-0.112855006487034
-0.0766786933971299
-0.0740116704507689
-0.274987031356634
-0.0336877311265677
-0.0805644727552986
0.0142380612943807
-0.200691594376045
-0.216421945868511
-0.0418199545577312
-0.0961264495623941
-0.0683830328075722
-0.124594692369333
-0.0815600724605452
-0.151640731676065
-0.0359022310936721
-0.220066668951376
-0.123225733230737
-0.124337159202919
0.0300600562460849
-0.0143696012514797
-0.163744288078991
-0.0895989339754201
-0.182241353625754
-0.120737969834352
-0.264015798569721
-0.0642403898994053
0.00212852714422958
0.0499944725722523
-0.0608281755443484
0.0676017755425336
-0.168817566941724
0.0338419235819919
-0.02083325114436
-0.158595778978121
-0.171492383975388
-0.212657123367737
-0.0186051968862532
-0.151957689277442
-0.0322309183762608
0.0283764664503228
0.0107387150290484
-0.0572123793090063
-0.150144665137294
-0.0291441354137674
0.00891993685142912
-0.156952537411838
-0.0792586229683818
-0.0684742724301686
-0.0973982031558447
-0.0121756088263822
-0.041736528278653
-0.0708416416281617
-0.0576946683873432
0.0222710791617063
-0.068306988678489
-0.0151475549740062
0.121432405819507
0.0411517313556924
0.112590094548981
0.075493600636257
0.273576260849357
-0.0701311698305567
-0.0203034206251865
0.0544706634784696
0.00293858178795928
0.0484970739878305
-0.0314841743413234
-0.0285089123486939
0.110048726065797
-0.0511331402624443
0.0643650948308275
0.0116240442861798
0.0606617881251919
0.0305404647376206
-0.0227328435702819
-0.0750053906525371
0.098291946546181
0.010114174588492
-0.0458193394939288
-0.0338277322715336
0.0658730443200646
0.00636275859669551
0.0320818275699985
0.0439391170656313
0.0170598262770584
-0.0782998565484569
0.0514629941119728
-0.0460657742451025
-0.0566465095313493
0.0931833118972319
0.0379478061717961
0.287129462207505
-0.00992783619662334
-0.00821491866184425
0.102873127247663
0.00878109183555728
0.0248216509742444
0.163330860463308
0.116138948438912
-0.0285165979708897
0.190259747053179
-0.00699045781803545
0.023695836328432
0.00859181074299314
-0.00461900059557274
-0.106412145406392
0.0145165749956132
0.00784710523446659
0.156022986730447
0.0200681986875253
0.0114899458290603
-0.00394234181283553
0.106800421038222
-0.0448206543441032
0.0707047647125677
0.102237718703171
0.124219997438372
0.152346690152675
0.0873518506889522
0.0438604565163566
0.119669255520619
0.138733327069346
0.0693022275443381
0.285527530685518
0.140822461819755
0.0998082336021888
0.217707180378806
0.178962882532041
0.252398482325171
0.138023013977679
0.253943840204254
0.258431666963964
0.150966737566677
0.209844819408351
0.126557431564517
0.0872117751121105
0.0678953799259718
0.216754534061862
0.16590014830949
0.0467493984102794
0.161790931787489
0.0483079542213989
0.0754982162974649
0.207881949167198
0.179013254786358
0.154195521861952
0.0765278667946555
0.0538121899089112
0.0995383756480412
0.182351995091672
0.189451984406895
0.0552471965951209
0.108447436913481
0.222566857527621
0.33379185689595
0.204970185074967
0.175060319655876
0.189759151507869
-0.00213120659944121
0.234410040373099
0.200795326582634
0.353504092406844
0.237669441477459
0.323556152214859
0.180847463241158
0.333495865278039
0.201418512394765
0.0663207733867833
0.236255334634241
0.275640408104855
0.138421266024121
0.224261802459494
0.14889744913877
0.255673659123266
0.178792121613489
0.40344111944186
0.382133944678207
0.0850013125212336
0.395300244236353
0.257600406137514
0.15513189183018
0.315461875783903
0.352614951989893
0.125563606071782
0.222042002708189
0.173621804489191
0.207785892568658
0.13314449514074
0.25644981260573
0.363552923190463
0.295305930616544
0.315470066117772
0.280972198260668
0.178052182699928
0.284614996392439
0.170357494405827
0.20738895249005
0.163438905195562
0.438387449591848
0.332049754791836
0.204377851505475
0.292591658102611
0.335410478405562
0.248922463382854
0.25265973721636
0.362064113284819
0.130317516860887
0.181839042967018
0.432474051768535
0.317821845686578
0.495063678531069
0.345390291552407
0.400986798352966
0.350895861751699
0.290559546319113
0.286440675437153
0.286965605585622
0.37327093644306
0.463697595036434
0.298941015153679
0.356273710134627
0.344555360943794
0.35222277344193
0.410879900023995
0.30528212363005
0.1908360806123
0.423207795786136
0.375412349249924
0.15960241653892
0.548378070184265
0.37721109065681
0.345781925068441
0.357255676176999
0.365338247413566
0.481245696051964
0.405348525574749
0.495292115269746
0.370305640495993
0.392421575013121
0.436039045876794
0.424321995359141
0.440631755082136
0.401970523390842
0.476634167076966
0.452036040605643
0.429084740178966
0.352470957763172
0.265684598792111
0.389521415483069
0.326598738435624
0.394154931159993
0.328498144527852
0.422827715024656
0.250837629918263
0.420238269676824
0.450309301191467
0.420518906885803
0.404410135326958
0.404565232247031
0.273007457286255
0.348613708207379
0.311951282789
0.471663379101793
0.501627395477997
0.479812983775507
0.429964614659598
0.556559039030584
0.453020822285125
0.441642325342271
0.491849668248142
0.536339975342163
0.513960304668511
0.418288500439795
0.481670613590839
0.343329980262597
0.352703253322376
0.43304125904179
0.448388942389206
0.553404024274236
0.416163887912822
0.440445504355633
0.417778391997244
0.415439414672535
0.456628875861897
0.417622944092542
0.448357416130351
0.553058623539588
0.574606480190631
0.479580997776638
0.45155793718851
0.439312050502276
0.515663733161239
0.369382707571132
0.492916245812961
0.343241824916087
0.539256775325593
0.526736532546579
0.478989777001124
0.397448768330612
0.535839375663013
0.386989652375182
0.635839423137993
0.699194669023203
0.729090248205097
0.39382599439122
0.376854765585181
0.574866780380505
0.445944735973819
0.438154202175927
0.548733724421951
0.362157385322345
0.403224484129943
0.493926613522966
0.422724605134118
0.476696553676665
0.354536954278267
0.49389734730827
0.573622597999282
0.489053274937325
0.369028399939653
0.525229262591714
0.594745927470999
0.437275739459602
0.431900097157292
0.400534948169128
0.566419363900696
0.48737560574138
0.55449782484521
0.561066190055164
0.537693932185236
0.420210352789733
0.4305111410911
0.653168863258
0.570518142982995
0.620874224390097
0.542047409292531
0.469152537414924
0.707344284204162
0.570637276854312
0.612980965297247
0.395456764163333
0.721318482954597
0.515450597347892
0.619021800187563
0.603648128558658
0.553306671507861
0.515299743461247
0.54914989347382
0.452935703909491
0.65079145507472
0.661670782427728
0.685020048715767
0.53563615089977
0.555407190937298
0.394208160364367
0.592578891649667
0.556846064253444
0.667548772424164
0.585121468777131
0.646355089068393
0.668231608414146
0.628522291630961
0.458146605391041
0.721380211345422
0.740804707340743
0.611257190379792
0.444619950055857
0.740787305639449
0.675262375272218
0.522375576593826
0.744266572042215
0.586286611396386
0.419144312030704
0.562661897469061
0.524530587665041
0.583029011676856
0.648384708574809
0.693304080167838
0.52262115316328
0.674213506589119
0.463190392424289
0.651905973165756
0.68541629864524
0.562698717876427
0.648987544460899
0.588623385288372
0.820474515830476
0.739315842214187
0.733175276921834
0.638809716495368
0.701519753343371
0.582884077717281
0.683415358063632
0.639143836413837
0.383517477734506
0.698242000524367
0.621224530641387
0.624900665095797
0.56407776833199
0.612152138909148
0.733724702994592
0.769113204149343
0.521227663701861
0.68759105047409
0.689876124148877
0.749463278162837
0.616135665201232
0.669733176489697
0.565321600342558
0.774304640732984
0.836939527987021
0.89769306354822
0.695526610951396
0.822404063903339
0.654789347220927
0.836802428245228
0.676575238573558
0.707925344881689
0.789973507849605
0.715423550371816
0.656804366699428
0.768951437321434
0.743803633903673
0.71971512085701
0.663795249432162
0.687789653714379
0.751122244379792
0.886944076813094
0.799402708320834
0.980015226630817
0.87378052257758
0.758235923006099
0.805718781264336
0.834555189319172
0.742636453088124
0.907645298452103
0.836622658520531
0.705474582940445
0.627236976540678
0.865413951355001
0.899461641215897
0.704145296045213
0.771932312078806
0.756628246442324
0.825338455539317
0.857448890098829
0.5663741095849
0.582693236128009
0.792097324100103
0.735721062166621
0.807921435556691
0.732831512834216
0.687683009726884
0.809617628745288
0.723625541770744
0.677921385772511
0.859929864495336
0.760330168135187
0.730159833728433
0.829403784150887
0.746820691141434
0.748500673243597
0.808999773132459
0.904597500806673
0.854906620478816
0.832378637752633
0.800882889853627
0.755324816395306
0.951957754345819
0.822784813042215
0.817809296177475
0.86643596546144
0.658567027731362
0.799981028864414
0.898948072818068
0.866068107110617
0.835876148756228
0.743765569152698
0.818161483475155
0.789685004624722
0.797351212636325
0.868324793801896
0.699120774267497
0.795540468295824
0.802081519161314
0.760519850395131
0.930590308488796
0.747910259838651
0.830784270926125
0.942085142886579
0.935501596618768
0.922822903341426
0.847877852888076
0.913009876337785
0.870219732990412
0.867855035410171
0.829961609189343
0.804932990952181
1.01136122527808
0.931790467820475
0.797216865451369
0.863689008427115
0.90953756533807
0.979795905280367
0.951213398767362
0.912978949698761
0.808624489335563
0.895437251449203
0.964437979673651
0.883866759843715
0.873183120142171
0.934868297922676
0.941723123678669
0.83631405365498
0.968193869282943
0.893143303892118
0.816277520440814
1.04164698045696
0.927379620955448
0.85126690232418
0.958965911562501
0.860721412914707
0.925562356645555
0.835693503864073
0.962243697921734
1.00169069453163
0.99575097156335
0.968940191406387
1.03969373042762
0.920822415674212
0.952363917262044
0.773275451374167
0.977805016878452
1.00129474812763
0.956990811085528
1.00327125179834
0.958203658554002
0.915888106098388
0.987397319602746
0.941870296823831
0.906380419515911
0.959596701598383
0.982941353158193
0.95285882179881
0.917793514115606
0.947036778972343
0.986207605558032
1.11382496812211
1.08977653241846
0.850469601897391
1.07703162534181
1.06197669462011
0.980053326512011
1.12291083310429
0.970640308337843
0.982287376225792
0.96936985565298
0.768347426611717
