-1.07528610198097
-1.01132537530323
-1.08460784726935
-1.041549818566
-1.11340506736867
-0.867910573235701
-0.802629428354159
-1.09952970318015
-1.01077023885133
-1.04526428827655
-1.00332555867816
-0.960828023681292
-1.09850169783563
-1.06473815374986
-1.05673335090332
-1.03052190580859
-0.839628169694767
-1.00186482099417
-0.887919448737848
-0.868375620068115
-0.942495513758525
-0.95979340439732
-0.854023204249781
-0.853658337442403
-0.880050954283049
-1.07536036895719
-0.939760941165283
-0.931661905403339
-0.715070613131625
-0.87253947375733
-0.930782065841486
-0.795567356433914
-0.88583623574902
-0.981307948308319
-0.998902981890122
-0.871612115265635
-0.881325473810582
-0.836444275091398
-0.97639551726164
-0.818421515448042
-0.844329514200767
-0.98232515813766
-0.938186362260809
-0.920990463723227
-0.905075300586552
-0.8187498281495
-0.888490371911884
-0.933598257538778
-0.870539354517563
-0.992875442544266
-0.713444335661507
-0.970488074792177
-0.884304343368595
-0.837086747450238
-0.836978722971499
-1.02837111200392
-0.911396349664037
-1.06428790532755
-1.00693685014746
-1.12654721307146
-0.928861361514452
-0.856394103069033
-0.804104522120093
-0.850746291633195
-0.985303055931721
-0.921268147572338
-0.780030133636694
-0.930464466491906
-0.874892281279946
-0.872512436969681
-0.863337006752254
-0.778147077453344
-0.725129605529652
-1.07493995474508
-0.799585171664304
-0.730381118852451
-0.763040023926155
-0.877188673138774
-0.944786831111423
-0.593136115355875
-0.714612344866072
-1.01679458975277
-0.675316411188118
-0.83376842969606
-0.891448581557343
-0.855659417379492
-0.801918449951645
-0.706078088926055
-0.858161510040972
-0.736704889170975
-0.822938696023187
-0.819452752592683
-1.0492826249722
-0.746668040567637
-0.936277992810943
-0.743843549451669
-0.747666053314217
-0.670255889438523
-0.713402618330436
-0.951514606105791
-0.702459160992554
-0.8254982573336
-0.741677810528087
-0.672151635106256
-0.749551162661744
-0.733779194608912
-0.80103280487471
-0.869261733651858
-0.721901004517491
-0.736717144711765
-0.720723759230347
-0.833439522916853
-0.776458443067519
-0.671577211907724
-0.673387152382965
-0.73695839507095
-0.889457524234624
-0.803552999987814
-0.731424457517396
-0.856749211590778
-0.742742532857985
-0.826170806711163
-0.75967899282726
-0.728506304974756
-0.803011440105973
-0.63413072332196
-0.80004120526269
-0.856238261227776
-0.737271107672008
-0.592530681913247
-0.728251802347521
-0.6750682591476
-0.778784266768519
-0.627960793403933
-0.659006322185832
-0.733875033867151
-0.632510903734176
-0.722312866811601
-0.80162577809626
-0.740765597123227
-0.874576285083004
-0.628969473894518
-0.681679689635288
-0.533964488810469
-0.670231689110028
-0.720152562817568
-0.692189858185554
-0.717862591402842
-0.788145848765952
-0.692172382276229
-0.721756587416332
-0.541522122552913
-0.709040365942019
-0.643553416985875
-0.670304497194146
-0.766896492862132
-0.713280672673906
-0.528865385059872
-0.685124146649509
-0.819843165662049
-0.730975740432986
-0.825501401679714
-0.860109257402269
-0.815459443599408
-0.641497262120412
-0.506900927027388
-0.843511515220045
-0.685715943488617
-0.730315217807119
-0.744195800639343
-0.575771245279263
-0.706886901636613
-0.565712359943052
-0.633200965229401
-0.65284240761449
-0.603429912306295
-0.562843111108432
-0.690409107528688
-0.682679814758132
-0.688821619835497
-0.574182435651022
-0.499066054347502
-0.728610577792001
-0.574505182193011
-0.673699403900576
-0.701904457238113
-0.725272923476271
-0.6098434916315
-0.684624569818689
-0.668384483375856
-0.610019989743262
-0.585297299925923
-0.694872303145765
-0.632769497784064
-0.724250727936098
-0.703841047008106
-0.609455487600575
-0.650812736642741
-0.612842768317417
-0.60330063591626
-0.642473767277187
-0.641346134083809
-0.580473911237446
-0.628774534668127
-0.510011058724111
-0.436159159305327
-0.446766829258842
-0.633140618165522
-0.620508660818129
-0.672197043727615
-0.57918598519737
-0.680063889393267
-0.548944841929584
-0.667201405896585
-0.586081331362876
-0.687019624749527
-0.50300107004002
-0.557287956760292
-0.603118616004903
-0.468826364529247
-0.566501385579799
-0.57663101262435
-0.582241093753502
-0.500991592502799
-0.659472502439186
-0.533918230306315
-0.515140939666926
-0.449895516709806
-0.392346208404501
-0.563673460556983
-0.598848038824078
-0.501711028959161
-0.71792684555984
-0.497967538490023
-0.575926205155764
-0.536445229622188
-0.396219384069675
-0.527594302271143
-0.505303316535822
-0.4903756136975
-0.525244535656098
-0.520910637454642
-0.656616034424964
-0.598151155669051
-0.537352411090984
-0.482180776261957
-0.678490402667075
-0.501881896645434
-0.591567115308833
-0.588926218045087
-0.431545303438242
-0.532910014145436
-0.417875014785165
-0.407286718978045
-0.461860456111648
-0.620250577788028
-0.535544049488087
-0.410287109578142
-0.506728460145753
-0.51160793442027
-0.526713531565919
-0.468177534222129
-0.486844308421225
-0.459776445806615
-0.628982381654646
-0.600799430622912
-0.497023111289747
-0.468443750122901
-0.450573766023156
-0.500959120965236
-0.688753211107946
-0.457223950261852
-0.467787300258722
-0.398296377366635
-0.364050813623019
-0.397325382479383
-0.554317021295832
-0.417058423753843
-0.285768937661257
-0.533677579353739
-0.314905707270976
-0.497062835765698
-0.413023921427311
-0.569064417765313
-0.474360922090161
-0.452929312854167
-0.473257645016892
-0.464417862602058
-0.564579314493238
-0.315251673092295
-0.520588522676743
-0.442605400666848
-0.276250553161866
-0.473784214569787
-0.390526525210191
-0.527572333483703
-0.365977480028102
-0.352421599180001
-0.343809071752968
-0.412843565725697
-0.449059517785456
-0.352215512787638
-0.232424937004815
-0.313604714961505
-0.428630729658669
-0.38416291964146
-0.397356892404596
-0.44397835491376
-0.486399508142709
-0.446300744069543
-0.451154979987274
-0.394200116436809
-0.301655151524917
-0.575725735789405
-0.299088640754201
-0.390922030372404
-0.450735339149186
-0.386634793544026
-0.392217390212062
-0.422706641972545
-0.373599247776638
-0.423811048222392
-0.319755914434606
-0.356375139232811
-0.353540390741975
-0.173958609127336
-0.312978084882541
-0.513545503000782
-0.41521110637875
-0.375639586074433
-0.321965864767393
-0.299084299483295
-0.420421807387842
-0.30210443173395
-0.401957781353659
-0.330907962959614
-0.224924266507837
-0.108492137129996
-0.281211850960717
-0.366431189886053
-0.242167150654518
-0.275260266879255
-0.384715646837094
-0.415864159775516
-0.298994861683817
-0.184723135294417
-0.26971930943977
-0.448575970980291
-0.313486808228416
-0.276169633395771
-0.207427125063611
-0.364361723847584
-0.2403833055057
-0.368295942985854
-0.349557862659977
-0.273911899142477
-0.36669947328505
-0.323220790410325
-0.155462015693494
-0.35895059999413
-0.238492615757726
-0.31203683173497
-0.377702097492391
-0.191734098225087
-0.224604899458517
-0.371638618192213
-0.126982416962682
-0.259001781704381
-0.215889367264005
-0.385484064320514
-0.222214519495635
-0.218819523578522
-0.232487582860276
-0.11923575876239
-0.322249141612378
-0.163040514637215
-0.318745313768271
-0.230350706006082
-0.27839782345623
-0.368191371073474
-0.276030078584151
-0.191786619950136
-0.0642469992896971
-0.29924088612946
-0.262832814105231
-0.261729241783542
-0.297936411112577
-0.235415525656409
-0.167805544766656
-0.104945602848741
-0.325228900424989
-0.153898730319248
-0.17220145280156
-0.293298011110826
-0.216666172174322
-0.249295662575266
-0.138136446259629
-0.248662298098276
-0.256331510872341
-0.215452163682844
-0.304807270291734
-0.261271143013887
-0.330219227236554
0.00322163106026158
-0.0926427011540752
-0.264007838134836
-0.129340546065994
-0.0734372730617387
-0.175827055725642
-0.221282926582194
-0.127084398555698
-0.174065941099355
-0.158561202761987
-0.0677044677955453
0.0264482522886358
-0.186940600405058
-0.125324072259548
-0.23718501003354
-0.18291823789996
-0.123976615164202
-0.227932745983639
0.0262205756288655
-0.352907978375255
-0.163457440793041
-0.344624901248199
-0.13297159419315
-0.21527294903696
-0.178316444415657
-0.0856710820218196
-0.106997296061239
-0.20488096602531
-0.0623150150543635
-0.0994824617313883
-0.158104737135991
-0.274154387038503
-0.114644279698142
-0.269789603317198
-0.184208083604893
-0.114196093689186
-0.168687228899212
-0.0649082591045249
-0.279355281739633
-0.162331103135748
-0.00995531658549946
-0.247523922321194
-0.159223014964247
-0.233480455021604
-0.0113340578936513
-0.102706920017246
0.0852818547789264
-0.0196145327234637
-0.120064376933208
-0.171916306137478
0.00326838360546162
-0.202251381581725
-0.038580742818738
-0.160711129425767
-0.105339330841022
-0.0564711639869482
-0.0535689901840687
-0.11557471944775
0.0119581470084115
-0.114890081359597
-0.183308827861516
-0.0503082167314209
-0.113434411032684
-0.0134412252185534
-0.14816224195743
-0.111743943845769
-0.128020525265971
0.0287096350528024
-0.0154593955514174
-0.0389556105351716
-0.113550802325268
-0.0892997046916523
-0.0826891441253008
-0.116752554219359
-0.0803115718091464
0.0912185273758918
0.0152822934995185
-0.0129703980422705
0.0766699475960256
-0.147006958217665
-0.136648765663874
-0.00131555899457205
-0.0764335465245706
0.0142151639095046
-0.032490696059971
0.0260537083595477
-0.107408046357902
-0.0911791301250851
0.0345458965043582
0.0222155022607708
0.0340163436479277
-0.0697193027192141
-0.104550484333455
0.00430159589398378
-0.0240678964417671
-0.0505596928205476
0.0824357046498408
-0.0138143067612241
0.058144134983214
-0.16416031887091
-0.00663125393165149
-0.0903444015488261
-0.0746959594047586
-0.117488362358208
0.0815671574714651
0.0633791075284788
-0.0152088581483822
-0.038428668239749
0.152947797823994
0.0803682339424352
0.132425858493554
0.0617649635120099
0.0147006702411394
0.0894634579656806
-0.0586148143664816
-0.12620663996497
0.0738196447309979
0.0749008183935875
-0.000318697082494426
-0.0204009644376361
0.00518016613526045
0.0448544873949816
0.0283512643866798
0.0576953375070828
0.0215607562661517
0.000543413208268441
0.00730084539353629
-0.00608204473740787
0.110841856956041
0.109157323410878
0.126926768407263
0.0274467004063716
-0.0128330368286351
0.0402457871579142
0.123048763865929
0.201606672719589
0.109449261308245
0.0927037146919391
0.0123795836847744
0.0625902676996184
0.0838391828384892
0.0900570303528327
0.0967747135503376
0.135825086013369
-0.0502190310664875
0.097741118555124
0.152943848073916
0.0560703127915465
0.197161825413624
0.201998292626433
0.082610722951091
0.0190919994666536
0.186881400007318
0.198169811893946
0.0952092419595784
0.118575427085367
0.276637932023252
0.248389783487568
0.0432467137635621
-0.00276594148433225
-0.0427115592150261
0.0976243820378551
0.079537660890688
0.104056421316856
0.13856937568964
0.0655062834739251
0.056159685714613
0.178768301983862
0.261625556828817
0.119181106532437
0.303233187637372
0.160982783395862
0.127508357038982
0.254590305368322
0.130046008083782
0.0216034076643523
0.322447364249058
0.247942067067926
0.0745799137475632
0.172169922108007
0.277469357991522
0.243386746100316
0.127431622325359
0.166624391900536
0.218518079064564
0.139940332004059
0.128188129567541
0.0859396385918025
0.334104025867056
0.257482800375872
0.0404552172594929
0.195398599446274
0.187940052772881
0.25931725345446
0.21489797359074
0.108949466913333
0.184454673047291
0.198152272623622
0.28220978443971
0.259749648907196
0.2727272237
0.178347983688714
0.259398294749451
0.135241299714304
0.178192077445774
0.263124516178788
0.217926199324632
0.287390661146226
0.248606665314671
0.226748768131302
0.158097935185989
0.222273032175591
0.185438235744543
0.242703277621052
0.0514945247645195
0.313601006621087
0.357284230024713
0.264447581445332
0.148814561563794
0.220793299799983
0.294741688801667
0.326152076472661
0.326155996682764
0.12139473766168
0.189970203231201
0.190258719842381
0.229691948667762
0.216699216846053
0.210766095102181
0.282300668016009
0.199247506396167
0.159201741230174
0.220617445391836
0.323634268867245
0.158266647282121
0.246287582989348
0.352320905400112
0.291367096282861
0.196004025735711
0.198584899342291
0.241992267466342
0.399719030935273
0.290395608961592
0.357745540658764
0.246880179548081
0.415162763907518
0.271877634262033
0.413947541054547
0.369751373557946
0.451201635217694
0.183812077336908
0.349884730200995
0.15981917102075
0.378073300110163
0.371751029655474
0.262445418772601
0.349863501101854
0.307269056969499
0.263820323133101
0.301772596193554
0.300128778184277
0.370293238566684
0.29245516370899
0.268352839111333
0.406661608660188
0.275155645495811
0.322596147590886
0.339610533730801
0.116747220724593
0.458591249907214
0.35284520984611
0.404150149079631
0.30388100709485
0.449668314816614
0.241666664645824
0.360202431796833
0.441694864820132
0.298784286067556
0.226138651198659
0.32822933817261
0.258465823810004
0.361697048338205
0.31390930487694
0.39560343150065
0.473973437611639
0.449464061739711
0.460509729388268
0.421810082271098
0.311463870969792
0.319589558406664
0.40390370796894
0.313174152621879
0.543826342549951
0.328161477793389
0.470816366677484
0.555527400538684
0.498899182986788
0.343057216145966
0.509620847779605
0.324374186672239
0.258148559813719
0.345152628385966
0.481776973383754
0.395698912488826
0.318694771472472
0.567683582750259
0.391567091119132
0.419943406579212
0.341900554008722
0.347260916143036
0.263218348666955
0.414975907522749
0.383411388020153
0.332779930904217
0.565943393819699
0.500034145065199
0.37774743070778
0.44144541524815
0.372294235866788
0.437084061230152
0.462087784861101
0.556661198646319
0.502793243803137
0.469747443384966
0.504300648858207
0.577584029261976
0.551566328365969
0.470656384383356
0.635795629283222
0.536441816674631
0.358290283965651
0.378042378820223
0.383103460914565
0.329519278336717
0.498317904329081
0.503484251408609
0.51704710840786
0.499615930573596
0.533494357951651
0.395074035294878
0.396529732472419
0.420756818727108
0.440738991510998
0.567827582755556
0.645257986791643
0.458324764482464
0.602276096621549
0.408885541732918
0.507616612311106
0.466488469732989
0.54839936861289
0.501105196365848
0.443715938686579
0.575334221691477
0.48407663820696
0.602058883111087
0.417837466139476
0.440047292757315
0.531616128757018
0.565745486693595
0.491880977469099
0.531780236482671
0.513447013583718
0.485196034295152
0.268035031549579
0.445566382931893
0.565519756775039
0.387222332870491
0.463114996925197
0.40717494765592
0.606679098641119
0.587898636846467
0.562564105404139
0.49586547352771
0.513217910599487
0.659500925017421
0.491741164075103
0.609177922919637
0.491689069672079
0.534749831769099
0.480990242010035
0.462437057181991
0.511675908250927
0.545628721089992
0.531033107079671
0.584723324699284
0.644073732774211
0.719770242913603
0.586024952731726
0.60445637963164
0.577468404943368
0.683942527606347
0.548616409207767
0.539187226921251
0.616421389620635
0.520801429617777
0.600898778968278
0.743077212450603
0.644084422408199
0.545925549243823
0.651409055460021
0.689824178024449
0.64030154715856
0.457540409230016
0.653463751609172
0.505165752600711
0.662834838972736
0.574094446274098
0.602993734266986
0.726447962589189
0.473249614491453
0.633565452932808
0.568957971510749
0.602013822726194
0.556097946293177
0.796914761977447
0.581257598716805
0.539383401195712
0.603201460104053
0.796720163385361
0.599987066767711
0.577440872069311
0.63505478768873
0.736860129275467
0.615944945607656
0.568748149734815
0.655987568453563
0.651673840775514
0.781688157046781
0.786700245150325
0.67187803386045
0.872654456458238
0.725398184961871
0.543916814151887
0.626318949623791
0.768710671703825
0.750789220376285
0.721937620849231
0.64057830567856
0.648606060204712
0.749234546817285
0.774640938984669
0.953295795269846
0.825902610441298
0.663066837479059
0.709309935297557
0.725033020755814
0.709682987950262
0.723501716887539
0.675437747518501
0.672886685694697
0.704912741467448
0.553898538611093
0.718922551385247
0.665339260232105
0.804291601733924
0.760006681249068
0.674576036605708
0.603115167268013
0.765332454690159
0.889894612454047
0.838632880175998
0.575577481735353
0.629587235250291
0.730030206728456
0.631897545588545
0.66561176944676
0.601709303118134
0.719465822920645
0.635692794639982
0.813064604441213
0.644742204105289
0.788747269347465
0.769552018745206
0.720532916589593
0.796522484309842
0.777485935475098
0.534343929101178
0.557218341555774
0.674523450476035
0.673295824246042
0.861935815279657
0.778488571890244
0.871819002448388
0.841845884775296
0.744215694528008
0.805488394752895
0.872471516335126
0.868990115391751
0.749665450179058
0.78133494455462
0.721489277435973
0.915428542521584
0.783441821911325
0.885698851545151
0.851554570604495
0.8162422962982
0.886622053068266
0.856594389866863
0.844336842563772
0.829507093552566
0.857504350113529
0.784398875384741
0.968207765942988
0.69484036150845
0.789416016840278
0.807055834290682
0.877045664076897
0.953415875219963
0.8841359232055
0.86240606224018
0.913957705249654
0.698884136198343
0.806504371342022
0.885468939969327
0.734341813642763
0.684717989570066
0.97762811234033
0.919272023555809
0.715718720973686
0.969871442319322
0.766315788147155
0.934366770406433
1.03990985048422
0.856888522976236
0.941799024767693
0.622222096937157
0.878818323715778
1.05009449768454
0.798219945889126
0.834249720800104
0.88206212119346
0.9305985291359
0.815898617983988
0.890263162446459
0.967686199442856
0.960369703222321
0.920931841226395
0.966464739537804
0.771596080860581
0.874042757857029
0.965537050494775
0.933651369867128
0.850275883184568
0.813015572380782
0.901625105321598
0.849624531280648
1.03059781695358
0.92353532001009
0.949736648488352
0.968698598298986
0.867471336041312
0.840065609947265
0.910881146428914
0.964876192182977
0.841413600491411
0.909992613535214
0.911091228406236
1.05630453452387
0.844978742027697
0.846150497823499
0.919878115652188
0.975522088860793
0.717906831103249
0.97127282866469
0.828795120360749
0.888233041182175
0.911855253415115
1.01395757466646
1.01205961937157
0.965060295339725
0.85777460352335
0.930597174040476
0.987172096324519
0.802070498471276
1.00957188995188
0.92852619595661
0.985484409840788
0.887356435496239
0.840744979177928
0.878814531590973
0.96159283212719
0.957835998293924
0.863062681619458
1.15621449070573
1.09450067161496
0.936648698292625
1.04972376961709
1.06371563508393
0.8858521597897
0.937620319291112
1.11878565999138
1.15650545504475
0.984586352569919
1.01464248902278
1.11347214979602
0.991717669163092
