-1.01321239233587
-0.885256694279595
-0.875528626239688
-0.917099688870517
-0.763621491321024
-0.986684025940578
-0.987631053543356
-0.966941296767803
-0.981916774913135
-0.926841653215328
-0.833087763674733
-0.90877650472307
-0.896495944027677
-1.08277861304687
-0.91403441407789
-0.923074538029058
-1.02342437337226
-0.919859315668914
-0.84634032729981
-1.08509509033427
-0.949647925620377
-0.964357517491417
-0.811085177061034
-0.933540534427104
-0.89007131872982
-0.987683820174935
-0.915168428716662
-0.920191421095606
-0.932885976841078
-0.899625474371383
-0.972004592330605
-1.14542851039816
-1.00284304051976
-0.939945341658374
-0.970209510351181
-0.99183796281378
-0.909092293101536
-0.878777647532884
-1.08875219448541
-0.907164224128985
-0.980844192575036
-0.820013944762915
-0.859528748092414
-0.891071645554756
-0.840640846591244
-0.98975901426147
-0.97768245204348
-1.04808434038598
-0.908822279357213
-0.838951837064712
-0.908094554618232
-0.925470795002331
-1.03610406221596
-0.937342093485035
-0.679914301759423
-0.777244433412847
-1.01533589541218
-0.832528058875319
-0.920087069510645
-0.785795988693631
-0.792900374326169
-0.969771193604642
-0.698490630375896
-0.996163722300425
-0.995786112388826
-0.788127353768178
-0.78294696828
-0.867557786683105
-0.8607576370568
-0.858329119714282
-0.805280250463651
-1.08851379512339
-0.9503892838195
-0.842430865807135
-0.886136073562315
-0.773712107534477
-1.04117075677787
-0.77365723899408
-0.810773316522856
-0.758630398636608
-0.799802137839671
-0.931689889655554
-0.752985211484266
-0.796062204484452
-0.90369640913935
-0.866023093288334
-0.660980815993126
-0.827218653404571
-0.777413082251607
-0.791712297213305
-0.95824177999407
-0.578071121134201
-0.787450910829853
-0.840243442775142
-0.696442339945219
-0.827213333804625
-0.880984473093057
-0.874301688169199
-0.881768423872292
-0.597377289363584
-0.890641581902659
-0.71830216161513
-0.718310523883727
-0.765190758107579
-0.989023403049855
-0.910868574976812
-0.807137066478595
-0.661257111186054
-0.712522002757352
-0.903072157286399
-0.594610144268528
-0.705325815741276
-0.783823960491338
-0.792943071740963
-0.806517879141937
-0.770937678593811
-0.740846239197911
-0.75091954363524
-0.820094554270138
-0.868016695297457
-0.714369002091774
-0.804953734652283
-0.779538116807172
-0.956454340466934
-0.786016576416642
-0.801573299731063
-0.743968374270957
-0.753160412780757
-0.641653245630556
-0.827600883897285
-0.75135291613952
-0.628818483920946
-0.959622510599935
-0.732248113560817
-0.713146925003182
-0.814090152105387
-0.539359521221032
-0.654325659816
-0.811558538214707
-0.702322175699972
-0.778153422868381
-0.716655692762567
-0.727596636874489
-0.709982911193512
-0.73111335647385
-0.737721540994647
-0.486368004447124
-0.699942918710402
-0.755948980047811
-0.712407039040921
-0.685430552913779
-0.550593067165397
-0.708794135105649
-0.897510402537221
-0.598740177612357
-0.649989068908914
-0.595783550273562
-0.617321897439564
-0.819203893833792
-0.739594208680442
-0.790001012824989
-0.65546009920757
-0.558926421976745
-0.603705737800366
-0.678141980560826
-0.692103511374715
-0.697702326226847
-0.668310872368792
-0.613352322859292
-0.628899237441561
-0.538468637875821
-0.637813608417126
-0.586190341705398
-0.659872512982877
-0.62632560756984
-0.741008301789866
-0.5116752721092
-0.600441249292356
-0.700801302028097
-0.524504860794874
-0.670255735690412
-0.670595667687553
-0.620204991577483
-0.670493372353982
-0.55870841008995
-0.694367348725101
-0.74682626145052
-0.410955767942225
-0.56050205653651
-0.565847805663502
-0.636056889384966
-0.64853025579616
-0.644701773877947
-0.640936037088785
-0.533180661262764
-0.6999298644407
-0.690970770677846
-0.601737674525141
-0.636186467281714
-0.689477466060161
-0.665544446089479
-0.5503709533017
-0.594649536626094
-0.430814899737241
-0.659049637617628
-0.618677382849726
-0.547448113037334
-0.677098843192703
-0.573207267763676
-0.537565820149534
-0.470878860411795
-0.414753138363811
-0.447198620775674
-0.518227699136331
-0.559946272773159
-0.729167004226833
-0.478682250609577
-0.495076076232413
-0.460848990676054
-0.657090649568965
-0.700628391108322
-0.504895199624923
-0.612421634413857
-0.571909741911751
-0.521740900178934
-0.554415382332635
-0.548792515185557
-0.637709378250939
-0.644537532751249
-0.553994730574587
-0.405625684134166
-0.51126621539724
-0.370213005282687
-0.576117851011372
-0.5172976047948
-0.561717307828454
-0.404459513270123
-0.708307991339038
-0.670728151631995
-0.531985578418394
-0.605055917458284
-0.534831763243627
-0.51807238844624
-0.477871217474148
-0.48835743793727
-0.573523329110055
-0.374945960003832
-0.512066260383553
-0.448114062888207
-0.339987436752512
-0.585924362709198
-0.412776641317525
-0.48069014679799
-0.420195366501992
-0.603197662252512
-0.518746865437989
-0.559219091490675
-0.459450800961304
-0.652087419529484
-0.569803662935818
-0.416520291658085
-0.433867594928667
-0.557680280988447
-0.41634184425703
-0.427556001976844
-0.517833934792508
-0.534732585609548
-0.376007581618513
-0.648147776098244
-0.514129185939764
-0.502259424141897
-0.42242941139078
-0.445140181312835
-0.435422631771844
-0.390403450537062
-0.409452480906136
-0.511256685212689
-0.406744253598981
-0.536910491177279
-0.638946899702518
-0.411212720185289
-0.492700741464092
-0.431585503174574
-0.38270187005811
-0.476676199723751
-0.523265595608793
-0.462798039310044
-0.439906588878446
-0.449285312169069
-0.588298325368992
-0.382663546190276
-0.403523176694315
-0.476320949678377
-0.472791873270971
-0.466964074867573
-0.308993671343386
-0.562486315773094
-0.277211204772148
-0.372636206988804
-0.476246987060664
-0.435154125944932
-0.445701038659363
-0.551730158699831
-0.329552641431672
-0.433943524297589
-0.431493084003261
-0.302584850236733
-0.552259113175633
-0.400721977727973
-0.412604360711352
-0.366507588285743
-0.391662445327626
-0.45026666957025
-0.365140542109847
-0.363644760607517
-0.385784956747592
-0.420682630785233
-0.396541430453895
-0.39822928933427
-0.348152972561908
-0.362629864371208
-0.412672686184949
-0.317621739433161
-0.351649245321908
-0.367832980629304
-0.595978272898399
-0.361758315614631
-0.267124929079612
-0.378029002880632
-0.323052080519908
-0.387130167982031
-0.390509775310922
-0.403452790520514
-0.430852385020212
-0.440634996288676
-0.436853194562267
-0.312737581051976
-0.321755875110088
-0.399834366662516
-0.39387350330738
-0.325741733266766
-0.17566608082749
-0.528691647309474
-0.257482485117388
-0.311702355304822
-0.220990186501825
-0.148179048950323
-0.267166643541982
-0.303877360117747
-0.335075053599226
-0.365514168229856
-0.361749643661077
-0.332595414214207
-0.168985281668396
-0.400370780631636
-0.465763008023933
-0.330881264346684
-0.299152283482866
-0.337690824759335
-0.381992356679461
-0.155383463985451
-0.375597239057695
-0.365288925657498
-0.369228928927346
-0.180313501648467
-0.292256762019605
-0.270813940887753
-0.289008607614317
-0.352784449140583
-0.289030509816182
-0.133911256849243
-0.305621483408395
-0.236829400760129
-0.319190845139724
-0.377610374037531
-0.257387130854356
-0.288989693794507
-0.290905175394828
-0.216076147981445
-0.317934782428554
-0.221938930504892
-0.0754213411057781
-0.0983388179005848
-0.16599796231126
-0.336254457726771
-0.214187365274424
-0.192220106574742
-0.198637335488424
-0.0597659581424585
-0.247611517677012
-0.215706874847692
-0.265975997340389
-0.209737291183742
-0.217182680599008
-0.222870792698388
-0.234394338702299
-0.219240863830683
-0.217112646735452
-0.233408845669126
-0.0841157869616963
-0.304354163230372
-0.250357546850023
-0.188415525504534
-0.231076847658391
-0.2179234664502
-0.166259499659722
-0.13515031735669
-0.414882062688481
-0.222193860294773
-0.170640224318018
-0.139222557837501
-0.157460328792523
-0.237601755442165
-0.19259767227621
-0.138038426417476
-0.120957051921633
-0.209172337826302
-0.204289884625672
-0.126784537245064
-0.231427166467819
-0.206150601334397
-0.0656877375786539
-0.108574449805646
-0.145611104306972
-0.120974969349724
-0.17178130826398
0.0446348899018545
-0.254140939555136
-0.210645944275363
-0.126573427413706
-0.109863163171653
-0.214641612693397
-0.153386557831022
0.0705921560986654
-0.0499579792078722
-0.215937411133924
-0.198291504452671
-0.141312265315024
-0.043386383109999
-0.175632066189777
-0.173985314391623
-0.189379308591587
-0.0355631812176164
-0.00500760924771076
0.0144641400424544
-0.163213382631621
0.0125024626310138
0.0198301468177205
-0.077016901453357
-0.169786070040976
-0.172278696846317
-0.119397714310439
-0.0205288083243571
-0.0817561596698908
0.0751275902503061
-0.117485484070238
-0.141235859069446
0.0191930220713739
-0.0483670714271899
-0.0808035541392248
-0.0291822775795874
-0.13519805009011
-0.197142349947023
-0.0599760527707246
-0.175430855492811
-0.0490725843577575
-0.0681629561330462
-0.224352280017754
-0.044146122160343
-0.175929978890763
-0.0234675374886542
-0.0503740489315021
-0.030179886845088
-0.13538927752304
-0.0684933694520735
0.0217986763627865
-0.0994206231935231
-0.0229187664359147
0.0780794631821362
0.020673862084344
-0.0763393134699765
0.0264712471969169
-0.151332813345858
0.0369483129218889
-0.0377659110050199
0.116474201842723
-0.155977164762557
-0.00815671717692771
-0.0748617341888724
-0.0775634847141742
0.0101922773627413
0.0455855090083032
-0.0659661549756576
0.0340241342357641
0.069512817299557
-0.0863367946278246
0.126819742451661
-0.0399885376895107
0.111512578242055
-0.0328007944146772
-0.00945816051092535
-0.00929802990237506
0.149640850551988
0.0413193212497357
0.0320147983644373
-0.221092170084309
-0.0392500899826076
0.0761742538920411
-0.00504841212503412
-0.0520547189825298
0.0832958819048376
0.0535813941822304
0.0827195360696121
0.144296396208879
0.0088602201620463
0.137638024871644
-0.0263345934966907
-0.0159494457469549
0.147309333263649
0.0952574741064122
-0.0249701323364492
0.0330649253273353
0.13833471361344
0.104751598951943
0.053221256258067
0.161232802141349
0.0209272142298204
-0.0249282187543538
0.00673643115686162
0.0807362345324894
0.044527624586316
0.132351479725414
0.219059241192428
0.233213014673139
-0.10892766496926
0.179032146150067
-0.0456592598852373
-0.0181657341454719
0.127361260129772
0.17598825487518
0.0274877736077677
0.232560627822383
0.00997437522502601
0.0387123130286078
-0.0893597456520643
0.151096103341932
0.15214192285096
0.114602024854158
0.0625401974839292
0.101756376441572
-0.0629947372976759
-0.00529696401991724
0.0814851813326985
0.242179913308369
0.124743374175184
-0.0163403268434173
0.245805523867926
0.0806419841666277
0.0713672761378839
0.230905089638953
0.135538846806782
0.150969290613847
-0.0182486623601711
0.0216871056122809
0.0506647886370225
0.206897004382692
0.0756627276950601
0.192988676796286
0.0103299804786298
0.135985618752141
0.21355187279918
0.0676142828747441
0.0974677484323593
0.221341340695534
0.216051056833461
0.110565430125285
0.134974044623982
0.130046380699285
0.104770910436185
0.198998384053791
0.242449327723944
0.207912330676107
0.0896247632721903
0.125723871217364
0.0937254186199189
0.105162265586959
0.16104705086029
0.270806051746482
0.19608274941036
0.188784271067217
0.0241945143942935
0.219456758072627
0.183353796439352
0.162117413878953
0.185194580360265
0.0631873154071723
0.224180865207055
0.198507727267636
0.303978939492749
0.259744461611936
0.274957396233121
0.157058011023583
0.147157840366079
0.163098776194174
0.123122979748679
0.302669708334114
0.195569693443682
0.308215449144997
0.332016778183982
0.36500088511036
0.141553170545838
0.203225171307605
0.257222603239405
0.2406779099324
0.0976395285915621
0.252912641476995
0.186963415466744
0.072331383765004
0.298969495651649
0.115770447639235
0.157974167789988
0.253353735747668
0.2827321549659
0.302440564176849
0.41027552646896
0.114472679798383
0.306568855105027
0.291798217419499
0.180536123495179
0.111451525582017
0.193768658707862
0.257878225400581
0.238203502223798
0.342988911822262
0.208096375879231
0.275757915562197
0.391097517829525
0.27186554617759
0.124042366509791
0.193212068356206
0.187728927601486
0.301221455328961
0.253538392983655
0.353055118739275
0.215458415269141
0.313524165287526
0.292710801627648
0.135979406560908
0.264794088150199
0.320037669796516
0.342076202902677
0.149531067687332
0.300380549646823
0.262624991210466
0.451308018200765
0.362567220837855
0.38143563322766
0.52422377532108
0.356598583987621
0.303383057836627
0.221972879616637
0.364404463873454
0.466187916267551
0.285097832310669
0.181878987549782
0.396265355392399
0.395276139942697
0.353029504975561
0.311220764605108
0.231700100977973
0.248567176028165
0.369890497047969
0.34481698792302
0.258888607740651
0.330646421556402
0.505367262861539
0.48209916105668
0.265692212803696
0.282996501866329
0.296128590745523
0.241195211364991
0.35657552599707
0.243733134969397
0.440580284046647
0.375503818971352
0.333576485177111
0.458084341669062
0.446313389329118
0.407458691069572
0.473130838847128
0.507842439174694
0.429254374520876
0.288811572734389
0.366214247392099
0.37070250543413
0.433939490389245
0.355287963095837
0.214487519064256
0.302530439046134
0.427269521723925
0.372360402292768
0.413881193004091
0.441414970268184
0.463408503196998
0.363796150433268
0.45268291852402
0.271846045301382
0.4356488899062
0.391384385542752
0.595138519023154
0.550331660410195
0.390845379488392
0.293863935826635
0.358850816528787
0.451293762427464
0.439584845075734
0.417297963356156
0.40089598654178
0.491852614397467
0.596126859366586
0.475534250000408
0.527570664605856
0.421080341426177
0.275145426287807
0.552591635829077
0.533490486118123
0.481997080666259
0.425375562752285
0.305912055740631
0.277703395421386
0.402644642808147
0.502777689495425
0.456883073933992
0.435924020192431
0.345228402848949
0.354367584351287
0.467510886731063
0.529702472984643
0.515305673140135
0.329922685209044
0.482663730502069
0.378932655140025
0.385655351216619
0.381740387759824
0.563883340615612
0.567405943634431
0.282642865291137
0.40035378501774
0.540593242473063
0.539596353264201
0.479625768329904
0.500957406951559
0.430645249064176
0.469406990946232
0.633880736188126
0.367938085026226
0.624744258437853
0.510370351039703
0.361335877148193
0.452632034910737
0.622509566763051
0.591959857464832
0.531648051144425
0.503185368879876
0.474054749555042
0.604604485759628
0.565822975797175
0.620294890045218
0.597457308238233
0.589222732615679
0.492258667748894
0.485334945781747
0.511553387826393
0.494718801977994
0.756313867335311
0.587684154581297
0.482736174496871
0.406969373557758
0.546315755573103
0.661250790721283
0.511616595767924
0.649058041826302
0.474349953936972
0.581009396184595
0.717685922398575
0.606061864831061
0.587294738399687
0.698737959566823
0.630801257480146
0.569819386321288
0.758385082237382
0.493013358205605
0.638272546814974
0.54073552976653
0.578549638901188
0.557972769800368
0.6665731601865
0.672248503888741
0.584207811230616
0.549494787663374
0.593061080946765
0.498599102423528
0.582424412345528
0.71164250174212
0.589501814026179
0.60751154444733
0.565003264172207
0.511338982824891
0.664712971632945
0.573358041145244
0.801716398312534
0.631609372915307
0.506074674615909
0.615072608388957
0.577041361749968
0.726197469997678
0.568878753100964
0.716898574905851
0.669826405319615
0.782403481554975
0.65402722646365
0.730379458119514
0.642477714041307
0.726717351239921
0.647370504104498
0.550381633514988
0.743865444516515
0.602243439790807
0.687798624266064
0.79880390907948
0.743020672767397
0.730843715014091
0.722998000447719
0.619523491153537
0.53583746652455
0.71257390201468
0.588938830184781
0.589720062214926
0.810974267564831
0.691424629436737
0.524544856913527
0.530076793351692
0.791294444913492
0.523338250437251
0.708696287880674
0.612748506930939
0.873883297047451
0.758890642958052
0.686763817776502
0.735800707004232
0.700281074668876
0.74041071098266
0.839527168450277
0.637257210623562
0.733249940519589
0.834400482797159
0.882285108210106
0.705147084355688
0.787661342830048
0.823623890542412
0.662228564050908
0.825541439342766
0.70925359427043
0.68590157646213
0.694224414655741
0.810952737358971
0.792853705311207
0.674223633110833
0.758728571411144
0.706934513001452
0.691045463351147
0.669701101078149
0.682127877124161
0.873609028551299
0.817077364435496
0.729424301888655
0.783081784136819
0.796743613232179
0.724349266624652
0.76859926782829
0.809675320915661
0.747340572678158
0.852114274444462
0.814000101115937
0.863291585365632
0.859091360537986
0.670365769376952
0.796471314479627
0.804561927852572
0.710406261114508
0.888973887853728
0.738788191221161
0.895536448300141
0.845748771797274
0.962059235051279
0.859804253820263
0.839738681563814
0.749043060600184
0.749835072678639
0.756777476196875
0.866278043473265
0.867092851749959
0.744823073413171
0.890159275452334
0.766412918753471
0.930155509491738
0.897276121446985
0.713058873125578
0.908679484637275
0.760247924129995
0.694631031163072
0.723563942445934
0.760894606154823
0.968222745573333
0.96018413475328
0.923686562566959
0.786145163037985
0.771150965807451
0.752693399668505
0.955548317593241
0.828754210772744
0.881605557708739
0.812261722588145
0.846912643569793
0.771803972225193
0.856795032896567
0.843436490294762
0.81965651881306
0.823209631690478
0.985191445992381
0.74928096044125
0.990551558649727
0.87172529299515
0.834392485388833
0.796820382836366
0.731925325345645
0.734612414338697
0.909968579612926
0.895287242784546
0.897929461549713
0.998523003705262
0.847680290831995
0.885369524769358
0.966250756383242
0.880571890824028
0.789438741844669
0.908324018810579
0.884488181824066
0.944973882793385
0.983035950011697
0.986948856466096
1.07598206808721
0.958607287384092
0.961221702342085
0.891375769605042
0.971057299663724
0.97251745926999
0.885943043815007
1.01256866563628
0.835688218047477
1.15866566635587
0.992848775695001
0.767425425002302
0.975797946186452
0.898580960686831
0.756756085950127
0.899810132036
0.970537736598602
0.910620675276625
0.815072749488608
1.01358051871791
0.968683895121708
1.0080422114328
0.945896842879149
1.10148858058653
0.803095423910897
1.00340534509053
0.906549196664328
0.844136887961224
0.883726495837542
1.07121463106247
0.890782856235169
0.968106808665879
1.00348790765444
0.917217171985255
0.94141434483466
1.06393553616029
0.940583768001379
0.930759864022863
0.910206195346454
1.00713743531266
1.0773412307588
1.00694432014166
1.05890729247107
0.907710717540272
0.963000569087807
1.04937528844278
0.990673447739644
1.0361680950731
1.01445941971107
