-1.13669914246172
-1.11663734023503
-1.02999066686495
-1.09050954226212
-0.961618993567159
-1.19165726930842
-1.05749089564355
-0.918473309120862
-1.02979905920556
-0.852442443631692
-0.904039206821525
-1.07401990588943
-1.0036635515834
-1.13032598990852
-0.931585001553982
-1.0538917727487
-1.00649378169864
-0.841093891155348
-0.918711178205702
-0.893998918550595
-0.910318006418993
-0.894329593693294
-1.01684721851281
-1.01122751285436
-0.981171419836626
-1.03498920377908
-0.885369974867909
-0.902429893895269
-0.827865851583215
-0.895061863525297
-0.846892877506846
-0.995097483267514
-1.01653976542007
-0.798223486773439
-0.903165079317588
-0.932038459585659
-0.933527097692335
-0.99737149622406
-0.832934437880025
-0.9568918585722
-0.950812952032685
-0.913895879360579
-0.917955311245959
-1.09283811674343
-0.729959937909484
-0.98120619460377
-0.897225682843597
-0.888935140742385
-0.90265242968116
-1.02825844359562
-0.731900436517754
-0.910274793355665
-0.899684054233511
-0.900478683203287
-0.87180078320881
-0.827346937263739
-0.93298051656543
-0.723872197437228
-0.997645713637263
-0.812136566482807
-0.914441886895128
-0.804773035980427
-0.838955672812845
-0.856878806915686
-0.729783978057015
-0.86111138639506
-0.903503330748418
-0.800695069770781
-0.802897536125704
-0.778792641277083
-0.839249542810428
-0.797522195605563
-0.926218920369518
-0.803137968963985
-0.845644106184282
-0.853704349363964
-0.867659153730717
-0.729290442251543
-0.891413429417733
-0.859032822952758
-0.926941028879133
-0.926438741636764
-0.866347750935894
-0.901475151475502
-0.675487435728259
-0.936461319933039
-0.843075789691695
-0.860227279695441
-0.936914778205869
-0.810774142038081
-0.848908564603593
-0.909268456765316
-0.922942698994194
-0.660424939301616
-0.810852714794115
-0.868092359086547
-0.757786508094076
-0.818575483688074
-0.881330498214961
-0.802994310843403
-0.92655802021157
-0.802307066010471
-0.743285713112412
-0.926357543043008
-0.735934165471889
-0.855201321787009
-0.855150468549287
-0.81994920419029
-0.767937568838756
-0.76683028934685
-0.724096180311145
-0.746764431609841
-0.65236551511983
-0.803980094227206
-0.742891734606038
-0.795150714482781
-0.814955997687008
-0.700518302627892
-0.678034525713965
-0.774191357389835
-0.700136875611583
-0.925063150308904
-0.665940284364147
-0.717186480287596
-0.701736810760561
-0.873009388328319
-0.787570871844919
-0.71906478052658
-0.829517796565504
-0.782076673751641
-0.675457025146124
-0.813450870557807
-0.719646671035627
-0.624809571281542
-0.737537208434966
-0.721029292849036
-0.77057922927356
-0.847125278071389
-0.736533486594918
-0.831422953447078
-0.81938166730998
-0.628469876451103
-0.611569077606804
-0.7572900331648
-0.601230430653787
-0.671192823811667
-0.54002041527778
-0.433102699195582
-0.651782433753867
-0.674509107335469
-0.628586161685499
-0.638392213637597
-0.723458345953421
-0.511448552781742
-0.589927438699688
-0.524591264092398
-0.669112672211493
-0.442201957718763
-0.757381114408291
-0.775791536750546
-0.584432089052943
-0.597158524216969
-0.58399305389723
-0.615222992874074
-0.691170379195311
-0.690680884099462
-0.741138328186102
-0.71067243566388
-0.636353183047453
-0.631250904176721
-0.562567690347775
-0.641568487451893
-0.621218834728912
-0.606711533724239
-0.59224012366202
-0.698712869168633
-0.671470310229263
-0.653734422078573
-0.509624547651814
-0.688056848281025
-0.667758144870434
-0.513918654625441
-0.683621853310802
-0.662692454335663
-0.489864045778974
-0.512352067277315
-0.707353604124432
-0.701772713980848
-0.596543218528354
-0.650729831625447
-0.644267963652923
-0.536278806036431
-0.630548672122284
-0.709736378699686
-0.638060066643943
-0.676142748733813
-0.619553081281422
-0.817383320758437
-0.539213560936268
-0.575264101148438
-0.482243874654668
-0.657024712303455
-0.482925865498611
-0.599155635736549
-0.689546233868977
-0.546995999696278
-0.60054658214329
-0.531770916036328
-0.604659716026322
-0.512457817810847
-0.540745002632918
-0.567884883908931
-0.645282018271735
-0.39857154045911
-0.428137500978779
-0.638294322383622
-0.649234557628272
-0.726956833622183
-0.548537922594538
-0.519220870525004
-0.593057073569119
-0.427446079671453
-0.46117941112347
-0.688441278044314
-0.455470473635408
-0.720928337369564
-0.425260440058041
-0.61348066868144
-0.610443321626896
-0.517022137750381
-0.437247278518292
-0.56863483704212
-0.542237940055277
-0.663139488933751
-0.669425097796782
-0.59716767533434
-0.472699907432482
-0.471429914559804
-0.556993947098958
-0.323540334106115
-0.459938896887408
-0.603021618006451
-0.438363407926385
-0.450499365780838
-0.524343680978459
-0.543908940235905
-0.483237537353662
-0.483135994786543
-0.383191635772244
-0.511826447077082
-0.431432283999881
-0.4523748174567
-0.464462940901365
-0.617963629940595
-0.635633287650199
-0.500251631423397
-0.526101260249441
-0.449641444088623
-0.420645759860089
-0.543337630221438
-0.456216763050295
-0.557387867894241
-0.480749642582902
-0.523981882409814
-0.460021335536783
-0.318253451767548
-0.584101727782627
-0.42969203684118
-0.604069881852288
-0.601784124503844
-0.309493401317733
-0.482348292743579
-0.480893201639395
-0.421909610845144
-0.386110542512658
-0.455856544785964
-0.503395229669679
-0.381825724480678
-0.50002050312731
-0.410009903140409
-0.50369899525281
-0.40286471941299
-0.322853705108101
-0.493907704114468
-0.359207757264122
-0.482510958530475
-0.397367139808047
-0.39941218712572
-0.488914044327542
-0.357820239346758
-0.427157446486636
-0.338931215150505
-0.43345331681215
-0.417167101512371
-0.552257285726959
-0.600264924473013
-0.536614320951359
-0.387064491940892
-0.319659895733477
-0.442469056827582
-0.427406383751248
-0.465655868099355
-0.336010349998087
-0.346497082896854
-0.390742272781961
-0.349522843676529
-0.45621949134568
-0.426529564487315
-0.327116318769067
-0.32964743497746
-0.357780974972575
-0.434463815057923
-0.429961616656487
-0.384059948892805
-0.324655546334983
-0.402160660391215
-0.22355526290178
-0.322778469331933
-0.248126721880212
-0.326598681646763
-0.348932870618601
-0.258609329187601
-0.397346387386185
-0.169656884065589
-0.307305866655953
-0.37624065579971
-0.331606347146755
-0.24376277994231
-0.226218750957228
-0.331680374452673
-0.275515685320008
-0.329384017399869
-0.259011473732444
-0.342141754982422
-0.345197422152002
-0.478625889864259
-0.317788084444896
-0.203232925920519
-0.409174171415269
-0.456763719049567
-0.238427234831273
-0.431783176854061
-0.280994298226277
-0.307268616013791
-0.308054168455593
-0.354263979956539
-0.203757559374594
-0.265304428319402
-0.297475048335711
-0.430246290406371
-0.246252599195896
-0.290868837371483
-0.336953402702819
-0.405374274270778
-0.470146324914432
-0.157640057493896
-0.274412151483357
-0.270864399947899
-0.167730960438532
-0.299165528461142
-0.155236130012088
-0.279838372696073
-0.127415172540952
-0.288030973591001
-0.34559483500626
-0.30669885255249
-0.323871524179725
-0.0873854941695831
-0.24753921388038
-0.221530989138732
-0.282116182935418
-0.276331062593646
-0.274576528164973
-0.0903419506577574
-0.304326001012302
-0.139925572553815
-0.510029516575163
-0.261861442291021
-0.0959268262288889
-0.0846520356830911
-0.407914793799765
-0.266733585773099
-0.0268582681144397
-0.344507891016238
-0.22183111354845
-0.245747271706011
-0.0726483886640573
-0.241198960993679
-0.233971787930809
-0.188185071208011
-0.179182410567633
-0.159367067315616
-0.066098234398139
-0.274857351633708
-0.252151146062097
-0.246525747892464
-0.197795381735012
-0.225979763229459
-0.147985144238984
-0.219293982615839
-0.149643572753201
-0.147336253942841
-0.150766964393744
-0.199061952835147
-0.134222747119643
-0.0844749033863214
-0.202696958077222
-0.309526066953102
-0.184836292189439
-0.00612386942338408
-0.241437249029008
-0.323663981424332
-0.202928892087748
-0.0914202658613335
-0.170817953580061
-0.213042153583913
-0.125046924245644
-0.150295304265545
-0.198104575067738
-0.0695709166456763
-0.201732103630317
-0.0589361461883128
-0.248360648826398
-0.118052159038939
-0.307466969678006
-0.158547648359899
-0.110867771591686
-0.204667475012951
-0.0137191475845862
-0.119937097568002
-0.14611375985897
-0.377782543796889
-0.116167088500819
-0.0256047178069992
-0.223680830280587
-0.0206214731490995
-0.251663362899066
-0.043874275047318
-0.134968404699989
-0.26909945872402
0.0501521550345842
0.00201623167876889
-0.160411539575883
-0.0747262950784532
-0.274805040441564
-0.049070455114082
-0.11101287932735
-0.160212914576361
-0.243419490283608
-0.0955929445394543
-0.116623630190556
-0.124699610821032
0.0477699179602539
-0.019333352610533
-0.0818357909448932
-0.0896265903357505
-0.0521152156785766
-0.0278473746311069
-0.0709321481031546
-0.0728079795008077
-0.136835651172031
-0.0567292557296222
-0.146248852143224
-0.0420733706664129
-0.0835911455135512
0.0383237716403683
-0.000702690212170646
0.0553784002349755
-0.098085916521122
0.124419956890891
-0.0478055363167404
-0.147779780933569
-0.0326027113009526
-0.0223424549109536
-0.155065124641126
-0.000631167043556466
-0.0333029465747307
-0.0070117950004862
0.012965443988858
-0.0100227019096791
-0.0223617572318688
-0.14960121265581
-0.142399540100746
-0.0723871922974714
-0.0199493826092814
0.0158945163269286
-0.0960078534603642
-0.0787272666492805
-0.11544684248398
-0.0232655664457586
-0.0552847257672421
-0.135353770851617
-0.000297130483472888
-0.0134992821671489
-0.00504044292555694
-0.015783831015524
-0.0714316764485899
0.0305813024760768
-0.0859131042698328
0.0636728699286451
0.0242048343234385
0.0120168322637308
0.00410668810499611
-0.0428787548380953
0.0414403532574367
-0.0344212615138007
-0.0962177105727625
0.185284675918022
-0.00049605322104833
0.0569770973906215
0.0833045337772021
0.0453685946002492
0.183372254917952
0.00757783320884483
-0.053863487000468
-0.116460892727286
0.0539825400280514
-0.15285631109735
-0.0222044722574554
0.115521549073373
0.000725266130789508
-0.0338100487952926
0.00177955118808636
0.0727619123702667
0.0425198367973745
0.132647404454507
-0.0260960362705167
-0.0544195164899062
0.122624520623877
0.118051210992088
-0.0313201354137318
0.028275012855606
0.0199608329174829
0.115826538963627
0.0724515736709192
0.0960845197000714
0.123807136255785
-0.0865743620908441
0.0314294301571012
0.130444988546312
0.115492716491531
0.0375567760732071
0.093472655133489
0.143057191906888
0.0796958778523906
0.127447408532068
0.11687601429243
0.0899935158109993
0.109745449012302
0.0545864906488203
0.165964841040166
-0.0286397225681344
0.0474461990996772
-0.0488424966203983
0.105509718071011
0.0330259648735323
0.117760689738992
0.130845013766502
0.0921652318372243
0.150941313727089
0.0463940201483983
0.176343376766768
-0.0322480750991515
0.156932332682253
0.0758736807725345
0.148559745737247
0.0721496185545989
0.118349231381219
0.122386627309154
0.202684238487895
0.22374511692342
0.186901219668649
0.204451063222719
0.146320679149503
0.12614357913274
0.310879956667736
0.0257090760211093
0.109953395246832
0.195216345445608
0.245578002427545
0.292846781817764
0.00318413429709603
0.101142773575408
0.237663083852433
0.178903372522355
0.184282176796942
0.05391020762149
0.0711999896502842
0.189170077394046
0.281624598824857
0.0869652297573157
0.233323934517505
0.128610884518189
0.191185976693888
0.0463896297167494
0.146366631111724
0.156764685139273
0.322014048579581
0.363225881511053
0.0349270134340356
0.117417396447944
0.288843019953734
0.146085740631325
0.171234452101258
0.216758866216733
0.202347869366141
0.208718539585561
0.113400361942934
0.305940835416223
0.143460633801111
0.208364934697293
0.340636239820472
0.167513473774728
0.343331095611907
0.389743055034212
0.195162617491974
0.191957706605103
0.323845094463629
0.402032790258165
0.210184975863318
0.358675105119011
0.264420252343904
0.102635279856682
0.20271608390859
0.299636457348458
0.115643051786376
0.25108275625177
0.344370151677043
0.394720015135738
0.241567593863708
0.222258719722591
0.17366329918767
0.301201070711089
0.228729508605966
0.182741592528077
0.215840831523655
0.349053877950321
0.24264136967449
0.439006019563689
0.265754028293328
0.338987903491838
0.194573676557383
0.301239203717594
0.268965774010105
0.299813294823251
0.24196614269028
0.19805053475962
0.204646631476409
0.304305126530992
0.31833614009532
0.364761328686901
0.235240515095783
0.245796784549474
0.289857413716375
0.298523907317209
0.392865894611078
0.309777684879631
0.335528626587094
0.404785978105065
0.316538025461851
0.294987029944508
0.287057637499582
0.272372601029295
0.4139465978238
0.37428390534661
0.227078618599021
0.362032985474002
0.474072137179695
0.437506361947728
0.24831368435883
0.320613036315319
0.231480490747646
0.325726547557262
0.29439123099621
0.446592605293965
0.213317430218096
0.382500735325636
0.213660537175487
0.319534151287005
0.224251514819063
0.334149033862691
0.351396058354084
0.382878345663932
0.425592709459861
0.388969411250289
0.401483625081703
0.438366004362542
0.294971456020931
0.466413843568582
0.35110829390906
0.351538366394767
0.488161934430414
0.426891145947802
0.277745539898876
0.396140142190014
0.344555448553201
0.370052790147885
0.415601570225907
0.49359529006453
0.388821435223212
0.356986785423038
0.519447165084297
0.371867529454461
0.389449221574384
0.437049530894855
0.30311312233742
0.320869775110875
0.380827190848186
0.469037549983647
0.44945951598019
0.441753813052878
0.474105170214598
0.458599149206263
0.537886515650671
0.40398734412209
0.377886098146381
0.524862756251512
0.383296245779221
0.543225608099052
0.506172291009981
0.462932397276743
0.595178552551275
0.343712080940643
0.353789376770772
0.230667179971112
0.472422324104875
0.356788287527146
0.413106080216333
0.490544858338663
0.582129574045167
0.474837818601191
0.392636822191637
0.455782437369082
0.56106803939562
0.487055736112567
0.529215720864414
0.485649602268275
0.478209801519441
0.53408455888451
0.627516177779911
0.405296765199568
0.587141848450114
0.507738928257512
0.526193107418101
0.518045389322973
0.470003191800249
0.529545642194537
0.537637873114817
0.533162813512457
0.570038670327206
0.428829963296812
0.496893266760215
0.516013854231331
0.399461980848657
0.540286132962974
0.452250953811365
0.58383538097279
0.56749670456084
0.65037791409783
0.532444081671343
0.569015680456878
0.410090996469191
0.472511528787436
0.346670099426756
0.490355275609893
0.60296630186305
0.541823042992727
0.671750729523305
0.416093409154669
0.451031045876721
0.526290097793098
0.643304396329955
0.426806542264707
0.550522695377714
0.534686838431401
0.478643406244713
0.562130189553725
0.572634736779504
0.585073146791222
0.618219773310769
0.587067331461462
0.607969866573574
0.619885521910899
0.590965459111177
0.52727131742439
0.595437679953302
0.622458725564194
0.464155210672802
0.724257487760306
0.584075069866751
0.498187040017533
0.570763382028664
0.537450140557299
0.554720877508435
0.648801779328212
0.763098022263641
0.522923493456051
0.561718992060218
0.513796900290613
0.510538683696393
0.553930874484969
0.522758326126385
0.661317484896243
0.553799999434314
0.700926105122241
0.56518134876402
0.555172248745045
0.715923153348617
0.522900291297254
0.62959305380859
0.490608041440567
0.493790699701203
0.569816137503365
0.503778454233638
0.637661145173335
0.742661931963918
0.722132389633515
0.699046127378676
0.657857185931439
0.627863075266038
0.585403620038515
0.727624270863629
0.538099038927895
0.586853084685696
0.684625986353496
0.591233419437197
0.57605518536107
0.602021537892785
0.727526637692131
0.856552135157724
0.657548593219525
0.681799065864825
0.6684710539014
0.726358658256151
0.588098546569041
0.694219249795884
0.575129751268008
0.686284678959996
0.585071242557029
0.667666328413582
0.657860071125683
0.677727607784455
0.862497499842077
0.538193456134966
0.655995718464179
0.70363384416465
0.785353064261599
0.827687377346924
0.61650363217314
0.723436461741595
0.68689072784377
0.834758449287443
0.705230491140173
0.850778370400373
0.756425284381631
0.697637883280545
0.667225823439301
0.818368991524439
0.713090085728063
0.83679655019854
0.711607031566086
0.735015310575031
0.576758650009206
0.670202037483997
0.751903204008911
0.794498937419223
0.71268565740225
0.807207872518379
0.67049311247679
0.72388260526321
0.792614808656554
0.666026381007468
0.752842333824106
0.643128728968698
0.779666350936017
0.760572522021829
0.670766293422007
0.66598279170693
0.695938447825015
0.666774531507497
0.710083634191811
0.663849648350335
0.656508477349307
0.7924039142077
0.73953621784964
0.766732565960983
0.761057374554118
0.649188054141732
0.634473513779427
0.712870419226079
0.875490673908553
0.857445275461184
0.738398437759598
0.756079097547338
1.02563772324601
0.792246276202691
0.752671956893557
0.679640253882481
0.733196528053466
0.857769570405082
0.833028315072495
0.76632729424466
0.89915616435616
0.779509436770374
0.731372390499709
0.733030235271348
0.810731995425417
0.636678146420613
0.871039133110583
0.620134895993342
0.862231579272353
0.788614333898613
0.965588076963441
0.949022533321125
0.930663308841582
0.910666775401366
0.776377068971162
0.877165758098693
0.727606869060007
0.848827986030834
0.767625249060822
0.815461725639287
0.856647435169676
0.82151095102658
0.69699600417172
0.964318985322465
0.873943451976857
0.883525186753658
0.844253436929134
0.902775558082803
0.873475066717797
0.903181841183139
0.931947901070774
0.781728527035195
0.90618612033105
0.918419038904236
0.860919074773838
0.859504454319198
0.958252067486048
0.941066868410386
0.79864107289971
0.892533449741894
0.856515698994467
0.88352330690604
1.04976267274509
0.834468988102474
0.81303615787421
1.0330519453136
0.928151168523642
0.918966194344737
0.940725346579969
0.969964602897624
0.989393126656314
0.860863920290468
1.02273175995743
0.878986313783016
0.862350524807601
1.0070783917287
0.878936406380179
0.960376976640881
0.901937345100061
0.800084601855298
1.01820897652508
0.901451121957346
1.30720239908364
0.887139825218261
1.01155860420185
1.07589422310046
1.00073041952374
0.893582094039012
0.948738253528117
0.862476943811284
0.858231700477503
0.8544503175615
1.04223706786725
1.17848542007174
0.981261867380203
0.989617177169062
1.02773754027443
0.944733103824542
0.892876824845119
0.982709280396935
1.06024533601466
1.02151717030606
1.00485569168484
0.97781074504468
0.941706383955198
1.04725855703172
0.89211967780138
0.983929687086699
0.925923129534291
0.894758863437998
1.01545393580321
0.760465243191513
0.885151687554606
1.06237285361254
0.975533841908672
1.11647558697359
0.941478484948754
0.935862204711414
