-1.04735639135327
-0.994545332934418
-0.885694153666308
-0.942079194804411
-1.07942020424634
-0.87841250227116
-0.904642712427843
-1.07582139147439
-1.0492767770878
-0.900342961160503
-0.819112057132177
-1.11756869598977
-1.02372699130353
-1.04094410641999
-0.87632210717524
-0.95983184862898
-1.16997757953448
-0.966462823155461
-0.943425605545811
-0.800716162811496
-1.02415017096876
-0.865010862352865
-0.935919288050937
-0.99708815159419
-1.04233900489607
-1.12402964001487
-0.952733966305657
-1.11347709152246
-0.928036873326227
-0.859549212137238
-0.982089217346722
-1.05011748337323
-1.02849459752297
-0.873268574856125
-0.935620586298243
-0.995092037536666
-1.08861638574497
-0.892384819381055
-0.920468471349375
-0.926661767080862
-0.908121691529631
-0.880038783218832
-0.835793307855438
-0.845373624978625
-0.924132050018362
-0.940271959508969
-0.979850268033691
-0.911366148144417
-1.02664009210259
-1.03484662654799
-0.990579907694848
-0.864435229667074
-0.926132871642791
-0.862169708240908
-0.903959555233635
-0.88725159265612
-0.862456176788654
-0.992139771596147
-0.774106689033711
-0.926152393026285
-1.06330582878537
-1.00528826085412
-0.718109782349882
-0.836840152300635
-0.762868751868407
-0.796951814411182
-0.762469996569494
-0.763493891118832
-0.84612523502205
-0.928560148148793
-0.929135523225244
-0.886985157364857
-0.854421704859079
-0.860842404406517
-0.877770999239123
-1.01836853716822
-0.755688057317146
-0.821612408125709
-0.988845900628834
-0.719541650484038
-0.875711299679516
-0.793960537546217
-0.75925837851091
-0.781040915141844
-0.861204087923649
-0.853204667435964
-0.821852420655594
-0.830211622773949
-0.840342585072759
-0.815204545742757
-0.873263018963011
-0.876290566610866
-0.758829527176617
-0.732715595563662
-0.756347109091061
-0.829172723102481
-0.844782985317622
-0.751874125066877
-0.794803464625298
-0.861321489688552
-0.953731597320741
-0.73391540864996
-0.841810646789356
-0.913256725601646
-0.787557714813451
-0.834201947335505
-0.81479733178614
-0.762244147848114
-0.799378565158696
-0.912473443936205
-0.741742611991736
-0.723998468453095
-0.78071632805389
-0.764840741150912
-0.759399152961985
-0.691543771505657
-0.690489125863498
-0.822891573935438
-0.859943598841161
-0.804131565203316
-0.727896320058516
-0.665208738410555
-0.780175981327957
-0.691053001447693
-0.725022711707571
-0.583106773523904
-0.594983490119893
-0.77168256850718
-0.755066508004553
-0.787112437187247
-0.695057770722789
-0.701989982194801
-0.80693893131793
-0.738874178407883
-0.63406773994599
-0.803789763205913
-0.809362978904842
-0.827088876304351
-0.732193234656373
-0.669527514264067
-0.735993824171411
-0.857291317612988
-0.759759296356439
-0.816875419208477
-0.757219521985052
-0.778224200291158
-0.689702516900435
-0.660600560968849
-0.513037989157241
-0.725976973258575
-0.6941296276208
-0.702189804852599
-0.700593289241746
-0.632981834947449
-0.625922388654482
-0.614105376054394
-0.742960879392903
-0.734039012964668
-0.677764016572871
-0.762777442690181
-0.862739567556328
-0.529518373893527
-0.709585777156804
-0.736682012878085
-0.694916479959175
-0.637893399543181
-0.724540081506963
-0.650260328932531
-0.697332803722261
-0.674952516138235
-0.683943290088015
-0.589609937156472
-0.608013391154774
-0.631267883331685
-0.691903547063282
-0.548690876955081
-0.872405299223907
-0.709861280854325
-0.727708910151486
-0.653126927124788
-0.666420473694409
-0.632917183220365
-0.635566948478603
-0.686429401730816
-0.524438956036852
-0.707724536097908
-0.555557821349157
-0.473275958161465
-0.615156568024534
-0.580092712435813
-0.574031161674728
-0.648220600901424
-0.622785195127892
-0.637732086325628
-0.633502770906559
-0.687834191169315
-0.67984475505786
-0.63826819216964
-0.579403106869272
-0.56048697647888
-0.676053340588899
-0.618987943115526
-0.703482028374167
-0.552102165356638
-0.583621232010842
-0.635201393697654
-0.53896965067171
-0.65375750229693
-0.742673567282611
-0.734728687292046
-0.641346991673405
-0.660287304238109
-0.677713724482927
-0.464517118471681
-0.47457575297745
-0.656676557498736
-0.443743354580464
-0.592649405760751
-0.445078937604785
-0.701777849969077
-0.644360019726581
-0.552208146909866
-0.593399472182865
-0.466307911902913
-0.484744722445228
-0.616008089372438
-0.584648198767265
-0.476842351477863
-0.349926524339788
-0.559617636220916
-0.426653825976325
-0.515921660429586
-0.663384918826528
-0.422865473455046
-0.434400098310969
-0.562666633298285
-0.342509286869187
-0.741175105134355
-0.562466007767913
-0.620320758308374
-0.556208067934099
-0.502056629041455
-0.575262856937472
-0.378089876778011
-0.537387975090549
-0.513172139267831
-0.581691040181134
-0.468458523127013
-0.666864003192715
-0.659531558429431
-0.50939546851079
-0.500540880001446
-0.626039141055747
-0.439953216613663
-0.467547911533643
-0.537132399634092
-0.638369527186171
-0.432868457739324
-0.474617695387005
-0.471490640071967
-0.554525933788053
-0.454831040129905
-0.278565107109662
-0.660068831588856
-0.460256991641431
-0.572109506379355
-0.388980627555233
-0.512957838397911
-0.465750315243068
-0.543454654051602
-0.462083508229544
-0.303144427968686
-0.598425200130807
-0.556979675811883
-0.460844633057061
-0.557166811002986
-0.420716638325463
-0.548503908095591
-0.490190794120585
-0.473406833727332
-0.609701126754669
-0.544388411820808
-0.359341043895066
-0.484721358009841
-0.385018998580648
-0.422515204332518
-0.299129714104735
-0.622851308101707
-0.52216413148654
-0.400709216637183
-0.399826082228136
-0.500894190860823
-0.20730357574935
-0.340928028910274
-0.244868543115099
-0.438975540072684
-0.396880660888997
-0.474590093241728
-0.501369297016053
-0.338442890349975
-0.485230551886434
-0.256860765163457
-0.332828687992719
-0.437504014936894
-0.473662058219442
-0.36394291305911
-0.246864575786831
-0.374378020376715
-0.446095790964756
-0.459392893996154
-0.430957839952231
-0.351544240159503
-0.30878998787983
-0.407731399177282
-0.47232172494804
-0.304030810292514
-0.372419058460762
-0.353407293313864
-0.457311934022264
-0.327177723594773
-0.331019112512802
-0.435285341353309
-0.387746194598325
-0.464947278249119
-0.298026142778175
-0.295323753895638
-0.372138087870795
-0.491702966407802
-0.34554214428184
-0.158511812105826
-0.327112772007045
-0.219680689967072
-0.431252147946262
-0.276789168785324
-0.0373640137591478
-0.345668007568848
-0.31511114450287
-0.40368029319577
-0.284150198816146
-0.35385605291667
-0.294557454164067
-0.313255848010533
-0.109374981552559
-0.341001278813483
-0.182786873338827
-0.342517982600187
-0.375418198595539
-0.281874406847648
-0.298483880502794
-0.242679184490052
-0.307874367820901
-0.27728751518832
-0.265384056029845
-0.350177881158415
-0.183361943640274
-0.231134874017073
-0.305291791024355
-0.361001344338883
-0.37199900160926
-0.317497036467273
-0.311375710715769
-0.341679740183014
-0.427443911659536
-0.146837487353257
-0.265114481862034
-0.258761396617239
-0.211634208608079
-0.281833386300336
-0.200263244092416
-0.293539670771954
-0.164369704926442
-0.220327731490124
-0.274483585920809
-0.256403250223791
-0.220516436919844
-0.185365685148797
-0.297480185103672
-0.339285473695131
-0.178566964408181
-0.239773056341559
-0.337542496672187
-0.321228109768868
-0.121088485212184
-0.229508106157609
-0.14449296647877
-0.22662169856747
-0.183472169219673
-0.187004733684866
-0.265364499539849
-0.354585025206261
-0.274315121459379
-0.25368364618749
-0.23200453036578
-0.129580916355766
-0.181190748431535
-0.153497896691743
-0.301174836123081
-0.294706778739854
-0.186670332614326
-0.306157741317393
-0.076040170812996
-0.196843858318662
-0.271446912680013
-0.206597585665995
-0.119502670966598
-0.182050523851392
-0.217228165650036
-0.259196424953767
-0.281984259911351
-0.17208824846302
-0.394778196221348
-0.0690741049699191
-0.211364952378533
-0.274244781806412
-0.136702160010393
-0.00166624240741459
-0.244982371604172
-0.161683671152279
-0.152816348788137
-0.224010202141953
-0.405787741305762
0.0164991159619589
-0.24856713839007
-0.179635871549085
-0.174328340619762
-0.136316268196762
-0.0661249327825469
-0.322215647599382
-0.162953935311069
-0.142133042529001
-0.0907306662918049
-0.266095082273687
-0.11239351053747
0.0230388473895405
-0.272635629724725
-0.18961483617586
-0.294808635827928
-0.128486359016461
-0.163923060907402
-0.126130123042195
-0.0939685733762896
-0.135159344138233
-0.125627543989237
-0.0457426410026662
-0.135296649126448
0.0157458358232958
-0.0788995933994532
-0.0234972320451025
-0.137063844375282
-0.158302254880706
-0.269709501286221
-0.123412785278746
-0.100423321826761
-0.113358633558044
-0.061591010614918
-0.0843597025539515
-0.0600584060365957
-0.0732017492482986
-0.0646341297339987
-0.0900004541121414
-0.0942389077524368
0.138354214084665
-0.175364949903791
-0.115618486229877
-0.0649009259142718
-0.0778083370749648
-0.0322258602454266
0.0367167335733807
-0.126144407364903
-0.0621987284934031
0.0246644596980097
-0.230534775856396
0.0656671577223037
-0.0669544014244894
-0.0254067011940744
-0.0834012652844431
-0.144975612420153
0.00631090175012301
-0.198596480820982
0.138512348227878
0.0690871381684571
-0.170722843137742
-0.102958104172709
0.0380832750184784
-0.116809230340491
0.0394869088187309
0.0146651619211853
-0.164806466575322
-0.0443823433003299
-0.0407387210440543
-0.0505356058970892
0.0567013725188931
-0.0987284614609775
0.0810345587811907
0.0516658795457495
-0.20882040369092
0.0410031442287901
-0.0731283654322886
0.0497759956584343
0.0356226213013778
0.0545534118125719
0.130614554080315
0.063958413813745
-0.0435864613128686
0.0277400730525484
-0.0353430868759142
-0.0227041845646937
0.0454824660809673
-0.0434242065734027
-0.0326191176726681
-0.0502113431674075
0.00387166950336915
0.103368403148054
-0.00399887932035109
-0.00380074890748991
-0.0050518006319365
0.216703298052431
0.0552349040951505
-0.0207362486476552
0.0450702705819078
-0.131625058047981
0.0293208972051838
0.0257817088625111
0.020079940045233
0.00353716549850254
0.107615978052625
0.244623794485201
0.0782616894410266
0.0665815773014716
0.00901720194594463
0.243062591369746
0.122607166321195
0.0573728445852097
0.14065924391806
0.0795108483404526
0.0624749274665303
0.128277863997856
0.101639185709827
0.00713893591173169
-0.0414414257874116
-0.0014024618557453
0.0757497601275887
0.0962366131814515
0.137327325161025
0.0973898683159906
0.0665411684101206
0.171502882376645
-0.0144843078525646
0.0536715226092455
-0.109541582176597
0.230518185269331
0.122127490209702
0.00411424431732825
0.182586065323156
0.182866035771301
-0.0730384818103917
-0.0335991939897559
0.110818144463905
0.0506709650404179
0.187020877263244
0.101455615466991
0.222925778071616
0.0415157925101164
0.0702136353178097
-0.0160416699783607
0.126749331351026
0.096149442010508
0.179840796735347
0.13198630711078
0.18844644002638
0.087434599773034
0.204933452121031
0.233396859082619
0.283570241731682
0.138874051036448
0.0454865457868973
0.259029833796822
0.249793145854169
0.100825429097811
0.165241884666026
0.302418184557596
-0.0644605227139705
0.0382245378918911
0.180665932175309
0.121975060648651
0.204286705085028
0.0738043608015452
0.0452625563303875
0.147541458496353
0.213772760361976
0.11267736261458
0.251161525941556
0.0613947204477256
0.188201880490823
0.114965985793965
0.341634932252047
0.258625951287633
0.359681555723285
0.104187356011455
0.157728726350401
0.118500093422942
0.183876651212979
0.123267983774354
0.24969934643466
0.143280572475508
0.3656668566974
0.183150434468943
0.287969705682629
0.270719632602207
0.228566499261336
0.252855251817802
0.423587851708717
0.0222328784742342
0.220766162492184
0.319517456859776
0.369499267859237
0.142227503324223
0.0912260974340792
0.300228996999977
0.290189632443909
0.216951423830037
0.168934658685808
0.390237558944121
0.306098014071492
0.1622353888347
0.265750177431216
0.324042567110917
0.206067508015777
0.220169399741795
0.17742551303141
0.420234250217129
0.231241975816622
0.177468799352839
0.3451093901696
0.325550710725927
0.26504156969067
0.276749817419567
0.219290784451566
0.195863568357913
0.317932648421814
0.212976567959351
0.161029603450028
0.164390224327217
0.265276982198554
0.273636145089322
0.461781967733622
0.347940997910913
0.178809828399248
0.318678044448126
0.181724159697001
0.270394936940182
0.325744882075618
0.317191417287101
0.267005390832566
0.15019300903158
0.384773041576288
0.38078047974887
0.323743065268273
0.321286393121798
0.294823118336778
0.252970761220574
0.32544980309803
0.345467095134521
0.374152336005805
0.166243268717567
0.404234074380814
0.278401000750871
0.354794727152691
0.221140143771034
0.306492433227698
0.275454289727737
0.440557430051349
0.393009188831888
0.250745848196678
0.396125407340988
0.302886914608619
0.423246507305505
0.346077764664379
0.505008327031817
0.432244455544472
0.276537751714968
0.250797961087047
0.336530276412003
0.485397584981821
0.488749148336356
0.392748669346133
0.153270912025659
0.468898542622396
0.321177082894651
0.385670491223064
0.324053242468216
0.416767038741965
0.300962449515703
0.412873259603464
0.359381912982146
0.393558215529892
0.383158025653969
0.477605934352355
0.529300492482012
0.323112835230987
0.442109955744916
0.490138669301585
0.436527063642263
0.445506563580852
0.459215787845851
0.526084434267869
0.343016968966998
0.300328945815017
0.334749900086395
0.434849617305902
0.455264990195347
0.399922506040085
0.423850727471836
0.448346052515766
0.317942738577971
0.385760449349224
0.449812457102314
0.411486601095616
0.357927725875725
0.516685952964681
0.444340383910519
0.327335247153834
0.503317092450013
0.554514524345136
0.474167805532083
0.377650808433609
0.447395063820913
0.449137343681026
0.612387154362364
0.548608312914568
0.450687920322519
0.367504862243014
0.4539382757223
0.413230526383575
0.373152039801911
0.434584533432734
0.418990624199565
0.641397915499369
0.240384344720907
0.404199385748465
0.510497826841746
0.399256779786394
0.378926854886225
0.437339693984486
0.427624004800966
0.427679838166139
0.638106752191899
0.553275139442589
0.438236434348814
0.545577306634906
0.497073278611264
0.376584708537283
0.589643443499653
0.481662039305682
0.423466339677853
0.6406127174245
0.607281870828544
0.5685856610703
0.457070259828992
0.557489031054916
0.573286983496634
0.539201087606922
0.479860700037263
0.586800529854036
0.475033789170481
0.388189690296275
0.582130825561698
0.494037617042414
0.427335996921331
0.632992184731573
0.380304117047695
0.560534805353438
0.515620873831646
0.602862611601638
0.541900072043541
0.516952373374944
0.504068530009598
0.370270299913553
0.609722772470182
0.664162629881812
0.612083322524814
0.56379777513818
0.648879415685958
0.515046239156412
0.564353978490601
0.606561536801463
0.526656055180998
0.551076801252601
0.581597029032275
0.742999441093152
0.644953973659947
0.633405287296116
0.617485234148207
0.523947074503154
0.767555901366564
0.549212645727039
0.490581375869637
0.358078651173817
0.601878425930761
0.623264015061368
0.55476945805054
0.58323953372118
0.580357810932239
0.596854515270611
0.695738509630109
0.593579614336649
0.559055178996599
0.69351634046
0.677697282696395
0.430737476878195
0.750257975245177
0.689996858374287
0.644483997770915
0.475208780177366
0.661302017576688
0.702483164490687
0.451292947139352
0.52916401227091
0.524115307209732
0.787366528069904
0.804010983981298
0.680930300128841
0.657358583280433
0.537268064147334
0.652917613619588
0.57722662730447
0.667987258301134
0.520995983628474
0.691529780876894
0.631510578961004
0.596785711530032
0.833367720851773
0.809688223970732
0.732752185808335
0.713085279133328
0.559653863270952
0.692840847675795
0.747177308914717
0.68237186289293
0.630082838270543
0.503329371954231
0.581733125097299
0.797633280814193
0.690338207455437
0.635880975199582
0.642767829460315
0.655279067981517
0.721418002592461
0.577052418784368
0.73256465068588
0.700480764802771
0.790176931510773
0.653650791855053
0.754195926990917
0.797561902037658
0.825000656853159
0.644090436258274
0.817182181526834
0.648148202908187
0.759087997828699
0.784706946347515
0.700495324895663
0.669018760953406
0.697996648552807
0.773351289658845
0.704718080203092
0.774863860493098
0.634112777262084
0.854603906486258
0.677912869740104
0.668043487272877
0.745454015931401
0.595508708207227
0.777012947876052
0.543401088006592
0.694414700202236
0.889576975266166
0.705668054897491
0.748720912485942
0.663442491558086
0.762592857733523
0.714099966828798
0.72199602722282
0.797551573132628
0.800704694043133
0.767168655979296
0.614541830592186
0.804398006049511
0.815360814632116
0.676850465320257
0.733382904964406
0.818174004777647
0.799130232918296
0.854581975500441
0.721850593759739
0.883340937703335
0.809130443007727
0.865232972332477
0.579159835292282
0.7703165611366
0.896324314776588
0.697043927737718
0.768112344804173
0.72957318760369
0.88407904181637
0.813221570314311
0.771396025955372
0.862788669079975
0.820241011792878
0.772387870343445
0.777816276573086
0.887271396237966
0.808572644884842
0.877740155536355
0.864619588877005
0.833082044751286
0.820299127640451
0.912842314867186
0.757759749762556
0.772805844314354
0.769881035977067
0.736888334541352
0.988836196687683
0.909799830413118
0.830397415600833
0.934781700844567
0.958004964037412
0.78062973829561
0.835920214283633
0.914584066635697
0.929216424766245
0.76267444114064
0.863567584731136
0.983228861956939
0.986056987606963
0.783344506069152
0.876012655981193
0.946180327757249
0.943087458670299
0.890091969479542
0.899948578676298
0.786989517875521
0.960861554406008
0.961865106285748
0.921187156522477
0.829671106060089
0.78063199332697
1.02551100670096
0.839217836958248
0.812250938646227
0.994544738103816
0.764975035342028
0.821115641163699
0.906817488101239
1.09783014279371
0.960629982062544
0.947800723731091
1.01165014016937
0.917908033667351
0.900301491103075
0.923982260216609
0.876985487167547
1.00073980568132
1.05458317802621
0.947627033406745
0.887516573180314
0.971253869321528
0.934631279503435
0.898252556719389
0.921274794826464
0.861121977417525
0.902056559998316
0.873690721279535
1.12903166523825
0.998614682722629
0.872261436241968
0.941152009604294
0.966375322092229
0.896759211247158
1.02123844954735
0.894862859645941
0.92010831824662
1.05996657629067
0.967980122123358
0.955924045807941
0.942989098807537
0.904972898939759
1.01786671599539
0.965241623920545
0.988873499624379
0.89372102522708
1.02192019604104
1.02517312239903
0.936175142794824
1.01233203621292
0.950390886799539
1.04737151524314
0.869737284328209
1.05376284147361
0.818997188057153
