-1.09877293120503
-1.10827211253496
-1.03440625033843
-1.06928452640287
-0.959962399481457
-1.18834670319883
-1.05619955149182
-0.929018252734431
-1.01734782657184
-0.847122559963867
-0.913469777832338
-1.07339582634028
-1.02327513921503
-1.13044619737518
-0.954280023490726
-1.08581029858704
-0.991005196812412
-0.845416965689872
-0.910678858338757
-0.891141883500999
-0.920593628861742
-0.875167222336775
-1.02447535562493
-1.00306158394391
-0.993365025098724
-1.05744355628316
-0.883324847979639
-0.874294940542907
-0.857823905829836
-0.891752324082945
-0.852812168568165
-1.00198848133654
-1.01384831028173
-0.830454489334539
-0.927552393135946
-0.947213108792097
-0.928255618935737
-0.971133465989617
-0.843953895882254
-0.952323172301294
-0.961931987438212
-0.907030848795144
-0.945073730127301
-1.08636509066103
-0.738964201341675
-0.999986430153198
-0.885043067357572
-0.904509461622073
-0.910954963376492
-1.03372131302942
-0.722805419040703
-0.931817132391905
-0.891091561277832
-0.900313886685133
-0.876932700855778
-0.828556719356029
-0.925451275813581
-0.729019060286843
-1.01581180835883
-0.849363159030077
-0.92290272105055
-0.816166417755248
-0.836627902506951
-0.887822712217561
-0.730042943848873
-0.863835531048428
-0.92354217977317
-0.811850904793094
-0.796369173861995
-0.773980789051582
-0.827719210853463
-0.823766280140643
-0.920582141442852
-0.824657221017953
-0.853379560894869
-0.839004862316677
-0.861725999545274
-0.740782941138826
-0.862117559917175
-0.868556767279205
-0.960223916486305
-0.931465707560784
-0.849351393459387
-0.897086942920631
-0.70313969057783
-0.949871766826181
-0.815333634037149
-0.853791975802372
-0.930358201159732
-0.818518831891297
-0.85006559609177
-0.910684172785287
-0.92903775313143
-0.642934356157825
-0.812495144580836
-0.876768609865992
-0.746606279914233
-0.830696032125972
-0.867265967105419
-0.81736166033517
-0.921902617079867
-0.80200461615701
-0.743679974025445
-0.901333990032021
-0.724785944411756
-0.85721954075552
-0.859578881994634
-0.813181461747931
-0.753615241545904
-0.786252675159795
-0.729356879612072
-0.755374693205286
-0.664441739836252
-0.819144973642749
-0.727968531676045
-0.774908160782973
-0.82040113130447
-0.726436353854908
-0.661335050186756
-0.782100984537814
-0.719292151252504
-0.921995077258323
-0.660727580031424
-0.711181889754064
-0.690586537599459
-0.861751746126115
-0.774312470156045
-0.715542740936756
-0.818178955797055
-0.773214373479556
-0.668591303272058
-0.830612242984755
-0.698721577647229
-0.629359720235372
-0.718772402467253
-0.728703402980824
-0.76080997821198
-0.855266411624223
-0.740844476045234
-0.835985343553423
-0.836738649501684
-0.611494363584737
-0.655564134030595
-0.755254641624643
-0.622564412998081
-0.68249199276622
-0.554412153088639
-0.422532915728216
-0.66499699612696
-0.68406784029368
-0.627332444014557
-0.644697740928554
-0.727109050309297
-0.514769914539691
-0.590992398000074
-0.541244362709463
-0.655887572212894
-0.466659441766371
-0.76184307956752
-0.762181585571869
-0.571699166224667
-0.589842761832423
-0.596739694102417
-0.615868324250907
-0.683867863139271
-0.687380521888356
-0.755722426551291
-0.706114347595498
-0.629091161124736
-0.623509254900193
-0.578084687223844
-0.650144027884801
-0.618941302386943
-0.596064042017208
-0.590953004446032
-0.696802180747875
-0.682385197208484
-0.670153056865742
-0.509236974423685
-0.710171352190448
-0.671323084132417
-0.502613260860977
-0.687546052406779
-0.669909169385768
-0.519791041052867
-0.492004891144754
-0.711792910232399
-0.703071803696411
-0.619307111365836
-0.67592918058418
-0.653680112765416
-0.550012629083159
-0.635579016050464
-0.716354555233757
-0.640528506227156
-0.683352624051904
-0.607971367871395
-0.806771443726914
-0.54212249325735
-0.584554043046589
-0.470010302483806
-0.642547861561077
-0.493064229134713
-0.580482795920958
-0.671346595986599
-0.562139920323416
-0.588401095231681
-0.54576162993862
-0.611698932229938
-0.477865383885739
-0.529871880592111
-0.588251572231049
-0.618064443466105
-0.396163304306333
-0.424354691048031
-0.646544281590203
-0.645519440412034
-0.699213182506954
-0.548298962139909
-0.514683342032819
-0.580107196880201
-0.443756317878598
-0.450818953151033
-0.693642432984547
-0.442414797539622
-0.714867228136151
-0.429561662870055
-0.589707397566131
-0.605225298972766
-0.501417245623959
-0.448424332794118
-0.565230282819847
-0.557671653898874
-0.67137869904852
-0.650101977735474
-0.616029469115326
-0.468048806916243
-0.476261103628581
-0.566280843335006
-0.335064007962136
-0.439480195893228
-0.581449636906436
-0.41915796696425
-0.449504567575276
-0.536171368918633
-0.55306695873361
-0.474178311452131
-0.489959216881309
-0.384110485769025
-0.520535574007811
-0.410619706899397
-0.467286507394709
-0.469532883936959
-0.599791943199158
-0.638816879674577
-0.507218216571393
-0.50054346549543
-0.453070203797201
-0.42667829157397
-0.518828464495871
-0.467908129075613
-0.549247467989951
-0.487209045339193
-0.508587816094148
-0.458660301954803
-0.352989203920207
-0.55847862395444
-0.41632769639798
-0.571539779317076
-0.616461082742561
-0.318893489473848
-0.478934193590415
-0.456651056234039
-0.415336208492391
-0.386666529115555
-0.451376121149258
-0.504755932079296
-0.389262276679954
-0.492948532587407
-0.400690977378306
-0.531504430045065
-0.394032193164471
-0.322676545882402
-0.479984188719735
-0.376253293541232
-0.489538024326733
-0.424441656077436
-0.404048828032877
-0.517352308990723
-0.350239165671695
-0.422464212817784
-0.349447290871349
-0.45622634543364
-0.403209943787079
-0.536511673169844
-0.60040523253674
-0.539170848721099
-0.400913677385398
-0.323523670176396
-0.426579949821853
-0.434561141236155
-0.450834510026932
-0.347778960334325
-0.360934945791131
-0.406090878498641
-0.35088675013983
-0.45720472161651
-0.435465452413357
-0.340745933788122
-0.331788093529826
-0.360470706492808
-0.425318906017854
-0.443997351951467
-0.390012660777783
-0.3232961221176
-0.409940683365313
-0.20968294523255
-0.342200050494536
-0.24243333808968
-0.318474636139708
-0.344962765728568
-0.272395506714178
-0.37145243725961
-0.172576420767372
-0.305012226619195
-0.381064225292933
-0.295799905663073
-0.249909125739954
-0.233046915815162
-0.344771669316736
-0.236661309856991
-0.333306157183084
-0.28164922481676
-0.351718648196631
-0.355778653307585
-0.484791499827908
-0.329700778408818
-0.215056336715813
-0.410377945584744
-0.454293521243287
-0.219179467002931
-0.437280409605583
-0.271669312443622
-0.321422640716142
-0.3213353947469
-0.358320484019145
-0.195248737968286
-0.279596671612788
-0.284021253598773
-0.413761892607435
-0.233935078106065
-0.272104931482927
-0.35599812048141
-0.390231612008334
-0.454083668107608
-0.149570201506502
-0.283475184116534
-0.282629060429729
-0.179163363324986
-0.303608444907428
-0.166991901575369
-0.293192252381284
-0.142088775908439
-0.308737628860971
-0.352002852990831
-0.31869034071683
-0.310922414370874
-0.101671723932383
-0.230071300394042
-0.228183682025222
-0.303851563562246
-0.283542469780705
-0.274540340032801
-0.0822441082782377
-0.307060989159404
-0.134639066312421
-0.510654754959611
-0.249982420565341
-0.117585615158814
-0.103005614673597
-0.40955511660174
-0.275271584519439
-0.0165442279687939
-0.339063251227074
-0.196948473596664
-0.237823805048899
-0.0723991647060808
-0.237144098266116
-0.247624565866258
-0.18862154380648
-0.175777011436921
-0.184956901487663
-0.07361227866106
-0.259940175170069
-0.244036051713091
-0.239092037490588
-0.17822398984035
-0.199968790570479
-0.13539212292116
-0.208895831519716
-0.146188686029341
-0.159350247196277
-0.149431515787287
-0.197382843171685
-0.112632595146893
-0.0828333508269057
-0.226614383133754
-0.3134812879479
-0.140461467309335
-0.0270679244592403
-0.245071522745558
-0.320064385637082
-0.207181863257794
-0.0895635817345444
-0.149689347962335
-0.202632548141817
-0.126644477950857
-0.139891289379617
-0.198716595834555
-0.0546571065301494
-0.204227243447962
-0.0565162047796182
-0.247552290821136
-0.132520803887014
-0.320994092299448
-0.173246629799993
-0.0982290568062259
-0.211986541685677
0.0120708013086608
-0.135101825088855
-0.158123007043584
-0.386155333052525
-0.110571797636113
-0.0391176545529664
-0.226461971489778
-0.0132570062499556
-0.245092593140979
-0.0751627753734548
-0.138482799517169
-0.268721666880972
0.0396844830316188
0.0204672685286631
-0.166143597819347
-0.087640228596195
-0.27273093419579
-0.0446468083015358
-0.120963769575022
-0.156369854790892
-0.231020507922573
-0.117549426807266
-0.126953512788993
-0.109345013805386
0.0556551091246448
-0.0459030642149327
-0.0920100085792591
-0.0829517378429245
-0.0198064581310224
-0.043703701028777
-0.0740472158282664
-0.0715750397529819
-0.160329397429678
-0.0459387956973976
-0.119475750917296
-0.0529786045442858
-0.0927024781536487
0.0367230302643908
0.0178719353986944
0.0661220535364702
-0.0950227421840016
0.125822646105617
-0.0579247174399543
-0.151324320968665
-0.0188242840182364
-0.0145100380938907
-0.145126155693059
5.29417171555327e-05
-0.0131907635996563
0.000504610661243961
0.0372555949477048
0.0133535664507538
-0.00313915092912195
-0.159810897706256
-0.128718189923869
-0.0499565021762702
-0.00474911314285665
-0.0117067762869806
-0.0937792179627217
-0.0654037920466093
-0.126777274081164
-0.0398703630917957
-0.0647169396133493
-0.13363286884488
-0.00937005564204564
-0.00563882157368677
-0.0350766177892172
-0.00745654475382315
-0.0469491471232246
0.0165747542619742
-0.0868820834571578
0.0364546308979087
0.0176508181315241
0.00660496695488033
-0.00636148410479031
-0.00859724335570989
0.0263471085841927
-0.0318265423965095
-0.115739277269563
0.184256759665567
0.0196494513110461
0.0436551714034827
0.103439970100415
0.0414891642995
0.189129827944688
0.0248454642250163
-0.0427074128179808
-0.105818796120677
0.0391209675821174
-0.157314682639517
-0.0103894976293183
0.0832632590548704
-0.00719657200492274
-0.0495533327577164
-0.00680266784495369
0.0768509109157949
0.0496916717501721
0.127442020463088
-0.0262037627273014
-0.0632590483130079
0.116234817248439
0.131754689606581
-0.0275668595508076
0.0158507261089546
0.00274842790300225
0.114017430450865
0.0694387979344931
0.11654391354723
0.130565014508259
-0.0954661383116041
0.01110004768061
0.109209838700715
0.110462248495153
0.0155277226231425
0.0840629814353403
0.121229374929458
0.0875291818762999
0.145765170487002
0.119690011610766
0.106630885522586
0.120258014590849
0.0666315444213081
0.17736501521169
-0.0327969806133657
0.043962763100839
-0.0445641885026142
0.099315196508924
0.0328264183374932
0.1246684447596
0.135702350334205
0.0853295337952172
0.126467618037575
0.0260388666776455
0.166238134849402
-0.0142661337278641
0.173535374804393
0.122766888303695
0.145247569154356
0.077881593715045
0.109349683112769
0.101705126745532
0.20297613183511
0.236008185278091
0.1938128721201
0.21120814871273
0.136551427392885
0.152424498107009
0.281786074057454
0.00623017232027533
0.128827834039103
0.192614927641218
0.255186417841959
0.281336302654276
0.00649892221043386
0.104682617066752
0.250111305617685
0.209723400948574
0.204892499881695
0.0528843706202184
0.0501592551532548
0.173600565966181
0.287966908221749
0.0831376173067071
0.245336786328788
0.124013268334538
0.215432121583165
0.0610731930340284
0.125371648516407
0.160184744531745
0.321962599102628
0.360232553555872
0.0202576384152863
0.123776351683181
0.313760434467359
0.128996145092937
0.172355937926353
0.181906275546162
0.201295255909627
0.216364795127052
0.0959585388497524
0.324288336478004
0.142760621815938
0.201392159733759
0.339965228533149
0.177343067382455
0.359292253412944
0.383603109954426
0.215908217351168
0.198741208402217
0.316704361926914
0.407319023765766
0.202371084912895
0.356342096812443
0.260797673816224
0.104419078807112
0.194779122368116
0.271427743145541
0.121733114354737
0.262040707144883
0.32993006432004
0.405062632097572
0.250920939610809
0.24567288125995
0.158095755781565
0.290111944108072
0.216175623108808
0.193612189455402
0.218319162174907
0.328731764585395
0.247468097644471
0.433951843917876
0.273386389433218
0.343517379222976
0.186715775468969
0.305262161158473
0.306852682227173
0.296178465677238
0.248209881611308
0.21136066211056
0.217603596314364
0.292800377357881
0.314520659622159
0.359009344149907
0.239860106866849
0.253357203788062
0.277313855550558
0.29112454395006
0.406998163450528
0.316167759341709
0.339491492092511
0.39442234031387
0.307826511861192
0.306784584503719
0.288675140614482
0.290955448787542
0.390080348769177
0.35194441945245
0.216794789107404
0.384148461569386
0.478958319415645
0.445837361384766
0.25530331207113
0.320113224555834
0.240214099973774
0.353486392662676
0.315495369995674
0.472055177352149
0.208226594112378
0.375002184163099
0.228008191088619
0.31416708205692
0.243904585243688
0.329288766920438
0.346506195147162
0.399445543664448
0.428429371330563
0.399587882413837
0.394310151415761
0.43731993568824
0.288191899410494
0.455752612794841
0.343409287570659
0.354062251928383
0.488321283002666
0.460501976915782
0.310317782002603
0.390325483533692
0.332699312049203
0.364681057623483
0.404318532302024
0.496775042092473
0.388335411743144
0.357798484761178
0.548034184624816
0.373946776089691
0.412177910375923
0.447148615554208
0.312039986185165
0.338092987342944
0.367706864862061
0.480520139517884
0.454065633227542
0.446691607220107
0.479448469929774
0.478842898161317
0.536386336216809
0.429363237484832
0.373307020154783
0.525964848168632
0.378158078033612
0.528572544736229
0.523018543558759
0.460409309180525
0.569796869887839
0.351981312831987
0.354551338999586
0.23698408652554
0.455969224754081
0.343523329749581
0.40183904348764
0.504455719498437
0.577854058714616
0.459886791850151
0.394710164978229
0.435658958656731
0.532190888199076
0.495020366908352
0.523202823628133
0.485487390055966
0.48747033357899
0.554489684713967
0.625794427716612
0.422335591892034
0.589176872965312
0.484470714677894
0.523829159417376
0.547968500949799
0.477371320983891
0.511646343257472
0.570731973617519
0.526497756826622
0.576722427876899
0.415514987998832
0.50923826669285
0.51930441567308
0.405526797483802
0.543388935255384
0.443101460584627
0.598657156341034
0.569314825754621
0.643244170526474
0.537395299137177
0.554754200816038
0.419305061383648
0.480950464838131
0.345889369145061
0.511170663282652
0.620371007109937
0.52911706475799
0.701493767550058
0.411969392626976
0.436702589496747
0.517493029826276
0.632732088082192
0.431646595137308
0.544556839966514
0.507259794972556
0.47103383238633
0.555713652754371
0.570985330201989
0.583828212386955
0.611727913173641
0.570470553499713
0.605690697103014
0.604842626250516
0.601319129806811
0.545996951030992
0.587303042601082
0.618735831670949
0.495872666143162
0.734898793014686
0.583057471011557
0.494691057528612
0.563739690025214
0.527963618221356
0.562268190686158
0.646821009869197
0.745866006971225
0.507618264554253
0.560845942970957
0.526677203612297
0.506285751748008
0.552071722553405
0.500802404231336
0.660942675747408
0.581710812818023
0.725915274428828
0.58046544743054
0.582467294003251
0.717625810988338
0.525330356406675
0.603935536756021
0.478826295800528
0.49914954175247
0.574679528931094
0.512975932426328
0.645299819789158
0.750589628616643
0.705816066674028
0.706633981439854
0.672675634680768
0.618541757372714
0.598750859373616
0.706011214483485
0.520547040607385
0.576017065976575
0.691130858420896
0.603298967758196
0.578587110975785
0.602943998076966
0.715839384516545
0.858786174462769
0.656215271719568
0.672292860151985
0.68776961900679
0.709712951914264
0.579112289443053
0.709619218294134
0.572495586031732
0.695108232762193
0.580442917245304
0.665141956690962
0.645379656815997
0.66630124963387
0.836736870632211
0.541466948888793
0.687169256209091
0.713945543390462
0.761307150774251
0.835910059193646
0.618634063297928
0.697843134136161
0.687069197574927
0.808729412843499
0.713932365078841
0.841189886150945
0.718754951540401
0.694729410693424
0.660242709358179
0.824408637095937
0.720035368294399
0.845526447849514
0.713874330745644
0.746351973300135
0.591749631500755
0.652519068499347
0.753638644093267
0.774584838465109
0.727772920532973
0.821481608701169
0.68087452844018
0.714558784256916
0.786624335092691
0.667474688419934
0.741812955344564
0.631114959604715
0.765560421922968
0.744181315740827
0.653876417640678
0.67532555897485
0.69731190578394
0.657512890882129
0.713297103741776
0.66034919864984
0.64004112196245
0.79659443559538
0.745243661465555
0.759216396039796
0.755797723723578
0.652357184679965
0.642859888736688
0.696500760130446
0.89533531714142
0.856130008697725
0.73827766983277
0.739158297028364
1.00107928389697
0.795429984517035
0.739937185430962
0.672175460204419
0.739076567027015
0.828622345461856
0.842433792669951
0.759269732317208
0.882253525299442
0.767030984527689
0.733992453330792
0.724768257896625
0.802870964283785
0.655966435794539
0.884096574510934
0.61536483021257
0.849062796505262
0.780478522755186
0.951552977823708
0.95728238461069
0.935941474949006
0.875861246832337
0.764865546964742
0.873477965571228
0.751024445517768
0.849237090425568
0.775461047424819
0.802490508729918
0.867121798172174
0.816195859760153
0.704176722962243
0.964064288409574
0.840697192292277
0.887725349029271
0.845248794833511
0.899237189648841
0.843433467415783
0.929346840384716
0.930843124580833
0.795014601309146
0.890791327392295
0.914508079062453
0.871568556798519
0.837136143465634
0.956597942174209
0.947328099555908
0.799146378019723
0.896614242756307
0.844713128513227
0.878645899843995
1.05001065900404
0.837550196982219
0.808125291594318
1.02333082565108
0.934021545572633
0.915370178470207
0.963561710086785
0.952084443900345
0.977691754998166
0.850196576051987
1.03417415325654
0.870883565991718
0.872494499784054
1.0047918659049
0.90461939031723
0.97177152200114
0.88985113340788
0.792874630727366
1.00301033643257
0.891808318236497
1.27831015235625
0.874390034560176
1.01886356481655
1.06096787543308
1.00101115512658
0.879954853779337
0.948379931976196
0.856767959375762
0.874890266527005
0.823032358369667
1.04385634574214
1.18138482725468
0.977293805220302
0.984755580330104
1.04157307809063
0.971950290222175
0.913681421169048
0.979471906399763
1.03564099023499
0.991767319926548
1.02068845024007
0.969458724088072
0.936924717131508
1.05720168528851
0.850269088445788
0.983060979256322
0.920213629060898
0.906718257037014
1.03466888990093
0.771891337804537
0.878450797441875
1.05367856206967
0.964600784233323
1.11346024367155
0.954609429581031
0.919111429499647
