-1.03340595894865
-0.990344868929022
-0.863159549795413
-0.948907047784826
-1.10072042630737
-0.871784131384469
-0.924605351921685
-1.05821127607834
-1.04902632723001
-0.890597174076196
-0.845420525177316
-1.11319776459284
-1.02637570895543
-1.05267751208881
-0.877386413851956
-0.970627141045036
-1.1763599489434
-0.941638653301092
-0.945232151516037
-0.830474020878851
-1.02741532775047
-0.87013962114328
-0.924341786291854
-1.02339558820905
-1.0571372111359
-1.11608392538189
-0.928590674469946
-1.13453089861318
-0.948171090721455
-0.862475439906281
-1.01332838117249
-1.0649955617378
-1.02257154763785
-0.867657191355822
-0.958153870899347
-1.00961983357479
-1.08128123474387
-0.885719754540917
-0.941032824636022
-0.9481130580525
-0.914676308411255
-0.88048541223729
-0.808262891086767
-0.863209547841499
-0.927158982476282
-0.938663818507265
-0.993854737733204
-0.9070091160841
-1.02975188718942
-1.0305973472399
-1.00162288144333
-0.878603248287357
-0.895800266403279
-0.874390443832069
-0.911149069405097
-0.885899266105758
-0.875770003964934
-1.00648022066072
-0.770345985183914
-0.926061183189405
-1.07131992294254
-0.992306506350615
-0.699702439587373
-0.862680584445066
-0.765685271198451
-0.817200110805096
-0.785597956064248
-0.748585981569023
-0.849516527366893
-0.929848462006536
-0.935464541396133
-0.900365266066311
-0.855495813620171
-0.881879279981779
-0.895591196293805
-1.04106993950807
-0.756702249445076
-0.850242557951111
-0.96718863658794
-0.735352049017976
-0.867561940596042
-0.807432561884832
-0.785701488260284
-0.786167175886801
-0.83411146403011
-0.85557537398818
-0.822168383714065
-0.81186853528167
-0.885125060556798
-0.817802900148323
-0.867001387735107
-0.855066856259796
-0.766386595668677
-0.739249737604636
-0.771342445685789
-0.851383063978586
-0.865126313978452
-0.741889195465942
-0.813018236028819
-0.860016066443949
-0.931638712252294
-0.765950706451307
-0.805395798663432
-0.958811259880503
-0.804816106612649
-0.851883457080775
-0.803949187614855
-0.750873091742057
-0.812552469003733
-0.907514852576221
-0.721598980992356
-0.687045303950829
-0.780759755743305
-0.772768955856728
-0.750259569277878
-0.682302699650269
-0.717437834078051
-0.848760431721205
-0.868021275842647
-0.771855088733892
-0.740702556682911
-0.690344676852209
-0.780238775588159
-0.684009855994975
-0.745420988097306
-0.596230576327068
-0.59971079840296
-0.785594935011192
-0.726021143671919
-0.771164208002938
-0.695943291913435
-0.703810627344032
-0.816544778352968
-0.743228920589221
-0.654104150312337
-0.809068621159729
-0.801849286215212
-0.828739239280569
-0.72110618328839
-0.681009319140891
-0.732537748026477
-0.838084741989525
-0.73769834456357
-0.793872664177545
-0.742263004749444
-0.801500582725188
-0.68881830720527
-0.674167205706829
-0.529217515930176
-0.717693219002276
-0.708614602076537
-0.700156707586154
-0.703073014157843
-0.652510200995681
-0.60794506440289
-0.619215349694019
-0.757790933220126
-0.741931171640872
-0.683137712607013
-0.75332856128084
-0.878291625729344
-0.517053208043047
-0.732417599420618
-0.768715218649305
-0.736984381672181
-0.638269992711539
-0.707645123673999
-0.671088392516382
-0.72115288396307
-0.657690321441667
-0.681460116906062
-0.582330418981758
-0.610010382381434
-0.62929872160326
-0.677931336769157
-0.538567262242596
-0.861674893681726
-0.710836275867294
-0.739673223040036
-0.677794279326853
-0.671763471966752
-0.643343468094056
-0.65934284010978
-0.70442019494754
-0.530998934721855
-0.723172552078748
-0.577569935666337
-0.473312104383274
-0.621183789868399
-0.552498822641273
-0.556191557004504
-0.653822540388448
-0.607250109994944
-0.663110889253053
-0.65175155774931
-0.715880006639678
-0.668704303101324
-0.6535144204185
-0.577434013744069
-0.578712534873984
-0.672442236598434
-0.62272503124126
-0.69506053131614
-0.561634648849509
-0.584344596418553
-0.613946242137899
-0.553079803663136
-0.660618822450613
-0.741745767450597
-0.740604684749462
-0.642650416855058
-0.66871044079626
-0.649088755390038
-0.447243333263849
-0.491430329739276
-0.640467942645555
-0.434808997387446
-0.592071050307488
-0.434887861171546
-0.708309927657179
-0.661997799170534
-0.556344917879754
-0.583547710077428
-0.472886697560398
-0.484717574196208
-0.625303264347919
-0.589660407913342
-0.473539516177394
-0.366601710316234
-0.566459819534821
-0.443333227692012
-0.485677046164049
-0.684817798802569
-0.4084882084765
-0.428660772322685
-0.549587751655762
-0.350919231058863
-0.752639195290147
-0.571617322906465
-0.636942869683896
-0.590916137751757
-0.506137336557446
-0.576815442578783
-0.406620384062138
-0.540641721081304
-0.5193658629192
-0.571913693378605
-0.46450137409505
-0.650622425377928
-0.65862776709327
-0.517760355600969
-0.505975099891703
-0.625800654978205
-0.453740870695496
-0.471756708272122
-0.538236513378781
-0.630872827859093
-0.437023042161663
-0.485263322227683
-0.479132449688901
-0.555085306856227
-0.469139261887519
-0.292046996405359
-0.658508663673379
-0.457037497153686
-0.5754148240474
-0.414168537500523
-0.509245286425158
-0.486474541739824
-0.543283925817659
-0.466546854976112
-0.278095026312271
-0.600493685526838
-0.547634770866567
-0.497214015303096
-0.546879584110666
-0.410291122249642
-0.54833203849659
-0.506615581797014
-0.489446885289322
-0.625051201090334
-0.535449184127624
-0.344799368763546
-0.4531517495293
-0.371238682125427
-0.421965274406593
-0.307785368215646
-0.610982543244371
-0.520944878464717
-0.392310954524844
-0.398930481631953
-0.501548207613443
-0.231028873477285
-0.360237188269575
-0.236173025870281
-0.443931783104147
-0.406487885983256
-0.471828053940878
-0.503090494551946
-0.33071497276773
-0.46838943851009
-0.271138985257151
-0.322675833956205
-0.44023021279284
-0.478373748279074
-0.356104843882227
-0.223178043765117
-0.37678436813155
-0.460849275411314
-0.460629722903097
-0.40325414736284
-0.359577219216569
-0.281783520760801
-0.414817180814015
-0.475094801367305
-0.302584714159911
-0.375700376569342
-0.356435438294527
-0.442207213483169
-0.337792982281396
-0.357054150506669
-0.425316428048609
-0.402548692753108
-0.461333496085868
-0.315573729380305
-0.322956362356511
-0.37404433420122
-0.493831902899034
-0.346314739510895
-0.166493823591149
-0.31410778450896
-0.217677432496883
-0.425339651381229
-0.278575392647963
-0.023099205614926
-0.328648494440547
-0.326211985593148
-0.421394798630959
-0.286276648742644
-0.343875545052138
-0.317956848701004
-0.306838752130895
-0.123807138899346
-0.358618646444599
-0.172041199494084
-0.33207576803901
-0.371699325273961
-0.253081523663961
-0.308365584567588
-0.252475513023239
-0.296423264484161
-0.280299176352559
-0.296181184477309
-0.350662564081785
-0.201049971675066
-0.230729054387278
-0.295654687336673
-0.364124437274904
-0.359867260665188
-0.320584831195909
-0.324837145414667
-0.33693158280323
-0.422961063299532
-0.145068825677709
-0.265066132138596
-0.270468105491307
-0.241126448601808
-0.269992248826353
-0.202616049250699
-0.299471639947589
-0.169187043919356
-0.223319571389826
-0.285177253092175
-0.237859046843302
-0.212364765905216
-0.193844811849559
-0.257977926845667
-0.34855856616244
-0.180670884931235
-0.21003765765926
-0.343546996438088
-0.328348052564072
-0.114461759148945
-0.22759463651476
-0.153495534370656
-0.217432616334285
-0.200288609687304
-0.202448271883201
-0.264146180939999
-0.341158694557107
-0.257640164015464
-0.258986666110269
-0.223663556255993
-0.134018538895734
-0.16493606752148
-0.142862630831319
-0.300071318897222
-0.311593849392981
-0.18589082698706
-0.301008731297432
-0.108938138111304
-0.189255839609295
-0.285198084243632
-0.200144108163082
-0.141455485573806
-0.194865035233002
-0.21687857127459
-0.257363286628964
-0.269326478913302
-0.176781712568664
-0.380744948729213
-0.0397193062713701
-0.209606490710455
-0.263736875278568
-0.157115996742399
-0.0194449386800596
-0.269268281758838
-0.149236680573606
-0.156540174784995
-0.224524714696618
-0.415316133724905
0.0220555068562113
-0.264630426443961
-0.16755913742412
-0.174150551605293
-0.128507822443364
-0.0917325204925029
-0.304654256657055
-0.17985056302779
-0.142815420279259
-0.0995316905430664
-0.266156517874182
-0.134573222773575
0.0282718299629256
-0.234423316981747
-0.18946805191163
-0.296529007709952
-0.123417906180095
-0.16978054918318
-0.132583873514294
-0.0863061739420523
-0.1315656578876
-0.132458969091335
-0.0472263346840581
-0.121244714587675
-0.0042991046869063
-0.059145819809642
-0.0327182305980923
-0.160027042597544
-0.170496912535967
-0.278873655742436
-0.12898375863118
-0.0946608142213151
-0.122965885521925
-0.0572102301754788
-0.0785247028184912
-0.0698854194894929
-0.0456533813738091
-0.0917070174094453
-0.0794678894319761
-0.0893141825688847
0.153485709145815
-0.152920598044239
-0.111134288804509
-0.0605847314257915
-0.0903481381126443
-0.056778669929739
0.0143738858632047
-0.124975853303835
-0.0413266479596266
0.03097605575963
-0.222626765554365
0.0548243044781898
-0.0640003726691921
-0.0342418915983826
-0.0683356190834356
-0.139209079248808
-0.00130904768384931
-0.195922851586674
0.121908569233631
0.0774127503958146
-0.151573444687786
-0.0989559909564046
0.066301090900602
-0.120931948325533
0.0344819612669624
-0.00271967799927902
-0.153652751246585
-0.0468712852581154
-0.0325882034478803
-0.0430721106926673
0.0567500419785031
-0.099256824678777
0.0659305057525262
0.0431940241811182
-0.216608142295546
0.0297651793052722
-0.0598071720302455
0.0478335344279794
0.0362617050863815
0.0485727176910676
0.116421293138502
0.0673933838210021
-0.0354599113623419
0.0477496890762496
-0.0387010852827796
-0.0394355984108478
0.0513164217986071
-0.046094492243139
-0.0249468382168969
-0.0333175964952496
0.0221128126955705
0.101382815744333
0.0171633772062795
0.0325813472169929
-0.0224299032262859
0.193562165196081
0.0509053684845112
-0.0299503380078184
0.0288130734111763
-0.141840261035196
0.0507552092215757
0.000632895063254812
0.0149722692333402
0.0016124456469192
0.113667096003166
0.270751783109846
0.0725488743962188
0.0838968651297643
0.0273576507293184
0.219951919434197
0.11621703528825
0.0767125608109594
0.129848119187128
0.0827015801689279
0.0818121745492289
0.12158762095341
0.0947867559999367
0.0187194617880879
-0.0445222215540667
0.00954665495583102
0.0743574432338463
0.107664274917464
0.146361589338988
0.110113898681999
0.0581045387867941
0.162582035536371
-0.0415073881251049
0.0515912435304592
-0.113552425182746
0.257222596710182
0.105328878474882
0.0183732072083204
0.166088427728542
0.188716877278937
-0.0503190458398669
-0.0407384982230166
0.101054058396508
0.049674264655814
0.185725235394834
0.100479739320481
0.231607614839078
0.0397545765705767
0.0644731707137265
-0.00271714127829743
0.117983106391264
0.100426560657958
0.164941035545142
0.166719129421562
0.202270190187877
0.102060588112803
0.195109998227993
0.241728528180875
0.27408469489605
0.135934390712624
0.0330517033781528
0.25731605308613
0.265958032150947
0.102491170395025
0.158394797693324
0.291171871985597
-0.0511660007539812
0.0243260766520327
0.18058775687915
0.123340238066126
0.186622926081384
0.106454060404929
0.0716335723817617
0.139132271392646
0.242776104081267
0.0977493134651617
0.24862010200555
0.0726081014390545
0.191198425355179
0.146255859553211
0.328148550585328
0.272905154087129
0.343121964066717
0.0950543367479563
0.135011308180921
0.109514831048558
0.188748499388015
0.122393399536502
0.262985537931753
0.156576313785325
0.359912286315551
0.183954299782311
0.288149127781435
0.258083601334977
0.211646931459086
0.253065257548177
0.405850540847183
0.0490367712694945
0.209999349653068
0.319516340894243
0.379883747510094
0.137085564095982
0.12848151779211
0.291460617398803
0.283340585878346
0.212037645747968
0.165837414211399
0.378768553835137
0.297610185247511
0.163729890091356
0.271710113861071
0.320817668534791
0.208457060428682
0.21519790467683
0.198472789284624
0.432514778503595
0.234509302437328
0.149182226638195
0.338048343277519
0.336826465173368
0.283003936117009
0.286106265215414
0.203901979334189
0.188520698557439
0.317622581512228
0.232464005678318
0.17608330400124
0.176315814200507
0.248322945674115
0.270006488564145
0.445188000203902
0.34388916440592
0.176912124784587
0.316434746384563
0.162398907649477
0.263613295275828
0.331961959040404
0.326193073929064
0.268533964384975
0.160133091045431
0.404451720801007
0.397468241526168
0.314151002928192
0.341342535119119
0.275928192569544
0.246716372079889
0.304689151414466
0.337189003664469
0.371996491690287
0.185145233046683
0.390617688228719
0.286839031992917
0.351721519838338
0.224164790323373
0.28261726186394
0.273444224186324
0.44481164049856
0.430364383279044
0.254471823843824
0.380976353826336
0.289840032081319
0.416842219090842
0.370520983752843
0.510899162589263
0.427411846741267
0.292484536852819
0.246332866489136
0.336400796823122
0.477158388270996
0.46154516828348
0.387254399525927
0.141161021151337
0.473404034982176
0.320338033427283
0.383973604260784
0.316098854487285
0.434049410325072
0.309093442990639
0.430078589016576
0.349293006091525
0.407498445369483
0.377842732323292
0.479724751092648
0.545690783134599
0.329986619471904
0.433109158495106
0.494621467334669
0.431539065279673
0.446305922712723
0.455077017585464
0.53319692666077
0.343361535077987
0.339596967987207
0.347684809598999
0.421217421923294
0.433211276428203
0.419503317162319
0.396689811786863
0.447936388665462
0.321729841631417
0.388852518685619
0.440398056859771
0.423296366912584
0.361972084681584
0.513950640987292
0.425604750177218
0.362702611368762
0.490307082638983
0.547666411453642
0.501149753736822
0.388377747950226
0.472101737813098
0.463675826321131
0.595521236071643
0.579567589473073
0.448608142815612
0.405379872080435
0.441451123278556
0.406141006109862
0.365350245955843
0.439315775584566
0.445040454263648
0.643383173311153
0.243020744681047
0.404258917387868
0.52394651394516
0.405354443416137
0.390920889172424
0.44421510711538
0.425062377987914
0.424902834499504
0.633740013355961
0.540432302062564
0.431923005067877
0.54338792668716
0.514805151365856
0.385900469407633
0.59097258957434
0.484108133918902
0.42436803961814
0.650744094309327
0.594642402307825
0.561464490741438
0.454092049481759
0.548370125767545
0.589994215754897
0.534586822999828
0.470850288195611
0.5714060812464
0.460669476393675
0.388632113213262
0.545603287820364
0.510881320542763
0.446496085453407
0.628493570097723
0.375907509865885
0.551062986107411
0.500598432489047
0.570066538529412
0.534608560075946
0.541388788859167
0.495862699514807
0.368242198467198
0.593433871368154
0.666139891377066
0.61652838199717
0.559649703508671
0.645823375899531
0.519916131625987
0.559259328590653
0.611300346704859
0.517347999325521
0.557937726255711
0.603430391331206
0.74481916511172
0.633628129835298
0.625229333440086
0.61707976158552
0.537405995265915
0.76246784133359
0.557198898082273
0.506428002300687
0.37676219237537
0.590638210675051
0.623079117502243
0.561424296137958
0.565252110895422
0.583453622897555
0.591239626966868
0.687075014413999
0.589989739074841
0.556095935975591
0.696367585462963
0.672219707798331
0.434594894495033
0.730238470826939
0.717389655708577
0.646798917921075
0.45536116506151
0.670722482449971
0.695222405429379
0.450879805746527
0.518863852564373
0.54709806717795
0.781416963733596
0.788845580394174
0.69956976939869
0.651498812778667
0.538152557762222
0.676862969108053
0.556219938128014
0.681446804602898
0.513423577668781
0.676692482944505
0.625600597252686
0.633046383669627
0.840221207717991
0.827991565874017
0.735593842774945
0.708618660342663
0.542118109681961
0.699556066421026
0.756751330204474
0.677894149555298
0.616805674564542
0.515856976012004
0.594526815980317
0.771558722041389
0.72361506748038
0.626988068456996
0.660137371468484
0.650992905901563
0.723030357395833
0.570430302111653
0.752023904184538
0.685139020621349
0.804271399721276
0.645813299786274
0.731028044754432
0.784235840055226
0.828694150226089
0.651266217653679
0.812880680927356
0.660508953000882
0.772874785286268
0.796378497355376
0.70496014335958
0.667146302023653
0.689562452883052
0.770840408089124
0.685853579096227
0.775192736847101
0.621498449742892
0.835516698556663
0.691219034373131
0.669142573697028
0.748381580614836
0.612607612755847
0.799130745884673
0.571533524114861
0.710955617294529
0.892152374114745
0.720794185884902
0.740619046623452
0.659726499476793
0.756210643521088
0.719606070838258
0.72924429176626
0.796370618788081
0.785327262477665
0.80299541094822
0.611303189463028
0.804037807395031
0.80045352039451
0.667403037208729
0.712167242515551
0.792915894878305
0.819914444964795
0.858495962839317
0.696770597167332
0.877030777212491
0.797492097556172
0.901520503315855
0.577457628656775
0.790128226204726
0.869253123869868
0.680045055921127
0.762182479380078
0.752306437925868
0.88195512202246
0.831499630915849
0.768577182592695
0.868818768771485
0.817233092510459
0.758025377051405
0.772881080990699
0.885730300839685
0.829309742974247
0.883679958887734
0.850538563886041
0.847364924578496
0.840004912387382
0.932470461412926
0.773748722589589
0.805534817551804
0.780396107130316
0.724552273137743
0.986556163514132
0.902431762372654
0.84323918796382
0.94375665530758
0.944432621034508
0.761822629601344
0.834058369697168
0.896270234332157
0.910610667600655
0.74479457876113
0.867182055181815
1.00132311334614
0.994656869067653
0.791492841330823
0.876132094223227
0.955160839601674
0.922969793669591
0.888873576909653
0.901362506691659
0.78940194998694
0.978480325392828
0.95254249445219
0.914522482499931
0.832373911266952
0.794836147193021
1.01620262747406
0.818977943978054
0.80076201683188
0.989043529460279
0.78797275753745
0.834573770605103
0.923339472039568
1.06908722637377
0.942725659502088
0.945181683934665
1.00461287104324
0.94177539162642
0.914756128969337
0.934010205976505
0.865046844537427
0.983252085192539
1.04221116114835
0.955432889491741
0.877482280834131
0.986784274263466
0.916736523930942
0.90021035502901
0.91930108937323
0.868313795113225
0.907415733671548
0.869978498418639
1.13821907009587
0.986425117138433
0.862695182456906
0.924883453118974
0.982288832710465
0.911858157821358
1.01044198176623
0.905310417417557
0.942819434667277
1.06652555068509
0.955493078560065
0.945938050522157
0.959222479064876
0.879663839784871
1.02851023563188
0.981507593797562
0.980287149463358
0.907556980047914
1.01041809447531
1.0217457761098
0.970082378917364
0.992334568657934
0.922418249349554
1.04953493353895
0.888210480946096
1.0537528378739
0.825961634314326
