-0.995553622437451
-0.864327445028215
-0.896245943093969
-0.910577342042153
-0.790113280643634
-0.996160387528159
-0.981338929035776
-0.94344875847689
-0.979411112981938
-0.926378471144627
-0.835645335486651
-0.907888188275315
-0.894243568956966
-1.05665948806261
-0.905329176578793
-0.903054577564469
-1.0251828818683
-0.918617942603173
-0.889951220281532
-1.10309111935798
-0.959525420776509
-0.931744776855894
-0.820847170599827
-0.950863461752765
-0.911680774621574
-0.974404561750657
-0.91609590094916
-0.929319822247745
-0.916813827867643
-0.897291770465407
-0.980757625214131
-1.15211657207803
-1.00874911571609
-0.951922144982026
-0.973301055477189
-1.02674701080826
-0.906465857677671
-0.868646364343367
-1.11335508543975
-0.937063766582879
-0.976280341352248
-0.825125576587257
-0.874441572602508
-0.886952484026998
-0.844569197847542
-0.990097796159047
-0.965270346127652
-1.02662443244969
-0.915882878706377
-0.861304405388356
-0.919405909596954
-0.924215682087987
-1.02682769857786
-0.943939794624963
-0.677220115122095
-0.800163825330569
-0.988048608914717
-0.849883122046784
-0.890143006940698
-0.802706186788781
-0.782540551066549
-0.955667460620561
-0.70175855059494
-0.997993637444468
-1.00713374646208
-0.798912572143297
-0.775371436556923
-0.887193978114727
-0.860951498150964
-0.846410283673256
-0.830177834666933
-1.06517238908809
-0.933520309527384
-0.814025471455977
-0.892729952685738
-0.745044948648369
-1.01575153030519
-0.769809914679813
-0.779580176109421
-0.749523907371446
-0.787712659945603
-0.945428321239072
-0.742617779879166
-0.790862808369907
-0.90196637052701
-0.862704550618724
-0.657958906969382
-0.834031390670739
-0.783068012860167
-0.764652987994994
-0.958437769959836
-0.583567456678382
-0.797786453421001
-0.821315868680137
-0.706687835976843
-0.821627362895454
-0.845635745504508
-0.867105081722569
-0.87625543182528
-0.610165664234919
-0.861253821501607
-0.715695325686761
-0.715477080395347
-0.757485811058564
-0.982077586242285
-0.909725451780869
-0.785962464170671
-0.674337340893766
-0.715098619651924
-0.934962702779882
-0.598279282642286
-0.68876285813945
-0.797479691262029
-0.775254002519008
-0.829676554504107
-0.776753073158947
-0.760222308289063
-0.745214616460228
-0.827754098422678
-0.863324259630324
-0.72479387847456
-0.789614527869714
-0.763193429042095
-0.941285772143185
-0.773998439995597
-0.79605209834685
-0.74505713946789
-0.760951591478334
-0.630985893599417
-0.838459912777804
-0.779129702439577
-0.636697802978319
-0.963822001324246
-0.733840590635067
-0.751608586088906
-0.832724139916559
-0.517522163857629
-0.66625085144432
-0.794529836667212
-0.69278280407801
-0.779699857437286
-0.712493486505843
-0.723814099899083
-0.7103290388982
-0.744464346257081
-0.748177983303559
-0.484374480647304
-0.706483783327513
-0.751062106610943
-0.702165540348535
-0.672577018536322
-0.571235260180035
-0.73425213701955
-0.880368398983286
-0.614425031548451
-0.652603927485301
-0.591028634457902
-0.625763657982768
-0.800026868583385
-0.733299928851659
-0.787158549123424
-0.632888067782917
-0.572035576838386
-0.612938161812261
-0.685315266493777
-0.66075454438357
-0.718555645303116
-0.689343182130941
-0.605662561039813
-0.642208262096132
-0.523009895996605
-0.62776704008948
-0.633432060418865
-0.677052335233742
-0.658571955554548
-0.746241502587819
-0.504928327175384
-0.610122778755368
-0.696834372266014
-0.506351209210693
-0.690220759611709
-0.65896051537932
-0.631452529287655
-0.688493221157802
-0.55785052705118
-0.704633348881731
-0.736560229783854
-0.434908142782669
-0.543458514227342
-0.570274472446592
-0.621836522465548
-0.677169842652032
-0.635227256165727
-0.638391935138553
-0.552430793665787
-0.689571975359737
-0.694615261161923
-0.609124097695579
-0.656516494780859
-0.689361503042537
-0.661953182640213
-0.555321864316989
-0.611018875184291
-0.44352373296145
-0.662576148911428
-0.614907378788603
-0.56394173402743
-0.708932231913502
-0.573260641843305
-0.549815175795298
-0.484881173083634
-0.437232153690051
-0.449416713581323
-0.543895418089491
-0.56181441486333
-0.720707852162046
-0.489121027267495
-0.504804568878922
-0.455421147028304
-0.64488869510102
-0.69608505933034
-0.482202583253406
-0.616009333435444
-0.570102023604143
-0.544907259607998
-0.56681052987374
-0.543761911008971
-0.608526239894752
-0.642656628555654
-0.55997513862479
-0.400139911545798
-0.523298008905415
-0.381050498862882
-0.571258961335119
-0.517141125113441
-0.579889535087042
-0.398604417574532
-0.734262842784093
-0.666752044763489
-0.565172298465494
-0.609197954063756
-0.532424392970128
-0.502359041661662
-0.463561148950102
-0.477833949282016
-0.573091844934096
-0.362800006262596
-0.522683497184879
-0.457409216351982
-0.323533487234789
-0.573282882902948
-0.424141097933142
-0.441000072443598
-0.403575426500954
-0.597651540814413
-0.505014479364807
-0.574333736968013
-0.455524525207042
-0.65245417723647
-0.572832306330727
-0.43970418343275
-0.44516931260209
-0.554047322913366
-0.410676838572918
-0.432910456263504
-0.542558301770036
-0.521314197370706
-0.384987584828922
-0.670200195281109
-0.512376168475874
-0.50819936648269
-0.452391908410209
-0.411575629491187
-0.435845706523892
-0.405539779828749
-0.411370393901321
-0.507025104736376
-0.412219367933907
-0.529862775693933
-0.663410205454732
-0.396060100196371
-0.492710302602624
-0.430679625766944
-0.374042739604508
-0.459031656561905
-0.520501279828402
-0.470743665195762
-0.435270539252287
-0.452668331661736
-0.570830506609099
-0.361250172384996
-0.407163184367081
-0.502216990862152
-0.465352219499365
-0.477287776812845
-0.328385176234153
-0.556530587362825
-0.24042462472092
-0.373090032544481
-0.461525030263187
-0.431235657454506
-0.433307819320686
-0.543723668449794
-0.342720468190954
-0.410586435563958
-0.42642832991272
-0.287328870654797
-0.561545517862936
-0.384166678403115
-0.420101079185907
-0.379469483542443
-0.404900135842002
-0.437587874441584
-0.366020380721904
-0.363474119677733
-0.377861115067177
-0.434008644686269
-0.390884088850758
-0.396746551281319
-0.350539332179028
-0.384642447825793
-0.410018376905009
-0.310970355254023
-0.364520245782947
-0.368804761208693
-0.584191330127483
-0.33974529474115
-0.259826152870111
-0.390170188869896
-0.3100393185941
-0.406297969853793
-0.396847465043942
-0.410886025834786
-0.459657438750228
-0.445737017743076
-0.432044315830721
-0.305517132923477
-0.293361156154629
-0.40254015419694
-0.408009329648262
-0.299155280844147
-0.176905247764876
-0.548514581280449
-0.245171245541184
-0.302641717380086
-0.198904562857513
-0.157038835122456
-0.265346510909379
-0.304520881668202
-0.318598005632021
-0.352741750518339
-0.356272254992158
-0.327158388062865
-0.180217094242874
-0.395525430363118
-0.491538234491022
-0.337235842431094
-0.319845054674309
-0.330036343045338
-0.389363757025043
-0.144248843016574
-0.382740612730154
-0.367500589267873
-0.385531850095035
-0.178689121956606
-0.28874011460687
-0.266044875248953
-0.287575056119152
-0.345481295822593
-0.303266976433581
-0.132917274377437
-0.284097881333061
-0.222941017720212
-0.326382647691695
-0.374154150532808
-0.248661168455174
-0.270607297641962
-0.300407491456161
-0.21412410934652
-0.312609417864046
-0.221618548640846
-0.0836213005081752
-0.0910180434293796
-0.16147798971252
-0.327658620067266
-0.223703042032383
-0.200535770111709
-0.18071976287337
-0.064120604709196
-0.261620846505991
-0.228074902252677
-0.268188098939365
-0.229515967239998
-0.204913215730084
-0.246183728167035
-0.223023504610121
-0.221476081730566
-0.231611093849522
-0.242799081709211
-0.0879036297839521
-0.303421779094323
-0.254989554559652
-0.197373594277757
-0.235712667175362
-0.229273048526077
-0.170905128670222
-0.126613583097358
-0.396132092669423
-0.216727667545048
-0.166346380632148
-0.13805603523051
-0.176221418737388
-0.217749627068421
-0.179825375118008
-0.138166679824129
-0.146097682647761
-0.231234829782714
-0.210102439830203
-0.133640641893912
-0.192546241133393
-0.212716030073818
-0.0719244226191714
-0.127382007989508
-0.142296275938492
-0.116668649344813
-0.191453116410573
0.0379887237347416
-0.274859874393662
-0.247186078840002
-0.126681508559729
-0.105255876253843
-0.200272529954029
-0.157903105995905
0.0765573222765895
-0.0488202832984544
-0.199976759013947
-0.217317152032356
-0.151586330696865
-0.0598437709858938
-0.184007279883651
-0.160968269492219
-0.177826456214291
-0.0390949751921131
-0.00193065523072469
0.0245039064081947
-0.184779707903416
0.0241726841637902
0.0176242612905317
-0.101149987038562
-0.164311966408327
-0.153848853191769
-0.134075547852421
-0.0393552129293563
-0.0848303412948558
0.0933444542345724
-0.125356246262878
-0.130947573952257
0.00333569345170091
-0.0387116739365968
-0.0768861723347293
-0.0399400357189447
-0.14330870071242
-0.1999580987704
-0.0657289308550054
-0.175693746893756
-0.0566474691319684
-0.0788532740726278
-0.210067348268598
-0.0753801795042403
-0.189830576568065
-0.0143512698995963
-0.026372028503896
-0.0197920365997069
-0.156339741386745
-0.0617000104995839
0.00636843157057461
-0.0934608407725521
-0.0240796791331166
0.0944929311809124
0.00794506834390851
-0.0577777570102555
0.0157835146390302
-0.106952883750951
-0.00343131029166664
-0.0304147291988565
0.132831919261
-0.177719168745914
0.00533276367530703
-0.0556564235281841
-0.0804666887723451
0.0317396685326257
0.0433876034481609
-0.0604474365949037
0.023583362839968
0.0486953788865084
-0.0906418920356201
0.124078859409635
-0.0479299474315703
0.0899664806889924
-0.0285741017457293
-0.0187717988736586
-0.0214839941344234
0.147111928628496
0.0237569417367281
0.0164446173418707
-0.202339917055706
-0.0602893626937643
0.0701651619533758
-0.000325218278209306
-0.0492760606194473
0.0745773793950647
0.082963471057026
0.0938467244097548
0.14408536769743
0.0152288123194396
0.125221263297186
-0.0499978040242773
-0.0118565719434602
0.134066959189879
0.104245512940663
-0.0265989702700852
0.0315597589649688
0.152100797399646
0.0977106851231039
0.0440178673985143
0.143002979617748
0.00933342093619344
-0.0171298863944793
-0.00489927168824384
0.0545495311521729
0.0629938019753173
0.13244078112533
0.22524486181972
0.250470507531537
-0.10414732872241
0.195301510684285
-0.0377133558784875
-0.00172006946540473
0.107022741839219
0.187534809989954
0.010812875609296
0.221160413062082
0.035943833245362
0.0427910497237541
-0.0745984788948463
0.156438889886597
0.16144309716019
0.129106344317017
0.0418623052691329
0.0948400858007441
-0.0681431190251812
0.00413324180289774
0.0634521914281275
0.250638315743834
0.125834545537011
-0.0244179936549859
0.24171340960522
0.0673337449438565
0.0818258309708739
0.22883336715254
0.132239646492899
0.161170532422519
-0.0356262575811103
0.0420454330968315
0.0202880440393954
0.220324880039297
0.0876813221275605
0.199219018885554
0.00878462894206282
0.129082438184238
0.239498200676834
0.0773155942832758
0.104967890467048
0.229737259121919
0.226787231381566
0.120294217515753
0.150513998825484
0.115343565544565
0.113103437964665
0.182304169993365
0.256601489286786
0.198662809618194
0.0802418443175479
0.140900392591466
0.0864108048793834
0.0975695340003892
0.16784474994126
0.28627637986755
0.194912990587125
0.196262809253091
0.0454694220573498
0.222038651953767
0.170013099929765
0.16806252584103
0.182215018841926
0.068373937701414
0.211979095461623
0.210859265142797
0.301686857258729
0.264361948526253
0.264502082713377
0.154838977714339
0.136367748278775
0.167647708330094
0.131201903248832
0.32768447275806
0.179005262368922
0.338296120011053
0.340847001125118
0.369043010721129
0.14524592373814
0.21696487362906
0.269342159660655
0.234838569033865
0.112748632726537
0.25418763101583
0.191810200689151
0.0736727233376657
0.276268747136888
0.114504883320895
0.150218546115529
0.254635469428104
0.264577415876915
0.313400726167139
0.392940560208581
0.105476936099499
0.308109297155141
0.309488129281309
0.19837852505385
0.12964510928351
0.210387405308999
0.250451761655103
0.241299928248844
0.335193592110694
0.219756701649329
0.281479576183294
0.400246225147009
0.268210573805749
0.115360546027238
0.209813798336054
0.177481406835765
0.325595268196491
0.246155106766447
0.355972996191414
0.217668821122855
0.303818878549741
0.296266706848773
0.12689052058937
0.26898741437419
0.307513943805793
0.325084306859192
0.145816744622651
0.271972223444308
0.271820579946141
0.467734863320051
0.360505731349291
0.389545098329585
0.535770790546421
0.360628995235544
0.295444302777556
0.230630542651607
0.355543239182931
0.464274206832184
0.280071536497957
0.158308845269526
0.398845908750609
0.390683766101299
0.353246008744136
0.31424888237518
0.223918532865457
0.238345586104676
0.369551375709857
0.352081067751324
0.25969430394271
0.315450203822308
0.500207503008525
0.488843107206771
0.260652401647102
0.304437004593773
0.29470256094363
0.232350254403878
0.358749991785724
0.240036450968771
0.455286839494076
0.35441043671801
0.338465175780853
0.44477799496717
0.442943307028354
0.401874253368844
0.47018104184154
0.529316864555177
0.433432576945144
0.28531489174238
0.3859414704869
0.376276346428992
0.445682701738567
0.346415771031856
0.218904299746807
0.299247475892062
0.43016771679551
0.380164919089057
0.437045842314495
0.440352587769874
0.466031308132972
0.361836896142913
0.450673616928415
0.261099684325298
0.439008527483402
0.370908392162834
0.596308065429728
0.543076387614311
0.390532526215595
0.290716020013195
0.367380796078163
0.445736846621967
0.426772556070349
0.421522868883592
0.41340337615535
0.4704179345889
0.585730726669911
0.466075942029418
0.518712157665755
0.437174843563786
0.276470525792705
0.538768420656803
0.561605057592825
0.488433046798568
0.429406291094478
0.278293372957351
0.318782385639292
0.395056729203671
0.514290291226177
0.438353860129541
0.456962088254605
0.34599100397663
0.368541774069183
0.47927182206557
0.545239974808768
0.486414947917364
0.301816102415179
0.504457053725793
0.407515984611244
0.378009875442423
0.378232446051981
0.551565868514333
0.576047931909918
0.297793933870457
0.399603643110211
0.537406901021906
0.551957761155992
0.469169127326838
0.513689639189388
0.419254360298731
0.458821891130494
0.623682531000284
0.359631426468716
0.644484706562043
0.517177521902272
0.367930852384074
0.462106732736965
0.615181118196856
0.57740570049482
0.545340976402393
0.497158389032853
0.512929334686018
0.586234363327648
0.561184921879247
0.64471452123922
0.584125760655219
0.590324022907422
0.490991981321719
0.50564174829437
0.510990261696397
0.507420815493061
0.775132453357051
0.577396464652177
0.508297295544405
0.385001202847347
0.500793720416023
0.644045775974777
0.526261954561632
0.657864918264508
0.483897869903919
0.589621495260052
0.723177231918388
0.61567902521669
0.600642923347659
0.700162211154453
0.628165856564306
0.562996158819456
0.762703367718196
0.483858110015094
0.624973682700895
0.530936627520902
0.566626482268321
0.562577704535826
0.660910127798867
0.630961430223206
0.604704936550749
0.559032438054482
0.603424731389617
0.477138837328789
0.584476467922242
0.699440450490544
0.594172264611388
0.607433262018659
0.554917205806475
0.496862543228017
0.667411482576448
0.573992227513972
0.807170371908198
0.611453229994107
0.495091426974637
0.586245742586366
0.590845436412524
0.721257804291187
0.55925408394037
0.690280400533377
0.657650833294049
0.785642866623016
0.673851835765452
0.694567874181612
0.641857144891565
0.735549630768054
0.630308488476144
0.57423196495307
0.736312181038822
0.587092866534013
0.679571231882492
0.782869102752826
0.736413004212007
0.72686477683339
0.704937961643617
0.612734681970907
0.528674283794685
0.739218385298493
0.592760624111923
0.601785724993124
0.795114640017576
0.677643214468709
0.529963619268217
0.538515965601499
0.79660513639742
0.5168665288305
0.709257799757833
0.626805906154221
0.881842319870277
0.737645539721826
0.688523408458186
0.721452525242842
0.700668580096629
0.760544085727839
0.848598276719727
0.625002797335352
0.731804273106514
0.834516665107856
0.889658820755301
0.724345816217427
0.795501569792198
0.824649002620086
0.673284464321704
0.808524002537555
0.697463347447972
0.679825233892088
0.713582570397837
0.815949028066706
0.809001936442679
0.689968287489652
0.781793300724803
0.722832175804312
0.705817757413182
0.684909279068279
0.705084131478811
0.887662125506049
0.817229982788045
0.721682720186448
0.784131819779512
0.791267728139866
0.721157373236193
0.789705504233158
0.816660878587921
0.772859135928134
0.855080596945783
0.819922584916166
0.871074876349961
0.861324982955201
0.67343721294149
0.817472415861986
0.825825038816836
0.709884533366237
0.879395471875938
0.738760708448351
0.909481812882753
0.851862119438969
0.956449784294021
0.87775502613992
0.850951185300756
0.740505140108712
0.736819817418522
0.746209415973335
0.854893453557756
0.877804155830332
0.731646086669636
0.900654666911991
0.747048873639909
0.930996565667772
0.879961908640896
0.680974881348468
0.912070889014739
0.760943049984539
0.688210213596095
0.72861212133707
0.75560170189245
0.974413649166578
0.971022928688649
0.9252924448906
0.795142023670296
0.787592403110435
0.716340091780338
0.974614764842682
0.823526263183129
0.873847636229064
0.82188839273581
0.842244807949958
0.787415633239808
0.860814414349431
0.851861100632577
0.798446525101027
0.81367151444327
0.991070636009949
0.760367111298259
1.00326630605321
0.893580422333721
0.833562310804579
0.791106759973186
0.710629479850488
0.707942188138434
0.897558715442075
0.877804361100477
0.88646709722761
1.00483465537809
0.867513568780306
0.90688687787242
0.95231642622062
0.864779420331528
0.769902185854178
0.897262365550541
0.902189150816073
0.936102603047559
0.988783161769404
0.992652500115389
1.06155280989897
0.992770648031487
0.958840519579524
0.879607177549998
0.968579745533731
0.985030697114746
0.881717702250147
1.01868874795087
0.848248835200419
1.14684635904804
0.988331579150188
0.794081909441582
0.977338998965164
0.908450124576328
0.750427334848415
0.886829821294211
0.96798522759727
0.902658809523833
0.818595703542327
1.02689499588461
0.988884858655478
1.0280911516273
0.934306952738467
1.10505404201968
0.795122838266254
1.00055383431421
0.904523559291648
0.861381031132498
0.881817808366385
1.08631870282967
0.906006763697699
0.956884857059812
1.00537593412794
0.921722495201584
0.96178090878867
1.08031967586072
0.93359196107365
0.919866856275091
0.928722875378822
0.999430467054946
1.06816890351714
1.00413488234497
1.04189734501853
0.917453426195847
0.958042846595596
1.06309784307371
0.998555611457881
1.04560624885488
1.02297254834882
