-1.05268623988725
-0.994234803917746
-0.871230428485309
-0.939300793506986
-1.07336318948125
-0.87177915891013
-0.903919235808857
-1.06889315632064
-1.04409786733815
-0.877587340670587
-0.814471095588033
-1.11027133102214
-1.02763043487653
-1.04068328438133
-0.880693489478365
-0.952468302787337
-1.18452588069248
-0.943665128017398
-0.942062790693539
-0.821478006171648
-1.01680226202009
-0.858500443655216
-0.933722908382786
-1.02957227163126
-1.03510886248865
-1.12112726644458
-0.916276076558238
-1.13620087781542
-0.946891306490907
-0.864155376371445
-0.995752619974253
-1.05261475868695
-1.01921085813413
-0.863042730050685
-0.947279771925127
-0.996730944232832
-1.08296538701399
-0.900627071157693
-0.916259231858058
-0.966682957778506
-0.894941152679164
-0.872714156818453
-0.825158305787077
-0.861778863700089
-0.917338758512935
-0.95471609933835
-0.989563559732398
-0.896510123713983
-1.01700584927138
-1.04113884960673
-1.00348302112187
-0.867488586431774
-0.900595001715152
-0.88175590699507
-0.92740026275547
-0.892166241154241
-0.860483616728319
-0.999519017444282
-0.77829528416603
-0.918693281450793
-1.06187830218428
-1.01296362285201
-0.744228517317992
-0.835427574076159
-0.75935144710893
-0.813554254605548
-0.756596329262801
-0.766226556675907
-0.848658223224898
-0.91916429708128
-0.929449351578592
-0.909542802102249
-0.842679528504893
-0.858849567071918
-0.871476063657514
-1.0355558701277
-0.759570129335502
-0.83832273807454
-0.967659652269556
-0.712497735006636
-0.876057819398173
-0.821131724633959
-0.755876949104457
-0.76837984470563
-0.833164647909107
-0.847780973350265
-0.820795081028428
-0.823655421411073
-0.868210410194833
-0.814911488896276
-0.871175621309958
-0.857611694717896
-0.735153571807218
-0.746784658302981
-0.782727611303195
-0.840387455991345
-0.850928251917105
-0.742487691038861
-0.799012793637539
-0.885067117299812
-0.925235867911346
-0.769789941561979
-0.814716250619912
-0.932501301917269
-0.793442539102701
-0.837228211802076
-0.814179271605085
-0.751509383512731
-0.800939021673086
-0.905033258476947
-0.73501462164218
-0.715980128711528
-0.786583607158173
-0.77187562499031
-0.745846324701081
-0.671684946427226
-0.694596743388128
-0.854025123027011
-0.884169730548568
-0.783035563505872
-0.732532181508721
-0.661347473382572
-0.792805616561566
-0.674568569456953
-0.724772923480648
-0.579746589375149
-0.596757783963615
-0.782572146683959
-0.744400362439341
-0.773319102706941
-0.708357606406059
-0.700331225498824
-0.798343987488315
-0.754594720251985
-0.638348773705364
-0.828043302119953
-0.80424450660703
-0.836533730761434
-0.723941034740642
-0.673629445650518
-0.754216499735189
-0.835040636214923
-0.745051505399976
-0.811995859548377
-0.74616472471112
-0.802152690983936
-0.702118434590261
-0.669161701467293
-0.523238432150529
-0.731568318456582
-0.692752824154431
-0.705534299699583
-0.711182023596062
-0.624136492396919
-0.607876603990301
-0.616140974523263
-0.759368762499821
-0.733620100309613
-0.696490319242137
-0.747572026697586
-0.867314332399441
-0.539234464138935
-0.711921536468534
-0.744971257307125
-0.690348910579778
-0.644559712790726
-0.709412160221426
-0.656704105622895
-0.721704347502769
-0.664366128113765
-0.66835673271492
-0.587315015080949
-0.598279140773423
-0.652007805060954
-0.674406363600053
-0.546233281082743
-0.869404057832882
-0.712783830780531
-0.736644226184243
-0.672054280173974
-0.657544268317262
-0.655202328069381
-0.637951079793365
-0.694293290299297
-0.53103656694352
-0.716023137623405
-0.572426080225709
-0.478932417832831
-0.610144430137858
-0.551786156728547
-0.562772366882561
-0.660209878551414
-0.640637981845449
-0.668532015632026
-0.647899478074511
-0.700973728592232
-0.662264288180712
-0.64085887004865
-0.571108734026518
-0.56675955841651
-0.666330263821069
-0.623539554475471
-0.70024825456052
-0.537835591269115
-0.599771495106909
-0.618512598370147
-0.527725351010133
-0.642601715556923
-0.732838617642785
-0.729094621786874
-0.627465871165341
-0.664532962291454
-0.651214198488456
-0.464168154497591
-0.49227650243347
-0.654816614007847
-0.464497536457731
-0.610076306365523
-0.448699454113051
-0.69345342363377
-0.649861419021506
-0.567531883007394
-0.601756240240697
-0.487063225492742
-0.490288257503827
-0.602472909281196
-0.58192723365338
-0.493694966678656
-0.361638355009194
-0.583245295575766
-0.419092465980746
-0.497296266699391
-0.677869071733288
-0.434186083448131
-0.427930522583672
-0.553744651004489
-0.350548151177273
-0.727095681132864
-0.554419541770004
-0.624559301978554
-0.561564352676135
-0.490935640932846
-0.595272865941875
-0.379914774431788
-0.54731469610672
-0.497790819131677
-0.55534126585911
-0.463972895910234
-0.657027478242668
-0.635368225893567
-0.517144692419468
-0.514350854807166
-0.63924403443695
-0.434600885011936
-0.456977924276409
-0.529126204140694
-0.635958671096563
-0.4575600971269
-0.476835657724569
-0.474710547748055
-0.579045039960283
-0.458709391036127
-0.289799126355208
-0.657041914867256
-0.454614315739604
-0.591151633546449
-0.381040601630486
-0.51246989531478
-0.468543239942478
-0.533971181903481
-0.462447511663858
-0.300657244600509
-0.597435460797827
-0.534977526727563
-0.464897297907504
-0.544912967729124
-0.413583853868218
-0.55355362273575
-0.486976718313409
-0.483251886758048
-0.620484132905129
-0.546709117345865
-0.361581277087376
-0.474111388080323
-0.376040604362736
-0.425879617553388
-0.320169972216286
-0.61534458155134
-0.510825165042933
-0.392441919371187
-0.388224391191948
-0.505326731195718
-0.226688262714943
-0.371904406694128
-0.235936071535945
-0.431696048959629
-0.415538786768254
-0.474915772700737
-0.525183449260535
-0.323964577818824
-0.464084510660117
-0.257130351995239
-0.327773417674899
-0.432976518877885
-0.461442813008489
-0.338311630792541
-0.237018988142065
-0.389408916442559
-0.433913428889375
-0.464101790846803
-0.413415236034224
-0.348018826901044
-0.304546790284157
-0.420190433168445
-0.46442645533491
-0.323669716822819
-0.385307986247365
-0.357436195530864
-0.447670900126397
-0.321016511488042
-0.379841648756398
-0.422317530609289
-0.406985160746372
-0.455021675430108
-0.29715550674013
-0.324459070331457
-0.364266540635352
-0.500796797852408
-0.371828953484656
-0.170227359784429
-0.317878299398319
-0.238245911064143
-0.421370216827624
-0.283857485342415
-0.0105317578309845
-0.331296574207749
-0.339195487247732
-0.416320309084363
-0.31632091457012
-0.329560657809727
-0.303838838393917
-0.297484306270636
-0.127138191792171
-0.34740193706938
-0.171566330545391
-0.342221371599047
-0.36330622413447
-0.274523311589724
-0.292693447287858
-0.253210195780973
-0.283670712178792
-0.272123460962172
-0.270373659443845
-0.352632858619757
-0.194602081159995
-0.224313733455266
-0.325385278881356
-0.386498430746307
-0.360849790121091
-0.335670511491071
-0.318059100956778
-0.336704741620601
-0.423067418756787
-0.159573076078654
-0.277936243949968
-0.262775950501012
-0.229754451518254
-0.280158224184852
-0.213461603934271
-0.300479580909991
-0.18036895124688
-0.210730680930633
-0.265756880544684
-0.255119502093224
-0.226802374544955
-0.203449988966748
-0.296719338692123
-0.336695233543945
-0.178709479411269
-0.225801628321311
-0.324090824394093
-0.328322263966558
-0.11801172726461
-0.22396475709268
-0.13117589152467
-0.229381303013939
-0.198753376600046
-0.185754100172827
-0.272113962719898
-0.352292337806968
-0.272287546878046
-0.244177063744323
-0.234743528880547
-0.144736072435838
-0.180086526642058
-0.164733383791769
-0.293845884918476
-0.290624763061115
-0.174324508986771
-0.274025778728627
-0.0856958645547023
-0.204137594057729
-0.267991090373267
-0.196391891184162
-0.110183972770497
-0.208638129805283
-0.221572203276695
-0.243867466408023
-0.276527174104024
-0.165496836174714
-0.394228133214419
-0.0609844919495098
-0.210063960537001
-0.250612105258293
-0.136153522891273
-0.0110898295485318
-0.265024301547112
-0.143637672469217
-0.155883415349758
-0.227039524251224
-0.408599148054824
0.00686791577065541
-0.291580257266659
-0.163265170974154
-0.154208787692141
-0.145751217972621
-0.0753314098035028
-0.317236370753732
-0.186825962802897
-0.131146148461535
-0.0997589544633216
-0.254622106196751
-0.140006025254604
0.0226518963999099
-0.235019326386899
-0.190776631052903
-0.287412268337648
-0.11695320366985
-0.156613293647429
-0.158135806807051
-0.101879937075756
-0.14082833812287
-0.140144771642407
-0.04830134568077
-0.139873033310108
0.022414406288292
-0.0669717831821522
-0.0323150383175228
-0.159544662278748
-0.183144559262686
-0.2521475056157
-0.125990316620443
-0.0902120228479071
-0.117703827391896
-0.0589875185271782
-0.0648034760870178
-0.0834146527281598
-0.0691856209198613
-0.101165148091114
-0.0559951069018667
-0.0848351833623737
0.137409719800347
-0.17540658643087
-0.119817922772944
-0.0499528238809892
-0.0809604292506937
-0.0675963439043009
0.0527450107977749
-0.135058524341457
-0.0591871507614114
-0.012344818168195
-0.244037250787156
0.0617774947374242
-0.0654979712649777
-0.0365430583392175
-0.0674759669122059
-0.145599555851556
-0.00479518491105442
-0.202134875867398
0.137981196690357
0.0622355225165301
-0.154356473044073
-0.110162318165213
0.0629102683205208
-0.119853686535961
0.0367132181668067
0.000794501441004468
-0.152366155745702
-0.0323069996702373
-0.0446863645874385
-0.0240665119450617
0.0804708949042818
-0.104638894465334
0.0773540262112266
0.0321636273970327
-0.207171253512952
0.0303510741486418
-0.0731777865689012
0.0484215482245978
0.0497986121927491
0.0552761894289858
0.111293695506804
0.059733331915982
0.00390127492016052
0.0347124255253434
-0.0458732313993213
-0.0338580804973713
0.0545672174941024
-0.0415892787220457
-0.0424775125791122
-0.0402505975023769
0.0115765975302171
0.0846035484277111
-0.00835289808985546
0.0168050227537265
-0.0280177800111312
0.193904004965303
0.0595578062085884
-0.0136782714908985
0.0340966924741509
-0.111196890860774
0.0376104945071585
0.0190187843200841
0.0363379092245487
0.016380549106502
0.111607937203364
0.268121338933704
0.100311008271803
0.0647484847506365
0.0160693364488684
0.226664666749707
0.0817102618891558
0.0480979555377957
0.127553211566239
0.116172711422599
0.0900481685697544
0.133398363055503
0.107969715161356
0.022388159704052
-0.0486322667114047
0.0191882380812666
0.0731276437345439
0.100537315343766
0.135540443345325
0.107949934908806
0.0696399027134148
0.180965288574335
-0.0222310043881755
0.0610856013891182
-0.0881606054658882
0.216720784775373
0.120668037584664
-0.00208748079412469
0.168479381527619
0.182437393570788
-0.0835178505695319
-0.0391226829824501
0.111265128807048
0.0659460581898536
0.17054639287429
0.0928563459174764
0.230203346365701
0.0410965033197341
0.057268936757484
-0.0141040660723721
0.126296869066515
0.0980835869064779
0.164908562334
0.138894627369495
0.171930696466877
0.0881804490093557
0.203571718564507
0.229344544056278
0.280269400403518
0.150039090871773
0.0506957194052142
0.257343222427887
0.265242595967452
0.0925977731868088
0.166587877731731
0.288900830601845
-0.0663389698216964
0.0456065262372058
0.195208442206482
0.0993145012744835
0.205752624250597
0.0841009986993378
0.0673091351433428
0.120125543754991
0.212199006260524
0.113835355285659
0.233298147618296
0.0628768887803315
0.179313211188439
0.135814420646515
0.32548178373302
0.282067285774691
0.369974569201623
0.0935883951226687
0.1433950888426
0.108450957391317
0.18913081619506
0.107662701154082
0.261997218797466
0.140476106653235
0.359311431270731
0.182076628715095
0.28321567599049
0.222438980471029
0.214691712794267
0.261063932532159
0.414321071859891
0.0352858853203979
0.225868035102092
0.338505277642494
0.353953397087972
0.146844015811394
0.0915980352960092
0.290041589379248
0.293512520468054
0.202930667429951
0.182153091781343
0.391459753570831
0.294445577407863
0.150703898368145
0.266541219027558
0.341687114071116
0.204874880795855
0.234202346381926
0.168578211044983
0.425313686149852
0.233027091127399
0.15131855237243
0.36372804497395
0.321285838805547
0.269973399556442
0.282732528888787
0.212117055259563
0.166232030958512
0.30369191442865
0.236565357060353
0.170620635336915
0.16214114908695
0.254073643370869
0.268645663613238
0.443070226692415
0.332092340807802
0.200967744532935
0.326457400515765
0.163468146451927
0.265806837586196
0.321165965647407
0.326570614913664
0.260134201151096
0.160389156735175
0.381318937924769
0.392883022034122
0.304766969598732
0.340239510485167
0.271589511774602
0.252020731927891
0.326343866756264
0.345617814021344
0.36732456341846
0.162322184668508
0.400166505459947
0.27165326243707
0.35575993009975
0.206834616665196
0.287899313950556
0.278235685816959
0.452539477257726
0.413558290383513
0.25786191964642
0.384434088473055
0.287912626303487
0.420578548593407
0.358238747626365
0.515092043043783
0.432925849146941
0.277779621320108
0.264764157780328
0.320687198943356
0.480745650105423
0.473287107236574
0.394604667714585
0.154279879467195
0.477182136971112
0.306156657921628
0.378076466050411
0.317732999504509
0.425240979101163
0.304334923956096
0.422493715342034
0.367787665163349
0.403437606970247
0.39952624903662
0.479158065157648
0.515271664180934
0.332036107855726
0.439575241914011
0.488143813775418
0.433211606168203
0.462748655561316
0.466929878355946
0.545358706595588
0.351727356856684
0.314307834470959
0.339404179536619
0.422650506791128
0.431177104784686
0.426063574010055
0.435905316545959
0.439006830198825
0.318071430886853
0.395648985314465
0.458997105325673
0.415363903995302
0.330137711054406
0.530179727311007
0.429199057387238
0.337113565740188
0.502199470735403
0.550483755074475
0.474859405440791
0.388906838831132
0.484859612906075
0.45138654574066
0.597680698282049
0.577386602253277
0.432093585070096
0.386912378808528
0.43915767867997
0.388474531489777
0.351807498415264
0.435357611972356
0.43834765119357
0.65640052246806
0.221667047901414
0.41522838311931
0.53636586809134
0.374138367699011
0.38500540805926
0.428333025205319
0.430350142302339
0.41768064058069
0.623698314055945
0.545877430825917
0.424311318132369
0.538088098563821
0.49126213122875
0.396185544243114
0.620926559383258
0.457446437921604
0.42190242868786
0.654174534047483
0.599304829421536
0.550643557863791
0.451616716123334
0.543930720268057
0.596714423121289
0.547803938225513
0.485299520247963
0.570872748033793
0.443671349510879
0.365860980029911
0.557291284637776
0.479677411925279
0.428144166435773
0.632488348261576
0.398609426262277
0.54324091949232
0.507978009374189
0.596745894005099
0.538600035382617
0.523511380646418
0.497096219466832
0.364539509163806
0.597177672925375
0.673346021001659
0.621791342496384
0.569582099422448
0.663211667474267
0.497856803209318
0.582881676962188
0.599842166168652
0.507509789544183
0.560916593754213
0.584382625582963
0.750294394558782
0.648708273678209
0.633826358698794
0.613156293556055
0.520562059682204
0.76481176464037
0.558058052348827
0.493524810269948
0.367014010986356
0.587095184739536
0.651071356965994
0.567226253080094
0.571546839221779
0.588044030080548
0.59790738997278
0.691061309033239
0.60216391747976
0.540592527126286
0.704285349631921
0.668281861457448
0.440964303282437
0.742023197635286
0.719524213598731
0.632875803302584
0.485930113834763
0.667990231807728
0.701929967586341
0.461210136678362
0.501178033306714
0.534069277695474
0.778864090365122
0.794643019295863
0.689402099851111
0.665780630996691
0.543785858216106
0.661724980631732
0.593233900129079
0.691150383397844
0.523909923236068
0.682899232138103
0.612771875638797
0.609755254442258
0.845445705522203
0.825852985178854
0.742145276270566
0.6970992059713
0.543311402268378
0.714430473493646
0.751392013535
0.67838328238209
0.616983590858072
0.520170697609001
0.588164214921469
0.788663823713436
0.685506188740616
0.631550100448004
0.662567295112277
0.655921044939166
0.72363976794986
0.585648191501193
0.747678371487995
0.678212332470542
0.785988549301503
0.667339827918263
0.721903451472312
0.765858682290699
0.84998217030074
0.640706801743494
0.798521527349037
0.644055503770777
0.771307158050074
0.794320219512771
0.684840732265916
0.657039969748333
0.712626495968365
0.781505392845552
0.701023635523248
0.78681196269007
0.617270227192634
0.82684671727528
0.710981387561207
0.671748182848427
0.741427710285848
0.590716255043276
0.783481281091826
0.570001899240898
0.698799591972564
0.870482539527271
0.717811869482372
0.757329637017131
0.649812593284865
0.777228839529145
0.702883529655634
0.705736658341165
0.809243726234083
0.790342474937131
0.798415499659989
0.611969599401178
0.817783599323832
0.793168442530762
0.693194730966027
0.708854908195097
0.79544070068439
0.822203589796901
0.844705379838887
0.727845977360083
0.884618914784166
0.809251675305251
0.863368640374309
0.570705473150553
0.78001921534474
0.873880355980192
0.684752153973557
0.772964908684547
0.746281200871435
0.867954149867475
0.810125012825637
0.776440137898491
0.893909004407812
0.819423741760922
0.783662389325049
0.764999649693509
0.898002083567917
0.800086789546138
0.88282070335961
0.856722304660832
0.842602193884662
0.82814673184779
0.907438392547333
0.759171451587411
0.791906196388279
0.756199201378536
0.732093428373092
0.996670889528025
0.887554516963695
0.820182170448867
0.944553342953425
0.95695126832787
0.77010941227402
0.831364223254372
0.908352338391316
0.91736595880888
0.73390147180832
0.860807169576757
0.98676642527964
1.00906037491056
0.792410944475922
0.877988592586125
0.945618506288271
0.940977528252609
0.903982407447128
0.904652599569116
0.787686514194547
0.986608797060925
0.971434764888358
0.942554752062096
0.833859688220331
0.799409710326795
1.03586279999821
0.823716111286879
0.80097240976771
0.986203143298686
0.779242435719553
0.821815014560761
0.890731907050539
1.07174782906438
0.934520324184597
0.947642242429641
1.00049210204301
0.942643511368113
0.912532239449993
0.934484711928664
0.866222189508439
1.00544557831808
1.05354114849797
0.942959886107212
0.874737158042696
0.988988570075103
0.919332909620537
0.923518000595484
0.885111331160748
0.872986263078138
0.906930472601669
0.863261550024836
1.14283568313061
0.997425641738606
0.873073140549978
0.94178669178314
0.977369860824546
0.900661993164677
0.97220214286904
0.918233142136248
0.943364767577334
1.06575730274881
0.95672818557738
0.946523597102562
0.94989624698582
0.88153844107397
1.03080409562934
0.967511666648073
0.988015426871954
0.887280459344005
1.02107499866236
1.02159243521439
0.957805278714651
1.00127405307312
0.935931581129073
1.02170680003769
0.882313206538404
1.06147479751969
0.81447512274536
