-1.02310880860256
-0.983996654988092
-0.869091264710304
-0.932241594713361
-1.07641938922028
-0.885165546534542
-0.909778966538051
-1.08260124656816
-1.02394701278269
-0.877363218820262
-0.844903771705584
-1.12890441181443
-1.00826007928857
-1.02667231398812
-0.879886196180817
-0.961036909188038
-1.18171596234973
-0.955394855130271
-0.941428131735536
-0.823791332339534
-1.00552655992609
-0.873942122542167
-0.926142268424731
-1.03323808065462
-1.05885407921697
-1.12278247734408
-0.936649678592558
-1.13926480521638
-0.94516532400706
-0.852341681196876
-0.979720588090184
-1.05359131701207
-1.03386009719427
-0.857213666632139
-0.95390339940018
-0.974656324376065
-1.08181007782934
-0.883965853222974
-0.924177367931049
-0.941844901104683
-0.917410943335054
-0.892260347610021
-0.817378168881614
-0.853138759330552
-0.942880270710168
-0.954629553661123
-0.977635076565904
-0.917733366768827
-1.02278646891588
-1.03072104746214
-1.00631994406621
-0.87715902384749
-0.887354629340807
-0.878968770122408
-0.939816190828733
-0.887557753965867
-0.863857499606475
-1.00438195506867
-0.778589135276899
-0.905226380820567
-1.06703229083446
-0.995399657997949
-0.710527195744944
-0.859448283082365
-0.766941948529952
-0.814034319318074
-0.767686802084301
-0.744047354288246
-0.864540164270646
-0.933402878642737
-0.919649977203428
-0.897152502480582
-0.840017130864966
-0.856857560687072
-0.897839907931403
-1.02907996936965
-0.755686886390847
-0.837226304348367
-0.970575974655939
-0.713640385050418
-0.895702296374158
-0.79022605005069
-0.760615032015481
-0.7871521133084
-0.838999556681951
-0.840901150140338
-0.802778061034847
-0.812139458823125
-0.868811614283593
-0.809678322709151
-0.877159204088305
-0.848919669405145
-0.746401766024723
-0.747444220428267
-0.772406681526987
-0.824358026460353
-0.859031792888787
-0.758125286672298
-0.790676723847602
-0.877245550645363
-0.936933676725192
-0.75316991978575
-0.831210069064626
-0.942343227084462
-0.776017434130288
-0.831771552936921
-0.813350655805101
-0.731858004179529
-0.792665702326492
-0.917525184734677
-0.723075938920916
-0.719408919072196
-0.785525381794854
-0.785534547179491
-0.765972239381646
-0.703254903448918
-0.702338688802784
-0.857292197181212
-0.852534793117273
-0.771863039726892
-0.732869154381997
-0.680771557299202
-0.800418385437134
-0.702976933369304
-0.742462593258611
-0.588864243019282
-0.629725783536359
-0.802591760682683
-0.747397835514241
-0.780835231315248
-0.712751281758136
-0.708045785393107
-0.815377314989411
-0.755123063104972
-0.657429082754807
-0.811357793855887
-0.812931232481031
-0.837485802207661
-0.723484152059468
-0.679598983119235
-0.742495712202585
-0.843444308403082
-0.766483518576801
-0.796624406923829
-0.750234364227757
-0.794353028390547
-0.676587509718946
-0.649246896678608
-0.508612000122476
-0.725016321502189
-0.711318770035115
-0.709675136545348
-0.711843719361563
-0.643583105063433
-0.601899151142277
-0.643980822675879
-0.773609168061911
-0.745440687265944
-0.686217221093768
-0.747828190799509
-0.861960434238054
-0.535393592611437
-0.723246646998977
-0.743858242881422
-0.719077456359301
-0.641283378790758
-0.700494737707303
-0.676614766906867
-0.712378820133451
-0.670033810492405
-0.703350392141377
-0.604118566402569
-0.60595880033851
-0.634005926906595
-0.693437947100761
-0.551548740297647
-0.870327520707874
-0.698683982334735
-0.731619164462386
-0.659120794495685
-0.673070294793195
-0.645060015307559
-0.650029386472572
-0.69058642059307
-0.537122065723719
-0.739020907283304
-0.566158215283286
-0.466683593806785
-0.619040025283789
-0.566305031938605
-0.565194440778065
-0.644103775306474
-0.631191489398774
-0.650592391734625
-0.631606538822833
-0.694858337821432
-0.663992807705618
-0.643810306647635
-0.561634777973707
-0.564898927074459
-0.63894397681433
-0.62796741521874
-0.713862754255939
-0.558747607112047
-0.584169146214472
-0.631156460047601
-0.53316089266669
-0.663055334360335
-0.741648055663834
-0.724937555011652
-0.622752478749345
-0.668751820551683
-0.63776345319157
-0.455919438766615
-0.473801523985699
-0.654786275801897
-0.440224664809292
-0.602148075889655
-0.428982167381656
-0.721476538391054
-0.663391327154317
-0.559556800668253
-0.568372088699794
-0.477077789557948
-0.49178032820852
-0.614655080487142
-0.595071265195837
-0.491669560624449
-0.358904476034593
-0.558680736243156
-0.41651671719692
-0.507743264225767
-0.688697094981651
-0.417797085434911
-0.433939301711261
-0.556471742462788
-0.329747857368769
-0.749034994307806
-0.564957284081905
-0.628525399288754
-0.561945785989689
-0.494934062153155
-0.571864120495485
-0.378003781776008
-0.545933675165498
-0.529211058234274
-0.573816084517887
-0.471825917565111
-0.657806197696443
-0.657991224872505
-0.50957099639661
-0.483239654800651
-0.62477732416709
-0.443521453570865
-0.475832415089633
-0.541535817775902
-0.638431238435053
-0.437350711622488
-0.484671593604911
-0.478790812749392
-0.573322784233958
-0.425138131334565
-0.273622657678623
-0.63736729764173
-0.467347193024002
-0.582404347175783
-0.387159501003922
-0.497722528434053
-0.470829268628599
-0.564401680386803
-0.457821304516033
-0.312882852678811
-0.592237126189902
-0.543736963384934
-0.474056880225707
-0.542637183673961
-0.406797740969308
-0.555523074604717
-0.475588879062764
-0.491033393055516
-0.612175998952557
-0.545613630095292
-0.357205429163291
-0.467253649215192
-0.388706404556812
-0.429415872129322
-0.316210742933214
-0.614865761302468
-0.535035114827698
-0.396934807561319
-0.406793875112952
-0.481014440862741
-0.235245033244536
-0.350658192451677
-0.236454945947788
-0.446851482291335
-0.398198418220473
-0.473689433010733
-0.512000949955748
-0.343698058145559
-0.464045462099634
-0.250725447150306
-0.352745117148898
-0.416119413257818
-0.473468524029963
-0.321753785459984
-0.245614967235099
-0.394084843992895
-0.447869946999093
-0.461519810866054
-0.417476935209753
-0.349356903218927
-0.295106758196802
-0.412066995049248
-0.468552015853394
-0.304010627709396
-0.388253968150802
-0.340467570750827
-0.44769358279449
-0.308013505156991
-0.357667309759874
-0.449466613017189
-0.404996961723209
-0.469235593675933
-0.297415659730902
-0.316688055844535
-0.358522047993674
-0.485271033102609
-0.364156321983067
-0.144650063867365
-0.308443075505732
-0.212858750248422
-0.4320613801976
-0.295674997070746
-0.0332271695999866
-0.348001326338235
-0.324469971910819
-0.403360246296481
-0.305394697894327
-0.329500438461514
-0.292759678381828
-0.293552880081527
-0.130625496744098
-0.326895668318306
-0.185154922785035
-0.318743334554318
-0.373413449072747
-0.270698479263741
-0.310014865037057
-0.2441161342336
-0.290702742282122
-0.281404436821481
-0.273867729427583
-0.352395261608096
-0.187930206872814
-0.237341892218767
-0.345241468408721
-0.368735062006346
-0.360281106090834
-0.312127708734477
-0.313880545300883
-0.336640739893832
-0.433709792132691
-0.160364719216527
-0.27866537701824
-0.265414246669418
-0.228997099916691
-0.271708623392253
-0.206375625533723
-0.293786581274082
-0.176397572550859
-0.210587728478506
-0.270535059071574
-0.263099194847062
-0.221599713439889
-0.197149569106141
-0.278026705498766
-0.330012321461072
-0.173889159506577
-0.216454453668491
-0.348078071693098
-0.350238226249311
-0.121836336456458
-0.233940100689449
-0.135015968039976
-0.24162839451895
-0.205996463697973
-0.168050963793333
-0.272449438563662
-0.350668889327837
-0.258064702354017
-0.24341140648575
-0.259626093927215
-0.147843222070066
-0.187754934142796
-0.162500814224962
-0.293910665296166
-0.295075033816551
-0.195224164497863
-0.294867153437615
-0.0711632953680757
-0.213298101172961
-0.291591727212384
-0.183586729007585
-0.119343047294993
-0.201208554439619
-0.214505307193785
-0.258725028812588
-0.294993484999347
-0.166161583234464
-0.363356383440264
-0.0475013998190542
-0.213314343966693
-0.244087189336227
-0.151638048968691
-0.0250688964919344
-0.251038029016848
-0.158612576913179
-0.152768052437911
-0.216108909517951
-0.433268056662369
0.00778277778730065
-0.255201818449007
-0.187642094575427
-0.176465857215624
-0.157187049778628
-0.0750525520759284
-0.321480976171415
-0.170170210857652
-0.138875752820725
-0.0991786050118138
-0.276526431253073
-0.100685466159689
0.046756561814622
-0.259859580383122
-0.178210018738668
-0.286131788841925
-0.130813026754059
-0.158184469854299
-0.159629410564082
-0.0780107819430793
-0.135092466006001
-0.127765188485023
-0.0372262201665754
-0.138821650061279
0.00620715649933184
-0.0606196064111076
-0.0311893682451101
-0.148553008320486
-0.164472363327023
-0.252920177476388
-0.128251578182017
-0.0960126157205506
-0.117547883539213
-0.0419333362148034
-0.0685952577571043
-0.0640594731447762
-0.0778271317240986
-0.117836290278332
-0.0873004080729528
-0.101006372198412
0.127035062273897
-0.16316561498346
-0.120438838426934
-0.0593707911580803
-0.0828242606241239
-0.0495175513158521
0.0336635288928504
-0.129867178662567
-0.049619397158103
0.0321485663287889
-0.230256497332543
0.0667154323609326
-0.0582316835222307
-0.038218640869286
-0.0731765347761945
-0.136680258212819
-0.0133203268208651
-0.189100921596093
0.12646974871506
0.0570623066782571
-0.168208833096984
-0.0787206623010345
0.036389343337733
-0.113193210140336
0.0379067809824408
-0.000887204620189029
-0.158317832320138
-0.035609447172038
-0.0617470454256219
-0.0274807371705921
0.0562041100330837
-0.107170633607832
0.0761162605736045
0.0476926691679276
-0.219015034347045
0.0272969195014479
-0.0658128662126991
0.0178416621795915
0.0198894149250638
0.0466064075947445
0.130139665537826
0.0767655216857314
-0.0205122612416821
0.0446599095376932
-0.0365883193863036
-0.0237706425317836
0.0269926440559061
-0.0454446725071525
-0.0546616611341791
-0.0534858839809
-0.00568692136393205
0.0887893824342574
-0.0104075180576109
0.010766391701107
-0.000416974819934601
0.213035876162766
0.0419467299248792
-0.0158954158325678
0.019191556676893
-0.15110382353448
0.0326228681796634
0.00521803947575078
0.041990227295395
0.0110870172420583
0.112966345819431
0.266971670483573
0.0677270154074879
0.0855096799115618
0.0149541418413473
0.220818121409994
0.0986312209774954
0.0852914433747811
0.118259637582824
0.101447622255051
0.0638005632528391
0.132171140523867
0.0897507420646446
0.0295431065049796
-0.0560487348758101
0.0130722838472522
0.0771679992148
0.0939538262405564
0.142289017814739
0.10336980594298
0.0686419984981252
0.156968682252638
-0.0468495705833377
0.0374305671809209
-0.11005325715056
0.239128433890458
0.117155159293259
0.00312350597725981
0.178040656253931
0.179088313549174
-0.0765380120149673
-0.0300825780580454
0.094066143227362
0.0674945537798722
0.178817407663518
0.12020422479463
0.196952495244157
0.0435052499124401
0.0390957963920428
-0.00577254360938534
0.12487728042103
0.0869255887205896
0.146983033115523
0.158846954049073
0.187235674485088
0.0988042993750867
0.211692262465819
0.224173045197595
0.280145851448062
0.142174176147662
0.0326016672507934
0.264564890395911
0.266006781085405
0.094120990120421
0.163529233470669
0.29037171801945
-0.069047723326023
0.0555904353928664
0.18030314528393
0.0879216037131133
0.182734453801058
0.06824833907908
0.0503366085353708
0.139828224417522
0.229772219393026
0.105365885629287
0.239693664271004
0.0731157527483046
0.185392033240395
0.132802665784098
0.332065822775283
0.289201707343967
0.362650203212133
0.108740982124119
0.156226230283375
0.105721080172031
0.158467081446406
0.115107263090166
0.255216791708452
0.138547577974397
0.371065658409912
0.193589988537314
0.295101794891195
0.259945625648605
0.212786036651344
0.263419320706629
0.432014497170568
0.0494685174409485
0.229428208340977
0.33564430390627
0.346089794578872
0.140628679115795
0.111766300760235
0.314662021927771
0.303324185769724
0.217591487282317
0.155895528730272
0.379257162903161
0.290024518846806
0.164140604581292
0.277070764814262
0.332325279426315
0.214903203670392
0.211638651210987
0.185147506195408
0.434051716596247
0.237231188662675
0.138613852046034
0.344128205203041
0.317918977265327
0.267532940035913
0.281666237452711
0.201214256034563
0.198297377253913
0.319995764135427
0.239514613289557
0.165302645461103
0.187893067061295
0.256030714609991
0.285634258868751
0.438875850329072
0.335233886696675
0.174655538962404
0.315741309710529
0.174698524353673
0.258485032111211
0.341247376678285
0.320016419600207
0.269696543019064
0.163228396185191
0.39749928311596
0.410855260091605
0.319099438055663
0.326938459163922
0.279059539884639
0.295845506422555
0.339338449529608
0.337716208572562
0.36291410972203
0.174168201691085
0.388525243250303
0.280044706640195
0.345934987774918
0.204478324874969
0.279382092626253
0.247554488004058
0.437539013794369
0.40349688796531
0.253382119305021
0.363654541439603
0.288176770161229
0.418020292999846
0.373752967335856
0.488680877789751
0.429982462140469
0.292653107037303
0.263197058511902
0.314602747665186
0.48845888458585
0.465622491390089
0.366533397548908
0.130090408650201
0.469962438882195
0.319475864915724
0.388806927271916
0.307243156481286
0.428477413284692
0.26987341578557
0.415162882462199
0.345766164620789
0.411179621346363
0.414116953625218
0.4636842224639
0.542556060878353
0.341238218505877
0.429845368278741
0.509480480403504
0.433821940317714
0.453246180191237
0.469748156017904
0.51155591790436
0.341818791914401
0.312041871553116
0.332864187214943
0.421003234818567
0.430501253224087
0.408237416773262
0.409008822705125
0.452021593775546
0.316634906469794
0.392344466980922
0.445388536517564
0.426812226182797
0.341149227249977
0.543406900088588
0.441031058026038
0.363918921537311
0.482181494119262
0.559127509513192
0.503828114208588
0.391969940756958
0.469271273531124
0.465997542263114
0.601428519384147
0.583005113428107
0.441924742766695
0.40123689520648
0.470174459735809
0.403294946491123
0.37055184146707
0.456468731167958
0.406752723647577
0.651633010719148
0.224969984261759
0.403459986268775
0.543435286073757
0.408426041408863
0.380420685478538
0.429938398434831
0.416470925482535
0.413024378035865
0.638570967540955
0.537975546697409
0.431758451867223
0.549146238348566
0.507803064830392
0.378811823272057
0.598314355748138
0.466472953045379
0.443033065369382
0.654613254695617
0.598911390206133
0.565030199678498
0.452931599570403
0.561566186795083
0.59644222456857
0.531578455975813
0.485034574599495
0.577138763940886
0.470747177466858
0.391392812988205
0.582098476733576
0.515542094536193
0.444444015611435
0.632534569765087
0.383534909364309
0.559562304259967
0.51190120473149
0.584393572383346
0.555488591550608
0.525570295822438
0.506625862518777
0.361295121577916
0.602769829863344
0.681065657168462
0.619674618819081
0.545725563266422
0.631292645678965
0.498848974277631
0.570174105742805
0.595620032689825
0.503194863761641
0.552386135438704
0.592556779025935
0.734501240188183
0.624556179420533
0.64323898025859
0.608022326587296
0.513316010635863
0.76841786854118
0.55854487368689
0.509227144684248
0.352075112690915
0.5851875143871
0.629311782272245
0.572150228615367
0.56345944888747
0.58402027992899
0.593454173219998
0.685849550105392
0.589831131622361
0.555782232936993
0.684732487556577
0.685116306574792
0.429244225577089
0.743255239366872
0.701045928878408
0.63559729091117
0.476644987274945
0.678289643544097
0.70923677600688
0.46207390024341
0.516812545346125
0.542933709033419
0.77795867587854
0.80636486754713
0.68748653965718
0.657451907083219
0.518859418213402
0.662905881758559
0.590603927084412
0.688342497660896
0.51636034039796
0.67439256111692
0.630547803874779
0.615944476547205
0.850296028929793
0.823179173223492
0.742372707585799
0.721327451679513
0.548409206818645
0.70791591125503
0.751480907782746
0.679493770458156
0.622659613943792
0.509811859932079
0.58199872496244
0.790350625462061
0.725027681569068
0.64001488106162
0.676296589229803
0.650120983662103
0.734479188723854
0.577556172520847
0.727707369479667
0.699733858644403
0.794423606721482
0.661522107013454
0.721941900553133
0.775333637937422
0.833493439851645
0.638828022861242
0.805620805312812
0.659205890444372
0.791127235490471
0.777862502083385
0.696921616886857
0.664835542848257
0.70059830398509
0.759284737835928
0.680109429837547
0.76091654706175
0.632168672316267
0.84398063152163
0.71593893082601
0.671994860175144
0.732779070015649
0.590302006796611
0.793807268130387
0.57287973439978
0.703465840673392
0.900876866369061
0.708031942275858
0.743515827758467
0.668364534349415
0.767701578134415
0.717254397670258
0.721940091564414
0.786454596340102
0.781483109331145
0.793038241406141
0.612213746266772
0.802772481289824
0.82695458390736
0.677571949656223
0.706431655371514
0.789955937061181
0.818149523441077
0.84937253613592
0.716520191918052
0.886504127408479
0.793093435332269
0.876084674239891
0.573933340884017
0.771773394620429
0.883387545342436
0.68567059042409
0.777441210365611
0.732665582840979
0.880132708456748
0.813839643521754
0.792379832311016
0.870042808094118
0.805696600417164
0.763355953890301
0.768551139331759
0.886176496758665
0.8038285648432
0.870094293244306
0.842677051809801
0.831347311240632
0.847346934865859
0.911004984960956
0.759639386525422
0.790067902755946
0.754273270289793
0.740097557320846
0.97699902496851
0.909493820975535
0.828143362321658
0.948283433816502
0.948275986900621
0.776169987526659
0.821075703719882
0.895695255113984
0.903417755995511
0.750021191474257
0.849000231514773
0.998082528510465
1.00843045190475
0.782971680329136
0.871714529124382
0.945278348150722
0.946588011673493
0.877612945207865
0.897189103451329
0.787846071492112
0.963483643886499
0.950204073736386
0.931017407754651
0.859105292856883
0.802306388070909
1.03693373511921
0.821593643539464
0.796280637305714
0.987721217878168
0.793208098258061
0.82322496728188
0.902972127797157
1.0777721775833
0.934005538715682
0.939873704569212
1.00643551659512
0.942663655264987
0.917434563933927
0.929963469764135
0.880869532641928
1.00847166007518
1.04179318896087
0.945583574223114
0.872249194605912
1.00126942962343
0.942379176568211
0.900096099814418
0.917753061972258
0.863647999816056
0.892328595717694
0.863590032072118
1.12851625922631
1.00965751190511
0.870036522929773
0.953160678523528
0.967494385384778
0.912601380606167
1.00825964427875
0.908040711280593
0.926295132454618
1.07211538462815
0.956634979107116
0.953809640140745
0.966731713405168
0.882107314566867
1.0141438267687
0.975872149017797
0.988508619916946
0.894395316549335
1.01461768243573
1.01725748179292
0.938151043077266
1.01281789747109
0.931004818017909
1.04330881347112
0.886906202728148
1.08275285578686
0.820303163407862
