-1.126657849427
-1.10220571331375
-1.0348313759677
-1.0711353285708
-0.966474232299437
-1.17922106917412
-1.06139661103307
-0.920936925907074
-1.03619527234054
-0.844088616473528
-0.903116485119176
-1.07098702230356
-0.999815650243592
-1.12811749919169
-0.942586353980073
-1.06057646589019
-1.00307959540797
-0.857624599702302
-0.922153660896985
-0.890379694219901
-0.931556634817014
-0.881406205634525
-1.03648008290853
-1.00738958439276
-0.975377155185909
-1.04615206320684
-0.869963347052765
-0.893418806149998
-0.821868452190456
-0.910252268111774
-0.820765451189252
-0.981340859589379
-0.996950921316316
-0.828579640257985
-0.916805425902172
-0.934084909638919
-0.919711390157363
-1.00883485564219
-0.841714404836638
-0.974968304264054
-0.96690969382204
-0.910816804762845
-0.932962931127628
-1.0850105678156
-0.724774422093311
-0.994390933000092
-0.88602715673642
-0.901014784704145
-0.916834139474967
-1.03381047419329
-0.733911575774099
-0.901301801381296
-0.878169743812181
-0.908629434079259
-0.858468749617286
-0.838771070589041
-0.928183319410976
-0.725194671284545
-1.01542104085674
-0.828968728302699
-0.940110246239967
-0.80359027027103
-0.842486410568117
-0.856466113437977
-0.740110795872076
-0.864756314874359
-0.914123757706975
-0.819766287015708
-0.800848692315166
-0.788735882635185
-0.831712848044212
-0.810635730416869
-0.904717067454732
-0.822335047052287
-0.863932163527695
-0.861121747090838
-0.878077049164111
-0.747601755275305
-0.890547568692431
-0.872551547721538
-0.929111297186623
-0.930452605243116
-0.876655850326973
-0.891770835321685
-0.696303423280911
-0.941937957576692
-0.821633871373736
-0.857018180364986
-0.940714616962132
-0.798278383091797
-0.842394461817812
-0.924316715688109
-0.919098443183212
-0.643253959111868
-0.819818161491898
-0.843988845533652
-0.749886457755241
-0.839762665359159
-0.879347439923276
-0.807882497846937
-0.940316551325017
-0.781852950780927
-0.742661869727261
-0.887392206473192
-0.732877447911317
-0.843903226376952
-0.858351678164305
-0.823115402787448
-0.764468948520219
-0.760959069763887
-0.741806110961839
-0.739089341106777
-0.657407916699186
-0.825101460916556
-0.727788442074672
-0.774742834067006
-0.81180532148146
-0.734553461978306
-0.663428853280915
-0.750257163222716
-0.713202706182728
-0.919757569403238
-0.660593296881152
-0.706213358523925
-0.68294890522187
-0.846522594509583
-0.762808634901522
-0.71170046829801
-0.819478323404173
-0.756577802529049
-0.679697802367038
-0.823045541499777
-0.710175269431164
-0.635974484917172
-0.733839690905222
-0.720012892165054
-0.7595944598189
-0.846753296698707
-0.722442769207427
-0.843899603387637
-0.843293885352205
-0.619540087342755
-0.628650653692182
-0.741820722349098
-0.617111445272023
-0.680093989817748
-0.529629867088688
-0.420002186259061
-0.662803556212363
-0.680576321180303
-0.622112506238422
-0.649515563147426
-0.725500715751425
-0.498032110520529
-0.591385337650096
-0.531114801031921
-0.678846947118133
-0.441427934396963
-0.757954617995426
-0.758305852811583
-0.589371884319728
-0.586033254045208
-0.590999667525644
-0.622757810546295
-0.681367319967027
-0.694993210536618
-0.751732302461
-0.700549149941018
-0.616587390398226
-0.624967671842238
-0.554062456842138
-0.640766071769924
-0.628911703340133
-0.585060199676002
-0.599811454570737
-0.683901013595345
-0.666057209043021
-0.666243942446548
-0.507551013970679
-0.691141245262066
-0.646705310181233
-0.514277884315404
-0.676681510489991
-0.683621022297427
-0.510151711727607
-0.500777661913968
-0.687538604763825
-0.705844224307281
-0.586289054055431
-0.650196975173702
-0.662144309383161
-0.53427199080237
-0.625153265184477
-0.708206204631028
-0.644247801805119
-0.687635214617006
-0.634079744381291
-0.807257749204027
-0.550582615891473
-0.56733389426128
-0.48428996668977
-0.659417365979666
-0.487975566149111
-0.592657416451088
-0.681343107088747
-0.552016190145407
-0.602867464460355
-0.544411786779248
-0.614099564989998
-0.506005265844109
-0.537431413061834
-0.573042357165817
-0.647868039143196
-0.388771644129226
-0.421731070021907
-0.649882136838498
-0.629401377410743
-0.700767488713089
-0.566803399577815
-0.507573586500597
-0.590035769584505
-0.443990787394894
-0.461833649849534
-0.700260446270372
-0.442373446474373
-0.705370558303789
-0.428479672829798
-0.614574823098718
-0.621388550805208
-0.51116518354113
-0.436246291939649
-0.577914874026982
-0.524815302663618
-0.669341183978654
-0.650380853664315
-0.613545656300606
-0.462934535246576
-0.460565140006988
-0.569433918688046
-0.331035218778679
-0.431961937016325
-0.600158878267568
-0.440201755595826
-0.425389472071138
-0.53399907145128
-0.537386629696368
-0.498855561960213
-0.480392910403973
-0.388637983222037
-0.532044642359126
-0.430882374696992
-0.488473843148342
-0.47327216104992
-0.618215502229917
-0.64181003889479
-0.505173089014887
-0.509582006379932
-0.452146363354861
-0.434844034989287
-0.533451291343537
-0.472950859636022
-0.551536149635568
-0.467669721362753
-0.507845808657738
-0.458323669845002
-0.330650643152513
-0.563509342312535
-0.433003114236277
-0.576865664733569
-0.624960709473419
-0.305162927349696
-0.482876336995394
-0.475756993930457
-0.414312532734503
-0.392806153878859
-0.465763417861757
-0.494528111020297
-0.387077525285581
-0.495599438419827
-0.420475380086723
-0.523692223931327
-0.3877150658344
-0.30859690681037
-0.496740460190065
-0.355554272742721
-0.499293384529819
-0.424079915265343
-0.408009079022187
-0.501897482206234
-0.366904316473687
-0.424887775607447
-0.357240635645311
-0.444828424246851
-0.412921249479913
-0.534549849965046
-0.597053791727519
-0.531745488482281
-0.364262324722023
-0.300004573539365
-0.430841222572853
-0.421220238703404
-0.461778473601966
-0.341194862212659
-0.343608030539487
-0.382954067277407
-0.328252779539589
-0.456592973094669
-0.431159641261628
-0.328618330663772
-0.324942685573242
-0.347883465533574
-0.424161010500497
-0.456939278163406
-0.384196768500739
-0.331713203125888
-0.379867370524843
-0.238964234072122
-0.331441106513209
-0.233322561098745
-0.323203500065293
-0.341751357909237
-0.277294622846243
-0.382065423881945
-0.190662990163389
-0.322842914581159
-0.381457809977834
-0.314964948332268
-0.256563337907639
-0.233269059255222
-0.340188298424075
-0.256785515041933
-0.354800244726889
-0.270117529631354
-0.32912405124435
-0.338213001353909
-0.471560383839027
-0.319768840410869
-0.226183131035764
-0.418132849271123
-0.450009225268772
-0.226226578416621
-0.42392814278683
-0.276687581932802
-0.317726949436036
-0.329041167824766
-0.369816633794271
-0.19722278248882
-0.270534308723189
-0.287649542436972
-0.401910385714496
-0.247750804914798
-0.295683093508365
-0.359836274329445
-0.409746796783523
-0.451462429369905
-0.156234005172163
-0.288472133725661
-0.277449188355537
-0.177182254912848
-0.289663938176744
-0.163062303391128
-0.287455047057491
-0.160456207644711
-0.320102972587987
-0.365001281155744
-0.283221892586905
-0.290204184652665
-0.0810262899582577
-0.256025725084243
-0.20980813265726
-0.283418937347269
-0.283690792439218
-0.287744825403004
-0.101650599734405
-0.292864261872681
-0.143301354350125
-0.496862162087667
-0.252234390796274
-0.104425672315466
-0.0857100253730995
-0.398624985245881
-0.270760535173778
-0.0325386019877571
-0.340519206876313
-0.200859668084093
-0.248482524509496
-0.0506951249518488
-0.246981965733973
-0.243137246264329
-0.170210913876592
-0.174319389390717
-0.149848177760356
-0.0733507180180515
-0.27696269234762
-0.235616183853738
-0.228982990774671
-0.185364572849142
-0.204202999072914
-0.139224870542854
-0.217851766484489
-0.165523821675714
-0.169214083785104
-0.136611616081504
-0.207584793260933
-0.137964518509694
-0.10340639186929
-0.215614851934507
-0.322097599161633
-0.176290503245926
-0.0306451595988461
-0.256698375643278
-0.310090363902111
-0.202783967723992
-0.0972505445334892
-0.143475163333492
-0.207997876430556
-0.106734563777811
-0.14535252455216
-0.198673340732869
-0.0747516365087897
-0.2012722089599
-0.0583571546078057
-0.245714251543519
-0.124910835254645
-0.29768546712456
-0.184125246060968
-0.110949126135752
-0.189568540480113
-0.0266479243584452
-0.132135208554343
-0.141950872572959
-0.378494242524465
-0.120982452429691
-0.0421470438188844
-0.204223299828472
-0.0192888936173137
-0.255599279260519
-0.0502003422754754
-0.123621941109497
-0.288543178775938
0.0422096885775878
0.0154031940326233
-0.130421700642521
-0.0794859097652879
-0.276253495616918
-0.0480998078910115
-0.109271169475228
-0.1742678828747
-0.25408755120316
-0.121569781313928
-0.122826380187236
-0.116675236849993
0.0526977005504647
-0.0501589549299871
-0.0894667907402407
-0.0905863269009031
-0.0439938893927625
-0.0387255830631193
-0.0970725855121971
-0.0975894130242543
-0.139322331062138
-0.0458694316778304
-0.132576659526247
-0.0542825557058319
-0.0954785292518973
0.0233788220515472
-0.00107524891321279
0.0568091460950933
-0.104932059669461
0.115361461237242
-0.0656731116352857
-0.145496626175106
-0.0251960317111623
-0.0116545496768533
-0.139513840862689
0.0173845959223331
-0.0297479244534247
-0.000428349917137937
0.0100796779309847
0.00581538134529256
-0.0349368064015632
-0.160782949901722
-0.124263046199267
-0.0502998444557063
-0.0036063535396378
-0.00485335065303059
-0.092816820222695
-0.0796684968581122
-0.0958494506917213
-0.0304510023782737
-0.0495820153735238
-0.133026960492815
0.000655175163154031
-0.0268693133185678
-0.0231416383021414
-0.0285931953727413
-0.0587001673138631
0.026741653114576
-0.0817460617118877
0.03920915173659
0.0197074775598468
0.0161689290691542
0.0212486295058298
-0.00576334016254532
0.0310721852714233
-0.0338311246425579
-0.116873998663506
0.191287779497274
0.0303814567394794
0.0801838703128378
0.0779448865205862
0.0526598979001396
0.191982458564174
0.00767850331263727
-0.0371106736511961
-0.130526211477834
0.0318989323147315
-0.153441057218634
-0.0113468280713331
0.0975699350313887
-0.000243943357850946
-0.0544086875771805
-0.0112051369547757
0.0922729543638451
0.0402927529041294
0.137017942140464
-0.0391765394415802
-0.0354319939091707
0.137834106468188
0.110437228137648
-0.0288312743214415
0.00601598967824517
0.00141444966672471
0.0999934468825136
0.061188065321769
0.0923944905429597
0.118771386948369
-0.0784675536334816
0.00844742800500291
0.107969312659309
0.108294515728842
0.0302125392794644
0.0899700323645461
0.124862487606825
0.0874562463816135
0.126487315045285
0.11692530804502
0.105634940259492
0.122608260144577
0.0536544207332713
0.160975452250152
-0.0218260393740828
0.0312388936818279
-0.0506820151109733
0.079855194137338
0.0398496520101238
0.131439568008844
0.13850592465875
0.0655564355772708
0.128031350577742
0.0338612539988177
0.172246382454969
-0.0523642447377109
0.154730234742439
0.102267063773459
0.134375151662422
0.0538789254874053
0.1179356186496
0.116041849964339
0.205362547292139
0.246476715222861
0.188145552662725
0.2144427909822
0.156624161867632
0.148932048633519
0.288883362342226
0.0208640544926414
0.129983260684057
0.182507224716455
0.234269677191825
0.27951547896648
0.0141954214497567
0.104059145857322
0.24223096015918
0.208644303729714
0.197842981251865
0.051902514327855
0.0567811323079631
0.193748807980222
0.274512257361675
0.0899183836724236
0.231890588819171
0.11950351219675
0.200474053500091
0.0531323107155362
0.114992739037974
0.160892059801519
0.321593666018988
0.363461027725512
0.050178778753353
0.125296511213862
0.289552746235509
0.119995240372576
0.191567722941063
0.185791434600507
0.17669986807032
0.206726656624288
0.114745283029797
0.331443824552104
0.111196831671954
0.197074101388815
0.34642208256521
0.172396746276687
0.353316505969554
0.364649530117159
0.194889000159966
0.188287628586944
0.305425195375584
0.407198094054277
0.2136537304244
0.35727073716423
0.260604626962063
0.0845602248881151
0.210854003662266
0.291108176665844
0.12952787576403
0.246353861049048
0.318674472858037
0.376317092778144
0.237589901303392
0.253068804993426
0.154547905472172
0.292285789475487
0.231259568274576
0.185529362495372
0.207096318531096
0.327057290052744
0.271439769367094
0.428256910517629
0.278159489507156
0.328918632065655
0.212809099429667
0.300855433566501
0.287308396465931
0.276537498138479
0.252578405960568
0.206787119039478
0.213283299194572
0.284215240421228
0.319443004802197
0.354924770609026
0.244312112205661
0.236976895594167
0.287897077808095
0.30700355187905
0.419826040609629
0.289309208462465
0.324636636177346
0.395326119080492
0.309278802568701
0.303648861140587
0.294574141831364
0.28442303314337
0.391549704874005
0.339609965774873
0.232806114124913
0.367896056762014
0.474034049924855
0.440742725435749
0.245312261226084
0.332987115480455
0.229780124500483
0.336464742356146
0.33491617681902
0.440039462151264
0.220272811056749
0.367155142710794
0.229989215755564
0.300638560191821
0.230049230050314
0.351166244322927
0.343524989445954
0.397941203243722
0.442028577330688
0.390530971681831
0.416017023249037
0.444163685372242
0.292754996001981
0.486580438737049
0.363971312503641
0.35593673122752
0.465362412831357
0.425044233161594
0.294107726355344
0.43202105210181
0.338653736104501
0.356625280919714
0.416393153309293
0.500363325563103
0.382867499222448
0.330609781387851
0.513408609443866
0.385339943541161
0.403855346698087
0.441837039519685
0.307249492084804
0.333918733856677
0.37531945963142
0.479914579065596
0.463430409349335
0.463626736380553
0.465620085520758
0.481829009615061
0.537303961627495
0.404569821637898
0.383376560078751
0.527252061446023
0.353851139339971
0.520384042894075
0.512502811124426
0.431266135511633
0.569698099004458
0.361237335696998
0.372839190121033
0.227820061913637
0.458198329430859
0.357775731133802
0.406746946277705
0.467361850398413
0.579158798590674
0.477622528295614
0.406782545383485
0.435824527981209
0.542222895481437
0.481084489653077
0.523863548561183
0.494729186735857
0.467166409214182
0.548424974363126
0.634917978950203
0.398745034951618
0.599941098846839
0.516067901738837
0.518160156645285
0.52849553858965
0.478474267951323
0.509930719233366
0.550412492342154
0.54592174669967
0.572935591677945
0.438572779746777
0.514911305040302
0.512613033769188
0.402265825932822
0.527967624589388
0.433994409161807
0.584583041076551
0.536373912192901
0.647226834009758
0.548036195800244
0.575252775030081
0.432656584925286
0.486517569472093
0.348771834516879
0.509410854061303
0.612251349207265
0.513262580566316
0.678673782193764
0.41664675355866
0.438077916011232
0.528270870145385
0.629421800212102
0.407755744732934
0.545670367352192
0.539129987005993
0.476127013451562
0.542701460511424
0.55021339247419
0.565348987668636
0.618850790798219
0.575268107160189
0.594818034731017
0.611608230873629
0.609226791835254
0.567843706290917
0.603581963318211
0.60975375203269
0.478485307869303
0.727637303328189
0.582483093722206
0.506102568347348
0.57123304113843
0.525930653022333
0.551159891563674
0.647505469949971
0.765958307890168
0.518137999732033
0.593713286163038
0.515992826726489
0.515801705998401
0.547076053334047
0.518027075032382
0.670440260288887
0.570247031919265
0.710522591204747
0.563694257376205
0.550258073304288
0.726000055986607
0.50936407063268
0.614303155831289
0.493670837967341
0.500266323598434
0.556321311966834
0.510502909836668
0.630089113411795
0.745388741603822
0.726394948992548
0.688541667268096
0.666147481352588
0.600406535200496
0.606146609335239
0.707176579356598
0.536121249339004
0.585305445860657
0.695972907451952
0.595222189481729
0.574710518165581
0.59509198508135
0.713405426573123
0.853016696008213
0.663423783707444
0.677955787447567
0.684150252888315
0.721117200980388
0.582358561693453
0.71948119240113
0.566258781711679
0.703259706727913
0.587615693113883
0.664195002760399
0.677465372856248
0.659637701950032
0.863347071094997
0.53131816095186
0.684648262257315
0.709869277440862
0.777303102853142
0.834452269383581
0.616264412913849
0.721906268927219
0.679981751816956
0.844980702345391
0.715150692031896
0.852398204638628
0.752742757609272
0.711512147111698
0.651850231751558
0.818566592148937
0.750050794452821
0.822657620950765
0.690542902472785
0.752500173221012
0.604298388041654
0.647864363062365
0.771953533062112
0.774272151340974
0.713220362322816
0.823280532208557
0.691579274725211
0.709695116440131
0.784049722321777
0.678961256049676
0.741095008236716
0.645609783833362
0.787829354599942
0.743821237458622
0.67737744390638
0.70048291981367
0.710892591784344
0.6604147544704
0.709497532241443
0.65501254617704
0.658798600516035
0.792320921151831
0.746808063198498
0.73713952514978
0.767451058580472
0.665261813463588
0.62650344695238
0.718873512763583
0.887516725482852
0.853223462228674
0.736863742542928
0.768961652142405
0.99671761058961
0.810190427570976
0.737281294620868
0.663942629653703
0.747910036450288
0.848654514767238
0.847482769753325
0.771386370807216
0.88954838741607
0.77740045032377
0.732888384051879
0.74237838480703
0.788562511985064
0.660323174470288
0.864503759657851
0.613559008149827
0.851917388354672
0.783969957760779
0.942641474686881
0.943205837387762
0.927160349173164
0.889828064501555
0.774037557246587
0.882024388829638
0.72896237685299
0.846685294976553
0.768276950314743
0.80383090304648
0.874826379725547
0.815983825072925
0.700579811732363
0.950599800407837
0.842649237421133
0.878530993596115
0.819337732643563
0.906684031103786
0.876826200981928
0.901092131410732
0.927540810168653
0.797548772940438
0.896704442778803
0.920397007888213
0.877513627759476
0.851182320654175
0.951395379575541
0.960457361828552
0.791476831108898
0.909422653939295
0.859334341181996
0.875511695472844
1.05916433693519
0.827462830973904
0.811337873435703
1.03498952624255
0.943441821547423
0.915280092442144
0.963943834400254
0.956674928300498
0.983024423642748
0.819496237314279
1.0312508028226
0.871243699766078
0.882512218330672
1.03016861105282
0.888515153091703
0.967528611707264
0.889505977924121
0.806143507153377
1.00050756676069
0.912183710408853
1.29957294121514
0.884714615652494
1.02085275588605
1.04895989061757
1.01213344303905
0.883159204926284
0.952686190493572
0.865002828884202
0.893283078532541
0.85024850523538
1.0427732020843
1.17442645514047
0.981720422517387
0.982037570757425
1.03435952720483
0.949366812044471
0.910190241398917
0.987042659051776
1.05280963202542
0.999981849954486
1.03953368237524
0.942727441567955
0.948731263026794
1.03898157081768
0.870975982179059
0.987437366354327
0.917844802019102
0.872645416307694
0.998701879599606
0.75711335607264
0.883477144614205
1.06199909526763
0.978517788344945
1.09323126745762
0.961364834673194
0.938760941354166
