-1.03693636338987
-0.777506812185146
-0.962292678601787
-0.842598552316897
-0.983253985812031
-0.9083794717882
-0.867785621716971
-0.912682927233682
-1.00349237381665
-0.928171067857889
-0.839503097848414
-0.881065150469023
-1.05836818043758
-0.962451604199915
-0.924840904910536
-1.01010660709363
-0.850129861738744
-1.04839687202047
-0.864531887226439
-0.927736681391369
-0.894103405570683
-1.07017437874572
-0.869901140719555
-0.805375828660195
-0.956887148721898
-0.961079617336277
-0.883556436762157
-1.01958090337525
-0.734567554941908
-0.942531125771597
-0.861397528681262
-1.05718189433942
-0.991315203908047
-0.800120037571261
-1.08639212074128
-0.888604985089851
-0.994238051066946
-0.827266727061023
-0.939046734494165
-0.964714177475144
-0.832087439022787
-0.907720356280686
-0.945975999515935
-1.04984629837962
-0.950450862539676
-1.00244534296241
-0.831257216933196
-0.932491016185504
-0.877665046174242
-0.904723862048731
-0.941509657524495
-0.808889583441869
-0.917726203065144
-0.699557777869405
-0.959421983658094
-0.766495719590537
-1.10176677172935
-0.888377218844129
-1.02430272098911
-0.891449810758988
-0.925275611365242
-0.798231176438951
-0.814246154296384
-0.866102104374335
-0.817047670616045
-0.981821328819976
-0.847508545776362
-0.891028433307074
-0.797532149621965
-0.745348607889531
-0.890925744511393
-0.810955744204635
-0.780210099119325
-0.88242584532314
-0.91948557490514
-0.893266394221044
-0.887892986546064
-0.820927063289867
-0.833926001211947
-0.967005543759826
-0.683983788293398
-0.812850148538363
-0.927356062588645
-0.916328902063607
-0.933043305176791
-0.805111523813576
-0.825072884590157
-1.00710057981357
-0.958037775321978
-0.756467931424686
-0.876485519333342
-0.827707743592294
-0.954605487905166
-0.765794733888714
-0.821407373033966
-0.985960944240452
-0.818424959569756
-0.804693041340589
-0.849776632252185
-0.748741920786545
-0.835230309248467
-0.809321919388054
-0.692691604360037
-0.78514310552607
-0.896965819376262
-0.824996099940101
-0.863410319037363
-0.795844035792031
-0.724823760385791
-0.799468708205018
-0.7347594322978
-0.772612438890406
-0.830178537982096
-0.767268367835579
-0.822167003685997
-0.718163625106102
-0.66377333945295
-0.742639763064648
-0.84553687779832
-0.768402452826807
-0.885828743649973
-0.681650131317535
-0.741765089937453
-0.757896617557656
-0.835585728285141
-0.705052376497325
-0.70708244940528
-0.740868891924555
-0.698398189801845
-0.575436500754297
-0.807298498275383
-0.923907309904983
-0.656431137498574
-0.80472768368463
-0.608178727459121
-0.710195733785964
-0.704762719795333
-0.518968633012148
-0.67095293940057
-0.625564292504771
-0.727918367490341
-0.676555259066886
-0.537836448980977
-0.672174855609743
-0.762843022257552
-0.678570268391199
-0.73170504161425
-0.580180770769553
-0.726375527509182
-0.674587806970919
-0.705119885054718
-0.885571553103144
-0.746413921477412
-0.625165669287563
-0.637769278811295
-0.663730296353761
-0.650712136547318
-0.63774018066625
-0.760992320262766
-0.654690535550628
-0.609758802585575
-0.571338039647178
-0.724847788128923
-0.655397369693012
-0.600575571051995
-0.612987036610426
-0.665471946863476
-0.458382595354858
-0.597683512925415
-0.604377409684805
-0.561845567656338
-0.579682732953254
-0.667498070507808
-0.538324186872074
-0.767436806200742
-0.628140328975047
-0.722659267654778
-0.51905963639544
-0.540601430453363
-0.707587178260798
-0.55801017105516
-0.537948386257613
-0.66973409859258
-0.515671967229931
-0.532240171651012
-0.827916074031161
-0.639913432802373
-0.52553613212047
-0.628079788943292
-0.524417322092591
-0.63066821876055
-0.603318209275777
-0.616989836548064
-0.764557276657662
-0.694855136905083
-0.712569596221745
-0.545564333064257
-0.769337369866134
-0.680079612906297
-0.645707817122219
-0.746008171972754
-0.674123430909914
-0.533949965060983
-0.523255654335474
-0.704101545849178
-0.619631765693832
-0.609732956743045
-0.602970975215892
-0.513003947578061
-0.654991576253351
-0.624276998323378
-0.499576203380303
-0.450962424329034
-0.498486242241892
-0.516195221073878
-0.527158403462189
-0.599998142643542
-0.456362798658597
-0.528570200130206
-0.510080506745393
-0.641257249943339
-0.518908220876192
-0.582025782571997
-0.496646710402433
-0.68889437587957
-0.495259286112432
-0.515156614329061
-0.545214699125939
-0.545677319176052
-0.659422200558816
-0.580785981497937
-0.581167879024078
-0.53861553095143
-0.728013262206354
-0.53643604740832
-0.510602803093462
-0.560527669740093
-0.404867038666888
-0.545212914661984
-0.654168134352038
-0.48027312882212
-0.54651731434723
-0.475858823213244
-0.576110370226526
-0.478309775314064
-0.449637800395988
-0.423430571960786
-0.637307812552839
-0.407731934195746
-0.587308754473581
-0.481021293336318
-0.560583410811663
-0.374517578572247
-0.546839056957099
-0.335732637401325
-0.381646230491914
-0.452374254359161
-0.51934016409108
-0.505294471112236
-0.400495041796184
-0.461675793370644
-0.462251748800244
-0.491021172239686
-0.437458614864173
-0.460151443702233
-0.60044426530395
-0.362811350548772
-0.468796750275479
-0.371392010825693
-0.536435485017201
-0.470302638551999
-0.336591796341639
-0.465223314909836
-0.474387415313647
-0.579976925117202
-0.438811129858507
-0.416744318491641
-0.466218956446132
-0.330240909264951
-0.399506465868075
-0.521022021397579
-0.455432832668575
-0.376529240223343
-0.351184288835892
-0.282822631295382
-0.295926470753204
-0.414351681391294
-0.386239183913626
-0.346058821007721
-0.301699932214011
-0.30269850469025
-0.43844091375284
-0.397549248571163
-0.410793691001214
-0.322178828646612
-0.452812474749729
-0.519343034339715
-0.337194749153307
-0.192590001819365
-0.453301925210089
-0.353527606278908
-0.368518106108737
-0.38301294787964
-0.472205874949248
-0.35942531644954
-0.461331996982405
-0.434842134566388
-0.511750788590301
-0.346193801599771
-0.431461283644941
-0.351215815712352
-0.440207129437203
-0.425951293618184
-0.422578733970766
-0.398370880344399
-0.365024002718236
-0.506129429136096
-0.314455445197082
-0.360166791052248
-0.373812061645984
-0.362483328127866
-0.506531451421446
-0.390006844292966
-0.254023312626499
-0.354977010809385
-0.387486775748279
-0.287804281804892
-0.368590906817421
-0.482048098128545
-0.315151249236707
-0.301981067039446
-0.293789564160226
-0.227153466083176
-0.409768290710017
-0.393068190800453
-0.325334151666657
-0.386712288394978
-0.315177880210657
-0.245073809481348
-0.341505979189009
-0.310856358237026
-0.448674442054223
-0.217874923170047
-0.178819152170774
-0.263811983955153
-0.291086160838766
-0.331843217846045
-0.206325949775089
-0.237627829716269
-0.446689598754315
-0.220185363541951
-0.275744770519475
-0.448184606114667
-0.32012143455908
-0.334467204039361
-0.23150620920656
-0.261677346797705
-0.27489350993797
-0.276032232155393
-0.41714935739685
-0.24805206243507
-0.195666007286186
-0.310331328693789
-0.287609109608453
-0.34329277218521
-0.240507652033034
-0.365381588580884
-0.38492701537452
-0.29048873582226
-0.105907853826847
-0.301085321073278
-0.198779455021536
-0.27347632616533
-0.202076416032198
-0.28744073077181
-0.267396741900517
-0.219771039102296
-0.197804015007803
-0.157011650774733
-0.276726758544742
-0.382831112302744
-0.154050652338048
-0.225681474682431
-0.238125645268643
-0.194684890848784
-0.352504082072841
-0.177546065720133
-0.105900164014983
-0.371947905283047
-0.24758033604974
-0.237911165619589
-0.113565181589157
-0.236673954332795
-0.29266340716356
-0.248220683342021
-0.41989531783623
-0.137536288790222
-0.252065023230463
-0.152267598941948
-0.215766279676915
-0.29155726329439
-0.159464313562383
-0.263538454397806
-0.275160579947075
-0.15347820178935
-0.108713174413467
-0.264083243376462
-0.118826681195763
-0.199579835124005
-0.105237477692806
-0.141444337401431
-0.149276751651716
-0.276019821772159
-0.178647273563451
-0.258599371279109
-0.250785547190855
-0.0778841185816541
-0.167950613807598
-0.125129767787302
-0.116296981883733
-0.195751570774382
-0.0477512988804626
-0.196165791297658
-0.21146722654847
-0.0721261864385674
-0.157660054512213
-0.0218315378316833
0.0401159914225695
-0.0840384474652757
-0.168430568035519
-0.114590079719151
-0.205631275840626
-0.0502837044064332
-0.118662223295524
-0.160796909868599
-0.125353320656811
-0.0935320468287262
-0.0524808100365523
-0.142681336957586
-0.305961498743594
-0.191461364403537
-0.134345638716359
-0.0825058891049886
-0.0701523344042584
-0.262240779892817
-0.0646634332088723
-0.0943244748674794
0.0249362712451045
-0.215151166862011
-0.226120317519248
-0.0219039522839569
-0.0726036195913184
-0.0802941300531809
-0.151721242352701
-0.078648096541045
-0.140928096319763
-0.0147427377394165
-0.224651088404874
-0.115035744881069
-0.0903031630460626
0.0408113097329091
-0.0021649655739121
-0.163104033792507
-0.10249188712018
-0.189271537989355
-0.116414349563652
-0.27476151394698
-0.0629214426455384
-0.0120643491307421
0.0485432704967435
-0.0780108468117394
0.0619825405213235
-0.174591512323236
0.0176361437770645
-0.0215119865257495
-0.170986045182502
-0.181759965965664
-0.208062539727323
-0.0109299069898147
-0.155382619504896
-0.034897802805442
0.0336805895820324
0.00857741187915711
-0.0550181073630572
-0.167058170594832
-0.038950972708589
0.0154875999537151
-0.148445812694185
-0.082771125423578
-0.0997683011044432
-0.113009218732881
0.00611224987466645
-0.0436822625255872
-0.0711464325902552
-0.0460723819473887
0.0125770199874263
-0.0560364691226775
-0.000535061801159446
0.114049975614804
0.0547183791933982
0.089369256015454
0.0824760218221368
0.300391351924057
-0.0591821863315009
-0.0196899621294993
0.0319859431986387
-0.00357718085551715
0.0517389922312459
-0.0314858158628903
-0.0206968055656024
0.114198809629043
-0.0565768426690661
0.0734641063874153
0.0033335503756998
0.0615446371057112
0.0139393161634729
-0.0178291668204649
-0.0620329060037869
0.102059279600833
0.0212399255605034
0.0175219276305272
-0.0568924834363136
0.0834867219571819
-0.0106306312210384
0.0379998570636994
0.0479228010036844
0.00330271453194872
-0.0747301805823377
0.0433760195813102
-0.0290565383444249
-0.0688183107455112
0.0798608275135111
0.0148270595431314
0.311274171984999
-0.0161688317420494
-0.0132459189318632
0.0787782138337511
-0.0148278483047823
0.0172956316759016
0.167841998897584
0.108880772425745
-0.0293189132488014
0.165747032132024
-0.0078151308386958
0.0215754378799603
-0.0288982773278432
-0.0120361838115645
-0.103003689586518
0.0214070714742394
0.0280114466080405
0.166449926095881
-0.000177874810163224
0.0285818463318848
0.0139998874121795
0.0783390485844368
-0.0504467338270727
0.0808237538444283
0.0880865342133562
0.128118814348891
0.150024531244438
0.117564592904776
0.035321876274377
0.135589093997914
0.138443434577011
0.0554657568054199
0.281346889722279
0.137923404317801
0.111231459092157
0.217953625931716
0.181463410973983
0.243182852156276
0.138004350955202
0.265989897183208
0.25840577518105
0.11824245772769
0.225537199383595
0.128337102757392
0.0819032308803484
0.0780708970602536
0.242660656668793
0.153871483162647
0.0330212800368538
0.177770008913706
0.0362681792323291
0.0879665411313782
0.1728868440193
0.179667956086523
0.137258800181428
0.0789952749667406
0.0705035372790583
0.126068176423665
0.177779594284632
0.206255573144662
0.0585751405662481
0.0841572315305906
0.204680359635165
0.336474183867879
0.198584824560288
0.18717406439989
0.196692259541625
0.0117237645382025
0.239296186930301
0.193692338422367
0.324429282940842
0.264032718454572
0.324306364061882
0.191974055209942
0.339026176001085
0.21618552098961
0.0750252847578503
0.245102660067894
0.273257589929981
0.137560741998567
0.208174745452834
0.152445757573504
0.257131448932739
0.193911110315434
0.409272096545128
0.377712822281987
0.0865835905856625
0.382804547721544
0.252634908450918
0.142517522830238
0.310282831973812
0.349676873832734
0.0988901302466985
0.218731251057997
0.179363583235524
0.196167761376189
0.124610469863275
0.24983226807489
0.361925079486623
0.304584302796843
0.326221216964737
0.27012405248462
0.179035634381791
0.289910858952966
0.167463032781352
0.23472045619197
0.153739249324654
0.421951482075758
0.311339139465696
0.170269112619887
0.288646713634574
0.328113724446853
0.251185766553744
0.247074241903588
0.373610414461214
0.137831413447321
0.189082317316198
0.427427577868539
0.32319248359091
0.501850709554861
0.330588324191645
0.388551515535313
0.357481396832953
0.274363252396384
0.30086665359867
0.280314113173139
0.363177336832188
0.456184343256463
0.287535969501591
0.377534413094726
0.34125487102902
0.364456370863484
0.426891864863359
0.330644518361317
0.206924190215476
0.425179028192844
0.34877565741156
0.141170368975465
0.55535487490858
0.381836144048523
0.352994791967392
0.332739599284279
0.372122810123193
0.474024265546308
0.410677875280557
0.508002233961762
0.374755939077511
0.380751139840829
0.450466189210013
0.404284035983356
0.438121887037679
0.387887349437416
0.484545634259047
0.445584578683413
0.420278980639327
0.354540431931481
0.275975449699211
0.39593388062218
0.332560393394072
0.385146125714501
0.330558554539254
0.451104683476848
0.268168177802165
0.409294632103643
0.456592013456954
0.429327821863669
0.410164023897114
0.410133275642099
0.283959895424312
0.338454033850491
0.324099556784505
0.474583751759789
0.496328734638976
0.48257811800372
0.437798918482969
0.562344794782528
0.449158475667109
0.442836026532924
0.50186145400402
0.557012838501967
0.495091575508743
0.405785008726836
0.47194340066253
0.333578791598075
0.35983129032942
0.446328379856642
0.448780894662565
0.549695789234705
0.394467682585668
0.446388212543413
0.440002045601742
0.416228256289882
0.450915315136792
0.403422109411774
0.452822084076532
0.548824957799159
0.583268044110912
0.499353714766296
0.426467980809746
0.456462324062153
0.515847284850575
0.377360490741476
0.518671060493547
0.331869493353575
0.5446127980427
0.541838429015132
0.456573776793363
0.38305924177215
0.581331031190567
0.401594994177293
0.659866046589307
0.697657403767123
0.718112336033717
0.400882816985923
0.372624839068017
0.59053838665947
0.45616825454617
0.434297202952472
0.550028072481467
0.374677361532006
0.400058779614851
0.50266005577316
0.422955666740684
0.494367063851286
0.347106961372089
0.481404827886425
0.573528938398205
0.489304868397841
0.379697409516477
0.53520695025559
0.582023475562973
0.412982436013898
0.428328489650834
0.398153070935726
0.569332576328443
0.457937762975394
0.555634209852735
0.567473973721334
0.55168627345049
0.398769508231449
0.442089198980074
0.662844753846009
0.578272414417118
0.626006375172446
0.542024987446045
0.464690423783477
0.705890510840496
0.548839855231015
0.598332512592944
0.358222505162545
0.712501856451516
0.497662043761374
0.633269707213511
0.617254724890817
0.570751974477851
0.526879284390465
0.556965202478937
0.451734310155477
0.638189631279332
0.679284799286939
0.659346341350704
0.530791190137402
0.53231239524927
0.398755377720804
0.570720156375897
0.502036179536141
0.666370592816039
0.598155629846976
0.649039413138262
0.669759873468043
0.631246145170757
0.475976851694027
0.731315722678367
0.732089082881977
0.603612172976894
0.425338891527951
0.736644661133907
0.698346439687025
0.541878518546242
0.702960698202833
0.590889886809885
0.447381514022618
0.560047958306733
0.520030221945952
0.552383321912454
0.664465419178638
0.686777169783333
0.529427635132619
0.680000619938078
0.487031424414376
0.663574807882421
0.677230330586252
0.58205681269533
0.67573296898964
0.558204409218904
0.803862491673827
0.742919625377039
0.716490930388991
0.656758481821842
0.681971449853988
0.570673908135737
0.68389645101603
0.641651794111214
0.383898081006087
0.72331475770943
0.613274006503525
0.626468830261803
0.546727546479743
0.622566873448238
0.719774171064169
0.753350986370108
0.524002135816298
0.682171522306198
0.694017446799578
0.74569906984455
0.626084791384852
0.667480517814669
0.549375207497249
0.805321879975731
0.819659316003179
0.876731974556489
0.709775112689085
0.805888356892146
0.661681500471187
0.831776810915502
0.69198619160878
0.70910124469996
0.778793129399224
0.706527536007568
0.672002936649658
0.768899804186507
0.729320654252331
0.719976240657876
0.667260545185597
0.66229889613287
0.770670862742952
0.891860830618127
0.792664605870577
0.998475412660648
0.863261703801252
0.785976299739826
0.804573417860754
0.82839510296542
0.754450370701482
0.884238630177957
0.864191080752487
0.699481099685734
0.642104187891006
0.858721761584602
0.902759340227669
0.696370557528047
0.765089144981513
0.759939120171822
0.8129712669215
0.853001825908743
0.585030713792093
0.559879698687224
0.778061526278786
0.736690266681507
0.807726012315957
0.747946401858867
0.709373783726863
0.81325317576981
0.745627008837542
0.661917038913043
0.838808689211736
0.77366747275912
0.719397345745898
0.826311369520107
0.761590251471393
0.773124036463687
0.827073010196307
0.885076552622949
0.872637243343707
0.832618996287859
0.778528377999835
0.756334211594503
0.959390652598501
0.833920816310095
0.822370720107914
0.877644473082504
0.68146218654556
0.800081567762224
0.889467011918614
0.829393683053192
0.838522973144848
0.75113820959795
0.831661575934872
0.772378174158788
0.790022709488186
0.873572397804107
0.69587544477296
0.816002687987171
0.799673327328329
0.759174802217511
0.91890476568598
0.759428710193045
0.824187017489719
0.951489130075128
0.930763182907952
0.912572360319996
0.811655130256161
0.920642594919651
0.894398237315453
0.880288565736162
0.781678809884943
0.817307704286039
1.02141983697609
0.933198767109796
0.821907969684774
0.850544894451657
0.936981245323999
0.960944498378101
0.915944909403317
0.927113085161024
0.79224884508403
0.907445525449952
0.964485124284924
0.874090768010603
0.898245920730795
0.918528435038688
0.931469004924024
0.842976285275952
0.996672290267169
0.889988655672795
0.826715985576282
1.03289429872039
0.911738280937974
0.867313449561139
0.955150793859418
0.855152882017571
0.922830754990345
0.838117634202215
0.956709975009346
0.99713920198136
0.979010095776152
0.976249481511676
1.04190190832469
0.896931367811981
0.9527543641854
0.78545640226873
0.951734756877277
0.993604872296662
0.962654258407189
1.00677079579434
0.958647657452756
0.920051335487799
0.971669044292077
0.965090327463231
0.931360379793866
0.958337049333091
0.984929146560577
0.952398562177001
0.928024809467703
0.964219479897739
0.997887031143531
1.09655640072688
1.10175962320606
0.863291523722012
1.09349067916153
1.07326198258951
0.982693749928594
1.09572851659021
0.986006051860662
0.998409984351198
0.962584527514075
0.757106065383927
