-1.11683794866925
-1.10331780527095
-1.04501682398331
-1.05440214424495
-0.966743285823827
-1.17851490930888
-1.07775113395645
-0.931267189511745
-1.04397131651982
-0.833218736266434
-0.911038834603374
-1.06049614937062
-1.00813898323314
-1.11005819573531
-0.929795479198407
-1.06238258430314
-1.01538820215216
-0.845386092674864
-0.914811359572201
-0.890083863292287
-0.923079342967938
-0.882469633966945
-1.0135802359857
-1.00707714124127
-0.975979208948025
-1.04722682855695
-0.8753121791601
-0.878079853742669
-0.837150617451635
-0.902459596990658
-0.83169635097193
-0.993593274438581
-1.01830974932977
-0.830953856851539
-0.940336559100304
-0.934073310200985
-0.924649771759781
-1.00346647667389
-0.834049410573781
-0.959340268711619
-0.949714395593989
-0.915993957976263
-0.922040110347883
-1.08542745039492
-0.719382238595503
-0.975214776750867
-0.901587825973224
-0.905670490500684
-0.916567278818427
-1.02979809950278
-0.749765665194509
-0.917960292655369
-0.879706590009061
-0.903889449892675
-0.858981965738624
-0.827275936882861
-0.922705143275427
-0.726274471428867
-1.01858182757762
-0.835007879342885
-0.920516853100334
-0.828920645960065
-0.854158276073665
-0.872647198610545
-0.711979914858338
-0.865537072526537
-0.915297819509724
-0.799321750892876
-0.811662472666765
-0.780663723648814
-0.831257473227432
-0.806066957780018
-0.901226368535666
-0.813036359350341
-0.843075152343395
-0.852923210959868
-0.87136136713252
-0.733492260035083
-0.895820096250958
-0.84438888040704
-0.937831748438334
-0.933054775975285
-0.869725511616512
-0.903631948749854
-0.667966221929216
-0.946611704153468
-0.820790794782047
-0.850837705962851
-0.927369571973944
-0.788152122302245
-0.846521904094491
-0.910357634555009
-0.950802017063129
-0.655329491883649
-0.808845957294001
-0.865285615953128
-0.754688158370149
-0.826452353131026
-0.884360716270375
-0.803091211322552
-0.915856669786371
-0.790519301395475
-0.720932984047348
-0.896291321604699
-0.735105481375987
-0.852532726913875
-0.857623558972051
-0.823140037383978
-0.755752887504872
-0.779008623973171
-0.750097826132511
-0.762928962782229
-0.663690623903754
-0.804437898082626
-0.711602998462165
-0.79471952612574
-0.827304613486229
-0.728317830175566
-0.660717477317698
-0.796592994575696
-0.715542558697172
-0.924745025778948
-0.661952345065296
-0.702302645717101
-0.685773959019719
-0.856746651737815
-0.784932082966815
-0.722564774307019
-0.802937404886497
-0.764076393820191
-0.671665255905022
-0.829309070252675
-0.697038323676264
-0.635825224017027
-0.726324237968337
-0.72687415509756
-0.757687635101196
-0.877986938256099
-0.732125073108922
-0.834894030378987
-0.818552347210541
-0.6230689474626
-0.638756953150397
-0.754046423496646
-0.626521094395261
-0.698369867282292
-0.52961673438351
-0.412553297330118
-0.664203772075031
-0.671073729030021
-0.64172561185944
-0.648903526400435
-0.734180666312005
-0.48471905589589
-0.589319093193983
-0.533118984242107
-0.646158624401137
-0.449573520662892
-0.762171498480166
-0.75968249831108
-0.562835761148511
-0.61333980044676
-0.589153665235651
-0.620581266001196
-0.685373502432284
-0.676692763763097
-0.739936066760598
-0.711931360297012
-0.656621260447184
-0.62930444105978
-0.568271347754716
-0.660461439887125
-0.616481556939949
-0.601116373466221
-0.603123362955079
-0.696056013465656
-0.68277937501468
-0.653247146969904
-0.507477022113932
-0.716540875870219
-0.634087865406723
-0.493327661663613
-0.674304440262425
-0.65941414638273
-0.522767813630662
-0.49803129843542
-0.702072705511573
-0.700866850212422
-0.611902681330455
-0.653237456402083
-0.632667205648803
-0.551370071946646
-0.618509807261052
-0.710439958108322
-0.642093507524855
-0.677707647933524
-0.611081680523733
-0.815643768768877
-0.533152074552025
-0.574827491184909
-0.488298205019943
-0.64501746583279
-0.472512347267194
-0.585936305971155
-0.685952771846222
-0.572066763208874
-0.614714105213871
-0.529039119233744
-0.609242358802769
-0.498539552787485
-0.543105505224511
-0.581570345694528
-0.624964596259682
-0.399986773711876
-0.42430593939628
-0.644038019537581
-0.644365069947356
-0.697371032180308
-0.54313457651308
-0.51349352990192
-0.595048402056723
-0.428155019740971
-0.438809203799839
-0.695204311721853
-0.443707886581533
-0.726601699245417
-0.417243331566583
-0.587708168811095
-0.61387473899353
-0.496822856020811
-0.434864855907697
-0.563261941563296
-0.550249871394315
-0.650152604143896
-0.663154885314337
-0.603915007410233
-0.462309436377247
-0.471935116689564
-0.562214615293387
-0.348067898033587
-0.458425129321741
-0.600638580749339
-0.431884295499806
-0.442785203696094
-0.532740967426777
-0.5335872072039
-0.472930111559919
-0.476129649483328
-0.371149669760473
-0.5115202666316
-0.425622738933569
-0.467082065434832
-0.476582712625137
-0.598207448406989
-0.641869171293532
-0.491549276154944
-0.524540121423007
-0.460900782306015
-0.435368285638523
-0.552605359701748
-0.474385255000652
-0.52410484312142
-0.459088271410308
-0.515192227750596
-0.43167166695363
-0.352129651502828
-0.574549355773932
-0.427556054610755
-0.571342957544803
-0.611654296145436
-0.318252369884507
-0.480392810227055
-0.455884927768412
-0.396768404266771
-0.388361179182996
-0.478850936439077
-0.501200566390894
-0.390777118677911
-0.497922892997611
-0.414716505693582
-0.520110983861957
-0.407440214644765
-0.314685428416788
-0.476307943226926
-0.37689601561658
-0.493130906707535
-0.422382333818318
-0.391644272370955
-0.490516661884773
-0.349511729282024
-0.43381820512226
-0.341104390759966
-0.443217457019245
-0.40362757635573
-0.534569514270024
-0.586693478564059
-0.539631259016936
-0.395085880074214
-0.307478958527588
-0.42982139774088
-0.452603322796354
-0.470555430939201
-0.343937347403171
-0.346935990053644
-0.387149682651835
-0.361791312914766
-0.435696163708423
-0.436083616567077
-0.345430757953194
-0.32339477304214
-0.349010576265327
-0.414234196472703
-0.467577173419466
-0.395625475454868
-0.338222733679734
-0.400807355227665
-0.230192573350909
-0.33461671819659
-0.248816383560397
-0.337318331552976
-0.342680466486472
-0.281099207585183
-0.386789424263676
-0.183345831834282
-0.306504335643354
-0.370527412968153
-0.328858687609475
-0.24808168427311
-0.223733054163886
-0.353628105532514
-0.241448834822337
-0.307299793571127
-0.259714299962166
-0.358683486442266
-0.339133652595006
-0.472916773755833
-0.339230807302698
-0.193401686318588
-0.41180458342051
-0.461171948932514
-0.233270150556471
-0.417303048056309
-0.258714460725076
-0.28410933975537
-0.31706543705169
-0.354206179279167
-0.223742690120097
-0.269860800349146
-0.278477090556935
-0.421242733046842
-0.254473095796354
-0.268564310754823
-0.364781498420584
-0.384743481225017
-0.480726817262564
-0.157071083952545
-0.273452425931687
-0.3055211781368
-0.183584819360712
-0.272461811511585
-0.170032633299009
-0.283475677855407
-0.153623630961413
-0.287249685639221
-0.360860164771441
-0.297708378179593
-0.31338251234556
-0.0809368992109312
-0.250916913276706
-0.213863210114955
-0.275496214199963
-0.288166964158013
-0.281265486733377
-0.0877122475068534
-0.317548856630531
-0.151684911898995
-0.499474201858188
-0.250948682827302
-0.091698985457845
-0.0957143781340345
-0.388889329865127
-0.281310370046704
-0.0311917845843373
-0.34986939129879
-0.220372931871091
-0.267973793399681
-0.0620986627413295
-0.247531457436348
-0.243170443830635
-0.209393453481095
-0.18530200481601
-0.161429111310081
-0.0557515816688726
-0.253750481096798
-0.246643268529662
-0.240029598951691
-0.190397439713612
-0.205281238914014
-0.147026555671786
-0.214251037215449
-0.182734555947438
-0.163405811085125
-0.139264777725479
-0.236608923077996
-0.139434588047914
-0.0866122987252411
-0.225471964240475
-0.29439298887776
-0.162894505755059
-0.00622374212106696
-0.253999769825134
-0.334821430645238
-0.193972795163221
-0.079570406207654
-0.14529238517072
-0.211311499172028
-0.121716603059477
-0.14769326403132
-0.199332588702732
-0.0745917480170288
-0.205477373387923
-0.0596974572770767
-0.25397833928021
-0.117410034317204
-0.317021074951376
-0.161587459747116
-0.108134756791901
-0.204044650222483
-0.0226723858154693
-0.124905996503517
-0.152996410874309
-0.39529011682784
-0.141417646571413
-0.0412954230174383
-0.217941131250444
0.00518924244767701
-0.243198762413851
-0.0727492268813814
-0.144177371718693
-0.276438995857595
0.0409075076588864
0.0266430655744386
-0.148574917548125
-0.0699060615317786
-0.291610957565925
-0.0459497884025484
-0.100281421979879
-0.149426550906074
-0.23541172928386
-0.0999266940384639
-0.107625963368276
-0.109652629762405
0.0391557209050652
-0.0381110352042807
-0.0936568853800832
-0.108278118886877
-0.0401345761825886
-0.0374522862259006
-0.0660390137863082
-0.0728466220138392
-0.150245147093141
-0.0528224453280498
-0.110950800576934
-0.0583789959749668
-0.12418031943906
0.030632745841028
0.00789887374273592
0.0478558902686478
-0.102098868940052
0.104328164364782
-0.0496631779331119
-0.161321283373017
-0.0281025860112465
-0.0105714648179537
-0.130505058479829
0.00267664607736486
-0.0318256933464957
-0.00157826392024649
0.0086861411377508
-0.0126820343604257
-0.033110794956214
-0.145492291802154
-0.114257407335631
-0.0448774239632464
-0.0229160785070155
0.0208909520183093
-0.0878578232262847
-0.079250380353108
-0.119008516800302
-0.0415856561690727
-0.0606649161037386
-0.143950701708116
0.00840284497206106
0.00677565184483922
-0.00834684595493647
-0.00978559109047986
-0.0631491899369724
0.0108961161174908
-0.0744864177277486
0.0431488841498861
0.0117538173376162
0.0144273848215799
-0.00699617737608154
-0.0102939190639946
0.0417697344825868
-0.0281418351656123
-0.107577787905715
0.200724557650078
0.0161224819928742
0.0673897314280607
0.0826536033569845
0.0274294500219407
0.172519030757494
0.0196101056296265
-0.0478363122310174
-0.11635167936989
0.0596210601226771
-0.153193345247677
-0.0148859958527536
0.0867085712358448
-0.00289450373400822
-0.044209836078339
-0.034994092254191
0.112503816335312
0.0558939539576352
0.115731559252175
-0.039081064659462
-0.0464912556734477
0.111661128479142
0.127856827454601
-0.0264282787929228
0.00674197730812828
0.0111668019664877
0.0961122475036438
0.0759267096346236
0.101109821925458
0.147926188369779
-0.0910861694115977
0.026508648120118
0.1028472503934
0.114580733433999
0.0284699694319067
0.101462702307772
0.144978039316629
0.0814933671809699
0.128472023862757
0.116463657572311
0.110017282578867
0.115146469249285
0.0544365626537472
0.145811987582982
-0.036807909203472
0.0127312024039042
-0.0439084920685493
0.0810722601849393
0.0370626428332305
0.123466639320334
0.136568209117785
0.0977815765389554
0.150804611650771
0.0472360899398425
0.15588193230683
-0.0497608133986918
0.150788871690498
0.105946559112066
0.153526602490938
0.0510151596077097
0.137517404065707
0.109896668498438
0.197927387092132
0.221840162601465
0.173317293258519
0.20269549108943
0.126183057355516
0.156336552016251
0.293370401778423
0.00920216252992824
0.117679836387233
0.195899094116702
0.247384250446207
0.283973712288829
0.00165946401686031
0.139777827965883
0.259434957884815
0.192067450131098
0.205629591084691
0.0604347052314816
0.0540090858391771
0.168367110082382
0.290765100471878
0.0952683716105449
0.200689244021486
0.132600735809932
0.194589000313198
0.066557285818398
0.13948950481909
0.165258342779504
0.321758714222933
0.338227353028093
0.0407345968192596
0.116605096519459
0.278281961906995
0.144495365057457
0.175223650993019
0.21498548682231
0.179820632588531
0.214301711079838
0.0988656508003154
0.303699207680239
0.121419039061367
0.214781892664496
0.33700244252844
0.178956021876076
0.358857752226734
0.376769831363402
0.201611735038299
0.180829199023547
0.321664823856805
0.414831931361446
0.212542085993483
0.363976284295568
0.263745956934862
0.104140005990106
0.196606250660006
0.292018099450147
0.115832855523187
0.270540377312195
0.327871961926549
0.388321753796171
0.248204481702288
0.243994150045669
0.181945204803165
0.289359226788464
0.219442745815695
0.200926715351444
0.190814766031873
0.319596800101352
0.258754085333972
0.440052422424298
0.280571864546537
0.355225620939868
0.193538669271529
0.31586202032275
0.305889966950013
0.288312992827367
0.247683843379178
0.212424177816726
0.216666703804096
0.299473396811913
0.328077009397804
0.359675390207065
0.24102638345081
0.234706673791149
0.278907880008351
0.320769507155335
0.409450895032008
0.308533590466684
0.359034683052438
0.375761176678306
0.296122775244855
0.293773629927726
0.306260428618302
0.275396908918319
0.396356662905308
0.354559756828129
0.216931657198002
0.371633042263747
0.456023288707885
0.430689040363765
0.251847322520179
0.323737221300823
0.233354959928337
0.333128338218613
0.320816843732966
0.462622170893184
0.214016791818023
0.383470505119845
0.23441474156837
0.313631589062107
0.249584679533594
0.338876205954137
0.354549487258638
0.412271719415913
0.406703877780989
0.39826413640351
0.365265217058419
0.441030507950074
0.290576027243885
0.475876899483341
0.336761076177864
0.351232843159126
0.457099315995345
0.430762320830861
0.292939409242985
0.421332042026028
0.336705298359397
0.357148603493399
0.428916577098368
0.476185455102511
0.394731392894129
0.343276799185439
0.508018651402317
0.370570517331321
0.389323410431394
0.438776732582787
0.315408613214269
0.326851597522558
0.383660223061956
0.480018309401002
0.427035440335354
0.475735692602909
0.477691868525013
0.456282707432329
0.534569291733048
0.41849353916671
0.382296085703647
0.529216837283044
0.370774448522142
0.532900330224336
0.498371915993668
0.450925397098853
0.591098244269656
0.375921241920415
0.36128239124938
0.238537556034234
0.455200709956387
0.355987635259315
0.414079605595104
0.490607862910282
0.579228106327901
0.453288653004369
0.392688168426555
0.432179317425463
0.534060113647376
0.472309667689292
0.522476127236614
0.4932228605543
0.4720490351909
0.551859279267589
0.640253457456558
0.415559165611033
0.60268903636167
0.494628996740134
0.51256322745118
0.539460512621881
0.476426236784851
0.515828074505331
0.539734008317591
0.511907320650215
0.58806289504069
0.443683872077092
0.506449370880036
0.517256402423499
0.400978622423862
0.533831229671626
0.430108559833663
0.577628772948407
0.553427424785579
0.658801477921935
0.541898520445203
0.558507797827677
0.424697461436963
0.48332081096685
0.353287816864978
0.50030797635546
0.602486481758224
0.528649110981347
0.654259849221096
0.416091953751388
0.430722051127605
0.539388718821679
0.636782090801783
0.408382366160537
0.54948611830332
0.510682473417247
0.492329647359438
0.556237218802388
0.566229753380232
0.583974054637956
0.602727243995735
0.595094112382455
0.595506329656058
0.598285770336153
0.610959515001031
0.526000917128001
0.59342066668451
0.614646575761053
0.474082184454062
0.74072122022101
0.603273025847145
0.510043539103272
0.562072546891462
0.536454462346888
0.5617323946781
0.641128956417651
0.759495815762311
0.526819898960755
0.576202011672174
0.522531532343754
0.521748143038762
0.53816143247083
0.53145196267194
0.67043982656289
0.572901130591188
0.702227988953621
0.575540894259651
0.554843388263409
0.725552318636544
0.520893268180812
0.612529721863586
0.496938137250496
0.490695364921907
0.561220854425415
0.497198587369402
0.648721052704702
0.735996056175948
0.731796843696045
0.70106020820937
0.653035020391215
0.607326344116327
0.579634163258856
0.712017349629103
0.540344853314302
0.584493709907136
0.68939710914304
0.601301096772973
0.584939811218401
0.624244982216622
0.708486746852122
0.865960320833659
0.650362428101444
0.693848734357266
0.677404433398656
0.731834451482598
0.606382973613839
0.716681899679227
0.56405765748359
0.703615708518
0.583816199063627
0.658099974943287
0.673459297198691
0.671895622902681
0.850344218210681
0.537242688362112
0.675628346012814
0.704709390784901
0.801955919734901
0.814268787180243
0.622543030633639
0.694187401094401
0.685557129345831
0.84003890425013
0.705805896581514
0.839670514806638
0.750219210692179
0.693200820146717
0.667756994187842
0.81541056925647
0.741414983690874
0.838140154266437
0.704237879388869
0.722944087676263
0.583202405618785
0.650459994985634
0.751662668108644
0.788545228338305
0.72093632398433
0.80754693639563
0.68476254829068
0.725526000486946
0.784743745151767
0.666799555130099
0.73578690383819
0.621263661167713
0.790169211007935
0.745847653469455
0.668726045050794
0.68795630650836
0.688972125055335
0.656554463869011
0.708107622581019
0.660590194536511
0.680914622135727
0.793030625201679
0.732795824680044
0.751259612096259
0.755642001515744
0.6633915334545
0.64311168191717
0.701580747857791
0.889183621619247
0.878283571382007
0.744856902033021
0.748735820057534
0.996411025730792
0.807284749328685
0.739153106869708
0.683228018646843
0.731445568864047
0.839138277967051
0.837186920590799
0.780664171191137
0.900506183564023
0.785006405841398
0.722894777446204
0.726529709490346
0.803968595154263
0.647559790192635
0.871345774663829
0.602165027691053
0.860044954552394
0.782503688963482
0.952289727809251
0.949074600144917
0.93338231984929
0.894546699380809
0.767586212874619
0.865110251564658
0.735194018448419
0.85226448845114
0.762362136686109
0.822931613073028
0.861612191464201
0.791776392044142
0.693842452018447
0.970358079361431
0.859625747955979
0.877221635208002
0.850683208049866
0.896761849360425
0.859136852343296
0.918537036497534
0.940564814844453
0.776847954039492
0.904528252477005
0.910876948721442
0.864139781178377
0.847612085759413
0.960021587423447
0.957236689601365
0.805592149760648
0.914680027705277
0.838953525830346
0.884836826797132
1.0555104181561
0.838454236658395
0.809930337627647
1.0191456866768
0.946287593270474
0.898344338038717
0.953308347368019
0.978748874080221
0.981310966048981
0.816083990304666
1.03247180730126
0.888266165333689
0.872951712222873
1.01753218837334
0.905790069419171
0.96784796392205
0.884676371607925
0.802857219385882
1.02092910429999
0.903059961964971
1.2730074690499
0.899255671648959
1.02899073522569
1.06313214342353
1.04215471947735
0.880811832531492
0.977022188910977
0.860185561631289
0.888225688378823
0.825983808682039
1.04302426720935
1.17025188909139
0.98604115940946
0.997353521958052
1.04173652197003
0.973194988766168
0.895354775810049
0.98490749218222
1.06126834883755
1.01690446694009
1.01605479908342
0.970803744519546
0.94808741696159
1.05631986228527
0.87510430054291
0.992527816173095
0.91917051349116
0.894237250296522
1.02201102881108
0.772591252173254
0.87836950961958
1.04756986228116
0.989749501637867
1.1061368737802
0.974027384706476
0.936700225451815
