-1.12596484085408
-1.11906367943165
-1.03752488391783
-1.0717953004275
-0.970293928619564
-1.17860750202953
-1.07995354858954
-0.924782438614058
-0.99630959269313
-0.842560615693692
-0.902412804121948
-1.0781790510691
-1.00132982105879
-1.1213468669081
-0.943607501495934
-1.05880126109392
-1.01635749336989
-0.864136907401558
-0.943547213139016
-0.884670894895331
-0.937311452878584
-0.865494126875493
-1.03089570457424
-1.01609779849836
-0.984491646295769
-1.0519265216944
-0.888576001029616
-0.892918657068925
-0.84198748199254
-0.909655382401126
-0.853487558917554
-0.982689035803505
-0.993194339644228
-0.82738525986732
-0.914677683841411
-0.944141749064304
-0.913095570695955
-0.986929649174857
-0.825926586637925
-0.958760784547595
-0.957275517694668
-0.941368684806742
-0.945759562337152
-1.10867167824518
-0.713381548150295
-0.978477669504411
-0.908773946598469
-0.906498694889685
-0.910161894720377
-1.01395344028223
-0.72976913923949
-0.931091001643955
-0.888877258749272
-0.897645224050352
-0.860650251145669
-0.817940821959776
-0.916643245346877
-0.721614094892059
-1.01417934980246
-0.844173462044122
-0.936884641056671
-0.801393707999422
-0.828820985207264
-0.881775203928423
-0.754867837107146
-0.860996732771366
-0.937430942101464
-0.781622318099518
-0.803511301145496
-0.78607966472885
-0.824137810692582
-0.815884778503488
-0.921512421306341
-0.817459633535684
-0.866778637781395
-0.853771907932651
-0.872977421193912
-0.733978529340383
-0.882696508400145
-0.841318279823345
-0.949111945094831
-0.924610994838306
-0.85870928547489
-0.87172992557519
-0.681536181853041
-0.969141976549479
-0.804828662137135
-0.853618647568124
-0.92123101749116
-0.801739202452809
-0.85333606405993
-0.90079873224523
-0.924114886446491
-0.660916016822147
-0.79948062726586
-0.863412158102409
-0.734111184452069
-0.828359867509916
-0.880561523121513
-0.789393978541858
-0.934922753861052
-0.784594513025038
-0.737128260083456
-0.93197078283239
-0.721478103809791
-0.852951867849582
-0.843579387359692
-0.804982163494683
-0.767924737122925
-0.757243039626322
-0.741088551147014
-0.740237471023798
-0.651611539717461
-0.818926351928018
-0.743889155462159
-0.792513491214227
-0.83273177049406
-0.723360145796027
-0.661458015349933
-0.776034854109812
-0.706384799784583
-0.903705191157575
-0.671539912990488
-0.700484135151959
-0.69653997918491
-0.850176827003308
-0.766829127293165
-0.725290556269479
-0.829734582523377
-0.78275335566755
-0.670477337044697
-0.821899904865415
-0.702332456091898
-0.639880784512651
-0.709656566801806
-0.714985409832564
-0.762950065626247
-0.851144979702974
-0.734082485487544
-0.838886534784344
-0.824719524667829
-0.613112476333646
-0.637315748995721
-0.742687066425245
-0.596092583950978
-0.676007643890435
-0.546701139215947
-0.420107255900959
-0.66678207333282
-0.684241519681947
-0.639678495482567
-0.656441172213409
-0.740588119157463
-0.502728022672946
-0.580413182240569
-0.547538222407045
-0.663637885740948
-0.440757946135468
-0.761426352763803
-0.754820707792655
-0.57792806600385
-0.624069604919354
-0.596981094328592
-0.625462796460961
-0.674885315046139
-0.690598885245453
-0.753397709312478
-0.712174775247561
-0.643825952627768
-0.62354490399023
-0.554013249888773
-0.627394428906513
-0.629992457173429
-0.612969552448627
-0.613520460983854
-0.696378750766457
-0.689923363072551
-0.648593321233116
-0.532235054271442
-0.688178968547308
-0.649279834809774
-0.514237843557082
-0.67878336935094
-0.668741308410067
-0.522591157588628
-0.525987862812087
-0.69655114385731
-0.701390592892278
-0.611625504232306
-0.650609887865511
-0.667673415462417
-0.538580922697524
-0.632282181559636
-0.687896701503749
-0.622695279958807
-0.672979227036384
-0.617376711466897
-0.811618760219309
-0.544734434440148
-0.580354858902314
-0.506136003998364
-0.647390537863543
-0.476543852292314
-0.576052495032768
-0.667962501003877
-0.570925006642327
-0.588788406371284
-0.54615279422721
-0.599046861015622
-0.499295935293657
-0.514431138665967
-0.576049965871853
-0.64025167567579
-0.399929680364232
-0.438163777232939
-0.65055007679223
-0.643804379772474
-0.691599127308116
-0.549186347915244
-0.512079040148224
-0.600381810754964
-0.429769353378579
-0.465700456987314
-0.693313351659503
-0.450808447368811
-0.713241714644861
-0.411924903832285
-0.587852643546117
-0.616609713630454
-0.517166386261699
-0.436414451689321
-0.557131101924376
-0.548078274851803
-0.670569343914726
-0.683499486989059
-0.612235617309652
-0.476166502225333
-0.4679980467741
-0.568305445086086
-0.328169676291617
-0.447252279692379
-0.603780124031489
-0.422166948816741
-0.449133177732425
-0.528743044087627
-0.540903911048945
-0.491873233775582
-0.486786764486295
-0.383407499463032
-0.520720260881996
-0.434540833196018
-0.459382581476022
-0.466494752826764
-0.607193935882899
-0.652540238780282
-0.492990695397386
-0.516278782583003
-0.439159916412595
-0.443852622920059
-0.529655131808678
-0.475945692849926
-0.540706574409328
-0.481071494090447
-0.524104665418944
-0.447090172937711
-0.31593979002283
-0.548401492233582
-0.430898787143085
-0.586963692728788
-0.613701959931251
-0.283505048987456
-0.472447519460828
-0.477070120365597
-0.41422961755747
-0.385802541936858
-0.469904251306574
-0.500811165564755
-0.406205272924353
-0.503078880695883
-0.40449515937241
-0.53448311689873
-0.39779488419813
-0.300400323884924
-0.503062704612939
-0.36860821577924
-0.49017885161816
-0.413049746556342
-0.386658377445451
-0.492504586019106
-0.365747621232287
-0.429619337946182
-0.350187917934669
-0.420692326620481
-0.400426594811437
-0.537088005639895
-0.603801580517104
-0.538378396599256
-0.394356185154005
-0.298843240924631
-0.444734858119032
-0.426825964075943
-0.466431743182286
-0.335311398478616
-0.349546325584618
-0.395262055827141
-0.362223587075574
-0.433377884181406
-0.414196225668555
-0.32939132248433
-0.324106764497282
-0.341834775699961
-0.432191687974977
-0.443636447935584
-0.38219873371351
-0.324591805745223
-0.395251536997818
-0.216394817696537
-0.35260209067742
-0.235691308853083
-0.340326490522935
-0.343016316963888
-0.264688348000589
-0.387184974606267
-0.177211073135998
-0.298621987229474
-0.355769990548157
-0.308819252398281
-0.252531142144775
-0.246599235052861
-0.366025516282732
-0.254766735090611
-0.316827822386083
-0.265740647747389
-0.349299484879753
-0.339991455449193
-0.47092080099448
-0.32469570343228
-0.209814685581041
-0.401411436002282
-0.437234870943553
-0.207799188000754
-0.429671917819773
-0.278580748047585
-0.288990778399769
-0.310680389839781
-0.35958550892955
-0.226834589464875
-0.264234354588872
-0.284508465099547
-0.413264900725886
-0.263376190006516
-0.291029455275717
-0.330727985153865
-0.396826742965499
-0.451833781510495
-0.129622682552569
-0.276707963134773
-0.281704657517324
-0.179801319613219
-0.297384359189612
-0.161631301002731
-0.276147984743789
-0.147724901911024
-0.317335957579355
-0.335447908491889
-0.30081526849618
-0.304889139062645
-0.0732999321193534
-0.231359835924705
-0.222091516899492
-0.288697802939318
-0.281568000237741
-0.282871725317301
-0.0861344901389354
-0.313937241270858
-0.134144630701202
-0.503737752250343
-0.237856092241496
-0.0997869470983615
-0.085680299119384
-0.420377552099913
-0.276219979531203
-0.0328208835649247
-0.354882246325626
-0.197813150618555
-0.250104816332457
-0.0703028159694185
-0.247054098656045
-0.239956350495592
-0.195145406142515
-0.193735642467177
-0.162118976628061
-0.089326157962013
-0.271602825924339
-0.256649472736806
-0.24119887384037
-0.172558203582793
-0.220568089481019
-0.143354883124569
-0.212474791317706
-0.154660368586099
-0.153725117598051
-0.150371654864561
-0.235063522551888
-0.146509815334024
-0.0785429923772997
-0.212003703366626
-0.295771639450972
-0.156751871719741
-0.0350223274511891
-0.251446515659034
-0.311110836776973
-0.209048085782718
-0.10147273994743
-0.156264530103956
-0.202044172645316
-0.119624556219701
-0.145019784546196
-0.200600895655516
-0.0642029558638072
-0.225590236494146
-0.0466728110369195
-0.246440182638421
-0.115746104877114
-0.297418237528562
-0.159591071205444
-0.0961143517335785
-0.183287246683017
-0.0115080834783954
-0.143713303605639
-0.160456141407598
-0.400450295370904
-0.107975034465576
-0.0393548792837773
-0.202521616137789
-0.0166824976973876
-0.241764580714165
-0.0513422685039276
-0.127492587829221
-0.273192218255933
0.0444894607987669
0.00881886022953235
-0.161642802978041
-0.100566270636301
-0.272545440966752
-0.0582716400718778
-0.114460135692163
-0.145946907808305
-0.216736058341487
-0.0967502405991309
-0.109706464553039
-0.118104904089189
0.0440522709635531
-0.024345568663242
-0.0860969886595408
-0.0872625955608232
-0.0359066337594585
-0.0352934274369068
-0.0576220153480564
-0.0677508115441792
-0.13818205446368
-0.0342592711184886
-0.118178543041986
-0.0604918898851212
-0.0961839193341318
0.0341781034631279
0.00401531352858341
0.0774274249517017
-0.0991749968690081
0.110839961533689
-0.068721937632649
-0.153017923252529
-0.0269712365681494
-0.00943100257846885
-0.125299805122725
0.00110938274788711
-0.0377906905573228
-0.02692851484717
0.0191194497350815
0.00447694862262528
-0.0248951558037788
-0.143733386603729
-0.125231234785884
-0.0458372267060728
-0.02107652339907
0.00815115102913334
-0.0938756867279436
-0.0745876123460141
-0.0971182832781215
-0.0447578674135359
-0.062908558690038
-0.134671643382635
-0.0134999562050971
-0.00462463475547594
-0.0183630532425283
-0.0199639477893763
-0.038158854789226
0.0306492503837397
-0.0772847755521851
0.0577610790675696
0.0449677335841848
-0.0116553582120357
0.0202899763197077
-0.0216288984719362
0.0538616519536921
-0.018084732952683
-0.0983569796834576
0.198780230532391
0.0164469079755555
0.0576239569971734
0.0794555307931355
0.0439406085196853
0.182180251498933
0.00882289993368714
-0.0481246282557736
-0.114538298927131
0.0419720282311444
-0.160991619717372
-0.0145100736359146
0.091497953920859
0.000185689521877172
-0.0426796477603502
-0.0227354282936253
0.071517147122886
0.04918255822056
0.12737476567274
-0.0330139734006434
-0.0681476747569596
0.120254190551956
0.103818911649987
-0.0363723099536972
0.000395113227247718
0.00211706322660434
0.115093325129492
0.0755959104184611
0.115105193774943
0.121568076111683
-0.105732570184962
0.0190358280493528
0.127515414122888
0.107511761960714
0.0345831423141849
0.0970460034917942
0.145232995512247
0.101701721977608
0.143398235573268
0.104558580721046
0.0908096124346868
0.120677167174992
0.0512401522016927
0.180616475210653
-0.0177693282722068
0.0462424338931306
-0.0488144994306418
0.0796328374179041
0.0267538827559747
0.122150077839614
0.115069008211905
0.096296487043047
0.16279600855904
0.0421984885770809
0.18534345707434
-0.0419066750326635
0.156271231482941
0.111638895988368
0.167683363871475
0.0747319768916987
0.103322016922074
0.11872147773721
0.194091762657767
0.237655807960888
0.180829073487227
0.224809491869876
0.135277535973455
0.142690161003393
0.294811535599249
0.011341530925273
0.118123261320565
0.208584837813469
0.249051451575956
0.268595610697274
0.0137195661465912
0.0990196580759343
0.230205764544818
0.193136937567543
0.189670294539947
0.038855440149834
0.069482153242244
0.191529929911043
0.276743026229876
0.0734489869399224
0.217033487291409
0.135526182761311
0.211346208891275
0.0552177639711561
0.120820006630907
0.162650774020609
0.328339895825459
0.348108395432795
0.0300659921510875
0.125950984038916
0.289150417202898
0.149354260537938
0.180099861063487
0.203196650194319
0.183859799903158
0.204767497022508
0.0927860161324951
0.335833089587045
0.132691849580958
0.200813343509758
0.330303927391365
0.158236112009946
0.350001237179485
0.373092391355043
0.197919895335916
0.194266969905776
0.329447939165531
0.428730982889225
0.19214717584236
0.360372818917183
0.257006616495633
0.0918114477107349
0.204682569214685
0.296766280012677
0.132845434481991
0.265857043980276
0.326950432798992
0.387422833994465
0.265480782450792
0.280878654334232
0.157096524678919
0.30196961665585
0.234010324220524
0.189041661150625
0.187523387178715
0.340366344082307
0.251753175291251
0.445095849044718
0.283991186859765
0.352612131751483
0.19722834672597
0.29433053701103
0.314969473052942
0.280262521761005
0.244476567680822
0.202360011961446
0.225651924393451
0.287523717255935
0.312350713529914
0.360342182079135
0.250078143573547
0.242637093819873
0.271718061987596
0.302796575077451
0.3981949805192
0.314395505310961
0.337580289227609
0.395138506466931
0.30399924439238
0.301739373434723
0.291345372449732
0.295666227422915
0.389806820247332
0.348662848954567
0.219730144422663
0.370474544955797
0.46984480217871
0.44562893585295
0.238006052773234
0.328645507787077
0.200338826045701
0.342282780119628
0.31491910270177
0.435603582813758
0.21628439335046
0.385813405298525
0.238885290615755
0.304606759365449
0.242407232153097
0.340926320342321
0.34546683270788
0.372828530209681
0.43816784213314
0.395133623500501
0.402607545783799
0.441091321097664
0.281875955537865
0.485016313181952
0.343660855789807
0.361904381631072
0.466578926856271
0.444925960478917
0.30884882328706
0.431480478745659
0.323927489875863
0.38566597871686
0.405753359300107
0.471610333647467
0.385217620353338
0.349475670203807
0.533236861221237
0.387684904727875
0.406623027530547
0.446454951573011
0.317592077664169
0.332393443294157
0.366958266714501
0.49144815058453
0.450029578224894
0.470462988583099
0.483307555091429
0.463415881706175
0.537959237068416
0.411372537874153
0.377637327208399
0.538161734121287
0.38229509847055
0.540437144981151
0.518275461947369
0.458672058386802
0.594956349984877
0.367683059291964
0.379485952769282
0.252820206564809
0.451651931415452
0.35443685181623
0.402644625215121
0.482482776995093
0.549678461780514
0.443343165250881
0.399397676522639
0.434761041018386
0.546339386152383
0.471142594771582
0.530693256930569
0.478369588765495
0.46766289700495
0.546507948626631
0.618176749349722
0.403735262587267
0.593017279603044
0.487275351892862
0.515490228832998
0.527796073152267
0.483095726721349
0.506503392335371
0.541243389929331
0.537964616958894
0.581274862894451
0.436689510931456
0.52208510862943
0.520453590939356
0.429259942327901
0.522771203766136
0.448232869901911
0.583519005919806
0.555285394008015
0.652227712068218
0.523625316445444
0.557186254850293
0.421729089405995
0.470652693616814
0.365128851413994
0.51407820457732
0.603175944424155
0.545231740266309
0.69947540755453
0.413153560372654
0.438087458127624
0.551661926377274
0.637588832576321
0.429136240715431
0.548860789110121
0.519628959077082
0.483167773096741
0.534231673581795
0.556337990637115
0.58535987992888
0.613654326278598
0.580116753761489
0.591393689121161
0.601645702181743
0.601479663054975
0.532576996673945
0.587222278725565
0.628343238587643
0.482709790326253
0.739015778668085
0.597966025078373
0.484870568610568
0.564910682828513
0.536816535745108
0.526436997167645
0.658510813882794
0.756191380602229
0.517307263372011
0.606457452331274
0.518075934005595
0.515095043077341
0.556938664415812
0.517256898890494
0.657721229234746
0.577156727844292
0.68948421420104
0.565369272945568
0.57084713269181
0.713841427854125
0.508524107579851
0.613749710846536
0.505404761404943
0.499978281516894
0.552754378358285
0.53391797273506
0.633595456074867
0.735439532025378
0.742600664906951
0.717853150122414
0.679708443909604
0.615003431827621
0.5780225240082
0.720723862001629
0.538188348134436
0.59018213365769
0.706713811654051
0.584020108943294
0.579295728112321
0.61229438092238
0.722595298692933
0.853544759424983
0.655459605444453
0.677600798083286
0.691167727092847
0.724212227548811
0.600049996814684
0.717150625724523
0.563152650272581
0.715407048600238
0.600002290934783
0.655608525313943
0.656967985381495
0.68737174304926
0.862337458698931
0.51756050525977
0.678632848892001
0.714789123521364
0.770435610803651
0.810102604774137
0.607059674000433
0.710006926799101
0.689449171254546
0.846332953762496
0.714526957425108
0.811824810292137
0.753241614465426
0.712760725930114
0.661852499260325
0.817591573719644
0.731921523059222
0.83388862287278
0.702867449271293
0.734620060696479
0.592569600818145
0.635472455693977
0.767340704400734
0.792681514927103
0.711084153436329
0.82128180114212
0.663134031225206
0.729089994459931
0.779704626750681
0.687780769680425
0.760128992590771
0.64881109521857
0.792284859177774
0.747245574487317
0.662704197566665
0.695979591899431
0.70306312474773
0.647190822187672
0.689867023179254
0.636716363860119
0.646487084300225
0.8024224788397
0.728703526212663
0.769604316701937
0.738787401047608
0.643237789764984
0.648264080557592
0.691119389837484
0.882579534441966
0.863604163592308
0.744787386421201
0.741854868086895
1.00072614218883
0.794079020238007
0.727973105831417
0.675243257200333
0.731973399342794
0.838130885684969
0.828101019649062
0.776727811674919
0.892378378876704
0.783423660695179
0.729913407535345
0.729412620779712
0.809347555789822
0.657538135849129
0.894145870746976
0.620536411351425
0.862705851749142
0.765106668910592
0.950858374285011
0.955279819459669
0.95629063935841
0.885398490444308
0.769913386090581
0.899234228457169
0.737614754765588
0.858773049104667
0.75942134830647
0.822907641840994
0.887973021512956
0.809534521171563
0.694014431774158
0.95691800509267
0.858628583194307
0.868269343355021
0.850468367659422
0.91079875457269
0.88309008766127
0.922378692428647
0.92289140105345
0.797056880269457
0.892825802998578
0.928764911434097
0.871339854120386
0.860257852049637
0.955599984608698
0.95876098516318
0.808342750200547
0.908788044076719
0.847033928529137
0.887441582676759
1.05421224130425
0.845451269984587
0.822210275757349
1.04243631210858
0.941465781387553
0.914821334856191
0.965945823906905
0.955955056466002
0.980007854504322
0.853105701345783
1.0285572917448
0.88009891987324
0.870148573387415
1.00878508181815
0.901411529419558
0.972748347934511
0.891978451454871
0.810489633366809
1.01221542298962
0.914610633117561
1.30358047517816
0.896967635925903
1.0364606432769
1.06787980559325
1.02808742099736
0.86931398491718
0.972606582453814
0.849338502121168
0.868841993627263
0.839255220446949
1.03792357732307
1.17612275936279
0.983807527684191
0.979629288700326
1.0166819172467
0.957118887400641
0.903209350874189
0.966209039535833
1.05720837231413
1.01089378981432
1.02023898883532
0.946112179910443
0.939288089892645
1.05691558139139
0.866326972660273
0.994351033329668
0.932527009318012
0.911131342699981
1.00184999747446
0.755545429208954
0.878713006444718
1.0673631583877
0.985462958451815
1.11324696302244
0.956455422126033
0.95032891650372
