-1.04699617167086
-0.965849339574235
-0.886875047042312
-0.962954094692323
-1.06806587392594
-0.897369393678123
-0.905295084567322
-1.07443964980928
-1.04943484274918
-0.883417565899328
-0.81444693129815
-1.13024211890661
-1.00483341561715
-1.02924543570306
-0.901485059725302
-0.947783079152321
-1.18665107401933
-0.950009719273794
-0.953387010392101
-0.815644351083084
-0.995847134371456
-0.875198427560082
-0.931500146614804
-1.02314635894778
-1.04633884243233
-1.12985878038152
-0.938406652147455
-1.11543676282696
-0.915146741341959
-0.860315203788794
-0.992157563066092
-1.05867080184911
-1.03366199178209
-0.856166090973556
-0.958998421815025
-0.976550902613094
-1.09136628861031
-0.905177334354074
-0.945689925045687
-0.944279345934427
-0.917865275537133
-0.908072602154716
-0.818813761841925
-0.845846779118559
-0.938937403139358
-0.947400322796156
-0.996646779831841
-0.91084663213552
-1.03654125517352
-1.05077028457472
-1.0155623152398
-0.866482448782692
-0.895476623566189
-0.885847233934858
-0.916032684370959
-0.901095282680201
-0.884461589071722
-0.992367431973679
-0.768065119852134
-0.926337735560483
-1.06949673873713
-1.00509362931604
-0.700403769795374
-0.869537714363962
-0.768429349891522
-0.802837361298371
-0.781859869370962
-0.742405473585646
-0.835754821766499
-0.913634789515407
-0.922291443384802
-0.901014221941168
-0.845811813614404
-0.847850841512144
-0.874233519754323
-1.0284556713974
-0.749817928538379
-0.84992834518158
-0.985215432525406
-0.721343674036019
-0.865318331727204
-0.804490367153559
-0.756656006408897
-0.777512563625122
-0.817535621865861
-0.840877023477774
-0.830164368882339
-0.808165526791838
-0.870612710898377
-0.833288158221564
-0.882642995548917
-0.861504946937791
-0.738350830329328
-0.738231407649585
-0.776343277721178
-0.815177367409476
-0.863023501590419
-0.748064602718823
-0.79252602443698
-0.865385153886898
-0.933952117279952
-0.732660617923292
-0.842195487542231
-0.942436278741705
-0.784986455504472
-0.847143490960602
-0.812351250499248
-0.758656615624145
-0.801252347442168
-0.896238724911431
-0.719436030870138
-0.702233078349843
-0.783598088354218
-0.773194360660584
-0.756563302796857
-0.686112679860988
-0.694242218750387
-0.83275936742887
-0.873892340377536
-0.773235320543508
-0.721129780183218
-0.670742257374424
-0.804923424878543
-0.703025281519244
-0.740124640160325
-0.608290256798565
-0.603901946449842
-0.775509433634105
-0.736420286573237
-0.788029656059952
-0.690841181583116
-0.726579827359436
-0.81075168483006
-0.744731094828942
-0.637838652827073
-0.827374073826975
-0.80275697144003
-0.830797800419261
-0.732712218428245
-0.681690465783157
-0.744938206936728
-0.837444624297581
-0.763226156440544
-0.789916613067471
-0.755467680464235
-0.772688752306098
-0.714219825327546
-0.658688443897047
-0.537574492496634
-0.708379997671746
-0.69658134416889
-0.706031561380832
-0.720409397866167
-0.628947643540884
-0.601877301734879
-0.616429486492686
-0.747370444509419
-0.732327475223664
-0.680813175943042
-0.733167255083732
-0.862236635646221
-0.519514686364266
-0.729549881095177
-0.750918597036434
-0.729724036490163
-0.649062078571044
-0.704618297395792
-0.653666643694111
-0.713786164726608
-0.665036077092756
-0.685850303124094
-0.600212744976484
-0.584098615467766
-0.645848955433212
-0.685274540996511
-0.553618530151295
-0.872242180775429
-0.706350499977107
-0.726742474876021
-0.668589980106133
-0.660534007521201
-0.660989691655357
-0.650501136902014
-0.69194655935753
-0.514107918912123
-0.732676312487043
-0.562935222813916
-0.462652221539398
-0.603866888775595
-0.56960841225182
-0.558598229652723
-0.675282398647581
-0.618511426698404
-0.64483593322075
-0.634324699151577
-0.684682955155144
-0.674383938455063
-0.657706203854762
-0.555445604422707
-0.592066942913546
-0.66931870972093
-0.610917313436107
-0.698932224217307
-0.529550732319868
-0.581829263272188
-0.618428948588891
-0.521577534139892
-0.655871381139827
-0.74283714901219
-0.730016330237305
-0.63003299585572
-0.666278762806173
-0.654257006797194
-0.451287552295985
-0.48844705386553
-0.664589842710819
-0.450043462070967
-0.598342789403137
-0.415241640546568
-0.704667417956812
-0.654117907222167
-0.561395666032129
-0.587143505840698
-0.465754794716346
-0.494647438141483
-0.612803122218398
-0.606675433401001
-0.485993194103078
-0.350727694743442
-0.568701335555289
-0.419138377887457
-0.489830550665927
-0.672811011410804
-0.428081705004135
-0.419167218239794
-0.555751411084826
-0.357282512326102
-0.735345378081549
-0.560728844245568
-0.631469458249915
-0.587148975602353
-0.500051120752529
-0.580915702829617
-0.390397930512468
-0.551369690007902
-0.515966714115243
-0.563782658466802
-0.486953491551264
-0.667802759483486
-0.639332374479177
-0.510785422769243
-0.504929768986985
-0.636935581876448
-0.431837431100811
-0.476892279335579
-0.552526882044231
-0.648696753967324
-0.430943366587272
-0.489942739914421
-0.489380356895849
-0.568963067583846
-0.443840869062764
-0.284829865970891
-0.661854724970635
-0.445580561548619
-0.591071210473047
-0.401526530227275
-0.519431035411248
-0.464473486250341
-0.550669763617344
-0.458730906791645
-0.311920493670144
-0.597787609003085
-0.534541347833231
-0.467278192371694
-0.560036088709362
-0.417610311270637
-0.560982564363531
-0.485514937536994
-0.495239216449384
-0.602680736635808
-0.555040499361861
-0.341508556252556
-0.483695175228629
-0.374409584017744
-0.407542881239999
-0.311501404575003
-0.600210100436578
-0.516887537720287
-0.386474751784571
-0.413644629735346
-0.50971512133343
-0.232789740752072
-0.358395451366703
-0.263673059681547
-0.42048827944605
-0.417662742803583
-0.469779183217369
-0.509274384060131
-0.323837422122561
-0.462590030127087
-0.262138565327802
-0.316436675094601
-0.43313957968855
-0.463761005902177
-0.333591385636079
-0.216852653420081
-0.381585292912172
-0.453582941318423
-0.461283420467048
-0.437754684206296
-0.369431232763436
-0.305400944832108
-0.411384061249761
-0.473284477234965
-0.298534811237209
-0.400784338097414
-0.361047787914685
-0.441374461620101
-0.322752600325911
-0.349598132151875
-0.43387320625194
-0.395548981880939
-0.460162423239918
-0.29980344738631
-0.324972159372707
-0.363879295591989
-0.497456893235547
-0.341955761951781
-0.167266701081732
-0.326733636813118
-0.226060006560573
-0.447702672297644
-0.300430102511483
-0.0356090730843256
-0.345613970173138
-0.323674135612837
-0.413134156591555
-0.287550060651619
-0.323070313603794
-0.281566416342958
-0.296177891907065
-0.120321632449753
-0.341135276472671
-0.17310552380924
-0.331624050507505
-0.367941369564718
-0.268829566955282
-0.29706514569072
-0.216766631019005
-0.296774031349779
-0.27538994407009
-0.271203016984481
-0.379006154058755
-0.191191551104309
-0.24054388790018
-0.32956908092847
-0.368135766902754
-0.371270297415521
-0.321696173819181
-0.312871542936014
-0.343577014193519
-0.434868558905729
-0.159817575674759
-0.271533670079471
-0.262411311877535
-0.224576106393692
-0.283683306637238
-0.185672433123348
-0.286317020821668
-0.171000448154568
-0.224502255736482
-0.26271268141035
-0.2380459405292
-0.223242806743052
-0.174951601511773
-0.276875588128818
-0.337550576500942
-0.195526360873431
-0.224719873190578
-0.348345680358781
-0.32300230423722
-0.0974972628485221
-0.206006361828204
-0.130841969437297
-0.229131706502872
-0.201391084465937
-0.192384818018458
-0.288218205270694
-0.367044201925606
-0.270033376522458
-0.254936190807695
-0.222095954391159
-0.133112259773706
-0.184952022266496
-0.152086563806617
-0.284569779437707
-0.297223389442799
-0.20239475262851
-0.281235925368367
-0.0771793850556221
-0.206776883455067
-0.257169089629401
-0.217181050216199
-0.131682716918795
-0.190864101119584
-0.204642103116905
-0.250383953298062
-0.267975655430243
-0.182038123123663
-0.391006508468576
-0.0594796235128594
-0.207230595346491
-0.258005806919511
-0.150650669982554
-0.0151828686690251
-0.248059301349588
-0.145769972892186
-0.140796485177968
-0.227383029906754
-0.422060137922008
-0.00136810231366963
-0.251658374741461
-0.152628837286341
-0.174783584501633
-0.150881822127535
-0.0675991889267526
-0.31752581974393
-0.161816415110857
-0.119553482548842
-0.12553918935592
-0.271393817147326
-0.144368980999679
0.0275900545919057
-0.240921367485517
-0.20551642398987
-0.287690221446492
-0.125279938621382
-0.169479572623703
-0.159783841365428
-0.089285330058273
-0.147933659159498
-0.122970433321938
-0.0485915190565957
-0.127351540979429
0.00336816042891098
-0.0665052493717389
-0.0284599338009354
-0.168740048762167
-0.156044745349539
-0.279841532292788
-0.139904846803331
-0.0992125403586141
-0.115622600862606
-0.0655772927551213
-0.079781288392703
-0.0687359751921289
-0.0797185431832775
-0.104744004176609
-0.0840343388768284
-0.0809594263761901
0.147300083655353
-0.145064337155305
-0.135817545880271
-0.0669695381028889
-0.0922442898616074
-0.0698712499146635
0.0179466645425749
-0.116758796105604
-0.0565221830315912
0.00768409456038451
-0.232783751613834
0.041269565728868
-0.0831175378231056
-0.022187129251657
-0.0758810074364744
-0.118180368526645
0.00492779836186915
-0.202168610130317
0.108276666550998
0.0771426584224275
-0.151765049854015
-0.0981007613972557
0.0493944738882773
-0.0960665249001676
0.0302945274294458
-0.00787303251995951
-0.156173269122225
-0.0636100182864643
-0.0355155397506217
-0.0566938107997672
0.0796287418068634
-0.103170520403015
0.0683206099404235
0.0467065581421639
-0.231584614122593
0.0134440245172219
-0.0481660113576919
0.040843903372523
0.0413899627144058
0.066498284273357
0.122908698822223
0.0366081908550228
-0.0269939810786907
0.0258730685758496
-0.0427667049528392
-0.0317478716898837
0.0454182167431571
-0.0341957865945722
-0.0393395213843232
-0.0547441013979638
0.0243385489630531
0.0915351254095513
0.00628150867285016
-0.00176161622592822
-0.0115404398744059
0.196523621558424
0.0511263072369909
-0.0260822107067554
0.0284815950528648
-0.153958798886082
0.0697543296834046
0.0190348923730347
0.0324401979669547
0.00692541463213246
0.100158481498991
0.263778262694034
0.0706687777063755
0.0836121030093225
0.0158901876099868
0.219773158267865
0.116531629536349
0.0542840961394963
0.143442448323393
0.108298064938549
0.0874808548663956
0.138775146546233
0.0938469284403904
0.0084056713246426
-0.0602622513307123
0.0116731095251236
0.0673186721202568
0.0942402797746952
0.126278217251887
0.0950230050513515
0.0736437406613307
0.171609322972043
-0.0264756660522217
0.0575817926623086
-0.111197220805759
0.246974981460627
0.119537925474595
0.00844197268061912
0.160611819684852
0.192554026422126
-0.0700851004231121
-0.0317101703780374
0.0916058136179948
0.045719257742836
0.170771789155167
0.0964489896063001
0.221704179044385
0.0447505603280376
0.0647974664365388
-0.0165973276596478
0.101977296523692
0.100615740474564
0.167058063517177
0.159474060726781
0.186147794359135
0.0955567970596206
0.203306904778726
0.22828661045253
0.273355486231379
0.147336950407582
0.0385776571963129
0.270000260207166
0.255947521349611
0.113930245630305
0.152849567578663
0.275725371019758
-0.0682440343532658
0.0457612688793826
0.181867356242912
0.120782659959571
0.200153493611139
0.0781585184565797
0.0528560269505571
0.14604170586346
0.216997042938278
0.10839515844265
0.239218230531699
0.0520515180701794
0.190763965319122
0.139039120940041
0.330136275396458
0.266171682370145
0.354826572979484
0.0914802375640497
0.138563969414195
0.128467779595018
0.162134575332121
0.120413304811549
0.245022076519542
0.139132877583561
0.3763611162941
0.198415140603031
0.301483574551771
0.236638791739336
0.216056199669402
0.261552953846042
0.404917212186768
0.0390170726786558
0.216205718298428
0.32002860714525
0.359279730161468
0.139315378665084
0.0928018384736887
0.329519707531087
0.285373802900108
0.216486761526279
0.168502360269798
0.395372638772075
0.299126755931269
0.162729508050492
0.272789692958344
0.345568474490279
0.195930480905553
0.213017693087338
0.163207917618568
0.422382576652584
0.243893122363717
0.148572034038528
0.367599465165506
0.330136637516491
0.293702030908811
0.276497488737589
0.196485822322846
0.17910063486702
0.315243231927425
0.233798256063508
0.150715660151547
0.176792398423136
0.25873366523377
0.268057885709309
0.464563556536808
0.366988486950322
0.15648176127436
0.324552171295962
0.167172484188273
0.260465122822543
0.318016421611621
0.336272417840525
0.274100115954571
0.153137765817533
0.387518636577114
0.390065655587727
0.328425488013427
0.322306744389909
0.287255563317041
0.2805320814477
0.318649891300436
0.348120625984525
0.364170510334982
0.190253510085948
0.39659108555576
0.258106542543469
0.345165177597398
0.209167710475156
0.279366269052466
0.2670983690269
0.446464128601547
0.401337619496744
0.26231542095495
0.366283775496263
0.301565470879133
0.41326408241449
0.359828497294656
0.523420152656079
0.437302792182573
0.301102851582016
0.269785375780159
0.328783216273226
0.476237861795413
0.451527488152083
0.382189830574307
0.138620618246225
0.462763568331012
0.308617590049211
0.392209846416281
0.311905930432643
0.433636556617222
0.30386774332071
0.422165270308943
0.365931860540914
0.392771819112821
0.391304939424543
0.485675608983463
0.523089578545907
0.32966882462137
0.449050355032988
0.492940075745757
0.430034794993239
0.45850019198776
0.459721637623812
0.537626161888145
0.340579453267609
0.314317407991181
0.330963753702695
0.435403756743098
0.426466755349813
0.412718258447692
0.416432571557525
0.446202051979471
0.314976692971745
0.407365854641582
0.451501915514188
0.41756925569961
0.337005069945816
0.537490683814612
0.437945472718775
0.366313795753876
0.473159953420135
0.571643125359563
0.498700730911144
0.391550536747954
0.458019419344511
0.461476588918535
0.610525925703909
0.575007012022073
0.447039024505311
0.395090168160707
0.465768366547093
0.405185071333573
0.343521716936464
0.435361325462917
0.431236246841068
0.646792307560998
0.234119917050273
0.396758246336348
0.514908971866694
0.40182242341684
0.389647199582034
0.434081998072422
0.42847075945461
0.427286939231409
0.633401098419297
0.540758329661076
0.43952564881202
0.54256393683274
0.508246858024798
0.394289530607353
0.627022069581832
0.474419999523067
0.423812765224491
0.659563891093111
0.605469539323447
0.556052894767427
0.450411630064297
0.544577805784892
0.59630910428678
0.54496176932454
0.468991790972139
0.585978810886486
0.473158608413014
0.371731021461775
0.573360194988113
0.500962548013946
0.435372133849557
0.626676585313728
0.39492636693736
0.559999353757011
0.498072503975034
0.56328079077666
0.537609415060233
0.529457111111252
0.507859582553657
0.36052774061327
0.610690484209031
0.665591418220817
0.604813060118308
0.562574461143755
0.642939437872133
0.506599750201128
0.574811120268228
0.603243605630674
0.520605530561942
0.560159454233295
0.588236456473507
0.733554268268938
0.642883213050465
0.625933742921032
0.608212866609243
0.509809764736215
0.779072286797856
0.567797202538092
0.5106461547476
0.357654138164929
0.58622627792931
0.632994715855371
0.555880630957992
0.563827212135734
0.597174446391129
0.582311230740176
0.685787631555392
0.589513478792081
0.554419617888237
0.692241880836562
0.659378683368882
0.41772688683423
0.740616869046885
0.714996336121893
0.649159133574231
0.475388886549205
0.68303531729886
0.70245968664369
0.462011400311421
0.508317079376679
0.546910451520282
0.77924228419928
0.815779401405449
0.693709705788059
0.680572877280428
0.542082627395956
0.67247963775627
0.58658032199658
0.674283491230871
0.495936267725923
0.689514753527137
0.619376673777925
0.58815067363635
0.833455638351596
0.820687115556389
0.734785102932273
0.707852070035311
0.532405821052318
0.698142553710842
0.738504133347047
0.696522869648632
0.647328213859716
0.503721903362927
0.587938206504951
0.783183694439602
0.706492593222005
0.628916647331615
0.674106807044857
0.670278013592078
0.745454241752789
0.569251091748133
0.727934297716481
0.696389803319077
0.802052855965269
0.653589839658815
0.72317979610724
0.775422304314278
0.835772221922183
0.632493690529155
0.799991731515879
0.663484305485098
0.789408487431891
0.78660887639752
0.713354196411294
0.652785074146487
0.680400740743458
0.756288689131856
0.709182993461212
0.771997535772578
0.626566717870512
0.847992150516736
0.699679685746254
0.691956899738027
0.732537883149631
0.588116059157676
0.77242741230562
0.538583986786723
0.702473156414945
0.879918684231927
0.705596622160768
0.751044509047155
0.659260357641713
0.780952915630257
0.732529117608247
0.704403673427288
0.797265489895565
0.803494745924692
0.802308839595993
0.612565166360509
0.805249277460789
0.795657157554448
0.693487807690259
0.700870552203448
0.780989972216223
0.813268183972905
0.850952574655274
0.702215510729296
0.888594495258505
0.80446130708217
0.892973289680743
0.567342719297505
0.793601880763576
0.872819357049011
0.672030861316544
0.763241621799451
0.741382623113484
0.888462707354784
0.843229301349705
0.754838357269476
0.877039935931246
0.824964620318269
0.774489917470902
0.778842468328755
0.877428517769495
0.807942616212796
0.862084400733601
0.86231214566724
0.82987834186619
0.850274732023142
0.911044746184742
0.769773154652569
0.797650551758474
0.757442672502114
0.737567394270197
0.992257834327984
0.895162788900131
0.83589746231579
0.943266154502017
0.948744754070481
0.750876355767253
0.848698703686327
0.907500828259103
0.917467921687788
0.759898448493913
0.847664716140663
0.965285143949176
1.00812679535823
0.775564550727963
0.879339344512586
0.955815197961707
0.951162240030517
0.898790130814817
0.909780701800716
0.774159095980505
0.953956989057821
0.95743909160391
0.94090139844787
0.830377251796809
0.801841976792073
1.03697749502538
0.811508276475298
0.800323059381589
1.0101038964762
0.799063575466466
0.831327023019698
0.912397455098073
1.08265858271747
0.930216340089388
0.949709912078794
1.02193800637088
0.955290530384686
0.91591384875016
0.941958620888482
0.87572590210625
0.987093070213539
1.06067922854003
0.952272088038683
0.862368298713059
0.974742522006725
0.93744979332692
0.901192068610709
0.9036589946607
0.864612135555235
0.911260085673391
0.875999784892955
1.12713472857475
0.990722426923727
0.865295330905485
0.934234740790283
0.973564837329169
0.926863263923279
1.00408041578172
0.899883952667387
0.921441726848455
1.0937653707674
0.964907902557135
0.949333461922803
0.935989449418468
0.886257199161899
1.03025858893036
0.975641718456163
0.972084336649951
0.890532889004344
1.01835175867535
1.01137284048151
0.957510482128705
1.0187314713234
0.941461053948336
1.04423683150096
0.890919915960664
1.05962188287346
0.816908472825598
