-1.07809395171205
-1.02482341584553
-1.0795812249788
-1.06978681759169
-1.13268694194122
-0.838386485330991
-0.78732135642069
-1.08234533165735
-1.02865604664684
-1.05866608744645
-1.0076578857629
-0.939890458714505
-1.0862532035619
-1.07544815629043
-1.04982440950689
-1.02924014984609
-0.84700133260126
-0.984418272999788
-0.879693421451336
-0.882308572550139
-0.943408343727959
-0.958920048505317
-0.873042844865703
-0.889312226203596
-0.894496055004482
-1.07546573138114
-0.929784690751687
-0.927083552002211
-0.713369561278498
-0.850794027710983
-0.959879415174909
-0.800531242884482
-0.887947891454202
-0.972741330692255
-0.986679907116047
-0.874244617809638
-0.875922106792029
-0.846189796583739
-0.95940246299191
-0.826556760123105
-0.863075672380437
-0.992658607534387
-0.95792440077059
-0.918757367721088
-0.898491119098186
-0.836732186138474
-0.901610748322156
-0.958350546656407
-0.85509978264565
-1.01303916918933
-0.691409127668841
-0.958133066994719
-0.90019589727436
-0.82067268854807
-0.834751339255806
-1.05213161414865
-0.899124935069806
-1.05008196696743
-0.988108990509082
-1.1234834000127
-0.950029298802645
-0.863167391325515
-0.808998430959596
-0.86466708541128
-0.987947291532088
-0.896412158700233
-0.781458356204969
-0.94548297419369
-0.879342213000868
-0.889118427636001
-0.868188006670423
-0.782487392084569
-0.731875085832936
-1.06990362207538
-0.814158784056471
-0.709134154849993
-0.760275373412417
-0.87144398307226
-0.956178260407243
-0.592283337697342
-0.720201313065509
-1.01164309682309
-0.680060625265799
-0.81638254763989
-0.896362824594326
-0.866627658496158
-0.794675701603521
-0.726636557366871
-0.855379272122503
-0.728868101260134
-0.825445960996158
-0.807508359089278
-1.04585936586237
-0.739719752900256
-0.953284432122074
-0.750864296839543
-0.755815995194783
-0.673774570427339
-0.710816035921375
-0.936258294119429
-0.729974901901423
-0.842911781546269
-0.739973078022467
-0.698558822230485
-0.752911637410969
-0.709994208222277
-0.803817964020556
-0.851429559577326
-0.726434041414406
-0.735786131111656
-0.713075269412459
-0.844237438526826
-0.802087646381481
-0.665347228753368
-0.670346710819345
-0.72858274625668
-0.893933078040476
-0.80068354392953
-0.739665135343711
-0.839495601835146
-0.752245417983509
-0.805206333975469
-0.758818743828844
-0.729060704161214
-0.798713603630842
-0.662905230178787
-0.815854926633295
-0.848500125725538
-0.761587498990193
-0.60815362335966
-0.728712192971115
-0.662018112252797
-0.794884072074548
-0.613805247336971
-0.652552393593433
-0.721419369080984
-0.655366147165558
-0.719207810539941
-0.800541255732579
-0.758108475663733
-0.895278392334106
-0.643296118131086
-0.669546767179627
-0.514649749835102
-0.674410018540624
-0.716872251005711
-0.694790721448606
-0.714917423964209
-0.749783448214251
-0.70716215496068
-0.740216043314231
-0.534058771707381
-0.695816615537106
-0.654867389328948
-0.664589661029921
-0.741037913025873
-0.708676009654254
-0.528562223622935
-0.688200378062366
-0.801413247204363
-0.697165510959331
-0.8216016688632
-0.848433579913811
-0.806233959478619
-0.613564008404454
-0.513190000961518
-0.829616191974124
-0.676592968766436
-0.717694857789624
-0.73839935862403
-0.582576948910886
-0.719336297096711
-0.55952906939808
-0.653310499992878
-0.644226971975181
-0.609008730385248
-0.550523706663237
-0.704666940365062
-0.689116982567801
-0.693017049744276
-0.580428100458771
-0.496953394886303
-0.729639578846868
-0.578562686326462
-0.650876851714337
-0.721723491443112
-0.709003477247712
-0.615746180627826
-0.681799130124054
-0.654871173195185
-0.586984546654049
-0.582835050954616
-0.675930516862066
-0.622929539106793
-0.729266922482386
-0.704054125652506
-0.622663356500833
-0.657699619645926
-0.615589775215653
-0.618339427150433
-0.651942711637871
-0.638994545224227
-0.592140950501955
-0.623228102331493
-0.525824482195748
-0.456693164279495
-0.442566662469862
-0.649129423639376
-0.613604217170047
-0.662215481945096
-0.573737329390054
-0.663012707715207
-0.542454770246901
-0.646622867385059
-0.58085262455958
-0.68369611614291
-0.485029897655095
-0.574950284631615
-0.591172287525241
-0.48857319673813
-0.562475638762708
-0.585243344100994
-0.575803024516163
-0.482517162251819
-0.661356718051851
-0.514829914452011
-0.486928453825576
-0.453457687981891
-0.40634342136096
-0.566077165960491
-0.631916177625898
-0.493499922992042
-0.745962097715841
-0.504367234934046
-0.576495279071148
-0.514245586041583
-0.402240729979681
-0.528403133632225
-0.508315049578492
-0.488493367313299
-0.531839291591
-0.541445897724365
-0.651727143250252
-0.614530242046541
-0.511378435109946
-0.459206296055643
-0.69372120438058
-0.498237744483531
-0.578858758291728
-0.562385890360305
-0.443644426124745
-0.551794893709588
-0.399542159380287
-0.374733667851307
-0.475517919615713
-0.62684681383776
-0.517921024582083
-0.402720204579302
-0.535096892870136
-0.542152003128542
-0.528105740809271
-0.474551384248562
-0.481810818380382
-0.482114054836833
-0.629207586484251
-0.590653619755138
-0.49601394092394
-0.487419778978445
-0.473661332719228
-0.507513610376802
-0.68819693189932
-0.445088346053932
-0.473376697646093
-0.401432375372507
-0.390047842712951
-0.402808879554252
-0.553996406584036
-0.419014490891051
-0.281958126854236
-0.527943556262018
-0.312012595027527
-0.499537024485264
-0.425197438833416
-0.57730251739581
-0.482556022741398
-0.450106144802474
-0.461656013577362
-0.498050065255576
-0.557595779254606
-0.310161167291671
-0.52902800378971
-0.465363893730333
-0.304145862395977
-0.482030408189585
-0.411324268549725
-0.518528080326605
-0.345159898632946
-0.348372127439492
-0.341434144946662
-0.428975318108517
-0.471432738893057
-0.346692481786699
-0.253886137328959
-0.316696047206428
-0.432604330102483
-0.361830799728299
-0.400834825292679
-0.408130882218442
-0.468973464377724
-0.452926528256551
-0.457301309076309
-0.396774705807243
-0.290417934788032
-0.570197268542785
-0.292635178209037
-0.374310276134737
-0.435326303275151
-0.386797573097895
-0.401358395493346
-0.417353573276413
-0.366860161674286
-0.438015789805811
-0.326795655372355
-0.343253638764969
-0.357946954034774
-0.200173400667605
-0.316422774028424
-0.494547942308026
-0.403248130066317
-0.389142374152647
-0.328653887288256
-0.301880000732198
-0.432593877627224
-0.319533639717794
-0.395345276270511
-0.355393117540184
-0.191710594147729
-0.10698744054113
-0.285451198346239
-0.386026045853817
-0.240180338659676
-0.283096403398675
-0.415660313106848
-0.425657890590974
-0.293611300886516
-0.208774977848434
-0.278924935102084
-0.468727481847921
-0.330140185963356
-0.257679916644561
-0.204097411797506
-0.368773185058186
-0.24676447549513
-0.368176150190111
-0.36079084882853
-0.268532744156702
-0.371166030379506
-0.308249612941807
-0.167061491023238
-0.351152885106759
-0.242946826376827
-0.329484927292961
-0.39203922929408
-0.212805131443531
-0.240212208940879
-0.392399237841559
-0.147326804544644
-0.248474827949699
-0.247849331784775
-0.389180469330896
-0.206906951157794
-0.210226212937631
-0.214875701961248
-0.118099911993987
-0.307340721987964
-0.160920658103402
-0.319413175863356
-0.210507285125593
-0.255031452631562
-0.39129854917257
-0.273782859200085
-0.207533309903536
-0.05658633547275
-0.296337858294761
-0.241587944916879
-0.251570305915891
-0.306637307172592
-0.258259813257034
-0.163091275376289
-0.129982308418015
-0.307665876037292
-0.171370699537009
-0.16198681104235
-0.297533021603001
-0.227215023055167
-0.249797388261714
-0.165810651051866
-0.22751482696284
-0.262850889411192
-0.233822577838596
-0.316348417723061
-0.247411243907811
-0.330393239777187
-0.00711457908258004
-0.0972498043562684
-0.274495861565239
-0.137552698340841
-0.0945574513966554
-0.161150440094061
-0.22777409432907
-0.130421442110167
-0.178676207979306
-0.150258650131875
-0.0613183614015193
0.0132472364952135
-0.174653874452317
-0.12903481862634
-0.235533845685938
-0.173459858760596
-0.106657332671761
-0.232017338177038
-0.00977647943025715
-0.350462215605689
-0.169407953250014
-0.332310499151953
-0.127293925515445
-0.226559428955371
-0.166181086687248
-0.100314222073487
-0.088312777026804
-0.219663804518766
-0.0714395551110839
-0.0809072996296669
-0.148533162653585
-0.276526169383666
-0.102129898284386
-0.27666836441168
-0.19394962761077
-0.117367239804228
-0.175925331397599
-0.0607224118378067
-0.259160286976789
-0.172581553672573
-0.000693254112193671
-0.238450889421284
-0.147922713178029
-0.239648953469627
-0.0125601980472204
-0.0866229991898838
0.059690041576057
-0.0324918090347893
-0.105245292039042
-0.147113278173096
0.00580403970379088
-0.188315080801969
-0.0386980945657393
-0.158394275237174
-0.124225018657599
-0.0562644507863991
-0.0592538663499508
-0.124137162773447
0.0153338300656135
-0.134608284836399
-0.162791445073027
-0.0491943650309475
-0.117177651345532
-0.0163657767962691
-0.135433669623747
-0.120988260166379
-0.149911262180711
0.0516227553607268
-0.0233897015489888
-0.0227580541699992
-0.111879118311022
-0.094143483433064
-0.0771782375644988
-0.108577202858142
-0.0911456287828481
0.089382163423225
-0.00173808775126493
-0.0264681692435083
0.0756749193779718
-0.148210377263911
-0.13105689988951
0.0154009155443036
-0.0951602169550517
-0.00336670583505182
-0.0186382809268523
-0.003795554556066
-0.10889420517705
-0.0963747255830627
0.0389667674137777
0.0324703998502976
0.017413933739641
-0.0555751347715484
-0.127065152418722
-0.0211740713092299
-0.0257752980010763
-0.0579228935838321
0.0849081203667667
0.00211394782361414
0.0513645502101349
-0.161840627110454
0.00905362604411258
-0.0656216245236896
-0.0947249444970287
-0.123854841751692
0.0796419064841897
0.0420920081169439
-0.0189207202152158
0.000351941767652891
0.162686554801619
0.074454520580785
0.117838887428377
0.0680002496068911
-0.003031820784788
0.0735791934228076
-0.073560740214907
-0.128001504138928
0.0785898261819886
0.0820516119267188
0.0155333317147181
-0.0389472009787416
-0.0242019977355721
0.0590395979468173
0.0436998870997438
0.0846749214355644
0.011967642797926
0.00729618005092997
0.0162451449115308
-0.00390283478677474
0.129684563098987
0.128898535411372
0.147067345141339
0.0389428609749201
-0.00803631497059886
0.0366046204638733
0.0991433677343425
0.219590376791857
0.0846225061427738
0.111444618344564
0.0218424752606262
0.0734599842730413
0.0826089069153706
0.0841968105418922
0.102237760527552
0.144451865706919
-0.0249722736902157
0.103667919213753
0.149546191864246
0.0670712383428231
0.193640656243313
0.191689955369837
0.0783775245395798
0.00903078927120262
0.189534994399625
0.176636003891562
0.0885717543849246
0.128154642816278
0.292416969885111
0.249106497445317
0.0602644461813675
-0.0193189186903355
-0.0329788735666639
0.0956529299848106
0.0829674665166938
0.116399175920258
0.130002557218906
0.0349660891909948
0.0615184451504553
0.188100815491536
0.270270697207333
0.144344895248177
0.314049986154483
0.164505222209619
0.140865886871243
0.264160572803634
0.136298029048093
0.0416067723925471
0.314792885023138
0.229294080364278
0.0737014583356036
0.185826640095808
0.263709185781157
0.240034606499718
0.12585750380575
0.179879455775101
0.217606302967601
0.144091643908776
0.117461783906134
0.101978379965431
0.350442386702592
0.24562558088137
0.0608238739512323
0.17137708434945
0.173614118139743
0.282470264029594
0.220340671922625
0.115878233199457
0.206368996043262
0.194459971923594
0.319769953925121
0.250098994372111
0.272779375846857
0.171275327262161
0.250097822931437
0.133640827755869
0.185152615816924
0.24637749774334
0.20791654950882
0.27543956893855
0.233859126313231
0.212399570336125
0.165102070149469
0.23777827802376
0.198801101600437
0.216583869016005
0.0316567488396285
0.333159929920068
0.376480663445787
0.280090028452009
0.149235181013277
0.222751546412011
0.295854779098194
0.323596292414225
0.292571597909602
0.139915450503721
0.184764634041353
0.198919793878858
0.206800810946583
0.212249973829964
0.218593085268074
0.273077320732943
0.194496533225929
0.156155256620124
0.223986386064126
0.323083098342041
0.156503394221871
0.225715204439866
0.336731155554386
0.283333118013117
0.203675087683522
0.19630520036257
0.265226507143302
0.383352676741893
0.295062389473779
0.363274401242314
0.285493774608687
0.409108258994274
0.271608302806188
0.420677522832606
0.382876728325615
0.41964135644973
0.189348428789639
0.362706752374806
0.151988341463652
0.37296082582548
0.365359182079106
0.250084134999589
0.331747945893728
0.307630633629118
0.2963700012068
0.310011439286782
0.31935345700679
0.386019849826538
0.3108088433467
0.252058023701431
0.415723211562039
0.301941518853109
0.317147935981427
0.303608514334197
0.123224733533933
0.440763731893834
0.360028490574777
0.427043881951874
0.323618814559451
0.459866865817531
0.229154170571086
0.33974948962265
0.446004757138345
0.292563352388999
0.230226725835083
0.312931983774792
0.27383409682557
0.357335528744906
0.296356866272344
0.404614932519894
0.45213588336756
0.43610194355948
0.461736562239482
0.43313097343183
0.323535168605012
0.315871638929105
0.419931329602322
0.314962216823926
0.52904538467711
0.334759488399894
0.489598412263178
0.547763015661057
0.508123606999803
0.32601446535985
0.49376595327998
0.326433105561833
0.240371906425782
0.343141108359526
0.49941668069028
0.381565906861637
0.321814659999669
0.550174344985622
0.363497299801529
0.408655395913158
0.363299930007843
0.368944985171701
0.264134798961427
0.401774911676373
0.379173000321505
0.336682269929409
0.575650943310835
0.486720159836872
0.375654506703258
0.444303217582232
0.372752271264199
0.445331913561792
0.465815188191241
0.537006147414331
0.508480459136489
0.495359075485767
0.488473384078931
0.578463471413118
0.549506555455712
0.462552565595555
0.608060008667668
0.509960652350372
0.376773466553375
0.404222754639529
0.387446371666659
0.337313735410397
0.493586912080638
0.495441403072677
0.528362099937688
0.488698837780817
0.527823594925019
0.395178985899945
0.417627201253477
0.413952091999022
0.460649234251985
0.586717387116309
0.650053454250363
0.419920846366613
0.578958837088231
0.404750804878673
0.531634397084214
0.478230281330655
0.556257761023038
0.513686523805081
0.432979742274306
0.575609023673706
0.475987080125956
0.589818923743896
0.421458131117542
0.471959015292734
0.532751650677173
0.563171395429961
0.484388820761457
0.51389632245511
0.503446768437956
0.492986756403851
0.275330359900026
0.457270994414521
0.572603402900229
0.394206122457241
0.4627182621934
0.417309019286722
0.594306178946525
0.580628103654435
0.561485683085866
0.507237806080062
0.515445268145653
0.642859519237626
0.484358722144293
0.600473168683898
0.504047908574781
0.543250870464913
0.476615635029552
0.481448231013923
0.509247157421516
0.569738692169855
0.536267920350601
0.595106391642644
0.656387819069417
0.706082760676301
0.583111389601992
0.618553281425675
0.604429375414661
0.693671549574694
0.564322008225392
0.549950819172855
0.620021501368172
0.509839628748034
0.608603212902873
0.75237450000875
0.654701925330269
0.548779622783805
0.634070477665901
0.688801465031645
0.652509598407733
0.461087365719153
0.646723244762397
0.515613365689295
0.665300825179611
0.603837498706847
0.615794149702483
0.721729578241094
0.477855304555989
0.618238111271288
0.568659507289898
0.605235741993327
0.582659770344886
0.785016435091954
0.581663694673282
0.542311146784348
0.602071889547572
0.793907068853948
0.603631309053605
0.571042767547698
0.64392741378528
0.748762396187072
0.606742130955857
0.573143772649087
0.652580187525987
0.651314908577406
0.789884008890259
0.7760627727837
0.669047836372526
0.877267944693031
0.725008832490015
0.557578791973104
0.627525849743206
0.776000778290072
0.75585716892886
0.683456346176714
0.664512497392081
0.633772236679484
0.738167233346158
0.804496113633468
0.959715982170227
0.813477361246064
0.665019893020204
0.70303435331874
0.695801147987815
0.690815848400017
0.730506806800006
0.690985110013749
0.638476760420199
0.714591898929985
0.53840935400876
0.720411968215004
0.663148801721827
0.797072669915598
0.781094959158105
0.670787190775922
0.608564866870962
0.772174968221777
0.88578905937745
0.82494972780793
0.562183549887798
0.617426555714278
0.745817228259294
0.638492611738977
0.677100618142786
0.62002918795581
0.717918819320179
0.612299882238234
0.814878811899669
0.640096453537073
0.812382908303153
0.751123551047798
0.719771668431775
0.801513776079751
0.779280814222777
0.546881567181709
0.577032328425293
0.659041033241508
0.646495998086301
0.868491922203885
0.784443888921027
0.899075622896977
0.836605092207065
0.762775201515794
0.804608746834949
0.881633480388978
0.846049547182925
0.741843094635475
0.772348590023779
0.707869863287119
0.909555057615044
0.759855028216273
0.878697511839271
0.875434613650414
0.789370185525592
0.892380593148317
0.856875712278275
0.848296923171862
0.825371720187582
0.88120644161319
0.783087277813033
0.966687158278623
0.684325330389996
0.782793712933661
0.803603422927258
0.890029069708579
0.939744382151231
0.892161556881614
0.870573717386573
0.892086145184192
0.694726767845418
0.782285569373319
0.876762061799555
0.736429028613821
0.677174890443607
0.981972788220356
0.900817747987171
0.719123591379972
0.975405660835629
0.768582789007379
0.944882863347863
1.05359459662444
0.851178969113275
0.945232194284293
0.626386571412466
0.889578374461999
1.0486708227441
0.807691522519538
0.832113167338476
0.896101979316436
0.928874611934789
0.801021206479084
0.872683885106385
0.96172118947415
0.947702695880918
0.916832913581782
0.933580524490046
0.757406988347924
0.880754898434101
0.975924391976201
0.942533371453015
0.815793578217829
0.823068736473738
0.901043994585916
0.853241132163599
1.0396943915272
0.922981424344308
0.952212733313483
0.951759869985925
0.859900629821729
0.829949427502158
0.924145291697272
0.975421554035908
0.846813962412343
0.917524237825377
0.926368383939612
1.05834953573713
0.843886294239424
0.81877445406194
0.91765125364721
0.947823991233981
0.713744007288611
0.962822221109674
0.843310059091575
0.895578992641296
0.905699863099988
1.0076938319555
1.02780597322985
1.00155906691253
0.866639907948005
0.912896335498717
0.987132917984676
0.821183221635719
1.01128443288847
0.92954439353206
0.986630767102425
0.908342480425077
0.84002144088096
0.855552798872945
0.969088742300794
0.961446807925542
0.849649403118765
1.15338591653592
1.10244409661493
0.950373648591819
1.08287669506497
1.05146199503827
0.882475782692885
0.933345610918037
1.14090611104324
1.16483351208335
0.995186097816991
1.01446032292388
1.11110930510859
1.00664897044855
