-1.00869534607887
-0.874702593881736
-0.878136677331886
-0.903524071954422
-0.769234191043925
-0.972985711449793
-1.00132956984237
-0.963110965250316
-0.969650771733761
-0.909418739580216
-0.831615367619332
-0.899924387760617
-0.899084788844294
-1.06059762930756
-0.924421860040197
-0.907177071172237
-1.01867459573329
-0.908615006920844
-0.873874755927697
-1.09451276245609
-0.945017493321033
-0.937064649802789
-0.810555776966959
-0.965340172950564
-0.91538813637842
-0.991196807663001
-0.907651285150333
-0.916396586410338
-0.934546214230528
-0.889872824357653
-0.994077915215589
-1.14735963795081
-1.00480768200099
-0.937635614812112
-0.984017292013077
-0.992316823018981
-0.915025537530739
-0.880471871207489
-1.0875633873512
-0.913552669364177
-0.97031628909166
-0.810424858956477
-0.871671500870032
-0.890799406046854
-0.81983297669884
-0.993007408457041
-0.951908325256714
-1.03600504219437
-0.92193639917527
-0.837235322341154
-0.927395791999211
-0.925391120048249
-1.03986472251111
-0.933705548426979
-0.667794702357425
-0.793606566368968
-1.01429862360489
-0.849391821991517
-0.905172927998674
-0.795194948348052
-0.817416229534829
-0.95861556101283
-0.688431070719591
-0.983581162426832
-1.01009531745358
-0.787552949715669
-0.795263551973053
-0.859703331017161
-0.862743995806826
-0.842842957553263
-0.815327244733987
-1.05941595786468
-0.954992294712923
-0.843341311584434
-0.877085804121801
-0.754455445408553
-1.02676427604583
-0.779040986239258
-0.788634009072707
-0.7486647486206
-0.799263131439774
-0.945646243255521
-0.745029162774102
-0.767170605067243
-0.900564326603273
-0.863277628371748
-0.674349343498117
-0.820902890103779
-0.777750124731215
-0.773238373199099
-0.947482241151301
-0.586508301152857
-0.785465473069869
-0.840243051248066
-0.711242053798532
-0.804203294744897
-0.877008895873145
-0.877799370835683
-0.864558297842181
-0.599571288978874
-0.871112309447353
-0.71459290236683
-0.717004196468069
-0.756625552761426
-0.993472663055904
-0.907479121496791
-0.802701063474727
-0.663809479687917
-0.734357048907697
-0.927143627075795
-0.60217291841711
-0.702198894055572
-0.780930680249537
-0.781032133265096
-0.815909020348805
-0.76440051268424
-0.748704297533472
-0.75056198078962
-0.83007244294882
-0.847966136792551
-0.714268960391061
-0.783634601091026
-0.783292953405474
-0.960011247836358
-0.78125400268225
-0.826115177903639
-0.757160712268272
-0.769486302994663
-0.637712977859482
-0.816600457787834
-0.750505361458066
-0.628892019362575
-0.970326599381031
-0.732183348050192
-0.750457009741831
-0.809433384962517
-0.54819985212167
-0.680102888382493
-0.826903870168971
-0.686278920284651
-0.774738954943336
-0.732629468558827
-0.731157168510806
-0.724132024039499
-0.739505979174156
-0.712973515802749
-0.500886204271924
-0.710076888464439
-0.761859734843546
-0.686222684316936
-0.675940477743817
-0.569545901378235
-0.729279476580385
-0.869254523498654
-0.614008764637892
-0.629955799492174
-0.602697942016173
-0.612114127089858
-0.807661382585946
-0.724741562190946
-0.776373991548954
-0.660684840790051
-0.570912113621734
-0.585824258850285
-0.68952459360938
-0.643828260703787
-0.703069048458388
-0.696219438072756
-0.609345208010863
-0.649031559609046
-0.524554397719672
-0.62185480174389
-0.62382195059255
-0.660463817617283
-0.637501285205489
-0.743263136790315
-0.497711531582047
-0.606004713372624
-0.690766020190322
-0.527083303260235
-0.689047527477631
-0.648767965734355
-0.638312961523824
-0.680223974475324
-0.568072839554724
-0.690809016360582
-0.726760883750518
-0.422621854883471
-0.533269312917613
-0.542738547176196
-0.633823766300019
-0.648144030709907
-0.66076897497239
-0.633787229428162
-0.554687442283456
-0.694699693254707
-0.689963332493173
-0.627037109166465
-0.63203193965821
-0.68158912273577
-0.663655220778761
-0.567038014993318
-0.612338633525917
-0.438979117199469
-0.65212856295727
-0.630747815000389
-0.557281355143591
-0.69276092373856
-0.56997125681532
-0.526918228692961
-0.479664180256489
-0.438145371203194
-0.449635585079037
-0.53492200788737
-0.558675548561759
-0.72375652105453
-0.496403486918591
-0.515807205459424
-0.494517980741525
-0.646106484195017
-0.694356496688169
-0.477066377722897
-0.615982407263544
-0.572060136953602
-0.541830855379268
-0.571904264814597
-0.551523250768865
-0.628605054174108
-0.639204918716408
-0.560431909319631
-0.395262391786654
-0.498748088984464
-0.402653150981385
-0.552687777917988
-0.51277343048074
-0.571802376071664
-0.397350118676853
-0.711875708040183
-0.655176433236689
-0.540561150245352
-0.612158080282678
-0.53835492516678
-0.534011538001457
-0.474470979754331
-0.480120532052399
-0.556265055854633
-0.390280466600365
-0.522005199857548
-0.46331446097036
-0.346912429547724
-0.565298356897328
-0.435200527317886
-0.454578524767501
-0.403288387070488
-0.601824583613978
-0.509728317026298
-0.582089923542106
-0.464492595658176
-0.656061649835034
-0.592022334114941
-0.423178254010321
-0.42327959887501
-0.556189908277095
-0.411060522125653
-0.434250762232316
-0.529594529654526
-0.526390298801543
-0.376291488648131
-0.674603621046648
-0.537568700931584
-0.515239744330211
-0.426407744906481
-0.425189431236291
-0.43972427460098
-0.408596665293294
-0.410768181213138
-0.534538319920783
-0.390913706893838
-0.53127533548739
-0.646673463985341
-0.382140060581388
-0.491248449089816
-0.424758737664648
-0.382624692854641
-0.465751961681155
-0.507300426480617
-0.482015979582479
-0.451590282566631
-0.435915576034064
-0.581392474920327
-0.39578943892375
-0.423632850686221
-0.497909117165279
-0.446349132189596
-0.446208557505619
-0.331385907502399
-0.574270544596266
-0.246613587765666
-0.390983115232303
-0.457872434295615
-0.423437040958268
-0.425626903925428
-0.549017018601418
-0.35481952432995
-0.416495655115376
-0.425506147162259
-0.308007992912566
-0.552223752862063
-0.388489714807796
-0.430030075504165
-0.360913611015316
-0.413358337396254
-0.448072688462222
-0.362503443222019
-0.372313468489833
-0.368557928376472
-0.445948397415051
-0.385533725523994
-0.377405109743716
-0.340697390988621
-0.371043298613203
-0.38805429106849
-0.338395064307981
-0.378894854184217
-0.372060971675736
-0.580786505052093
-0.347770708128507
-0.255873115161426
-0.383090585839393
-0.318319540123662
-0.39678279274023
-0.384413629199111
-0.411783347086432
-0.44888852629494
-0.453880420261735
-0.424449653159236
-0.312169109551165
-0.309057041610647
-0.397229655066835
-0.401799940121952
-0.292714269958414
-0.200001247914039
-0.548890083935875
-0.248291098573178
-0.305968272707698
-0.220946912417794
-0.175366629556531
-0.24469201562932
-0.319618580149578
-0.317306492071145
-0.360332149028213
-0.341371575796124
-0.347731744763823
-0.160255474254057
-0.404446057694969
-0.469135835226456
-0.342283678974774
-0.305615133576051
-0.321809065279329
-0.399810771770913
-0.157585935507087
-0.374722413685844
-0.357384948864403
-0.375360635097503
-0.179614533052531
-0.300354232954089
-0.297051664136149
-0.280964292412429
-0.363214388137343
-0.307576736799715
-0.130221106902076
-0.306069642709954
-0.25303672749257
-0.312757648020843
-0.373839671049169
-0.237326900514342
-0.285526178557649
-0.286581624077306
-0.241119417533902
-0.299377897504707
-0.214075194182924
-0.0658963459198931
-0.100070537771073
-0.170456497010717
-0.329060128327745
-0.236155374084822
-0.195082927730418
-0.191604159920287
-0.0903041049345562
-0.237218860158655
-0.227071433620348
-0.292713429610816
-0.227379027261367
-0.203113995753154
-0.239270203131591
-0.226274812649976
-0.236242960560162
-0.229984163147257
-0.250523129312061
-0.0815884890658249
-0.31623731050111
-0.238452029755054
-0.187499161248002
-0.236660347120424
-0.212142388370537
-0.190371033142897
-0.112819917613869
-0.399386423746964
-0.204447229622437
-0.159943085367143
-0.15097080221365
-0.158453981120345
-0.232534364214697
-0.169727432097195
-0.140119871900585
-0.122280017613788
-0.229972493001665
-0.220546094084304
-0.140406965249808
-0.209233459510708
-0.207624385291823
-0.0724541938878474
-0.0959233000483318
-0.150530328311446
-0.110607834296171
-0.168348909432051
0.0365628362661304
-0.281593659413525
-0.23365936606766
-0.121497715015448
-0.10432095335732
-0.202241230087926
-0.162681754643476
0.0976315320909231
-0.0542462672557189
-0.209850899469664
-0.214214224597818
-0.14051277315828
-0.0526665160837898
-0.188966152077556
-0.153357111092759
-0.188586351666365
-0.0224520121117436
0.00526489133737191
0.000464849449790058
-0.161500770041867
0.0122643923737162
0.0149294112085415
-0.0732495255218695
-0.159662882436906
-0.178566078732165
-0.133843369271173
-0.0349367038737129
-0.0881048230218689
0.0964808440205933
-0.119308070971323
-0.118027631885035
0.00781336784100976
-0.0308461214294612
-0.0831067098833976
-0.0195488463377762
-0.134645069070304
-0.197534726424726
-0.0707762873624256
-0.163660548048109
-0.0594997955776514
-0.072928156153247
-0.206679613944589
-0.0426463234769252
-0.19987785071495
-0.0136906676989681
-0.042543127088122
-0.0124844745859995
-0.143696566586506
-0.0464755433591241
0.0310674203314132
-0.086037769233113
-0.0196743434838968
0.0747152876856959
0.00886146763449481
-0.0754141831686077
0.0319692276517488
-0.124432427073207
0.0374380025189095
-0.0319007319140587
0.130745904029592
-0.175947747549243
0.0288073866538137
-0.0700847589031467
-0.066312753114317
0.0338812508386098
0.0407786891807969
-0.0818040530933881
0.0196476259328287
0.0281736275877475
-0.102383397576406
0.0981738133891358
-0.0518806358872019
0.0867381147985928
-0.0361216320055717
-0.0253008320529134
-0.0367537049294579
0.152583612878046
0.0491106907335757
0.0351313022165908
-0.199842708056794
-0.047775935891348
0.0813473760807622
-0.0147713644275061
-0.0709174664840719
0.0784550942775531
0.0724916194209461
0.0773036997837334
0.110608866298191
-0.0146771042867346
0.107082570875709
-0.0050643442800943
0.00564707958213588
0.133230437720227
0.11003111965997
-0.0275354942879567
0.028338791327512
0.138734339165313
0.0995272913857387
0.0615907082505216
0.138464184239644
0.00640844731051279
-0.0303848618840806
0.00737375558232949
0.0920558082641961
0.0516309528465778
0.132643922932549
0.232781701873632
0.243604793422236
-0.110893313667573
0.183058081899563
-0.0496343265682902
-0.00146067486385423
0.125618642376157
0.178033600722534
0.0206778174369529
0.228516019991596
0.0175437366507662
0.0185546061254658
-0.101493429077213
0.161855395290291
0.159994095173514
0.107439611316817
0.0335862384506003
0.0770561860877229
-0.0666508289770025
0.0127646419526447
0.0654329109777761
0.250327523533419
0.123187556028495
-0.0215181319479941
0.243800411012578
0.077979134813584
0.0840682161526819
0.243580289097706
0.132060533497001
0.178211020977525
-0.0264686241470642
0.0528303596446882
0.022926767329771
0.21830834913541
0.0758743340786591
0.208687963536811
0.0160928337706217
0.1425656987976
0.234787732941195
0.0721906620095693
0.0859261153691169
0.213911727693558
0.237626403557903
0.140788546772481
0.166420036201044
0.132584939864042
0.115072735489034
0.181687135398173
0.246790557409281
0.200011111011293
0.084928944056586
0.12489389776031
0.106819408427578
0.107183526351629
0.187045774132496
0.291214646128055
0.214595758757414
0.19401841821415
0.0375387647447919
0.225216995799325
0.173143028929765
0.184252184247438
0.164992344076004
0.0980785256318462
0.218069372054005
0.228181764612009
0.305139794078058
0.256528292223626
0.255094038706014
0.158743019250429
0.154166601507167
0.14654890938946
0.144804007286851
0.303332863085381
0.18803683052048
0.325497293993761
0.338964988019272
0.382058609931913
0.163460817326557
0.189204960297539
0.247295668273691
0.230977836028446
0.0871552489167665
0.249303307047558
0.197712122239439
0.0808641228067552
0.296868947198554
0.113298282807718
0.157124017420257
0.245870082984803
0.269137376763817
0.311851252913333
0.416812809699114
0.0998233181723858
0.323886783701559
0.27840566023225
0.189795112672225
0.115404713495056
0.207893639789947
0.250470730463066
0.245436586033612
0.327011238976459
0.211794140080503
0.291472095838205
0.396895923214304
0.273449958571889
0.134124827231515
0.199671981289722
0.200106448000949
0.32751671985343
0.269911797584989
0.352349956410371
0.227074754871826
0.279071995460145
0.279193104364355
0.11973010711893
0.260303349169243
0.305017582900728
0.353053737871153
0.161524886651463
0.293345361929731
0.257168635475474
0.462995827946427
0.373208505378428
0.378977284401695
0.539008950235199
0.348293430347707
0.311167709145752
0.237824642339086
0.342769113383791
0.467737085256031
0.283476173716415
0.172472962651822
0.398089571880284
0.391037370267955
0.350624913984
0.31850544549571
0.200585640463148
0.249682207166114
0.376630698899339
0.335121237503807
0.274984610968378
0.322661582766474
0.488828197575558
0.475031608956621
0.24508095659883
0.271790993220129
0.316954496976726
0.248675206456021
0.368435054255795
0.247937077212152
0.432699549236882
0.356032207472016
0.350242339792216
0.436747140496223
0.452885267209794
0.42479954280746
0.467700380805173
0.509722493483196
0.434111581277766
0.312431974504372
0.365527383663066
0.369770447957255
0.426308291794671
0.333901916848903
0.221212636468283
0.293533810428155
0.424345382404331
0.384645296423305
0.439470150056373
0.427044886409722
0.439028068579693
0.342769591410496
0.442875063836707
0.27115647460348
0.44382139207855
0.393946251407979
0.616109222241975
0.557370284684773
0.401691298363087
0.294463026279513
0.353666421957103
0.473021044648505
0.437798425738347
0.405991739290161
0.409127752019943
0.494477005598884
0.592355791072483
0.469967279421299
0.543482172021461
0.454573710812013
0.269066590477946
0.51788055438483
0.548502827602979
0.474707470572563
0.426603679594952
0.291295295929725
0.280887823755225
0.369624396608322
0.492636529787114
0.448082302560518
0.431400986914243
0.345058513646948
0.373081727535347
0.47514945752524
0.522647729119633
0.510195409914129
0.316595290554091
0.482469711269263
0.385122475221476
0.397262382529624
0.374634287102634
0.535763917296271
0.561555796020062
0.300255533094339
0.388777692889366
0.546518661774531
0.530590922405802
0.483253228413917
0.52227084298991
0.4253941716404
0.469562004261238
0.617626225846199
0.351031134206395
0.63550136820229
0.498711440291899
0.366696231715417
0.449319074859753
0.59463265231685
0.597740922866928
0.543385387551374
0.479281954695054
0.502181615960156
0.609759073590932
0.552322005770533
0.628375811561896
0.591032746046032
0.598249487521465
0.47371763573445
0.508940831158239
0.515717257610893
0.490870534375649
0.78288975577325
0.599712860676106
0.501071908012751
0.391936182101606
0.53346752581781
0.658601346805284
0.498449710705081
0.657069312303889
0.466026587817709
0.595100506262131
0.726604900449001
0.587220142722705
0.594681268006843
0.669847489514197
0.630787925214099
0.562693983353255
0.778923062490638
0.478014330544632
0.613926618875311
0.513636543240993
0.567733794736417
0.534763075201554
0.657810017729752
0.647919152295611
0.609281194916402
0.548578139499573
0.610930747165
0.483028801791136
0.590182653265266
0.716566763971499
0.612230714051456
0.610781224591561
0.567935860985099
0.502581650859139
0.654761028255156
0.564402356546921
0.802161885385644
0.634393481856389
0.480052902069085
0.618195049184689
0.580189452477598
0.708442909179109
0.555378346166498
0.726611309745159
0.645349297237049
0.782781597837092
0.662100583899392
0.708969257090604
0.660256391813774
0.719303241878443
0.647770088046092
0.537254125312736
0.739101832409556
0.605035225794716
0.649312923091749
0.762811449324745
0.755237351119767
0.724381199186578
0.714958076686673
0.621146152650529
0.510094914534647
0.719968020161601
0.594946559145731
0.605877695985478
0.803702374498458
0.687959991939355
0.538732037459702
0.550917010949145
0.808222517615357
0.521107305370753
0.702708966939346
0.615871042912648
0.858277295388891
0.750397192520911
0.682474030153778
0.714861102753777
0.694611172800629
0.763674042623857
0.851169726793686
0.641955558117689
0.727654604049218
0.832998776640181
0.859934641138736
0.698983816067931
0.792130191205768
0.817032086605404
0.67158377214782
0.809574398291845
0.697523566349775
0.682923816974896
0.730139315016446
0.808895018868005
0.798242058649323
0.659887067541561
0.777835767813077
0.736803677585958
0.707571444677514
0.691540188306103
0.68973225342201
0.866349377250547
0.818884884204981
0.714419980630841
0.789898674075804
0.782576351705057
0.723869579595882
0.783353535830492
0.799742097305147
0.747657389913558
0.858511686717593
0.829631435810419
0.872503861953835
0.864337984529246
0.665735575513539
0.803558843123674
0.810828876768187
0.713330670899107
0.891672414051773
0.71967180553504
0.907584184571455
0.840497049295552
0.954098803747759
0.875485212544922
0.852823364286895
0.736759171555458
0.72151318453971
0.742850588223753
0.860422280858616
0.879280129645636
0.745489892440997
0.890055556845227
0.74113921865905
0.934925739074974
0.889853046617389
0.698477960525271
0.93664625754505
0.760013308677277
0.688072862591691
0.733540339079216
0.74990812083274
0.968180069331002
0.982608220895158
0.914829068895252
0.795463297280929
0.773498466248745
0.749833483255282
0.965105299994818
0.821509088951862
0.88834562532192
0.807529109866971
0.830452059845358
0.785861913420506
0.853309061324896
0.859530842893183
0.795938655294911
0.815377066034994
0.992420851128768
0.741213423356398
0.986075630499131
0.886558050106677
0.809747134366249
0.789103299524934
0.743652651391056
0.735295351199677
0.902999593263892
0.881172664951008
0.874943575660978
0.998398906417788
0.856958612433577
0.903775928212365
0.982471725528127
0.878297847333244
0.765351302611823
0.901429039486495
0.87444503753875
0.93638611367958
1.00742161960841
0.986887782720303
1.08179024674768
0.97615216144825
0.968691836353715
0.909785777755575
0.967694140011075
0.978970250105062
0.897411992962925
1.02336360701931
0.837088859848288
1.13426284265255
1.00363086689672
0.762422926080419
0.981834574276161
0.902972770270088
0.744229911969004
0.893767636278786
0.965540754349615
0.900498867715307
0.831573849623578
1.00904692842845
0.97703196687265
1.02391629298937
0.929365938782276
1.09958670065863
0.788425459456281
0.986955274475174
0.899301910130104
0.850985090777405
0.874815090812621
1.09345991977863
0.883348652863326
0.951314052642716
1.01193924060018
0.919461932001184
0.950412194183969
1.0707056818751
0.957707403559056
0.945354536107513
0.912715235171367
1.00386343846064
1.08056295817101
0.994165321728779
1.05744814582216
0.898221430895114
0.974094970439631
1.0798400711127
1.00857030101148
1.03700475762069
1.01586869271025
