-1.03752018691115
-0.972952854669586
-0.859333824194343
-0.951077672873156
-1.07730003272495
-0.883132125747084
-0.900140761240564
-1.08887957112131
-1.04881125792549
-0.898125426362707
-0.812555154631399
-1.12551180949866
-0.997086106040212
-1.02139503639472
-0.903023945331134
-0.953178342374556
-1.17672333418436
-0.95154455863301
-0.966520638827239
-0.825272656214763
-0.993831911902619
-0.844815126911549
-0.929539827759685
-1.02701906749957
-1.05311743483086
-1.11944351429707
-0.935669839142253
-1.13359858589444
-0.960145350790436
-0.850927408288675
-0.980016181666248
-1.07081071550811
-1.02990148881462
-0.858366840210979
-0.935393099984846
-0.988745713871209
-1.08201542077883
-0.882437196666165
-0.926505904454732
-0.95171951374272
-0.90619408281266
-0.888025156642863
-0.829476218859474
-0.86604680376503
-0.924512748266148
-0.937309951390177
-0.976114827444383
-0.908408853126827
-1.01703491098464
-1.02134251914504
-1.01135455976794
-0.874831046416959
-0.919868372655717
-0.880134777642257
-0.920890869677725
-0.912994763173561
-0.859333240692114
-1.00590043746774
-0.789579031064316
-0.924305621230521
-1.06445642307299
-1.0020925794217
-0.716692878591627
-0.862532889018121
-0.764753682203189
-0.811629593718059
-0.769619850888374
-0.743303288179821
-0.869406322146018
-0.933642023004494
-0.921146477240967
-0.890985417423003
-0.843573944866961
-0.869973128335748
-0.871078099801622
-1.04465317059454
-0.753327062259159
-0.837572505322511
-0.9767463680572
-0.731749615127257
-0.870065729846237
-0.813535957890078
-0.762732573797352
-0.770091076706153
-0.832687342197035
-0.835626148230812
-0.809287939679936
-0.803984226423772
-0.839933643322311
-0.799190134813402
-0.874517771133692
-0.870802355870149
-0.75168019999869
-0.725634291930857
-0.775120872159579
-0.843337390569077
-0.847782779952508
-0.757564467157821
-0.816112435949202
-0.865071251913054
-0.921530657925612
-0.743756165039151
-0.840262171113588
-0.945356097612397
-0.77644813707223
-0.846245888687636
-0.811566882982546
-0.732686396236169
-0.800358900843193
-0.917198327046417
-0.727101080024846
-0.725871222196418
-0.793880642511185
-0.776644654200969
-0.734725920836109
-0.664090366152735
-0.700676711221104
-0.851094530248731
-0.887170140730338
-0.779440886211374
-0.745472571313175
-0.680830077218876
-0.772288448428458
-0.689271151407065
-0.724609466413159
-0.587927161703042
-0.613812579614067
-0.790833679848018
-0.728894587975909
-0.772406029817526
-0.717398333539225
-0.690320775742322
-0.809142527814597
-0.770079703731444
-0.638826175597017
-0.801755205945977
-0.788040668851947
-0.832874621911941
-0.732935120310481
-0.702847554233964
-0.741997953507086
-0.84211942133658
-0.764482492219898
-0.794668980843095
-0.743259700193866
-0.784009738757694
-0.694537585691033
-0.678635818897347
-0.522896879481961
-0.728118796274691
-0.699724735574032
-0.715142783530063
-0.714792401216817
-0.65508405982396
-0.613845647385187
-0.612251778258791
-0.761270815726086
-0.729229668682258
-0.687062502183538
-0.740962395842262
-0.882512148356565
-0.532862018654854
-0.721175283122557
-0.728973875066957
-0.739911984498275
-0.651692916236084
-0.710134656439157
-0.665707662830049
-0.737018584789131
-0.642787800453389
-0.6861595169841
-0.591678603850644
-0.627436565205801
-0.648119166073216
-0.694168313739667
-0.552333670730251
-0.886539753355641
-0.700719914907721
-0.746936558483994
-0.666541026960077
-0.665429635795725
-0.643592246073799
-0.641707930817521
-0.694175906614501
-0.518060652474011
-0.740382121921352
-0.562515047521097
-0.463623203630869
-0.631982236879628
-0.563271404357397
-0.565766894742302
-0.660201153420326
-0.619195772001365
-0.654050503183021
-0.642393398948147
-0.697166347564586
-0.663758488732452
-0.659352253147056
-0.571630039134548
-0.567183043952158
-0.648593995505458
-0.63719893518564
-0.704010201745933
-0.549013947352714
-0.59130403520502
-0.619289317474766
-0.543927366583139
-0.666062914703149
-0.742979826225982
-0.725726893195399
-0.61906890988689
-0.671742812477376
-0.659959011085874
-0.474537808566318
-0.494171303863713
-0.663199766403068
-0.452393484783455
-0.605277549497184
-0.436724269827886
-0.718253749107359
-0.643235540891742
-0.552158369163425
-0.591452593935692
-0.465820970310153
-0.497165521883087
-0.619460682663004
-0.581024637592294
-0.47125479621813
-0.360222065029798
-0.574444582149489
-0.43168906092751
-0.493935381625942
-0.678906692208305
-0.410421131709191
-0.424462211036047
-0.560299605511769
-0.36314470957921
-0.750377399852981
-0.56541790244504
-0.624255295995465
-0.564132643886649
-0.519997036341931
-0.582207703098501
-0.386690364625286
-0.556219515981729
-0.504932576823643
-0.573448885872055
-0.462224690224175
-0.65876464206746
-0.650246709320603
-0.528035453693552
-0.493363206358795
-0.623326921113845
-0.45492099903111
-0.471687152801833
-0.529074638023027
-0.636384604687925
-0.431546456606382
-0.48694512425509
-0.488414713812442
-0.575220801624699
-0.44874126302072
-0.285326688653632
-0.647935758478669
-0.464888927525662
-0.563417212578435
-0.402153169328876
-0.516990432971844
-0.450808977296747
-0.548148030996284
-0.439209958629314
-0.293940550405328
-0.590382494343442
-0.556463770600268
-0.474021943189305
-0.561177450238769
-0.411411817931289
-0.553309553772633
-0.50059345179503
-0.47751263150894
-0.61876552775659
-0.533830295714685
-0.336248967067574
-0.481769430618379
-0.375643845332333
-0.436904223056175
-0.287787969242237
-0.620863681553603
-0.506699584401747
-0.397312034508151
-0.382095652117397
-0.496964413584606
-0.23178222152927
-0.358617721714331
-0.242101163664782
-0.421898785038823
-0.398041227006997
-0.488738055927801
-0.529479096259179
-0.348355213181538
-0.459108031380057
-0.278179966531153
-0.328836245862021
-0.427351223320978
-0.49192097585398
-0.331869342175441
-0.244275067215318
-0.388167618278522
-0.452981251219345
-0.472475595656147
-0.406878978821396
-0.368360092187579
-0.324307246698504
-0.427645244483592
-0.469638529069086
-0.284526616895459
-0.393359362661675
-0.361396228774449
-0.458313707187352
-0.344629391688812
-0.358927549359187
-0.425244580845477
-0.416371744946084
-0.454866355155165
-0.300173452844853
-0.330793062269197
-0.378854276603824
-0.507200504686517
-0.353299792010383
-0.166003759434999
-0.314928914176718
-0.247114392808414
-0.439768710807988
-0.277562190148192
-0.0240888094352654
-0.345498897993636
-0.341459183660438
-0.401161887566636
-0.301106206252687
-0.339184751506803
-0.300320381454777
-0.300899993785088
-0.128768008653396
-0.335203045323707
-0.176029573301337
-0.337919314452628
-0.35281915040094
-0.260559628769013
-0.275322120289915
-0.235586605987176
-0.288882922387318
-0.300851811020039
-0.273653773344028
-0.363927333040923
-0.188494825762002
-0.228394287049182
-0.304975985523876
-0.36615517634978
-0.36174170513059
-0.33196187144019
-0.314942334203667
-0.337381000543185
-0.434340705017312
-0.167726214907875
-0.280190887295655
-0.237301092237332
-0.212354323590895
-0.290704682865639
-0.20296298631494
-0.29999512524569
-0.170169195700657
-0.236157845934421
-0.27438585959157
-0.254595613583806
-0.221598887577981
-0.180763825681306
-0.274165699547198
-0.348908908727247
-0.160877748463237
-0.221397768438214
-0.329212294404385
-0.320212160736456
-0.121841658332301
-0.214739790452571
-0.141323909824406
-0.224137340397228
-0.196739301920303
-0.193263648166011
-0.254129084937821
-0.342189077436455
-0.265899805263134
-0.275344526096635
-0.240796928720571
-0.143557463339695
-0.166575328447675
-0.150334637743036
-0.28948051905718
-0.296440820984247
-0.200198482386984
-0.29400902597769
-0.0888543671864173
-0.183768728092158
-0.269774964062783
-0.201205455773686
-0.147192794944297
-0.204992059248921
-0.212255584618559
-0.245245099277877
-0.2767919408912
-0.174533500284646
-0.391084626420104
-0.0549201219918178
-0.18455086429514
-0.261588327537802
-0.168893429766622
-0.0116153252184186
-0.259723127318859
-0.160976750002089
-0.161832298166032
-0.232499170094762
-0.41953649287707
-0.00634912083707803
-0.272713980678391
-0.159213367536195
-0.180364233209906
-0.137610615815421
-0.0787248440223083
-0.299957501021497
-0.184235819139833
-0.143174914198389
-0.128116510238377
-0.254931800586667
-0.140689969657015
0.0212255235477537
-0.243540898750247
-0.179795208431983
-0.292450265158933
-0.126394622418057
-0.161588318838321
-0.135425865399857
-0.114864824942609
-0.14485456279638
-0.133703144899095
-0.0377084732190446
-0.124423238438221
0.00378077722202057
-0.0677098492662001
-0.023383253845426
-0.15844214143151
-0.161158471457769
-0.264509086235315
-0.145633045547001
-0.104420342639298
-0.118455580699189
-0.0487650619165651
-0.0722235667005932
-0.0939552660094238
-0.0693241552577263
-0.0991729397168393
-0.0723088447069345
-0.0757386355149701
0.111051658794839
-0.173104548131326
-0.137112037573423
-0.0502654397568288
-0.101362670592103
-0.0370574578105633
0.0210617061938092
-0.137546732787703
-0.0630300238642643
0.0214966087695082
-0.241991458519067
0.0444933962009524
-0.0679879176411965
-0.028997461430581
-0.0983474992139724
-0.131928132772179
0.00984888852666034
-0.185553818254146
0.114074662682762
0.0531206767162264
-0.157321884464076
-0.0976934972147144
0.0427269925744088
-0.113139109365498
0.0491112567682866
-0.00190435570844735
-0.158166442533496
-0.0334850228145111
-0.0652182289233412
-0.0371305397585992
0.0758220090486979
-0.0973302522232851
0.0628530558154676
0.0349820042570968
-0.230588991799377
0.0240537356622347
-0.0695483993748645
0.0318288435591322
0.0442347559010694
0.0827108689646499
0.126492203808816
0.0496008919212623
-0.0142611983899762
0.0214642514278593
-0.0400327726953883
-0.0221576593634978
0.0543892159722267
-0.0465334682089255
-0.0245484370811054
-0.0551037911918172
0.013027544170388
0.103160821744718
0.00314000249140272
0.00509247091234512
-0.0127242069722866
0.198174529687961
0.0604291716884327
-0.0139571762199285
0.0208121022419001
-0.136456345571841
0.0452606386514055
0.0162063272154041
0.0369266949518489
0.0130660598522236
0.102957320978296
0.250861845157984
0.0724238802935354
0.0821282780749543
-8.2173913073474e-05
0.228370286670368
0.113941207695651
0.071560304731046
0.152228079596642
0.0873051152633698
0.0831027058703258
0.135841405020817
0.103732298788749
0.0125602203847945
-0.034979904902117
0.0187389632642551
0.090424339420807
0.0950621820096006
0.158153554860848
0.114184897115419
0.0615088030595212
0.166948225711228
-0.0223001964824393
0.0636228639468998
-0.078087877092676
0.245150418303049
0.0951736117986024
0.0101089646286232
0.166665737145335
0.176515748516607
-0.0728815474191431
-0.0427190616563952
0.0960235373795091
0.0647980429158961
0.194964918522533
0.111909578582324
0.225053337908246
0.0532904146127867
0.058042009651944
-0.0106694353813218
0.1096717480938
0.086414664810118
0.159664069467113
0.153322886587896
0.190949330616262
0.0907896503294998
0.203606573117063
0.221027846322221
0.257783662348609
0.144920289838348
0.044329022430023
0.259327614815749
0.249131996982588
0.100780857436948
0.175737666854687
0.28774123268645
-0.0768727225596614
0.0372091229354895
0.192769261903432
0.110116537798375
0.19555440508341
0.0850176517080495
0.0429006375708581
0.138107309502776
0.21577454710523
0.104297229037524
0.239785315077503
0.0634484131793525
0.195624821226003
0.1440373274191
0.318474365676413
0.28245693353859
0.345441216627166
0.0933666129032883
0.136482074933816
0.119783324912264
0.162556985733204
0.104529929977094
0.255936252549149
0.140285000747388
0.356626463630616
0.191270112983879
0.286624812536056
0.235479657523442
0.209272428567548
0.279673239715659
0.409212260380116
0.0477789628546048
0.201007194654474
0.33244564293707
0.364476942938495
0.129222566104325
0.0846661808410901
0.324779944820585
0.276401698445923
0.195228505509013
0.158625893136736
0.372090614101005
0.292581015341554
0.144353858904801
0.269501226385947
0.332282837875138
0.211943536253174
0.232311696872784
0.183701929686788
0.425346638533211
0.235482512965585
0.168965177764325
0.354871830304313
0.324465468263437
0.283995631083415
0.289643347086578
0.231031461393791
0.187207528618787
0.315493153909152
0.22674759137716
0.173759909169659
0.182781735322539
0.258768600460541
0.288945422436873
0.467048905782754
0.362796329672207
0.167323300230599
0.317028573109685
0.174875016356563
0.28397072943122
0.356440839307798
0.313976474643924
0.284271740225461
0.153166665035389
0.392319611731608
0.399377714272233
0.304524784517478
0.32155473287649
0.288481358760568
0.297285936901019
0.319429392022726
0.33612699152283
0.372023035435059
0.169362245150374
0.402632672823595
0.288366538483945
0.3381397794613
0.215562187486051
0.257913685181881
0.275848176689666
0.442106477023119
0.413918818328428
0.258007479563994
0.385638733406472
0.293590895028374
0.415673697421898
0.36647625975735
0.514991604392569
0.434580923963626
0.290877625215602
0.274343828970218
0.313280284680604
0.48952018189171
0.501241842264671
0.395628827310568
0.119680727445786
0.466355492350087
0.316960561565387
0.375430747429764
0.301487293735693
0.417411990162114
0.291973875403093
0.408703319130586
0.351850268595649
0.389013225013222
0.393183479796763
0.469208988589004
0.524754145457559
0.335620016086213
0.423231156263024
0.48365050685443
0.418643866548305
0.453230976814666
0.467278349063031
0.52311877832173
0.352414371279246
0.330316064505694
0.325578192048951
0.427281248553157
0.441617985943515
0.418301952409508
0.423404109976092
0.431464017958679
0.305059150939954
0.400446771788868
0.468888803502728
0.421095420642004
0.331229881031688
0.514804435155588
0.44012663435018
0.342663372778254
0.49797728733333
0.561487006468241
0.490594758814353
0.378549247348917
0.481211376915847
0.440357632282503
0.593409520473278
0.569684765723342
0.462713062238327
0.378987659645834
0.457272823836088
0.41286935983028
0.358273423637326
0.4494734538497
0.429389817482946
0.640126953114525
0.224527053553554
0.388580706705793
0.536434817819124
0.398297810559354
0.397151554399105
0.437596609184218
0.433562731106645
0.435173229567147
0.607169586868749
0.545398453744737
0.427731693462888
0.550352382548306
0.49839451978675
0.366406142731867
0.603959910845593
0.461425891094689
0.435758740434051
0.672042679097273
0.597606343393609
0.56699300003026
0.464639149335834
0.54965252051869
0.580207289953952
0.538580457012684
0.484441944761395
0.59112329877826
0.485275756382957
0.376343792300304
0.549011371293394
0.505180733387301
0.427387657607514
0.638929181534787
0.380261409450961
0.555174878321591
0.511682964259484
0.582902897453498
0.534089454889678
0.502351699954065
0.493550256962689
0.34756766666727
0.577176882734325
0.674781907075398
0.617901492391263
0.576052363369017
0.649509783109946
0.495060827034812
0.58421254062007
0.600975201173725
0.526217059370453
0.561043230510343
0.572345078391202
0.734018568107597
0.620989943115491
0.643695445339375
0.60536909810706
0.524129446177533
0.748190396687288
0.572304215828222
0.516402171260488
0.370763945925477
0.599531482607555
0.646249015425085
0.546750705170855
0.563329768973835
0.578734659545402
0.604139158285444
0.684045224628381
0.600778001937169
0.557610266829552
0.689124593825689
0.657926616150524
0.440232336738029
0.753689781954867
0.70324233295801
0.629449309732179
0.494563593359216
0.660051691132038
0.701468768859351
0.470202413421992
0.500471129642102
0.537643022996736
0.757318960345914
0.814657562057888
0.681564158869597
0.640253478777214
0.541711279168526
0.667869455265364
0.592824632409426
0.669878223800103
0.507656131313551
0.708460538857937
0.635432255442972
0.61969790620764
0.847127463095645
0.831916072651864
0.734008564427386
0.697938395385884
0.562862626384498
0.713555152792118
0.732793382708335
0.696108303889187
0.613686478049869
0.522218931088023
0.595314401973132
0.781569379556192
0.696384446937473
0.624724897659383
0.655373489455018
0.668994828259932
0.747318885156247
0.591658401890612
0.741208676788173
0.689125974383721
0.798687855256177
0.65487408621678
0.744352392574541
0.779742820125604
0.817714063501615
0.64550702154277
0.802331765395419
0.653492995195429
0.782263355043987
0.805137705785389
0.704391616191452
0.652384232507592
0.672988334831401
0.762555750366994
0.713428972832286
0.774866724054729
0.621490104013346
0.856486807849587
0.703198123373706
0.687074386050872
0.747377622415788
0.574354556074135
0.776434447934498
0.563367216147002
0.694127483022681
0.890572104107407
0.710691802437938
0.771706255598942
0.664538455406623
0.759140743910104
0.737324590069656
0.737559708586649
0.792338973342423
0.786287774660322
0.796780625817276
0.614390435762784
0.816251849908778
0.780385115712903
0.678677933854844
0.70597921148161
0.807012752919563
0.79732881485288
0.862631321708375
0.700825610538473
0.886470684338328
0.811797301354471
0.893621749134433
0.55938193002624
0.77832640146038
0.880847684757219
0.690403405673467
0.771745056084827
0.736083766040092
0.895593993956884
0.824470416813972
0.78025625174863
0.887287360004511
0.814208184942243
0.751949950550138
0.789521175259247
0.8975105216196
0.808192613185454
0.884382342367117
0.863420724472145
0.851072501055647
0.829160501326997
0.91117481983903
0.762968439189936
0.774274492357551
0.754798502268328
0.729856172371586
0.986316455790733
0.897036589318625
0.839420021440031
0.935549688591974
0.951212420205183
0.764318845054837
0.846113193847682
0.907896764670729
0.923867025120306
0.747746032110176
0.863603537298519
0.99116988998809
0.992395281225571
0.789311509100992
0.877522239951842
0.946902503460126
0.949301354917662
0.912045048364735
0.905374185106221
0.791466115946744
0.964490015438835
0.962782247326015
0.927882807046878
0.825431250836986
0.779576401753664
1.02819433914341
0.827053336501431
0.813439592034394
1.00136648316535
0.780004275349813
0.862764784947424
0.912418411315291
1.07864306227712
0.946001191204282
0.932892948728408
1.01067603816485
0.930034736201415
0.912515200914882
0.926065340614933
0.883351532190674
0.991459917472963
1.04483302651182
0.957700837487699
0.872093750382233
0.984759094379081
0.916504881172944
0.919365524324535
0.901898871832446
0.873999438981623
0.916272180924153
0.85131795317586
1.11594225326378
1.0140089590446
0.876951188241786
0.930880208300982
0.982076935328253
0.900690296458919
1.01387718960716
0.904822753958694
0.929471926621013
1.06643850052756
0.950923748670764
0.957370575542482
0.950833932295396
0.890042321779023
1.01873434577856
0.970908385274467
0.989421558242206
0.879815526047215
1.01677129331395
1.02600837803632
0.953948634594396
1.02345995623962
0.917552584271864
1.03844276864574
0.901598658066094
1.06185582992642
0.826907864744862
