-1.12129488180337
-1.10975971781568
-1.04553846177081
-1.05241020959612
-0.96140605906475
-1.18023404783094
-1.06295402927889
-0.932476079581578
-1.03614916741557
-0.83276032025037
-0.92318328786354
-1.0890829334534
-1.00347449318185
-1.11874466047728
-0.962622073622798
-1.04395960078932
-1.02075594578278
-0.86096902365989
-0.923355253986364
-0.867959776458026
-0.902942782955064
-0.884785242416494
-1.01248528087343
-1.00973622877898
-0.980440460077653
-1.0697822237644
-0.906164592530007
-0.873584814645177
-0.84347614712498
-0.905600844647769
-0.870008950637438
-1.00505405932841
-1.01899436792296
-0.82545035793483
-0.924320198572394
-0.916941251417577
-0.927875845166363
-0.998479852772011
-0.835610342634598
-0.9652651578119
-0.948708643031766
-0.906434892608337
-0.926087191863071
-1.0796317780672
-0.734215845917458
-0.992656925960058
-0.892708020271141
-0.899617156087504
-0.910084328154064
-1.02014362216743
-0.755104952265677
-0.897169217419117
-0.877035273698913
-0.909855025715537
-0.886211217860857
-0.823465951374225
-0.915444948056995
-0.719661895626411
-1.00746736321147
-0.825597204377193
-0.931038469472794
-0.807320814704426
-0.835226502025919
-0.87828240858263
-0.738350894840274
-0.855972806078022
-0.922353240573961
-0.823619074110941
-0.804112647497249
-0.789795202047732
-0.819717659442618
-0.814652869056417
-0.922195220900766
-0.806837416910165
-0.842308666665092
-0.833879127667653
-0.870464851723808
-0.73074526299335
-0.863555114534864
-0.853013327942749
-0.941128436883878
-0.921718951632461
-0.863112755861919
-0.883250016301799
-0.672848854070177
-0.942673630597322
-0.809634471360386
-0.860470717124742
-0.943643807444429
-0.811150557617613
-0.84843744368214
-0.916817030432698
-0.950540953887044
-0.646152151380981
-0.818646380389225
-0.855626868126533
-0.74296164465876
-0.83838655925108
-0.875182894318672
-0.8128479977533
-0.942517460371871
-0.782204128200114
-0.759165682363662
-0.911486708220914
-0.731175396678216
-0.852446135090233
-0.873949188704462
-0.80966165185343
-0.757026447837755
-0.756930081021055
-0.724100873484245
-0.775266982424205
-0.655104365411518
-0.805504684275021
-0.724828206150872
-0.79592520797111
-0.817059530457975
-0.724571934993734
-0.665625100812778
-0.788410255481867
-0.700451936404047
-0.912379346901217
-0.663507100659453
-0.680850550312537
-0.676311685282136
-0.852018112410384
-0.754252189315521
-0.729228701561455
-0.821968009200629
-0.778165331241727
-0.652941305831567
-0.831244532506604
-0.707106891920852
-0.644395818939068
-0.726666499951136
-0.701578937698388
-0.761349719991142
-0.852585085107418
-0.739634803101993
-0.819024106123326
-0.818031502799483
-0.610602058941335
-0.636321171751625
-0.760851743288016
-0.616925718597973
-0.693325383575585
-0.540491626148699
-0.418414894531619
-0.657022686283985
-0.678745524618706
-0.623569932587978
-0.652047150738675
-0.735205482424946
-0.512431590787194
-0.595686714333679
-0.529007523009941
-0.667854431293989
-0.458506558724263
-0.747968449335353
-0.761188608536437
-0.576108610569936
-0.606730143298929
-0.582272198096786
-0.622065527886698
-0.686469198077973
-0.686688983014543
-0.732985708228764
-0.692098396055093
-0.643412523115304
-0.619055925304049
-0.55916710027152
-0.653566435631291
-0.622392330203585
-0.601231892504313
-0.594429720507254
-0.702516848100167
-0.683239636016178
-0.655796952311044
-0.524267549446192
-0.682637985049101
-0.632027472703233
-0.509848127095441
-0.679847755906426
-0.660981684460947
-0.508888817720921
-0.489253171315492
-0.709362096306307
-0.702270170297088
-0.590669103857308
-0.662006550903741
-0.637499158091792
-0.531279539518058
-0.617715167313174
-0.71485984545476
-0.646196014680977
-0.676046321744399
-0.623135827055295
-0.823546583503864
-0.525084644282618
-0.574288657114808
-0.497509394221085
-0.644934460567698
-0.493276433242317
-0.584475271907682
-0.669173211038565
-0.551703121858876
-0.608615583305349
-0.515374004332479
-0.618349354554795
-0.509593629512617
-0.535505694950236
-0.579870577264341
-0.626719089415519
-0.383529827449096
-0.433749087625514
-0.648427904741464
-0.662888494111
-0.696853092461821
-0.533716776055582
-0.506879463038048
-0.574340771864596
-0.424560091416235
-0.442131070157967
-0.705119446649953
-0.433206047822685
-0.73080372820287
-0.425104795926062
-0.5898058218018
-0.614922065792946
-0.504437792139291
-0.454829784551993
-0.588002690776427
-0.542302294192351
-0.67220106992659
-0.671642101752739
-0.601786127790443
-0.488795611300332
-0.481044313852588
-0.571359075740475
-0.374444562280758
-0.459639793296433
-0.596532419838559
-0.435545179408525
-0.448071796528032
-0.536149109469305
-0.546340925454689
-0.473323683521383
-0.495124586781547
-0.394516004565881
-0.521183509867246
-0.43029739043496
-0.466995182827795
-0.456460323029145
-0.59922375829548
-0.619202112318633
-0.51706172444186
-0.522403106161865
-0.439822557121539
-0.442013072410618
-0.530165981063423
-0.457751562611877
-0.544768461127854
-0.47907075072872
-0.502005650672739
-0.465220351360103
-0.349390934502896
-0.545230943861068
-0.422105456737167
-0.571745937341624
-0.619914430250464
-0.313745026847838
-0.469074881356889
-0.478908140382242
-0.433345012861607
-0.396308854197547
-0.445584883420275
-0.51638993352591
-0.391811920539144
-0.495063959848272
-0.42209655902017
-0.521677736065013
-0.388880640012117
-0.316424394106063
-0.476418262745939
-0.369539527342871
-0.478669580179461
-0.424607455415331
-0.390221722788
-0.511943789201573
-0.369488032460377
-0.435262605989409
-0.358525300986293
-0.435995550984086
-0.405781304802383
-0.545003409285348
-0.600783883514838
-0.540339226122017
-0.385301218790266
-0.32307360856815
-0.45358710050034
-0.417972953459305
-0.473248553792857
-0.349377248259406
-0.369815431577433
-0.411739266848689
-0.337979331832328
-0.447787923080245
-0.429421741290782
-0.322442353533994
-0.321643966084501
-0.34765618094833
-0.431360305580124
-0.437200056932758
-0.409707043455519
-0.323521959516525
-0.39862303343158
-0.226952630886318
-0.334106899935774
-0.237121841426098
-0.330111351146244
-0.33682157752923
-0.262517141346249
-0.386560538098504
-0.156093881166005
-0.32779165211747
-0.369099258485874
-0.28850452035209
-0.244775008369479
-0.240554094752546
-0.359750541160333
-0.230174596119395
-0.333289795843148
-0.271142396219546
-0.345674874604773
-0.338803032484357
-0.47578327538632
-0.333734012497747
-0.218238891112803
-0.412807819568316
-0.441193525804869
-0.208695790560295
-0.419778993673703
-0.264230392250946
-0.301320440783878
-0.325976384173199
-0.358928850915178
-0.200711426437478
-0.286733423034976
-0.249548928473115
-0.398983736835439
-0.26853719987942
-0.276703469110432
-0.345215294345282
-0.388367084245541
-0.467807258294914
-0.155745093902606
-0.287458542913996
-0.281470458171762
-0.197231390842461
-0.273037799881163
-0.149412086214368
-0.278478265029064
-0.133934709288622
-0.311618872442208
-0.364443835698693
-0.291389880720395
-0.310349140812767
-0.102248595678236
-0.216722022220376
-0.213226186630122
-0.272944038532273
-0.286087977314209
-0.289208626634998
-0.0907770390837011
-0.321925510569141
-0.148633625271475
-0.500973145737277
-0.230789864653977
-0.1063941835123
-0.0923503296665245
-0.406885784986517
-0.294214119012699
-0.0219322500488114
-0.352113022686566
-0.205674260187268
-0.2728246449119
-0.0729265122062255
-0.242847225381216
-0.23382520413425
-0.183441913509181
-0.190546025719777
-0.173260986860493
-0.0892364610744761
-0.263662084366501
-0.250529194809234
-0.231513397600388
-0.172046914781949
-0.215006969035113
-0.160738252145289
-0.216354675190966
-0.141215645512972
-0.129349899016573
-0.155286380382858
-0.216202815354093
-0.134397501797188
-0.0893107212012934
-0.222865654603568
-0.320684887861849
-0.171743684763512
-0.0323274406697416
-0.241643068384401
-0.305577621866478
-0.201519248439803
-0.0844252512080816
-0.168371144046811
-0.219537324646056
-0.123769237359391
-0.135503384450012
-0.19614293957895
-0.0599116568242126
-0.225793816423938
-0.0555892067908407
-0.23737417979596
-0.127083098999546
-0.290395268326297
-0.17314718124365
-0.102978594628352
-0.215963925552001
-0.0360159028726759
-0.139295575387981
-0.155780403288557
-0.370970203163153
-0.106418535842157
-0.0608813606589802
-0.202108244133588
0.00327452936830956
-0.227394533338072
-0.0457928756170498
-0.144965882473318
-0.25231188429994
0.0387704931150191
0.0232403222423056
-0.17347106566443
-0.10121126730384
-0.288313146690849
-0.0524288816200454
-0.119822881854231
-0.149035508404347
-0.236810041183452
-0.0963433951324892
-0.112215144456736
-0.0980052230261956
0.0483574263695102
-0.0574890032961282
-0.0705377209240968
-0.0831719377892935
-0.0256809625320525
-0.0386977728908337
-0.0816819089691444
-0.0862568372214632
-0.152590662748331
-0.0215919044063995
-0.115604584483045
-0.0463515974387784
-0.0875650840284297
0.0269403067422868
0.00541847690763948
0.0514760872875439
-0.113069768797553
0.0881398086184581
-0.0643220399314369
-0.143640580708271
-0.0201781125542139
0.000654106932084547
-0.130559868417216
0.0127476192612382
-0.038132249358087
-0.000725673602999229
0.000377134831795359
-0.0105877152386599
-0.0287237520730678
-0.147271646927404
-0.122601240357036
-0.0693084341354845
-0.0304378731946916
0.0142834034490941
-0.097891795169179
-0.0624074361522592
-0.112408492857581
-0.0191241049372164
-0.0590244927897367
-0.128319667333422
0.00216410584695269
-0.0154637788480056
-0.021223803555417
-0.022083040395754
-0.0438492030440612
0.0266775679149369
-0.0945155746322604
0.0462609009917809
0.0182243805500756
-0.00295511713563725
0.000445480703654249
-0.0146648138583932
0.029785848188924
-0.0450561354776703
-0.108199082799368
0.208239096653044
0.0154834603150024
0.0575244769606365
0.102005741482007
0.0659414095768619
0.177411140572352
0.0162259063297484
-0.0391719067148226
-0.116266391566258
0.0443599423913161
-0.157842955482334
-0.0231196493176199
0.0712879198439929
0.00323152778805806
-0.0322376420595701
-0.00414668167500556
0.0863781025409772
0.0217077155280321
0.123124689979824
-0.0246462588933394
-0.0551444196897367
0.12742866508469
0.110918883446605
-0.0350483286503887
0.0162749666576067
0.0246726982638807
0.113451767663706
0.0577317203151652
0.0924653489601637
0.12502614984684
-0.0895599475732462
0.0168198492757821
0.113130843547437
0.107552445699404
0.0297483477119776
0.0917032598915598
0.138324523103441
0.0729631327986932
0.140994069292386
0.133428161267531
0.107042863587111
0.123309789863202
0.0457624947499175
0.179566295539214
-0.0337989670487072
0.033820678647071
-0.0634068489701093
0.101007867278935
0.0351081131641884
0.138215641710307
0.146679300551318
0.10334347773596
0.133342358714776
0.0344799719024174
0.177554526722328
-0.0256591641092875
0.158621743447943
0.106389827242521
0.140133301763136
0.062031972689666
0.127896323868384
0.109978781957402
0.212351303289904
0.247673126046283
0.178413599185956
0.229053122637042
0.138636745505291
0.131489625016385
0.26940605817951
0.0138021899505742
0.113449156554101
0.194419624299645
0.245720001432511
0.281225586545784
0.0177467837678679
0.0992379599144632
0.235280453788108
0.188768887031948
0.21300127189003
0.0605322938424732
0.0681567940870232
0.176641525770516
0.290550991301878
0.0704611702768807
0.233508838849183
0.13362080024267
0.195928115940381
0.0876686009071451
0.137666476034965
0.165960851703209
0.327370438959968
0.355219193717638
0.0314946180882384
0.131677198060606
0.290727268037412
0.137498477299499
0.183597807654029
0.197622998188555
0.186956369963307
0.225182338393335
0.119837973258724
0.332098946296991
0.13855473527519
0.192951091280423
0.330317895518791
0.170561697880722
0.352982520346785
0.395171127745537
0.206044252494078
0.189646928957774
0.32325802450417
0.436042105803697
0.197431515757652
0.383293979697611
0.251031694996967
0.0892970349795668
0.196841721701573
0.291556393927695
0.107989209072913
0.264277909677985
0.32918875934381
0.385140608939741
0.254788522852443
0.251337528784917
0.175376142842794
0.289951446027832
0.232081488344766
0.202002208945028
0.210283943194834
0.337377517926522
0.245178951608246
0.447107672321388
0.269387794605217
0.350359308088249
0.199295702198489
0.290973346238659
0.290934206592499
0.311368245579964
0.261608767988206
0.207112889261303
0.226033809361627
0.304262709652298
0.316842423464325
0.371717446253711
0.23938875554676
0.259306233253555
0.276244649706365
0.317273096002187
0.436833656592675
0.312296069361564
0.344585129362201
0.392952764434172
0.302704237081603
0.292793144723398
0.28081447228291
0.287612962867073
0.376579850620632
0.341247319293849
0.207705082673873
0.37281644201223
0.464892951431758
0.439820763504599
0.250724490804897
0.312827490154651
0.214030435107572
0.357024595437805
0.32999142849175
0.444354413377966
0.227064874497615
0.375638871371134
0.25357198942551
0.31985287016251
0.220434777910289
0.335406857176696
0.361903647658237
0.395289154730429
0.423710943761566
0.417332281784137
0.419112405346935
0.428467041574
0.274192622595608
0.461168321741941
0.351613529132866
0.348088991428114
0.487354423001032
0.43189366985221
0.311228485880616
0.403665576681474
0.325367013579287
0.390697590415203
0.416656115446657
0.501222810767862
0.390153013584274
0.365235428104717
0.534231550721464
0.379178503992892
0.416313120058766
0.437522704922186
0.325915727525116
0.329818976777664
0.394331505481212
0.491475971081594
0.449885502326649
0.46602015984038
0.474143858219614
0.487433005669421
0.533372733764445
0.422032167293012
0.365972735455794
0.504262691029093
0.362605689841453
0.520875861801285
0.505497544947871
0.443831838606177
0.576455153820317
0.347813171324287
0.35660649086388
0.219139062385377
0.470113986376106
0.349329156795598
0.427599927205298
0.48011936193857
0.58719197118213
0.46441390995228
0.374495183063516
0.423425809635602
0.537279324884814
0.47923295699885
0.533205258269827
0.477943824140693
0.493798615342214
0.536369474237386
0.615771283407248
0.421727114283014
0.605980982119716
0.49564294430814
0.508195676215762
0.544782447270703
0.470108541216256
0.500383823576209
0.570871182392518
0.519119676688755
0.571734934586977
0.43315598328557
0.505893136670447
0.517029408178481
0.410535176634465
0.557175983493273
0.43636557095386
0.608578309583803
0.566626301964245
0.648034976387968
0.550194223659402
0.571880901555016
0.434712161509456
0.474716185440162
0.357481554365917
0.504942925948127
0.599546609995123
0.523102504378419
0.677071076904018
0.404515518177581
0.429433273315218
0.534372776163015
0.608977933034076
0.418986079116863
0.520944523480859
0.520208465556069
0.492118994835856
0.558254153982042
0.5647876839633
0.56713807456069
0.616202769031882
0.586778486976352
0.597430298990557
0.618988478630468
0.619044260123849
0.52821006097177
0.609630980741225
0.599254530394082
0.479217139246823
0.736641854422277
0.576934400077996
0.501706769182072
0.553611919872393
0.550886793516544
0.539004078365285
0.64744268116207
0.757700274918678
0.494546066031031
0.592384065478378
0.527134892611792
0.515422761591056
0.545677288712594
0.520781556274374
0.661142310308725
0.573060169655146
0.714765920793586
0.570297135991414
0.559747075001087
0.72644378615135
0.521294415068822
0.622805079412312
0.506295028159595
0.4970792598846
0.547941748138464
0.51224706941764
0.622045883504166
0.71731460391154
0.716499969551972
0.710652002997239
0.671701841055494
0.60412393090477
0.605574801779702
0.715087348086075
0.525294496064377
0.57538143534496
0.686195494603229
0.603159096453398
0.589113373638955
0.605615891623232
0.706940364420143
0.861946709654266
0.651323095572939
0.677585909788547
0.678166050261842
0.748964690995787
0.589910865112215
0.726831177567425
0.573472753878498
0.690030950009781
0.596697887988883
0.660794808897415
0.654749314301791
0.66855567452609
0.85324579050442
0.529040866011585
0.687074811654399
0.724013162722064
0.773876336084712
0.819163505754509
0.618802487937926
0.724387042570302
0.686787206485012
0.841169180544238
0.726998616852931
0.842225726736048
0.754203065197489
0.705173683072953
0.656941681778545
0.807113222852881
0.726610565608252
0.844532498621245
0.698392772688435
0.723220132842938
0.573257243505943
0.633019211600368
0.75433104926493
0.782171526009721
0.719091013984019
0.809505837208557
0.674068560243678
0.729060680594247
0.788099119763161
0.66310228563525
0.741910997606061
0.653762202984469
0.772053169067035
0.756107028824716
0.67219145851947
0.686793039769316
0.707414210948008
0.67337326202438
0.694958513781463
0.653803195059189
0.64814858148416
0.787413719491834
0.737003979694247
0.739995857251566
0.773666459325474
0.648965411237346
0.650480178446942
0.693956098052416
0.885806694754517
0.858419880065639
0.735811454027159
0.787758078398139
0.999145801305458
0.804655965532957
0.759739281852144
0.676468660013731
0.728502441262752
0.847103780296375
0.860885440991798
0.764245804898404
0.879049217918022
0.786104272491888
0.736900961749178
0.733361872896034
0.811558842380092
0.661670536603697
0.88060368474375
0.62315619731097
0.868517412606959
0.792251582953183
0.964932346324387
0.95469195097317
0.952920839477581
0.887785384332964
0.778153090677871
0.873138875902558
0.734723513989752
0.846444232417726
0.755695245353079
0.821292516247945
0.890245605748204
0.79566099994446
0.706413079950269
0.962600994729021
0.850282683210852
0.882347502607372
0.833134412612882
0.894375863232569
0.873147935874295
0.93427457035091
0.92809183392569
0.770985139323724
0.902191954806509
0.933612260884313
0.874302234322707
0.861568463562275
0.956697931083013
0.952665728912258
0.818777907884494
0.92028787221041
0.855831925635209
0.900260960439928
1.05471092916563
0.842089579873567
0.812378449964996
1.03836227840074
0.922079049420811
0.920251454195537
0.956162306999432
0.960519086670262
0.980374559106191
0.857547195123365
1.03257503622301
0.876291001180163
0.896332546881783
1.02647399035828
0.901139761222795
0.989798131657424
0.895412993632087
0.803999853076618
0.997532887509287
0.896759223384238
1.28827292208321
0.875053733201539
1.01854159981826
1.04718452995706
1.01211724904347
0.883998662093591
0.978525582974588
0.847261724104427
0.884543986132492
0.845888329415668
1.05540478452388
1.18275993242466
0.985444021360407
0.962053014560501
1.01635229954131
0.949465662234451
0.900426188641097
0.996406256262262
1.07295674132684
1.00503528205024
1.03190385106729
0.973784002690739
0.926779220831947
1.05278917618705
0.873743048665053
1.01572383317247
0.925624632930187
0.898642440462596
1.00448951790793
0.766580835551071
0.886293931312094
1.04959804091374
0.977297038369875
1.1036597971998
0.979805761548178
0.936193724505018
