-1.07690798273875
-1.03673624056068
-1.07730517579253
-1.06298897790805
-1.12134848770049
-0.868727457152682
-0.817827836610804
-1.09043795910314
-1.02075507329897
-1.07955192109897
-0.993827845475554
-0.953890197215648
-1.09811121572093
-1.09437047892292
-1.05156558028322
-1.02519066401347
-0.860600949895022
-0.974057646726938
-0.883835357647924
-0.852978927440922
-0.955634477859978
-0.956857439944074
-0.864709202244118
-0.866731034958308
-0.869398919759253
-1.08691477569867
-0.956300129273922
-0.948082053112425
-0.721666896272995
-0.880777491206996
-0.951926951758387
-0.815182764750356
-0.887185910143852
-0.971668406022412
-1.01087412607222
-0.868127579597985
-0.886610115830084
-0.85358071395397
-0.953456737694861
-0.804068719046204
-0.871436191327343
-0.989108846919517
-0.933092996271007
-0.929948395090429
-0.904286229687751
-0.82793667124378
-0.892837661965576
-0.931259617691893
-0.84712507650595
-0.97870273923846
-0.686161236327633
-0.981232379880629
-0.90121117048348
-0.807100275912817
-0.851156481551071
-1.03983717896264
-0.897327604446632
-1.05095773638265
-1.00341787746208
-1.11484857855882
-0.953395574350177
-0.890508355082004
-0.810922058448233
-0.845592004470659
-0.992126135523369
-0.913649913454173
-0.769044919924354
-0.936935367096247
-0.878788762054232
-0.899978882385761
-0.863289547781068
-0.774153099100453
-0.721789058724374
-1.07289568495489
-0.816260419012986
-0.71304237605728
-0.764967070970913
-0.880482526350775
-0.935137996215137
-0.581895289227942
-0.72546273364317
-1.0069680663153
-0.669896173642323
-0.826805543567045
-0.887975751892928
-0.88252432082263
-0.765531729615778
-0.715703541925294
-0.831547555293663
-0.726780420560675
-0.823165990403694
-0.83918835932063
-1.05065763544868
-0.740570206345546
-0.957866048413464
-0.736065271290696
-0.743318074653812
-0.633923833745623
-0.719217032817028
-0.955908117649501
-0.690359651011287
-0.82852026050836
-0.751311704492522
-0.687293645071362
-0.736366037632235
-0.719962774893592
-0.800612650980556
-0.862574972242731
-0.689588293839663
-0.743183977163792
-0.709102804635218
-0.856115608120491
-0.779777353241639
-0.671796189859834
-0.672574275403359
-0.712026372304008
-0.890503744048555
-0.818779596243372
-0.733117652231886
-0.84932819889731
-0.754372203990877
-0.791314173051479
-0.75744965853929
-0.722111023021417
-0.776413525082939
-0.655265106006094
-0.811512184320939
-0.867793707490058
-0.777039415459548
-0.591222846270816
-0.738127090881184
-0.691042255830934
-0.78334873844528
-0.615481921930638
-0.636205233764364
-0.721200509083118
-0.63074676326689
-0.70836374454083
-0.811553554832103
-0.745131700429125
-0.871637477264368
-0.638053709546408
-0.682505594717024
-0.525556771805955
-0.660431207857103
-0.710379928344724
-0.700498097254454
-0.733614050312031
-0.745440967609433
-0.694045608854245
-0.741883486590394
-0.517483530247122
-0.672618235446801
-0.6452358493676
-0.692120032696753
-0.757054145004701
-0.707369407907426
-0.542040311936798
-0.714222118378336
-0.797382925241661
-0.733122965261551
-0.828773870797265
-0.842706922681783
-0.833818189875551
-0.612547966482439
-0.499066934511216
-0.855131890894455
-0.683263715930656
-0.729452433338672
-0.747483223085804
-0.598604380977634
-0.706618125363168
-0.550797671647726
-0.671708218193702
-0.657527976072111
-0.603665848521128
-0.554060103074902
-0.687406312869417
-0.689166895259343
-0.677399165220347
-0.5694144693931
-0.490640217123015
-0.73745155306979
-0.555742408586205
-0.655125408671286
-0.714178519790345
-0.710480672209744
-0.606972561983563
-0.691103867123812
-0.641866691669192
-0.595902952211951
-0.605295357036801
-0.670247368094912
-0.630624453828245
-0.738883986497361
-0.710981705488147
-0.598981551405202
-0.65918389092104
-0.636382255969549
-0.630488911143228
-0.65005735813388
-0.646536395858104
-0.591702038148004
-0.612121051453731
-0.496144880959684
-0.44138850912477
-0.437592613855129
-0.626195434546511
-0.613818541852104
-0.66610258398074
-0.581316462194611
-0.672751487944352
-0.527697699592038
-0.661353007812149
-0.570969683159831
-0.710342700853291
-0.500270800152637
-0.574019640043429
-0.58454417161424
-0.476274007942756
-0.58258954557921
-0.582960919109583
-0.581991533710521
-0.491619537010688
-0.681301080024698
-0.532582500893217
-0.50779861397806
-0.474326778467124
-0.403649289995647
-0.575299791553445
-0.612764602983655
-0.489852155105103
-0.736760869489348
-0.499689795350161
-0.566075445118964
-0.507777397503242
-0.404735750467223
-0.5219568177439
-0.483241150621991
-0.453598118463251
-0.534296536419291
-0.531990906322352
-0.660212423022577
-0.620605763101426
-0.53303303840434
-0.475058179682653
-0.689726857789997
-0.501348314572289
-0.61741127960817
-0.566214578929282
-0.444654447541405
-0.530193084011496
-0.428268774109524
-0.384761737191113
-0.461322469255022
-0.613889724579547
-0.532755886655123
-0.418122193496389
-0.513361717934735
-0.532511683481697
-0.540586048592635
-0.462450477275634
-0.500279724268041
-0.46877405207214
-0.622722517238487
-0.593722082672573
-0.470914163852401
-0.473392387719688
-0.441526712813287
-0.51195446513978
-0.680711062967496
-0.451462873635815
-0.477405204104488
-0.38964165134752
-0.388523415285134
-0.410119734798322
-0.549537775704246
-0.392233836629047
-0.289763569091307
-0.525043853211632
-0.296127488191937
-0.503151557051561
-0.406910897039381
-0.579458706510582
-0.498645700350831
-0.445903615266194
-0.473180310694017
-0.484472787462674
-0.559344972944637
-0.289851793825534
-0.53845211017104
-0.47667572116878
-0.299993388232342
-0.474530179230095
-0.396595339945428
-0.516798202326137
-0.355207840608576
-0.361344130506082
-0.345141512906377
-0.41302795717019
-0.44712758079483
-0.349920035755691
-0.256679716767004
-0.317218889056823
-0.446618116781166
-0.376388363480351
-0.392126189868529
-0.435433753762333
-0.511526881802289
-0.438175973384615
-0.455549919571851
-0.423725173917065
-0.284813260141882
-0.595798795291664
-0.28275951664895
-0.37812237432165
-0.444579508857196
-0.38509826988409
-0.412819708523159
-0.409403645981341
-0.395898355715335
-0.415725642395826
-0.324433317418949
-0.3352225767435
-0.366315852584345
-0.196892779292291
-0.325500114263785
-0.510232734879834
-0.405491908531809
-0.389453369279106
-0.318122923435315
-0.312081446641177
-0.441902731206169
-0.325821380763198
-0.39758926795825
-0.321915493527788
-0.211445108219324
-0.101410328501033
-0.272830225778941
-0.394193435671388
-0.252022650956233
-0.274016995410443
-0.409462097716056
-0.416783359179765
-0.300538294861289
-0.199564325886656
-0.25345202598185
-0.477476174579326
-0.315838134774391
-0.252634774843594
-0.201538942731044
-0.36825784687187
-0.277733886882288
-0.38507918797501
-0.349417449068811
-0.273508049820731
-0.373253154992176
-0.303936531497223
-0.160654118915773
-0.364012778342752
-0.247451675663657
-0.325242098256558
-0.384087074896785
-0.205074272925172
-0.239816891697356
-0.393223043194137
-0.131511830297677
-0.244723112756486
-0.223987351647745
-0.389069496268027
-0.198913358460721
-0.199402817914713
-0.257592067541833
-0.106260257826193
-0.314483025556503
-0.146714284789342
-0.350469237473611
-0.2237325237361
-0.258613767058272
-0.368832756534965
-0.277425350650719
-0.208745729496791
-0.055838088664078
-0.292180890206832
-0.25466624311995
-0.253006431508178
-0.303668596668712
-0.262814900820449
-0.177784004942748
-0.124983298224368
-0.308449867890587
-0.171882881571422
-0.148102288436434
-0.309223981057988
-0.225421132370249
-0.259926421276744
-0.142729810803807
-0.231318940544665
-0.264285532439079
-0.223075345738161
-0.292912863197839
-0.247373782748884
-0.319851742612749
-0.0290047466985267
-0.0997807414676846
-0.260452994641037
-0.125736948418076
-0.0852755963879034
-0.150993815880165
-0.220889355831284
-0.118778022162786
-0.1878108121161
-0.148882169512909
-0.0548813317999881
0.00368026527460821
-0.181342502327456
-0.139025439549689
-0.2425280851429
-0.171563301160043
-0.135169826197528
-0.233972788764773
-0.00643893294925368
-0.350699986049749
-0.176624446828285
-0.345825534329461
-0.144016092028357
-0.221061383749837
-0.168970167202694
-0.106177443250978
-0.0956575134162763
-0.215670141041371
-0.0602620653815191
-0.0721988467004738
-0.14757521395523
-0.255565549422001
-0.116270838208647
-0.28426594426336
-0.180174225879998
-0.0907513199900188
-0.151403021454465
-0.0624642134100775
-0.275365952478067
-0.183417600940089
-0.00616665962370973
-0.234986501027959
-0.134761008189123
-0.217372657464939
-0.0197974848837582
-0.0884411414472841
0.0723784566770205
-0.0297582170111203
-0.112649063334697
-0.149552119975899
-0.00178173189795285
-0.194270800803947
-0.0357284292354647
-0.160412628359784
-0.11343936068811
-0.0701337782571916
-0.0724897435775969
-0.129405247569067
0.0241448024976783
-0.145650277418977
-0.161926451848069
-0.0460997951738419
-0.136146280301791
-0.00980903032211689
-0.143732136316531
-0.122799119181583
-0.133970591188159
0.0404869557325828
-0.0178940909150451
-0.0138270112289419
-0.120600767089163
-0.102867560890934
-0.0780755501236527
-0.071925434881437
-0.0847935027573973
0.101597171878127
0.0119190269470016
-0.0157194662131086
0.0727538789013937
-0.166972330052783
-0.100789686707493
0.0379036513610002
-0.093154347620741
0.0255396317979764
-0.0245029445804231
-0.0123753630640323
-0.0743409573234067
-0.0846238250669249
0.0321024933010665
0.0290085109663899
0.0446730608458549
-0.0673678345698652
-0.102087705405375
-0.00688647720916628
-0.0136919864444687
-0.0569527553203819
0.0739956119894894
-0.00310832370425354
0.0341219799598267
-0.191108250303853
0.0123725558881667
-0.0892377387383171
-0.0752410816115438
-0.0942815831672634
0.102559509787563
0.056064707206813
-0.0270866873148124
-0.0250538446290797
0.147172668750505
0.083547752805634
0.108031434812291
0.0611978954367662
0.0102270932978571
0.0780097987486892
-0.0676867020585172
-0.121293893084458
0.0686098683701184
0.0866265369344709
0.0331740902098051
-0.0533402891836439
-4.59112975593107e-05
0.0451441529717639
0.0447492399613393
0.0742560922862601
0.0145322131284976
-0.0143137694428837
0.00250347870147062
0.0219073959962783
0.111144006146616
0.126911306627173
0.128832865737559
0.0509309213416248
-0.0112514184957038
0.0566867043713212
0.0862522963371561
0.217482104424618
0.0728661093382751
0.112159418185506
0.00660464524523924
0.0599027270536013
0.0869922200509246
0.0996686167959754
0.0914595969277779
0.160029932811972
-0.0582301869776769
0.108636826121031
0.154716129115149
0.0746744162445497
0.184699929537009
0.199161559655235
0.0883146713896203
-0.00452979992621807
0.175347305711835
0.211318950702647
0.0850582870286173
0.13452665277938
0.302627083754209
0.248217576484329
0.0406520057186884
0.00621175413293358
-0.0517180743464633
0.107555603496955
0.0812025748167627
0.12467437408902
0.120949300221284
0.042761474952484
0.0390290640015482
0.179772532115462
0.278365691829468
0.123463122214961
0.301635728685764
0.173780346874393
0.11156911180229
0.238752127999592
0.123855968985857
0.0429349017589809
0.326006131737833
0.244421823750832
0.0861616608029032
0.190154307064985
0.262195860497032
0.238234388854793
0.136002812665773
0.167520278205098
0.227291287137988
0.141461205947059
0.141195511268993
0.0669419931925187
0.336800365410839
0.258507585813576
0.0630553109287976
0.181902351691173
0.196599087802261
0.262028232496883
0.192826411949135
0.128503156832955
0.177559836503816
0.191707352074328
0.316509545520654
0.280386155649339
0.28796896164428
0.158946254498372
0.264422220375078
0.164151553028186
0.179920554324002
0.240370935716156
0.191183107440978
0.272779982169758
0.254069913425781
0.235303014919636
0.178489839162804
0.222384160463999
0.204059876765182
0.203510299466545
0.0511594225507627
0.293701159477143
0.35838049222077
0.260261069055455
0.145359136977465
0.230660238518757
0.30467745517406
0.335085288566406
0.309633201932743
0.140236614924903
0.191126716009049
0.169144250196242
0.236912878238671
0.222022080067217
0.221274510475884
0.270646188773714
0.199562865452321
0.172773410291086
0.218458000869736
0.316336987452631
0.163432276520374
0.231640252969562
0.338164942598765
0.283820304723274
0.181440117347628
0.208962892153978
0.258575762614765
0.395387480478337
0.29213087670106
0.363929845406142
0.248204755471087
0.387150356389462
0.271249901913067
0.407133057696941
0.368700893678725
0.410954496079244
0.193692945229867
0.372263677437889
0.148097559856667
0.354538433424726
0.350758974580937
0.244899145377971
0.34466422789456
0.310660914751476
0.270823743389573
0.309621310871404
0.317005390649402
0.391288445315469
0.312667532628729
0.258657091421551
0.409353029852531
0.297896053702044
0.336034482475444
0.350412687505653
0.109551914250798
0.429585694122471
0.370120176261236
0.417649751254124
0.323710373720544
0.455607647492089
0.217948737295306
0.342520066037915
0.426838269944612
0.320738957654966
0.238603739630293
0.321946721696495
0.266226941432018
0.371230321825539
0.29182119067695
0.388244227104151
0.473931415299569
0.478277803117491
0.450572505744494
0.426060988520343
0.305549672319235
0.315080846307202
0.422358457793195
0.308582938662884
0.543096734851558
0.33350467785428
0.487573548198821
0.561160342607091
0.506469199582781
0.360908560219518
0.537207012896376
0.291168475370673
0.267092098785363
0.335041062522826
0.486321191332935
0.377036110287767
0.315436661424627
0.54871483566005
0.37690812215124
0.404581376377038
0.371755378637001
0.369137938134084
0.26526071083528
0.39396490145151
0.383479571330274
0.339806238823037
0.572767459604763
0.488607541473248
0.368553135437741
0.433280765104595
0.385501739370986
0.441092060852993
0.466322222121216
0.537371124519617
0.5001034068001
0.47167934343403
0.485990223932689
0.574781160655407
0.54097303072449
0.48931892339236
0.62160734380138
0.51562903553148
0.354591933896811
0.367764839962508
0.380688096129683
0.339139911703278
0.498299039623065
0.498657264797885
0.529582379281937
0.471758541464964
0.562196618853643
0.387798634586094
0.420145535264381
0.431788753220478
0.439676689628653
0.573354050666483
0.635524886021949
0.453701079026155
0.579605754417226
0.406642226854794
0.525814292850684
0.462731538000515
0.537955747053246
0.500169592804993
0.450105874576803
0.573166004138115
0.468955830761979
0.599091994194683
0.431494963931378
0.450949310381302
0.526973550333402
0.560382194482507
0.489342966769481
0.548058802780358
0.506447170276321
0.485034081943352
0.282168229747522
0.457288095723789
0.560580502694087
0.403449213717979
0.462291333617293
0.412308078013843
0.589985184897908
0.578830968244647
0.54977209048794
0.511317119905082
0.511313781819218
0.688027517965683
0.47247583358294
0.599587520873257
0.484998826324239
0.547220738378025
0.491103678958417
0.500932214041792
0.536443521413916
0.55269856316662
0.532044291781608
0.569166425006189
0.651410561275168
0.73047059389083
0.584714461405761
0.604219117975309
0.588133529379224
0.67831274520366
0.563274006206917
0.53768342662708
0.634204895131404
0.525434648338912
0.605834314273727
0.758868448616711
0.634674986954961
0.566725261985175
0.619202895209512
0.690029618409774
0.640216014636363
0.468219175842239
0.637860417198473
0.513981778674281
0.6632491644129
0.593961304421854
0.622772991697573
0.734525200004912
0.468992971620622
0.629359530767605
0.555787221412113
0.624655532163456
0.576919415439284
0.794670546086829
0.605761570891333
0.564254402535233
0.608943266996611
0.815404478270744
0.573681755079363
0.576272628421388
0.621654696036691
0.736977157569836
0.602082602753941
0.549353160158805
0.63294345109494
0.649779265333207
0.776361690555893
0.781066789966547
0.688429659542118
0.90016066029285
0.707724227272348
0.55121350959748
0.607675043082342
0.762756325035017
0.763441817100553
0.679455530807022
0.661671349298202
0.630176516908247
0.738680446849241
0.795226700496098
0.959559236034387
0.826094369433447
0.673280883003684
0.713748499675501
0.700939442098685
0.72061828236411
0.723393873102075
0.678901499868484
0.661471231067417
0.73114606339319
0.54739044747165
0.733415333570297
0.680936263989212
0.782121197953823
0.766951576548827
0.681226509668057
0.612975050056771
0.762467549438355
0.900662784400857
0.843259969267609
0.566598820719157
0.64817024175615
0.745807616489918
0.643176787150606
0.656984890548063
0.61643468806878
0.726001114547173
0.605194922161274
0.821883766767147
0.639348490181704
0.780689234137255
0.754636585071478
0.721948780320797
0.823251461378268
0.788435233159081
0.536989189440988
0.551487848253854
0.668688005010909
0.668738423320928
0.870871737123164
0.784434422170507
0.891549411970177
0.831158728570023
0.776739311650873
0.807011291873564
0.862570757481455
0.856863336658273
0.744466966296462
0.787110017768101
0.723633512937579
0.897438882729371
0.781378405502119
0.888630511819858
0.8609733867412
0.779616824551772
0.907020008810245
0.878855421812335
0.834114411633055
0.837726781148965
0.880917704451886
0.802089831408315
0.976672774855949
0.694428004115089
0.769696804376237
0.788407509491643
0.881076790157341
0.960016096031185
0.86204952373609
0.876354195150794
0.914411435236626
0.689472887889686
0.776554890822228
0.882687991661718
0.739983531398264
0.664826044981771
0.989286864641556
0.909490716837757
0.735374884786155
0.97510840719705
0.752364601153806
0.95708346597306
1.045745917298
0.860392365725544
0.935645399356218
0.628946883783923
0.882385551804631
1.05458337899082
0.805776370614154
0.828184959691128
0.87701360997878
0.908859934360036
0.803084762808905
0.890426929759707
0.948841021898673
0.9536160289544
0.895435401421647
0.933221263786556
0.781405727168304
0.895105578340228
0.983752247858211
0.930809322424611
0.843079256828533
0.823934464669061
0.907192677509173
0.848907256696968
1.03612679684663
0.901938840874788
0.956905801272551
0.954705214755541
0.868118263062858
0.84438531941263
0.912863753640327
0.960387271671944
0.83685634452698
0.911634917434887
0.922698257825956
1.06534988401183
0.846486997691194
0.833700972717219
0.892368820063805
0.944564462414439
0.719870649475843
0.954499659957704
0.82065672769683
0.881517598987662
0.892242386294778
1.00024716377192
0.993670031730992
0.992841870410279
0.86246432364006
0.936173047834003
0.988914814800664
0.794430569998136
1.03427854709991
0.92381168766483
1.0048469721
0.895070084196952
0.816557255348192
0.859782996899996
0.982853975219983
0.986895203215671
0.865108081042631
1.1545590093978
1.095331284083
0.944311862422443
1.07673251541646
1.03565606354074
0.87390019808615
0.950310762835047
1.13288316755155
1.13287187992093
0.990655424609733
1.0077294975443
1.08123647363859
0.988393340440713
