-1.0350598597413
-0.771750935814067
-0.980428601925529
-0.831142741276609
-0.984006299555691
-0.933632598627326
-0.872539589826422
-0.92383734170625
-1.01955834749202
-0.911960114066381
-0.83969151419077
-0.90133692586324
-1.04688055684345
-0.983212574496127
-0.926407607768407
-0.989687883707211
-0.875852615578314
-1.04656893723402
-0.872770137947446
-0.918469845326648
-0.909477848937916
-1.07613232382708
-0.88177563995684
-0.797225909215126
-0.943958039423501
-0.963164871192054
-0.883206916422047
-0.997663502707779
-0.733421352368113
-0.939820802307128
-0.858507954377717
-1.0573635246933
-0.998135309310915
-0.82577529680135
-1.05935278095121
-0.883582340719632
-0.987540456303902
-0.815838429601152
-0.922468834146351
-0.970522589567135
-0.819222265181844
-0.914323497762764
-0.955896264875231
-1.05375250767232
-0.931211977006168
-1.00019331860372
-0.860113930250626
-0.932168148788068
-0.873944438256433
-0.895235750904474
-0.963877900680827
-0.821104702069304
-0.918339466448016
-0.708021688317149
-0.952521238060073
-0.762312515994914
-1.0919187746745
-0.926462711539042
-1.05227794429997
-0.878728570256715
-0.897389918946103
-0.808788425520257
-0.834889930642058
-0.868762338538088
-0.824787547397646
-0.980407535884563
-0.817008676211345
-0.872022222619607
-0.777954665264685
-0.74829335637476
-0.874617437594697
-0.805508388915163
-0.780001705811763
-0.865753475438276
-0.898666934883684
-0.894306970553944
-0.881120083943124
-0.804465027055058
-0.843176799287406
-0.957139939431785
-0.670538396265949
-0.820904230588639
-0.900106542159574
-0.927822064908865
-0.940896385090812
-0.806477382661629
-0.812292089018312
-0.996018327791067
-0.958036439785608
-0.747612641516227
-0.900296449595867
-0.84121727451842
-0.930458036390537
-0.749909661852665
-0.820989586326086
-0.958115114902975
-0.811925642427103
-0.771722845190305
-0.859885992759309
-0.763138317541311
-0.828978836842355
-0.801404017296538
-0.672479141935687
-0.7972749795304
-0.882313256785848
-0.82962154867777
-0.851261710438022
-0.81292940558389
-0.699432941457537
-0.807731248077107
-0.724945517268446
-0.783024405293428
-0.833116888533653
-0.770603859381474
-0.835484166883327
-0.696207902202537
-0.669943622315898
-0.75580147678351
-0.834593013911163
-0.750122153492163
-0.885486870984825
-0.686620073373051
-0.744086633834586
-0.771428331309343
-0.811509088559915
-0.69664193628997
-0.714729072993798
-0.720808445644418
-0.712867711074586
-0.56378677541046
-0.80446918282808
-0.922599731461947
-0.680604859791845
-0.769137124674406
-0.607543183537607
-0.693527260012827
-0.695111305288673
-0.495179051507423
-0.653250362788049
-0.635146719890737
-0.745271034578403
-0.688499448437663
-0.543047983863129
-0.682719069661007
-0.745657934374033
-0.694729945439345
-0.707894083563142
-0.570789619390447
-0.715222253083391
-0.668664276213665
-0.70500683022467
-0.892600985612763
-0.773891029838665
-0.620627645450447
-0.627971070518872
-0.66644503652779
-0.6819877974383
-0.64927877739703
-0.784594424662191
-0.655733378527281
-0.624576273293038
-0.58450357616212
-0.70384398351415
-0.662704908259367
-0.574882508350368
-0.588252622204209
-0.644863591342853
-0.449467556643048
-0.595712575174159
-0.605653388979481
-0.580842019883675
-0.560500141522055
-0.697515425754441
-0.538903723457578
-0.762178223490018
-0.63034152565277
-0.727468333892027
-0.514330067903988
-0.564637190953782
-0.684990922993209
-0.566327294883922
-0.536210546206575
-0.669218522960163
-0.489396898173337
-0.545043402187149
-0.827943132367846
-0.689787822983738
-0.535821530737906
-0.629703249128267
-0.517172757865152
-0.637994481492206
-0.614814405033095
-0.628091577826741
-0.752465918610604
-0.681416689375644
-0.714927897402088
-0.554142389968458
-0.78630476018374
-0.653303205888789
-0.653823052577732
-0.733839327766651
-0.681605711184836
-0.548523946278
-0.52022319587202
-0.697136426492736
-0.616054040869044
-0.596139047090988
-0.603835413115025
-0.526667087757734
-0.649067842228688
-0.600646286923384
-0.496187882563089
-0.490017575929395
-0.48025071890511
-0.527477073397684
-0.529713364016728
-0.608732001207013
-0.451248832049215
-0.548516059457099
-0.52241416444812
-0.602711018700231
-0.525523014671469
-0.570647796859282
-0.504007451715393
-0.679435544079443
-0.506651116059869
-0.526051671625415
-0.537252196920259
-0.535958318829345
-0.646104811837144
-0.588904380244463
-0.575308698788166
-0.519072514639352
-0.704477807860885
-0.513429323268151
-0.509977979608673
-0.554334346590799
-0.389924939466482
-0.552716825646485
-0.63962017150452
-0.485924649138039
-0.563782164400815
-0.473272978258706
-0.57957196235099
-0.503671781980243
-0.438972766937009
-0.420265126071555
-0.628242274071931
-0.410468506378533
-0.582310495200373
-0.480051942736989
-0.548063114872667
-0.366710495900738
-0.548714120586271
-0.359891595345341
-0.39191453783842
-0.426481633186526
-0.518203978624694
-0.495720622562452
-0.387723119904502
-0.460987281836701
-0.452202826501362
-0.489261885025435
-0.420817226164069
-0.451412166075179
-0.606225309201976
-0.340803771367658
-0.488248960167295
-0.38618361412222
-0.520172353889076
-0.444039912163499
-0.335781405770962
-0.44546760877673
-0.496186798693992
-0.579326618694806
-0.453048618220412
-0.421577694350783
-0.453833945532998
-0.300402009448985
-0.389246844719646
-0.512605129199319
-0.455586106308759
-0.356804738969248
-0.329610125655587
-0.26781628825611
-0.295669713982231
-0.423610033819686
-0.38279079965044
-0.362263565354465
-0.319591911124101
-0.324745627302792
-0.450049504492645
-0.395412260828272
-0.415006212977619
-0.326886550892478
-0.448375055870472
-0.54240427176939
-0.350756870592535
-0.201958350186502
-0.421768277102054
-0.340799236423761
-0.365394765186421
-0.377159441373853
-0.475302337507569
-0.351615025271711
-0.451855480796983
-0.440215988987184
-0.507857644303285
-0.360968187079975
-0.420675235854204
-0.338268618221882
-0.430754554372785
-0.401567840228518
-0.403260904953899
-0.390237293078328
-0.372132676594599
-0.513652668259318
-0.328265676251908
-0.37458066278149
-0.391766116791431
-0.350121867963265
-0.511246331948048
-0.400474110503309
-0.246905316674109
-0.348468594268413
-0.365105272810325
-0.290378207997548
-0.330302124394288
-0.479382354470898
-0.322718656265152
-0.328314334486973
-0.286967110490246
-0.239717425462326
-0.415650550311975
-0.384610070023422
-0.31626188891161
-0.401780896704386
-0.313247514445961
-0.259371814641305
-0.328386303779688
-0.326418120365694
-0.442535094204196
-0.216862730612946
-0.18532562194615
-0.256336717367881
-0.294270018963486
-0.335113535801364
-0.199797679551871
-0.245514988244289
-0.435926029178031
-0.207231825316907
-0.288199716905857
-0.431471382378911
-0.317110131485081
-0.335099487535481
-0.237379804164041
-0.256777276771921
-0.275411831259881
-0.267458688160251
-0.429651916507555
-0.243088254683143
-0.175197204231356
-0.314038027989036
-0.288069027928499
-0.365959628466472
-0.239568102422196
-0.353600979846533
-0.383079685299607
-0.295302360903757
-0.10624413179562
-0.297523996489808
-0.192328422420557
-0.277341905976587
-0.203822786594804
-0.286014986481625
-0.28463551195241
-0.223325872071004
-0.196391919438674
-0.165349587442144
-0.287987625376656
-0.400350094091961
-0.152225452712642
-0.234415927128195
-0.238518341099218
-0.179223068846326
-0.346465958285435
-0.16891569712369
-0.08602296242095
-0.38448449386906
-0.239199875968015
-0.232144764051133
-0.136437719828228
-0.22756659347885
-0.273312904864017
-0.235329013218345
-0.421041462053327
-0.144292581826221
-0.268604622147666
-0.150341914564265
-0.226537582157529
-0.28347609605761
-0.151582778045968
-0.257447580716933
-0.248864961179247
-0.150003127709064
-0.1082467863262
-0.255989751666381
-0.118789164160248
-0.188410615405085
-0.0775028509813565
-0.148394320634299
-0.138064912455555
-0.27468987434746
-0.17785777116324
-0.27724148878721
-0.233813439639169
-0.0841173617543642
-0.151390123786945
-0.132314956721667
-0.0918140950317714
-0.199537639252338
-0.0436625290375353
-0.207041113110075
-0.206117573980121
-0.0762454720083053
-0.159561105722391
-0.0422738712314227
0.0298555209775485
-0.0782798408383911
-0.138290394951662
-0.110931407356378
-0.181502378319094
-0.0432997973520259
-0.114500200318298
-0.145763480738795
-0.138796688703876
-0.121658918867904
-0.0681505513726983
-0.143806184189294
-0.295505674156312
-0.178845706512717
-0.115066822851149
-0.0682960817284853
-0.0557065648458924
-0.253342613088173
-0.0659768163853091
-0.0913981794977374
0.0348919475496895
-0.230721625718961
-0.215020467354774
-0.0499466397976002
-0.0955019954833153
-0.0955921846644384
-0.157584612414842
-0.103662851473688
-0.156809616793388
-0.0248733890692685
-0.192769621593459
-0.119487696540307
-0.0984811678651106
0.0443451082147595
-0.0056196541107576
-0.141795231870288
-0.119173498728401
-0.181594733852919
-0.106186126837375
-0.280160890767941
-0.07823901329
-0.0192098383526387
0.0567790739743388
-0.0743003252120825
0.0420427393686076
-0.156749672003059
0.019279863927303
-0.0182260841432284
-0.169233889376838
-0.162531566855546
-0.212728543537177
-0.0181073743645545
-0.154504686830398
-0.0347217814962489
0.0285377685793721
0.00280917688335751
-0.0605857153537135
-0.164995618976662
-0.0400627083856161
0.0102094065361662
-0.155014811263853
-0.0950226621911411
-0.0917563322053403
-0.117391895886224
-0.0132333048437261
-0.063644886835395
-0.0627791987544457
-0.0384511021071024
0.0230559631903496
-0.0761814904929858
0.00430686093774548
0.120357093999888
0.0716115785884738
0.0744316311934584
0.0611234312957892
0.28826643205999
-0.0768483486994618
-0.00862237477732729
0.0530929971736998
0.01016007580262
0.0434636271716232
-0.0388124065401837
-0.0431027674045975
0.0986769364931849
-0.036734957631309
0.0532235067367746
-0.00783907812224185
0.0596920179200373
0.0386292181022753
-0.0542736897182334
-0.0664826134538038
0.0906046141633749
0.0177151578286018
-0.0178402820629705
-0.030873698821906
0.095584441697472
-0.000495462182371336
0.0403084317105352
0.0401420116921832
0.0296316810192522
-0.0815672420355107
0.0436900964844438
-0.0399783964787584
-0.0600595958841521
0.0999884376977266
0.0235384517796753
0.301467292830286
-0.0014923178245706
-0.00117713532190637
0.0758085743573428
0.00388648760886708
-0.0105635913939201
0.173371108770742
0.127474814671233
-0.035654947262555
0.18853837229839
0.00504881774330241
0.0274689387025795
-0.0208965591673016
-0.029518699720859
-0.127673828513429
0.0315287256948593
0.0199086085158617
0.180192664382249
0.0183977431437463
0.0187666702397956
0.0193841230344837
0.101819832450873
-0.0513973483985735
0.0686851918139134
0.0829062911286876
0.127100846627303
0.127525137603483
0.115959219089059
0.0372628677060083
0.124676737278773
0.122279097386266
0.0635527210546051
0.272101798266422
0.144635080613624
0.10260987103994
0.217253584572957
0.172891210499375
0.245343029588439
0.140007997975042
0.241176901235324
0.260020237724066
0.150565471796306
0.227122063648762
0.132493694917587
0.0811247910466707
0.0756732999196213
0.242422834576338
0.161025684517306
0.0290749037503299
0.165448517996832
0.0615234927668535
0.101730508331489
0.189789760246512
0.164436235333264
0.148954471178652
0.0664194768906943
0.0797442704967255
0.113089522673081
0.168435703450156
0.198819909897836
0.0716447052184688
0.0990795592117276
0.214708014635644
0.335374608676882
0.197521944332206
0.173798696768332
0.2062475799993
-0.0172708307950549
0.24576725723766
0.217137176183477
0.339959253312569
0.248453143861426
0.335592466427053
0.190781299450081
0.32705245429753
0.21379189028585
0.0767738064210548
0.264675889554534
0.281167176596982
0.124668027446032
0.198499652819741
0.139283754071341
0.276947848986851
0.200734951549074
0.391249199873993
0.375310784834892
0.0727194848266456
0.390635017255558
0.259754573576354
0.145981637982206
0.308335682470537
0.366778119426966
0.112592367173654
0.221923087449802
0.161181580897981
0.197586262804621
0.116235216371532
0.261606931717583
0.390569624676544
0.285203806437269
0.311132956861136
0.257390439010899
0.200594263166484
0.279566103853757
0.184628786721434
0.225572911754501
0.142046859870873
0.429529285427659
0.300449437499734
0.186589298685929
0.3041018418149
0.342565826963135
0.242979650762629
0.242995737317806
0.36459948308376
0.139223825608229
0.174970158493298
0.422795679577625
0.313799786192738
0.502825964317757
0.32716012613842
0.379163711398714
0.373058437628424
0.279323192838225
0.276055724549778
0.305485414093282
0.372606141178305
0.466646318368378
0.275336646991871
0.372256273435062
0.334394556102819
0.368244341057523
0.409135213110254
0.315092018806336
0.198699921014777
0.449806846183893
0.365718390515964
0.150431948044856
0.547811297897545
0.38264925896591
0.354152626696148
0.351917549575423
0.346477693316292
0.478097634563229
0.412576335513874
0.511076346284756
0.356487784813705
0.390435348777959
0.453864066120007
0.416335273457264
0.438073247916389
0.384465309858531
0.480891624426024
0.444218462498011
0.419750232915937
0.356122230314749
0.261425139015498
0.399128034010683
0.340269165230577
0.393705954798222
0.304623186088643
0.446070660952143
0.268010996128952
0.407228202970113
0.462656667884827
0.443765275688844
0.410358694049386
0.423676727272762
0.273644559521439
0.367540527695631
0.306935174406678
0.476354661747128
0.491391347143421
0.486590855674222
0.435082988056222
0.55350883956586
0.452957931284698
0.437207883645491
0.512447803333016
0.554669327523092
0.494205292409333
0.392694316790381
0.463147476639406
0.325533992215721
0.359305124761585
0.422586458106775
0.459376680252564
0.556730531274845
0.400380211478547
0.45233752856869
0.445855422530301
0.402884702018318
0.456883979935936
0.403978987280113
0.440250450673741
0.547635381039855
0.569800683999877
0.496774033909155
0.435913701975627
0.444791461116049
0.520226229595033
0.386561148836949
0.487225480603112
0.33885242685458
0.545359542134562
0.523161009161905
0.451845156555177
0.393745661991484
0.549995084615883
0.408998885905349
0.65680050117613
0.700209582737271
0.719470339617085
0.397900417111708
0.384376270241965
0.583189607128063
0.457777484017573
0.442091385413053
0.532054009182265
0.3742015814789
0.410836907616561
0.499880218148973
0.434031825177148
0.480518044923178
0.367398576578931
0.49613186084752
0.574735764022386
0.498567542387125
0.387961904215926
0.531055903362648
0.553195619912961
0.408955882344061
0.424638789503986
0.384808686072949
0.58071757463705
0.463076367344962
0.573287439803231
0.562220559814372
0.550176736896022
0.426492538173259
0.429979648989555
0.692455110463167
0.587397235501106
0.629874902173692
0.534321773439644
0.454269084673358
0.71513646511416
0.56812680765042
0.59775079522064
0.358016490252973
0.716829621648416
0.496895904500599
0.613157091509764
0.632879521446238
0.571984182767845
0.516580949817999
0.542530594408572
0.433339841671813
0.637531602870673
0.674085002509266
0.646428108958983
0.525834980655899
0.536363213175501
0.391538443523563
0.583195354889817
0.519053425834059
0.652407668323606
0.594433995398585
0.662884350072165
0.692206759821711
0.613338455621487
0.483185284796423
0.7158039724611
0.72896890155475
0.636058673611341
0.45427429834003
0.752804040838848
0.667677788367664
0.539155545886579
0.724471900216648
0.552087528509628
0.441255891220614
0.540140146224395
0.51090664214356
0.567127606975342
0.659785176905851
0.680946274011995
0.520959857091848
0.693522858579612
0.467206955191914
0.661252937963635
0.676672027596958
0.575866613278459
0.678218307188866
0.57776393686445
0.796247749898227
0.730875052636169
0.725011168778242
0.671670703750131
0.676208329697455
0.548603425390234
0.689318697167786
0.657629595496977
0.393927628581291
0.725124934995808
0.612554501344085
0.637421760140364
0.53078804800384
0.589051717268396
0.723117343790295
0.745089567701588
0.519474565784042
0.70224794896321
0.687678978459167
0.755142452810877
0.612552679956867
0.643009295002811
0.569916197223881
0.781257974185637
0.841046917921271
0.872031660421085
0.715146478766476
0.822344610852755
0.663800669448844
0.836119106335997
0.689650926388034
0.712324529242736
0.768796525688487
0.686818728561911
0.646232457067897
0.753260761852934
0.73693024993282
0.719737683814484
0.630576002543431
0.665510193039382
0.752587975106336
0.894599985581401
0.808017108352748
0.969384320701427
0.878308574000536
0.765672418841697
0.80217122037048
0.836609300471338
0.771383386729888
0.913271332151729
0.856818083001262
0.701822984862948
0.632827901421223
0.841522954214323
0.896257020017906
0.703215855537337
0.760760405188219
0.749815292069252
0.812443412775731
0.85188031954709
0.57103983458856
0.574205954170713
0.791727177795576
0.745510338925367
0.831682479024909
0.745166902898522
0.704207135896798
0.813966476936709
0.727361970182411
0.655508206336066
0.852966798197012
0.752115765067911
0.743914966261924
0.828779617767541
0.758982228392792
0.778157995744365
0.812377830649443
0.903929865454218
0.862288278185745
0.840054550814901
0.807817892870065
0.747229543072918
0.955136873753263
0.82566376783566
0.822116776219162
0.85743988558126
0.67465379784326
0.821705086830416
0.889597381202479
0.8443451353218
0.836247964000622
0.728608833185698
0.798168452508047
0.769808796996727
0.782928867658711
0.857548916153145
0.701559494956445
0.79190943421458
0.816534977989824
0.757549922660714
0.918688693835231
0.746293852903387
0.833496331978957
0.945222669694494
0.94573335922896
0.912990554705799
0.813607205361379
0.920961159847868
0.885894380929714
0.876260528577417
0.797936092253331
0.824488918862965
1.02296014706062
0.945404082410388
0.821316975333663
0.847840817502342
0.932153213170909
0.967560060632844
0.941417605284598
0.916029148521912
0.810305912402306
0.911844250206932
0.97014455010032
0.880286394148764
0.885070358663916
0.936855123511569
0.92244674379534
0.83195501543436
0.965473780146728
0.891706068628025
0.817681405629692
1.03346180977704
0.911890322108768
0.868970414337734
0.953003528508176
0.866990391550826
0.932138336329378
0.84180790412277
0.956403648906227
1.00510501128389
1.00314325280283
0.983859736761884
1.05415790185283
0.904601426508622
0.944987396793158
0.779069980725609
0.968944328610897
1.00894333648894
0.94911625653982
1.01176818865516
0.960555670871827
0.920603023671957
0.974680912847535
0.955000698227652
0.946991299247397
0.950388871667479
0.960191110785815
0.953651266523755
0.93719511320518
0.939315539632198
0.990481521064472
1.10649562294959
1.09579520836109
0.848733799836013
1.08239177066623
1.08015628033481
0.970206856857234
1.10583909506372
0.98871167812609
0.97070934231646
0.987572166185715
0.769749993531423
