-1.10931424782708
-1.1108936381721
-1.01351954732428
-1.07696895593185
-0.980550044999094
-1.16275914318806
-1.0558547839382
-0.921695352903205
-1.03439766547332
-0.843954187655102
-0.914076379547109
-1.06932770205414
-1.01547608386631
-1.10987383671458
-0.930383770858305
-1.05859089525397
-1.01742512299427
-0.854722608357223
-0.928620090589394
-0.897825501169984
-0.907931582964936
-0.86477314824973
-1.00556996289282
-1.00277720422514
-0.992863397892277
-1.05678581671172
-0.881615485585053
-0.873053120307281
-0.84535153297623
-0.876142990513508
-0.850491599252306
-0.999693803154908
-1.00279761689487
-0.837078246717883
-0.924164531587358
-0.936192600818093
-0.922297086295469
-0.99842099346184
-0.833238891092622
-0.940571743990087
-0.956381882368829
-0.910362946203136
-0.939314546799717
-1.0814591505115
-0.72413483548456
-0.978932513659002
-0.9079400678349
-0.913586315639953
-0.92829957389989
-1.01670919335607
-0.721775320518146
-0.938305256153883
-0.858253306756544
-0.90298428440263
-0.890442944729589
-0.834549646259664
-0.937392686326624
-0.718940090035399
-1.02311635720768
-0.827317993127393
-0.928189781338921
-0.813350316190233
-0.840089454494433
-0.886274879539066
-0.749414386921785
-0.845740225142008
-0.931367450967094
-0.809482844061656
-0.805572110099876
-0.769972586051795
-0.819116308920948
-0.828323495347971
-0.903948175108725
-0.829045298051307
-0.861116836380784
-0.840914871521033
-0.869097088411248
-0.729261055981663
-0.875298087460859
-0.848477761047328
-0.934116854341738
-0.931005148460431
-0.850983996816127
-0.889465026434875
-0.690158016809528
-0.94839783756962
-0.815127805872318
-0.850659076267304
-0.930036379612212
-0.795325148572661
-0.856268303463607
-0.91664331697269
-0.944368724561731
-0.640652901012385
-0.827746870318731
-0.882129879219994
-0.745351782159303
-0.822825905761872
-0.883427230811481
-0.806472049005621
-0.93155244281513
-0.792867094792337
-0.740156153609853
-0.892025083416637
-0.728271628576934
-0.852158778737913
-0.872003151065746
-0.804968508582104
-0.766820355924327
-0.775326079271604
-0.737886516562091
-0.754133535015738
-0.645761099709358
-0.826728555263385
-0.731065771529122
-0.776584875967019
-0.807000123521736
-0.712434827944527
-0.676671534965823
-0.766441443300576
-0.696296833430393
-0.921091340396406
-0.66339923646022
-0.720081596099234
-0.685613014728641
-0.851099109162676
-0.776113330860267
-0.733916630995058
-0.835834024032057
-0.763595107414291
-0.644944318027902
-0.812403244440902
-0.709875255578657
-0.614267154178517
-0.715405692597091
-0.732149200271361
-0.760959568539215
-0.860198681467688
-0.755214802097615
-0.849517744686982
-0.828817702677351
-0.639239891974604
-0.654783912592211
-0.741826129400597
-0.61377359614295
-0.685377913339815
-0.547531255473055
-0.405138353346774
-0.672219938242679
-0.68385319152481
-0.638232637912216
-0.655017116678505
-0.729724067418641
-0.495859515162922
-0.577291057138359
-0.532541717403002
-0.660336163108905
-0.441148183259139
-0.748070355608642
-0.76501111430292
-0.564285259998948
-0.608870994981912
-0.593493797313698
-0.619720438282075
-0.674554680311779
-0.696798286082292
-0.760843219060285
-0.703446990395367
-0.633614329186454
-0.636700378366612
-0.564753835400791
-0.645840196865869
-0.630382074455992
-0.600205860860036
-0.610851494528904
-0.684235829788818
-0.658504605040806
-0.655670350613887
-0.513348772473318
-0.685214689312753
-0.658604386086314
-0.524239674037116
-0.682757939252839
-0.645181082267054
-0.514932414608938
-0.501187442750124
-0.662203827045242
-0.7211665436215
-0.601106545204573
-0.665394388784501
-0.637784470612038
-0.548944138562752
-0.63133443744869
-0.721425264327396
-0.630943708726945
-0.670942527366608
-0.63156159877532
-0.809249850071484
-0.550488770996697
-0.575607527806703
-0.479018204946642
-0.654389649053108
-0.469447970319683
-0.585262234625178
-0.667055415807029
-0.563508094685542
-0.606103095519124
-0.517202569566229
-0.620801048753561
-0.485710777809881
-0.539180570877682
-0.579018440616136
-0.632421564279139
-0.413654193529382
-0.436692629600326
-0.64053568701578
-0.652606971817541
-0.681111704546187
-0.548405468143375
-0.495498231288049
-0.592213713583987
-0.449143121244098
-0.472575806013092
-0.669734342963451
-0.433968659021429
-0.726993918288094
-0.412954604604629
-0.578768017596801
-0.622486548836726
-0.536810483060941
-0.436297137236223
-0.562946443811038
-0.556332715812913
-0.658401673204923
-0.66759348760705
-0.596311077135671
-0.472020893442938
-0.466698433916316
-0.56795984905352
-0.355445878767666
-0.453088188387101
-0.592808332221247
-0.433402726245521
-0.45584012230179
-0.526034199866562
-0.546132701031241
-0.470212348094386
-0.494676604268959
-0.39338908084018
-0.528087267490179
-0.408185092785544
-0.473111888224197
-0.470162438726248
-0.607557599429772
-0.621927962829842
-0.509419875260704
-0.510254391989413
-0.462658425996142
-0.431184662936069
-0.533754309306526
-0.455929267099814
-0.535439804556841
-0.472414210771208
-0.508240577129093
-0.458522231851915
-0.332088255947839
-0.582181001004696
-0.435091992041125
-0.589291698695963
-0.625680675420982
-0.299397707912648
-0.466202941537924
-0.484464362718285
-0.414517563055094
-0.383699861575418
-0.462194877721315
-0.498877472361159
-0.385573683226043
-0.482150650232082
-0.414100744143069
-0.503860641378428
-0.40852137024816
-0.309552224386573
-0.497176641118849
-0.361098273683643
-0.479276227415873
-0.43510043642183
-0.408212872207449
-0.486619947790785
-0.34966431918345
-0.436187851178367
-0.350441011030358
-0.421711607164849
-0.387332988438291
-0.541420870011418
-0.617530462693905
-0.529791408660161
-0.407826351009632
-0.312515814466052
-0.440251749936017
-0.416376217815608
-0.459555160191653
-0.337221152018737
-0.372201079537805
-0.408324443591498
-0.3463107853029
-0.439394856786376
-0.414451376103652
-0.331265648511762
-0.32579132472439
-0.356333807570119
-0.426501663979526
-0.455141127499902
-0.397589999747709
-0.359135431041866
-0.398326243854664
-0.21073078856106
-0.335360457301356
-0.245055810653321
-0.33753176876723
-0.356802958535092
-0.253445730226961
-0.387007887793958
-0.159246058177982
-0.313125927366676
-0.373058035951155
-0.324551906358404
-0.252473195052343
-0.23821953917485
-0.349177799510525
-0.252100298291639
-0.340189951681809
-0.260809442862903
-0.343815561604648
-0.330044632730784
-0.474627840971912
-0.342571181351885
-0.213263688333094
-0.398876411975465
-0.43091169391961
-0.215806740758964
-0.429193615080832
-0.272521399118917
-0.290510229116081
-0.337031935898574
-0.361740873336394
-0.19590787033069
-0.270877899408417
-0.281076810484034
-0.409559846438228
-0.245445321239827
-0.291073277300599
-0.373542352899567
-0.405566238085286
-0.463872860939841
-0.140936048544483
-0.283181293566158
-0.285257969003238
-0.180231780033555
-0.303713916270082
-0.166404630301667
-0.2711211210318
-0.139480374032929
-0.301471294364295
-0.353837881241844
-0.302418979321724
-0.30283225230715
-0.0899719374796372
-0.235176006082535
-0.224249139001455
-0.287509883653865
-0.285689041923603
-0.285487504634827
-0.08551100074386
-0.301751140126017
-0.127909641361552
-0.509678499274466
-0.257700688884996
-0.0895491792671252
-0.101677846929293
-0.40252431950977
-0.268354150427444
-0.0368178906516132
-0.335787202404195
-0.231313222249248
-0.262693981754356
-0.0567645136642422
-0.2620750998556
-0.237945695221038
-0.188248360082743
-0.172039096307594
-0.167992423449706
-0.0659274321938559
-0.274670848611222
-0.239646868596007
-0.247825190699516
-0.171801208515358
-0.217341328551558
-0.146467489243257
-0.210766849503188
-0.165395183214299
-0.1628363519473
-0.139232623511117
-0.208196230929603
-0.115586159432395
-0.0929315960711578
-0.208306799699238
-0.3161372650168
-0.164898302482331
-0.0122481074339731
-0.228500634269335
-0.309709156344939
-0.194887706259642
-0.0867639759044519
-0.141345738026361
-0.208345798480898
-0.132669864302423
-0.158087168444922
-0.190102109209715
-0.0647130885283649
-0.195389657415332
-0.0465630545698692
-0.258068229813361
-0.105085660574628
-0.321494967443685
-0.170240318327026
-0.103847793511281
-0.216655191135925
-0.00948805929938962
-0.139948549586314
-0.134834426282092
-0.370810890341617
-0.118260603697236
-0.0470491709494468
-0.203868695534764
-0.014262872217504
-0.258232455465868
-0.0642611847342217
-0.127645866775017
-0.27057518448766
0.0487876776513794
0.0233270743459314
-0.160590494657118
-0.0829138155884089
-0.270552504087155
-0.0540047754316608
-0.112821259297629
-0.15119680255696
-0.23321811004342
-0.103585191687492
-0.113743893638498
-0.0988962428662051
0.0549024234420699
-0.0383040699701911
-0.0798345842051932
-0.0888896666861036
-0.0384321653186939
-0.0240763247219452
-0.0911220845284108
-0.0984709605599244
-0.150733258908931
-0.0515646473245383
-0.124171376313744
-0.0397987745170786
-0.101609037575941
0.0296291072581848
0.00893222138550684
0.065157905114382
-0.11463594328624
0.104302457247165
-0.0562333740091683
-0.13885146142191
-0.0336793733124014
0.00421684983197929
-0.149225377004433
0.00667815867058793
-0.037456350400999
-0.0161002450512164
-0.00565272911944726
0.01320548156629
-0.029638530666228
-0.144700886169956
-0.118470509282924
-0.0755848817818836
-0.0151970461741833
0.022773859041233
-0.071985954651046
-0.0714005010889815
-0.10540355428861
-0.0382341662925591
-0.0606686092240585
-0.119674479256357
-0.00992689680290806
-0.00227508342703774
-0.04855835028728
-0.0154386931131006
-0.0642226597201156
0.0292454316109782
-0.0685591727107375
0.0472244913229844
0.0181167287028233
0.0304696361324112
0.00936422634063821
-0.0277885278957233
0.0445726859944608
-0.0605900977235249
-0.110293959825493
0.191480258445378
0.0088590903056398
0.0544746631667641
0.0953002756692523
0.0437470395483921
0.180707279229172
-0.00970358557871592
-0.0442230530072934
-0.109446314838527
0.0443191972420091
-0.154364841284532
-0.00955009455575439
0.110506981436197
0.00741857509399749
-0.0395183008769691
-0.0243046412204098
0.0854128692077248
0.0363511155552128
0.13607292057467
-0.0148487628494828
-0.057248332022217
0.132854589173473
0.12044201990497
-0.0184875443484433
0.0150141664166547
-0.00154325133290911
0.121180798485147
0.0636810249911049
0.114028665858675
0.130771255283185
-0.0815652914957498
0.0264252730774923
0.114248423369792
0.107402396240892
0.0303022983654214
0.0952457673408921
0.126933004551105
0.0956157207299184
0.140206237790665
0.114307862728437
0.0956494205016828
0.131195168857762
0.0552245928520338
0.156496937852146
-0.0341127368953627
0.0302255364101842
-0.0469230404384084
0.0887492089177945
0.0199724561542462
0.10374353345072
0.117533964978617
0.0740202091102447
0.128682714614379
0.0490277632435927
0.154613573053648
-0.0465691120306856
0.17209186062758
0.112902285596849
0.145698659611507
0.0756083458898968
0.115823763117052
0.105679965599728
0.214125173069887
0.246391704022201
0.189597194035492
0.215333727631405
0.131190677090303
0.147110501052133
0.301846701649207
0.0166904209454022
0.128185857129972
0.176133994745947
0.239985971842858
0.285490311679619
0.000112860017588161
0.113585275933758
0.239101436952364
0.216190349357398
0.20028718706666
0.0451461876185206
0.0722882263369151
0.176969583636213
0.291913830245734
0.0770695372121869
0.213003827477196
0.125687034089149
0.197625461045607
0.0604728145180795
0.14618143436365
0.166130983938607
0.322773857337652
0.359273555744168
0.0361869784488217
0.131081946507099
0.312656353020926
0.144655300680135
0.18915778090408
0.205805437774421
0.185304139487878
0.202288003137413
0.0928304307251892
0.294359365934466
0.129929122088131
0.202091531751268
0.344343729666562
0.163825387825467
0.359333972312639
0.371297910159976
0.203069262281901
0.189887951259107
0.336820901272679
0.427987844386478
0.185749777204055
0.36012697716838
0.249463816157003
0.0777053622485395
0.217110479156856
0.283101942371455
0.133932149023964
0.269280813239923
0.333318917809079
0.373522621820701
0.247782155725433
0.248420509687933
0.154003794509865
0.299095977677303
0.21957668287126
0.183665070797074
0.195226881807668
0.328982930821912
0.260147866507642
0.446339376953143
0.275344508423767
0.358891463481742
0.195047784636844
0.31646088769653
0.304709098818147
0.285755768463147
0.25155329719747
0.207656475184427
0.216785856754117
0.298412405236092
0.329025843634508
0.355836537251316
0.214376820550008
0.259305904067854
0.27201043669046
0.31393580294114
0.408066339185784
0.32052272755059
0.350230628783057
0.396438269278336
0.305348668375027
0.299244217284012
0.294488547122542
0.294202467856886
0.392311162686792
0.328961641948727
0.213591995517056
0.383210099082595
0.457666212679306
0.433078809672138
0.259823966181299
0.311393317493632
0.231936003895172
0.355506910133467
0.323156059432867
0.453637902890597
0.224386292848596
0.373569450733451
0.245825578760747
0.317206567140196
0.219440170144435
0.341998050949928
0.35230566949098
0.404306043772805
0.432810398056683
0.384039613140714
0.385470462891928
0.436513918220605
0.299854164636301
0.469028045142528
0.330641761196717
0.347438227717902
0.476270090141342
0.440830643830679
0.308226101231068
0.40557670243818
0.335074514572935
0.36557924485169
0.426529804272089
0.47401300449419
0.382482212322495
0.347099409957874
0.51362863213796
0.386531633438476
0.391675437689503
0.445282059290947
0.323189525685022
0.319877717302882
0.385710276916386
0.468426201389164
0.461044161967347
0.468004794828225
0.467670115636213
0.483040650826975
0.548700971450613
0.416837959465718
0.382049564121297
0.508506392264122
0.375969904458764
0.51994697664264
0.513845226094361
0.444460389870572
0.590999107464341
0.34390701317597
0.361152596521387
0.225620728650836
0.467350430044534
0.373204315182008
0.427464845640052
0.473312522966508
0.571519701000047
0.470971033820593
0.384533500135774
0.438199190347436
0.54026470498924
0.462586457423952
0.543125313466487
0.481998682215899
0.470025387588035
0.560150255181052
0.606437056900953
0.412796644964132
0.589723560552022
0.5088123055517
0.523443586731456
0.522470366649375
0.469430689476377
0.529867434588068
0.554666422776921
0.52393595468704
0.576217795345022
0.441518886140006
0.505403687058784
0.528426076725934
0.397675688112322
0.517464801702171
0.440365847686209
0.59991136923844
0.570541548071331
0.653145549357241
0.544552870456019
0.56137129039711
0.432864203841419
0.46554952865211
0.34626293531281
0.491549199648622
0.609260984077866
0.509694162497499
0.690639329895367
0.418139734145905
0.449223574363077
0.534440601190664
0.642641105276073
0.41511768830045
0.532510767974038
0.50719240948624
0.466970981674742
0.549849526318626
0.558106571286407
0.576833914998437
0.615865147491158
0.569830011383875
0.600423969582105
0.607251931457283
0.592103216962325
0.529471374503293
0.606719849497225
0.612668036338831
0.46942202822918
0.741866323127836
0.57828338321002
0.499877867889487
0.56032582850498
0.547739424725498
0.568469080669726
0.652826220630516
0.758132601949397
0.541064117544437
0.576854662743345
0.510323564989712
0.534711106652855
0.549239704494514
0.527822488040255
0.680656187596594
0.573218041187448
0.698576989646189
0.563758319405809
0.558634169314101
0.722647717974376
0.504805329408758
0.618214641208194
0.490489881115024
0.494846696914818
0.566639802945727
0.514033296565766
0.650591234373117
0.740511093869463
0.727776268234041
0.686167845021002
0.66885183284572
0.608274283162939
0.59338120556643
0.724810295172419
0.53518123087001
0.57912624381591
0.688962452584416
0.588864621952185
0.586908586973333
0.617502663134749
0.73702578042614
0.858689010592692
0.65783465766206
0.671663725653632
0.671639261727763
0.72300594270875
0.600590826405538
0.718348426107091
0.562584206301006
0.718970415491363
0.597488559955085
0.655902140192277
0.662732882821999
0.67014415827912
0.861715560726868
0.524785661503585
0.683741799442062
0.698342393993564
0.781709827355439
0.825422762155566
0.609397874556132
0.715115084243329
0.693461436172291
0.829126952338938
0.711233150967124
0.835217934476177
0.756895913366153
0.685356367643223
0.669684902606324
0.832328142025989
0.713895328491314
0.832949476757767
0.71647907633429
0.727735124256387
0.593636744765582
0.64927058265195
0.744547430693675
0.785141616970054
0.722689865964104
0.826207956618187
0.694715986873273
0.721422108401055
0.776379376668434
0.660350411965091
0.735686737461813
0.649078424886628
0.78378129880976
0.768818823819496
0.665312163772885
0.678858016532389
0.701436251090064
0.659114307012388
0.7030928403139
0.651550956286031
0.657345519836037
0.792105685281486
0.746633199366936
0.762960685982641
0.752708217485939
0.641494511807888
0.64437507464174
0.721016621762199
0.881870580117895
0.839749621279564
0.743566127169624
0.752781428381516
1.01358043641499
0.800049925839134
0.72773158091195
0.660096819187502
0.732292557592921
0.850143668772302
0.842660691992526
0.761286558265693
0.897666419439665
0.783785276088179
0.72927108480277
0.727994711045079
0.822700436608137
0.63660083291416
0.881377763585906
0.632285694411683
0.848006902179981
0.777175274432293
0.962143199991781
0.949182466177032
0.933645078127707
0.88491197999246
0.771662866540425
0.901331238746108
0.743021224439198
0.856040281466925
0.782222731947682
0.816515199954114
0.877934874878847
0.817113149948281
0.698493896926751
0.946192834183757
0.855184148228019
0.886505006094021
0.834058228495487
0.88938605868493
0.873236084334647
0.931854730391533
0.90972779506424
0.774515039719437
0.892997897404459
0.917397443492433
0.878789793952592
0.846625151046478
0.951958270360176
0.950635903291205
0.792215353126959
0.920697017444524
0.845439347382708
0.88464853715402
1.03644201974189
0.831769425854196
0.813770652356976
1.02482876704354
0.938189087929253
0.926336513544151
0.961702389696543
0.94463427157656
0.967713764284884
0.846917447161815
1.03415288565669
0.882010583927657
0.882291750002824
1.03362116739352
0.912610828360754
0.947540161887352
0.902399306425715
0.802391841253074
1.01542842366841
0.893383159443528
1.29963965502699
0.893291414006856
1.01784807035153
1.03844841528872
1.02255713136601
0.895324895221601
0.958054829502288
0.847050594034978
0.877034282527702
0.82140183275179
1.04050028483528
1.18221850067131
1.0043149363544
0.980500136152501
1.04881185198135
0.930090136439481
0.899862161626426
0.987864413913545
1.04315088842979
1.01292624218569
1.01770461829178
0.975182272325219
0.934511550509111
1.02682246917981
0.874480614473795
0.985964166082424
0.940281577110565
0.893631006167871
1.0169232519273
0.773849094939322
0.880973388375917
1.03802182187405
0.958581719894184
1.13043085746112
0.94675801951557
0.918857078694041
