-1.02348795324263
-0.795138645134842
-0.984706399492463
-0.836920874055995
-0.969416471557353
-0.921468961797766
-0.886555515328781
-0.903105287107255
-1.01920082206803
-0.921770890899343
-0.821540698615946
-0.886340256973798
-1.04605578346726
-0.979761562349094
-0.936915179418963
-1.01829972150816
-0.851217519864172
-1.04939292175077
-0.880459968455692
-0.904740611483648
-0.932456189366904
-1.0764563263029
-0.889689932146217
-0.78730037965782
-0.93973956892667
-0.960546128844396
-0.888434653872023
-1.00472014103921
-0.741189070952884
-0.941871527942061
-0.859484651874628
-1.04515700639469
-0.986708504252954
-0.843085083435789
-1.0686025684947
-0.879361883344069
-0.986906097325864
-0.828688777716375
-0.931144309473994
-0.972549964353122
-0.819182146638032
-0.921034089756746
-0.964698877902563
-1.03958086581385
-0.949471076833404
-1.01004802322905
-0.858691792296442
-0.911351161054457
-0.880597634553896
-0.916360240983954
-0.957125797623149
-0.809135917361298
-0.912480017909355
-0.699130235999893
-0.964067945285665
-0.737138675717681
-1.0771071963692
-0.910929759401749
-1.04215648969047
-0.899379298585875
-0.900330532966593
-0.829902913070593
-0.850676907032117
-0.863545776608425
-0.802090505670246
-0.980315429950528
-0.840307234060821
-0.870427251927343
-0.787191492388888
-0.738105621685906
-0.900883376296165
-0.800250381707261
-0.769301146421932
-0.870282898854137
-0.898295579299094
-0.881945141845559
-0.874054704422446
-0.814256466167476
-0.833298544099461
-0.962162527646744
-0.697574250890626
-0.786788544012773
-0.937372482041554
-0.9193552086557
-0.925635224704406
-0.776101702621077
-0.820525561801897
-1.0120583764761
-0.953992880997955
-0.760800165179205
-0.877897118791273
-0.808397369856923
-0.926478339505377
-0.751374029151569
-0.835081654408187
-0.978498513872434
-0.821345583438217
-0.760525020869001
-0.834308296964013
-0.744601210458168
-0.814694802307054
-0.807137287251374
-0.694228271167805
-0.799626811264245
-0.896218526186542
-0.844443425176131
-0.837903038390292
-0.802754100214459
-0.713834949209145
-0.787438614743481
-0.727030998467288
-0.776516952423885
-0.842443915353907
-0.759659455740783
-0.837083017343172
-0.691039480360917
-0.687628991714672
-0.763362333238331
-0.850410084761888
-0.759357029550864
-0.885305366012202
-0.693547893490848
-0.755800200889784
-0.755164460424944
-0.803886568359218
-0.732802626345618
-0.707111116743061
-0.733327748868834
-0.695000091569518
-0.582967586191677
-0.810967630138215
-0.912457747620976
-0.688880727877821
-0.812396524808796
-0.624207567575544
-0.707237665125785
-0.697520042718047
-0.502855251529968
-0.645719829271711
-0.630715568300104
-0.736968520031318
-0.673824617852793
-0.53633608338995
-0.68059863916843
-0.750546412066832
-0.68352813697386
-0.723264365163135
-0.574481492398463
-0.725723954539279
-0.656749069487328
-0.7035518818546
-0.897515876280426
-0.766532004787767
-0.625213690635304
-0.637892997515044
-0.68042433813496
-0.642917028097316
-0.630079425636494
-0.763137542000835
-0.638783718934217
-0.605502196750088
-0.567806467427845
-0.713922363104284
-0.646294194208936
-0.579811369589426
-0.609434797013456
-0.662256822376192
-0.445572452288913
-0.609043177410687
-0.614247493297819
-0.58117972847381
-0.574931609233225
-0.667308530080982
-0.539010245968131
-0.762482772651049
-0.641483851938798
-0.743169500956839
-0.517596278559313
-0.551150231641884
-0.705184376328468
-0.557050903854303
-0.536545719183706
-0.68838279508925
-0.504825137469076
-0.548751344204556
-0.83908689057091
-0.668343760650965
-0.511261842577207
-0.641727170366527
-0.504252607007908
-0.638726930787374
-0.601616781008013
-0.638131355729335
-0.745137743338919
-0.683696544719087
-0.70360430473947
-0.544000730129196
-0.747567814421404
-0.660870634893451
-0.646179865688834
-0.73992157662571
-0.706209922509908
-0.523908686621764
-0.49488313567517
-0.695637282525279
-0.603190770436952
-0.590677646998042
-0.599072878265812
-0.538940125092768
-0.649349991583214
-0.608213464479172
-0.50313121268074
-0.473860701680693
-0.483450670922412
-0.531739661033631
-0.543684449130268
-0.619822563119791
-0.450111743463904
-0.525102346368686
-0.512533342275125
-0.629177356315568
-0.517545320867408
-0.573706226090569
-0.502799237790236
-0.690630693110707
-0.49746125487827
-0.538950598090049
-0.539831875155059
-0.532662737846385
-0.642166651243094
-0.571885552935267
-0.575914273322724
-0.517277517661316
-0.702932794969059
-0.505761614263109
-0.500505256871307
-0.577683485040273
-0.392914859363204
-0.550252155795952
-0.634329381731848
-0.485080289056118
-0.547328076624228
-0.468484709963495
-0.570373506301639
-0.484423589507782
-0.4286850432169
-0.415795563076775
-0.630765025186963
-0.423050547394583
-0.579990585403524
-0.478793301682745
-0.566649565171679
-0.367830857928373
-0.544507251190461
-0.344167621902687
-0.34848404910439
-0.44784856802499
-0.515987762334581
-0.539903966540214
-0.388521420477361
-0.449917873343998
-0.45276180492232
-0.507801415315629
-0.428787064588047
-0.477406018063246
-0.623408230839847
-0.340833917834564
-0.474669745432506
-0.382616286033394
-0.518587119699761
-0.453508504319774
-0.330044084544941
-0.464387221994433
-0.487939015289806
-0.579302738804514
-0.44562224447087
-0.394935614247485
-0.478524327640035
-0.309970339643231
-0.371899537133034
-0.530506226583374
-0.445214916544303
-0.39491450644631
-0.32576703407707
-0.265720215895389
-0.274708671591792
-0.406229664216994
-0.370436275362209
-0.339184286566066
-0.301781598196836
-0.322954177298665
-0.429476629043603
-0.387742931779432
-0.419325143683701
-0.363441749145242
-0.444272204584428
-0.517457420010677
-0.347757542100679
-0.212509231694347
-0.439267512951498
-0.338381921472638
-0.377439224604789
-0.384360050619368
-0.448568389237008
-0.359339066235646
-0.441805335132916
-0.449483621445267
-0.525628182741662
-0.359032834927817
-0.419939191723734
-0.335130408262076
-0.436940490715041
-0.419606958236842
-0.422691193282679
-0.403015866195966
-0.354767391969338
-0.522779649607781
-0.330228219313762
-0.350713126771338
-0.379836159844402
-0.341230188948216
-0.50804568323744
-0.385054647414827
-0.235200469399297
-0.35330943366978
-0.381320369787915
-0.290655195649609
-0.384338862328042
-0.491843616050921
-0.339495270179808
-0.314591014164886
-0.298843228566252
-0.240000645977687
-0.396249686612536
-0.371941367341365
-0.323415952225807
-0.381521474860093
-0.30722191755831
-0.248665407601261
-0.333471922844558
-0.332686445765951
-0.441349780456857
-0.215465818379509
-0.191918306878847
-0.252988078676451
-0.279352806406166
-0.325875735666181
-0.220085561882841
-0.256779745344536
-0.446020092684782
-0.200366810589538
-0.25498936718415
-0.420789323059879
-0.321333983253822
-0.326081949578791
-0.243254746368335
-0.260440504967583
-0.276507901618576
-0.27056351593659
-0.400293090958903
-0.254899217525056
-0.201579661427864
-0.307966732173978
-0.274080178632165
-0.377669551264645
-0.229109110515079
-0.358423733473502
-0.409638187816572
-0.313396318731891
-0.0936676408700385
-0.30312820231032
-0.194164066354967
-0.288636177846289
-0.20797697874811
-0.284165551960224
-0.274407505571793
-0.222976268310857
-0.192728888696963
-0.159194255182762
-0.262344188091231
-0.39289875530755
-0.16062441437431
-0.222996110099183
-0.246157840746047
-0.198676648871535
-0.339176974904522
-0.155242099161483
-0.0926462488131235
-0.376982337292413
-0.234338951626006
-0.231304159888714
-0.109471039224965
-0.235822653821659
-0.274851863898867
-0.247474479333831
-0.420526855808864
-0.145430664864444
-0.26016941459396
-0.160689071087039
-0.212102032578059
-0.26571232992103
-0.181653361971849
-0.239708398681806
-0.240521819083969
-0.144074079628728
-0.102445008200354
-0.244295215135781
-0.0987303472175648
-0.204199219084336
-0.0621551778520336
-0.165131121595443
-0.144233329589245
-0.290561715755055
-0.163019785318833
-0.26245516874781
-0.251586670559984
-0.0801059592411256
-0.172683742716901
-0.128052270692802
-0.118897454013143
-0.223027971595123
-0.0536173926570066
-0.205593839260245
-0.215059685919578
-0.0809968277508956
-0.151573770494247
-0.040711567181683
0.0319695998242056
-0.0685630915439637
-0.15334460776128
-0.119805976737447
-0.19039495317194
-0.0573997375695277
-0.125707449560632
-0.148460941277991
-0.136353387532978
-0.11431086453286
-0.0572397101491872
-0.161880801567416
-0.288099797327878
-0.19372468060289
-0.12582405412328
-0.0619544294991468
-0.0728530692757178
-0.254358170838862
-0.0443030672566299
-0.0887224477786734
0.0215847666033364
-0.211391515924737
-0.227137626955687
-0.0411387293671297
-0.0961922513409637
-0.0829595966754423
-0.144423320070865
-0.0753732879685783
-0.15856472505493
-0.0423747657883215
-0.226804831324965
-0.123597024796389
-0.0968325403719583
0.0381422212264534
0.0178247353552739
-0.154454466873239
-0.111405596610348
-0.166998126012372
-0.119983912923773
-0.260707460844649
-0.0818762410010945
0.00125570566849432
0.0364263546487507
-0.0645452686338914
0.0662728226539401
-0.152002813413096
0.0154448006687496
-0.0433863368271111
-0.185379082764813
-0.179435118289038
-0.211969059957495
-0.0307780524802153
-0.138236470770135
-0.0303688736315216
0.0407101746900517
0.0119071147198703
-0.0612080835715995
-0.166935111998091
-0.026882719806739
0.0158717912388506
-0.145072030345827
-0.0789473466382063
-0.0705471811909967
-0.114863683365644
0.0082465874274799
-0.0569003716333057
-0.0860150977265171
-0.0525753904323459
-0.000379467573722778
-0.081953867726434
-0.00171257985680393
0.120300668961735
0.052566023814455
0.0960253719991324
0.0780769153934858
0.308727131074768
-0.0757754822028846
-0.0303639074863952
0.0348220543971901
0.0134661639660716
0.0525004702929452
-0.0218190068750894
-0.0181289501662813
0.126697519251624
-0.0431281806129441
0.0597108314430923
-0.0274835692530987
0.0814866529832542
0.0310807918967068
-0.0148093543397772
-0.0659680690543976
0.115290724117023
0.0217720665241455
-0.00142156935927191
-0.0423887380632828
0.0936334986798349
-0.00436175483124283
0.0485330079577962
0.0631738711525141
0.00561771677676464
-0.0807428815613577
0.0460452901099422
-0.0177065925236067
-0.0628934623160136
0.0727535998828056
0.0307194221328818
0.294837770764296
-0.00463122687736744
-0.00918903089139811
0.0881045296748809
-0.00912980106457573
0.0247930133881554
0.155682632207782
0.102367889675035
-0.0404645714133239
0.178601943320361
-0.02188396477015
0.0219230934904276
-0.0260988884728468
-0.0210880175407841
-0.109482779257562
0.0290737780420741
0.0105948711832635
0.167919832309335
0.0251426166413548
0.00747368875608582
0.0146261813875949
0.102472826158126
-0.0438776512117785
0.0787667028353104
0.109631130478623
0.132346573290097
0.124984701054707
0.0947314494735865
0.0553993025544264
0.117954772252122
0.152038322799121
0.0219604071851273
0.277868879056233
0.142590482307919
0.115550991301844
0.206222591163132
0.163066009529742
0.245265680497301
0.151452688021139
0.225255733862166
0.267942568073478
0.135103319229192
0.208794562074325
0.115306635225397
0.0990488932537144
0.0785557502229543
0.25141169807291
0.165357783994554
0.0306122161250115
0.161361923538841
0.0392518565295889
0.10352799376356
0.18962929294144
0.159004251022067
0.138691869133789
0.0714265847714298
0.0422224225253618
0.1133633456737
0.179600415707648
0.191720562053804
0.0542622363624467
0.0941883931872195
0.215315259436588
0.310525715916401
0.202580654952726
0.164863758750591
0.212037180873559
-0.0174898434666017
0.243015853095008
0.189858893950315
0.327579388932148
0.238916317211343
0.315707608302847
0.185474472936544
0.326853918610894
0.225586959330121
0.0691188163629718
0.252317180377656
0.274259265835455
0.145773881734956
0.197580552540555
0.152372075121506
0.251576985336785
0.195222649395636
0.403818164977295
0.3936093817839
0.0619992653294625
0.402464176097793
0.263025856410285
0.143107355039984
0.294529294315431
0.336269418068491
0.0975211020634256
0.197224477794526
0.153200154674558
0.16937846782498
0.124315574436521
0.242440901303024
0.361210161513475
0.300835412703745
0.311784999411798
0.264420699654819
0.189404866953632
0.285178504576485
0.161826228034064
0.204089828587733
0.155895354513654
0.426099013593172
0.316320759600541
0.176147797525928
0.303529582698209
0.33434878588049
0.231614184341372
0.25369207221603
0.365035689673034
0.141051798644156
0.18833311392416
0.434551062464426
0.334071574884557
0.491072616544038
0.334347254563077
0.387919271431253
0.35186520371605
0.287055048725727
0.273419584885155
0.296069154669337
0.377276322066908
0.479718969482012
0.293695013404209
0.365241588793729
0.345610359432521
0.370572733139788
0.41482149824496
0.321167362752805
0.200567083424348
0.436059133876138
0.376149210779354
0.164843264264545
0.539593170152102
0.385590793520965
0.342585161274548
0.346983839735529
0.364699559795182
0.483424270426477
0.424747026791227
0.539405864446125
0.355733412597558
0.390269766670047
0.430977110879395
0.420392509686735
0.428097607627396
0.39255028273329
0.484122418088766
0.456912638616487
0.407471030539428
0.348314360532862
0.258524036375001
0.402355293486613
0.324562206113762
0.392986904449424
0.321782043156758
0.439409927776144
0.251502878159731
0.41112156644511
0.449904409457591
0.462190539490151
0.410161742482847
0.415224206605453
0.271456145875759
0.373236086230355
0.326337070896364
0.48349354955533
0.474777626357253
0.462225055020665
0.435534959450158
0.558742694420579
0.453311170526241
0.419365176051371
0.513184172948024
0.537170607042685
0.502338936118722
0.402878990310261
0.477847050974376
0.326979183888314
0.367688066464122
0.433552178826073
0.429601416757736
0.528211325512156
0.422932090834876
0.440679449755561
0.446415162197079
0.41244024854182
0.449869260272635
0.413872208909854
0.433755526636454
0.571949307884681
0.573168323452615
0.475702726622814
0.426943877514493
0.468462377620365
0.510743067988105
0.381391864804934
0.507578228518281
0.327806305197219
0.542291704973864
0.524519130031523
0.476666341371741
0.389088501574262
0.550107141853745
0.395667454382503
0.659859798390956
0.704843000626406
0.727865566772764
0.399442524196536
0.387549383561582
0.563922318751098
0.448446938935414
0.446704331927661
0.546403334730992
0.372492856177869
0.390155636823155
0.509999630828275
0.441105591625737
0.480531948641632
0.350595295177724
0.50012625663251
0.581886213789678
0.497657195978623
0.383804306029216
0.535701377136618
0.590916359832533
0.419392929568482
0.423952640209625
0.391348226940159
0.555575615006258
0.453835644457311
0.538522402041765
0.562905865679101
0.561851816737608
0.402568688825136
0.429892136970597
0.688935661710483
0.565870394422342
0.614927107825494
0.528242191694963
0.458675608260315
0.697493362210725
0.573955049017725
0.610704746709329
0.372242615416203
0.694965306228439
0.540328408845537
0.63161405217462
0.617398216080754
0.566758763077514
0.514518255092339
0.523641579596959
0.446827201729247
0.634078904600645
0.663066692173534
0.649784593686441
0.540512936217347
0.539577755566502
0.391510945073747
0.570779603106175
0.522122685204248
0.648878608436712
0.601680765417999
0.669774238426631
0.675301021654937
0.629012639293574
0.47494084705996
0.746253751116574
0.738204603420919
0.641075115597273
0.442582799954867
0.742992130397363
0.68587738910485
0.538996110858727
0.716640042269351
0.572099964346393
0.433196132095936
0.563961281089187
0.517047958056571
0.594100880912349
0.644382396422754
0.691103679887171
0.528470771358898
0.669858186860089
0.473054767866538
0.664589516933756
0.681523950877233
0.578751643995134
0.663645397849875
0.593273784789465
0.795452516834867
0.747840301465273
0.7342685598561
0.655464020240961
0.699270408861689
0.571952184072483
0.68547417617717
0.661148644896057
0.406102592531855
0.697499177822357
0.619730260116989
0.609224997230528
0.538306275228378
0.609161064225139
0.719009070463254
0.764902850177404
0.539760149099236
0.68587237492444
0.681648310203263
0.747675845178697
0.628432004263933
0.656797576412942
0.553353862117564
0.79317845273733
0.850301758349229
0.864447747755165
0.692777733126315
0.816499444160808
0.68107278627061
0.830147579667148
0.666541595181197
0.696576127772842
0.782921826618384
0.71054455988832
0.654547875390593
0.773205744725678
0.73495173416397
0.711357451127007
0.636175868146951
0.673982160805559
0.755714998836273
0.889232538114628
0.815676440092393
0.964831251114954
0.872892171799521
0.776939632360365
0.795178075546615
0.815245720648957
0.756024035664162
0.900592983284135
0.839876941988894
0.700097789736534
0.657233381000788
0.856693987041653
0.893522383212883
0.677745322993074
0.765476685487317
0.765685484440263
0.808463582127674
0.844292304499536
0.561482060442166
0.572653545365648
0.785764493904329
0.719749520726176
0.784142623839192
0.744037582733014
0.689588464757976
0.79540332062073
0.731368870598643
0.650854810750644
0.848097513529779
0.784322886624225
0.731118528404963
0.817483205242692
0.758126736056636
0.738357737148941
0.837752698641309
0.87239769859842
0.861651442386448
0.821403743269875
0.793024984085791
0.751020628981765
0.954619426362709
0.833460574577713
0.842211257925041
0.85344280180981
0.659473515408629
0.818856702415629
0.891955017763538
0.843915233688958
0.835321675460996
0.736876786993384
0.83001218425021
0.769103648563945
0.788304352111286
0.860596801699685
0.68762509559586
0.82040631083078
0.822231082713557
0.770110518086036
0.931378097845502
0.757162687003538
0.820739461751744
0.95481682602362
0.954906229304055
0.916106354562833
0.825182755971699
0.925806273714279
0.899522351750157
0.863552263571145
0.814263237193664
0.814841383518784
1.01674768372623
0.921592490805632
0.812369105984723
0.871611491264947
0.928654823954123
0.983000942745585
0.94325299374341
0.921709262043074
0.795870209789185
0.914176694997949
0.955527461406154
0.872617001126715
0.874076732620775
0.935197883767802
0.939302893473612
0.84053798444326
0.968857223677735
0.889180567276371
0.802529703783321
1.03897925362189
0.909786242933633
0.874304499634079
0.942498725816223
0.863655594960288
0.916076996327359
0.856603853573481
0.957926650998973
0.996738578845437
1.00724924098143
0.965128350042573
1.03768370705016
0.933249698204338
0.95567401862941
0.762832060385564
0.976189653360757
0.997016812637666
0.933729738127572
1.01208421882098
0.967219919531714
0.917349115631872
0.991081480285858
0.958760366712883
0.948419402031219
0.963388083761913
0.971812138943945
0.946121900600697
0.913170900671428
0.935190780708657
1.00083922620975
1.08423021223626
1.09272259087286
0.868588271969847
1.07666857377336
1.05818370838764
1.00253069033798
1.11292194969163
0.977715046827401
0.980725291123304
1.01261098805583
0.748723584206801
