-1.09655918679592
-1.01653511598268
-1.0903161057621
-1.04778815560041
-1.12247900093372
-0.866792220197652
-0.794448061237907
-1.10321874015831
-1.0267053661987
-1.06635561035961
-0.985483638076927
-0.94718689336257
-1.11098916869602
-1.1026815545277
-1.04362431979633
-1.03121167351327
-0.845381953118066
-0.961741137864638
-0.869095246489695
-0.866638833046097
-0.94006235262281
-0.965934143852283
-0.866270776428378
-0.879367281226412
-0.876712857242569
-1.08190407877611
-0.962625458742014
-0.934957531077229
-0.694715516643246
-0.883862524885653
-0.941076128557948
-0.815843236915318
-0.88656497628266
-0.966977357164459
-0.999972069924994
-0.861021596407439
-0.890918032356016
-0.849917741170464
-0.979182459982299
-0.823921849613714
-0.879656542609965
-0.986181506356827
-0.923780692525409
-0.912188214636985
-0.896513198556111
-0.833321379926116
-0.890183752427929
-0.957985034211374
-0.867704489790683
-0.986561286979627
-0.697229359869373
-0.953181325411989
-0.895567511591982
-0.805864307188506
-0.836900632463124
-1.03774249663021
-0.91009885118729
-1.06490467969373
-0.998087707644179
-1.10779597983853
-0.943290447298216
-0.862648215025959
-0.804314794642787
-0.852488199747427
-1.00450745992884
-0.88812073958163
-0.77411841106673
-0.941182416019825
-0.881488878792776
-0.88195906260806
-0.861506575388228
-0.786701818478005
-0.726858638555091
-1.06132281507164
-0.800375310328549
-0.72522790332361
-0.758191457992423
-0.893994763928476
-0.942207088710446
-0.612766911623218
-0.710076358642826
-1.03604831163047
-0.670709346808915
-0.829181591121373
-0.90017481790858
-0.890233446631653
-0.777494457114112
-0.715335900474835
-0.858769779811756
-0.721267234537741
-0.836211834615033
-0.812748833561497
-1.05763132521212
-0.753563643503017
-0.967083112167265
-0.734580125221398
-0.749479814855536
-0.684305880284756
-0.715460439609908
-0.939211649889651
-0.722084499864951
-0.844017747911046
-0.755901092569018
-0.691166494242746
-0.764221674978226
-0.715571371233221
-0.802738669550145
-0.855444794425284
-0.709167800753859
-0.738258542008792
-0.723103873914952
-0.852266140929909
-0.797806526889829
-0.663930438700201
-0.662932463230474
-0.722313965656821
-0.895863229323674
-0.811774843931701
-0.732964200963372
-0.846568026170184
-0.73503830006889
-0.790484000525849
-0.75330893430782
-0.731427590017621
-0.797893679978839
-0.655831087581128
-0.812397443909304
-0.863707084943541
-0.770123800314402
-0.596112507187262
-0.723288516243531
-0.678587517612877
-0.780890692777282
-0.59955481087967
-0.648907041855095
-0.738137467959025
-0.641750686727126
-0.736170923717431
-0.792804587487019
-0.745580334557064
-0.878348510094484
-0.630967366297799
-0.674194542322589
-0.529010424227349
-0.673157602292734
-0.733554927583665
-0.699047312980935
-0.738644766207882
-0.75555703196371
-0.670377020793975
-0.736706448210499
-0.523079758688322
-0.685514477497995
-0.650127153345909
-0.676044763350672
-0.781291738551204
-0.706619080070529
-0.521730245411133
-0.724209378402071
-0.821341424956666
-0.722559785822283
-0.815970048459759
-0.829166089205207
-0.809962553399676
-0.613435615400277
-0.525168746513318
-0.824898556285359
-0.683183555891932
-0.733270963940987
-0.742032642837156
-0.594582252676847
-0.69707656725318
-0.54910065796576
-0.65449601641528
-0.646943557470957
-0.61483877456765
-0.53733041883038
-0.669331691958009
-0.684079832717264
-0.679300408891224
-0.567218994460491
-0.499014087596303
-0.719323707730207
-0.55099156359579
-0.665443268923036
-0.701776969200372
-0.713193144137298
-0.594187706791592
-0.690477364481961
-0.652274705891068
-0.627078522784176
-0.599776471871938
-0.675597335035297
-0.630487976068984
-0.723238902363752
-0.718282967962925
-0.603398642041299
-0.657609651445681
-0.621389378407875
-0.622487296277741
-0.645791800488326
-0.65575253197924
-0.599720560948641
-0.621407379089006
-0.517890784959946
-0.464544770301714
-0.475006768987025
-0.641004537879527
-0.612815984938342
-0.675235539239395
-0.581359238043249
-0.685604645568218
-0.551089665814182
-0.643867252923735
-0.579230320687793
-0.683309270227626
-0.520273959965678
-0.553952265962021
-0.606525159829765
-0.461635940695322
-0.571069127316418
-0.586899260724291
-0.565449374337426
-0.495167643029912
-0.629702999159022
-0.535081606429993
-0.490140276580911
-0.459299640535084
-0.39968261802837
-0.572858610579034
-0.629634537763565
-0.494270271582663
-0.711503499705846
-0.504429140757473
-0.562547119032873
-0.5351049265464
-0.381934501825465
-0.533169206088446
-0.492387392295913
-0.467336108648595
-0.52808234337044
-0.540265825713607
-0.654423440637514
-0.5918864655152
-0.538118081490688
-0.486795701641119
-0.710903286596076
-0.482126562862418
-0.609236173915637
-0.585300098316141
-0.450618984937722
-0.544844801673495
-0.407295482051172
-0.392905008800576
-0.460676204114943
-0.638943278134011
-0.527889740554101
-0.412156541687806
-0.495465937703771
-0.54711746970049
-0.534152051942923
-0.456226167794505
-0.486804103905268
-0.46675700526676
-0.630888839090346
-0.580733028482758
-0.501242884041513
-0.466785477015192
-0.452945598446293
-0.512423558792164
-0.701450015988809
-0.445374193838735
-0.456567907076784
-0.38461886170584
-0.36957722336796
-0.415707518348241
-0.54479653991217
-0.39959697751527
-0.288973484956405
-0.544834637247609
-0.315116273761371
-0.491903829471408
-0.413294437689625
-0.581619720532324
-0.49970619203208
-0.429658008541353
-0.492322589882585
-0.482315476144958
-0.560191274836592
-0.298730969582151
-0.519667725670114
-0.452097906888001
-0.294095256842054
-0.46304150685697
-0.408997882743652
-0.509005047702502
-0.355645453549527
-0.349384366196852
-0.339072533730871
-0.424806838896518
-0.451691387124509
-0.354740017031615
-0.243590726322227
-0.308417437802662
-0.436857061501254
-0.37538164817307
-0.38766072393487
-0.442039799410379
-0.507351069016505
-0.43430369079072
-0.464719796640411
-0.410237231811251
-0.293092959297864
-0.566458996643607
-0.270280567257856
-0.375275976822909
-0.443620244482292
-0.380544786558393
-0.401779373812087
-0.417707958466202
-0.370527030825895
-0.402544530515732
-0.305612486834523
-0.34922224570943
-0.351628421484995
-0.186543102425902
-0.312439906206329
-0.510715658831653
-0.407705940845658
-0.382426581591488
-0.323672444410255
-0.300950302389555
-0.423182420763746
-0.326924122203443
-0.392118240575583
-0.33022458026869
-0.215580060332127
-0.0958381705677775
-0.295385170324464
-0.387327144718181
-0.253108544123129
-0.293442791172424
-0.403920757732218
-0.395130504394071
-0.292205613045988
-0.201174527238816
-0.27457154194973
-0.482527947440125
-0.307054097811489
-0.279024595420938
-0.198837128351291
-0.368472672224958
-0.250595890178198
-0.362461069345726
-0.352840489016459
-0.264651500612041
-0.37876599361197
-0.313104148206926
-0.159199190616928
-0.332631508815038
-0.237366593810401
-0.318944381254635
-0.392789909628275
-0.210373808001201
-0.235418973698068
-0.381572201984909
-0.133003943771511
-0.241919308111851
-0.204169022389744
-0.394932901692398
-0.2101766990598
-0.231742776955109
-0.242807181746824
-0.109518871970699
-0.313525399841175
-0.157889462701657
-0.318033618434746
-0.213411542481024
-0.27457609376123
-0.377169742495144
-0.279267307375708
-0.198868155741684
-0.0601346490297917
-0.306761585275077
-0.261826810269449
-0.24512748496538
-0.289175363371652
-0.267728634271914
-0.1889936688609
-0.111962757981037
-0.307919478302218
-0.168033427024423
-0.156540992344439
-0.311269884794304
-0.211940391026551
-0.265389280223699
-0.1316335602695
-0.237188997463408
-0.247066959583505
-0.221271157492923
-0.306092744904031
-0.267045638722074
-0.331426661544956
-0.0198483769842647
-0.0841583963437826
-0.277974940841581
-0.148514866266087
-0.0734390254146965
-0.176711481209155
-0.228225390698201
-0.12937875619172
-0.20082189853068
-0.152713829381167
-0.0483981471752615
0.00888970116647141
-0.18733182306592
-0.153471950561696
-0.24479154721779
-0.172320546107513
-0.111880637661614
-0.21623322779647
-0.039973311906938
-0.377893104735021
-0.171741795283482
-0.350099103171191
-0.133557835795338
-0.213955298303751
-0.190262642898835
-0.0855302555473612
-0.117603385238718
-0.210867156580271
-0.075678186748008
-0.0980168213721064
-0.155093260148602
-0.272693218138572
-0.108087652800311
-0.268154680550466
-0.182092682400235
-0.0984140600101154
-0.174457378141719
-0.0515828945194777
-0.281142063688978
-0.188831567298727
-0.00526238444173139
-0.233352743686186
-0.147451069044292
-0.217531376196068
-0.00506135922662841
-0.0971094160192821
0.072655223965682
-0.0473950135076088
-0.126413616875575
-0.161659176566701
0.0147554579643826
-0.190170076913105
-0.0285898501553026
-0.167921042616122
-0.105804531475442
-0.0830216357716263
-0.0675285546165461
-0.100979003582541
0.0181907618500171
-0.154932683068883
-0.165581740671211
-0.0263696681469873
-0.109794622375885
0.00879774250975181
-0.144576469330455
-0.122926440321887
-0.136963003389309
0.0351516410281834
-0.0211021124069031
-0.0135766625061503
-0.124239563974531
-0.106636189417676
-0.0734440121887124
-0.121239921750228
-0.0779678799946157
0.0813308340817346
0.00768655846799893
-0.0338989978694625
0.0831336672509899
-0.137794744346495
-0.118949365874749
0.00718530473966242
-0.0845314488709484
0.00372989653999758
-0.0416203141511765
0.0149556303238364
-0.0887480238948883
-0.0878492926362219
0.0196307991760904
0.0225797661004186
0.0365208726837649
-0.0535483785687319
-0.117007247300038
-0.022706393901403
-0.0150151137929619
-0.0796942830583884
0.0615049675611465
0.00279596462892615
0.0448301793012106
-0.161966688405749
0.00393512616332775
-0.0614547120782936
-0.0805760802578197
-0.108460074677174
0.0925689203010287
0.0545398883452624
-0.012563628039209
-0.034880059663187
0.18185513279093
0.0661502520898746
0.115236345193193
0.0576906537301014
0.00620044840346621
0.0726421683038403
-0.0939847727155888
-0.132496776664641
0.0764017706739159
0.0771273504517866
0.010531417632787
-0.0156942150363252
-0.0140153445423349
0.0500054619734109
0.0552939552109132
0.0756024012731889
0.00909243763190294
-0.00797837066152325
0.00277921480445662
0.0132292742207451
0.1088456712252
0.124345177850225
0.120694195898659
0.0462841899665263
-0.0193814923488199
0.045593998266987
0.107899396065537
0.206952948606843
0.104593266328993
0.0940447863733701
0.0371785163336249
0.0634786558770245
0.0999997182670491
0.0716591012759895
0.0900572987893077
0.152925676852824
-0.0679581608515569
0.108825118988855
0.137587585814127
0.0652828281148669
0.195003826995679
0.197912489198351
0.0882564314328405
0.0104855700572523
0.182290529318734
0.186709778721505
0.0967618224456758
0.122489364636902
0.302213297870271
0.247602304031591
0.0433591710690636
-0.00707790559881114
-0.0296385010380659
0.097946360493056
0.0734656885283787
0.13145180655115
0.15022864426712
0.0472579175353312
0.0389819586440685
0.186117858218148
0.274779374372172
0.128717845297949
0.284674248590357
0.162417023980624
0.125029261791169
0.248872947195933
0.132568518690386
0.0563422186614705
0.319492841109592
0.245304822593214
0.0856573588649797
0.186680219038622
0.251929034345439
0.252201166590153
0.122446262893776
0.179152177190467
0.219242779837428
0.120373069421795
0.111245856478006
0.0772061153943757
0.351927053752307
0.266269671879778
0.0513361663101511
0.190532980975106
0.189640620319484
0.274684111843817
0.202059335988392
0.104575679285293
0.197695314726171
0.196718610360305
0.322386601261704
0.247122602319461
0.280916836025082
0.166538690960619
0.26376082371737
0.16129201638227
0.172333671679571
0.25417023601131
0.210823444625496
0.286646724057171
0.246733310964066
0.230421561640114
0.182113737513569
0.226901180337595
0.198967903630539
0.217435687372601
0.0422953182882922
0.327657578617655
0.372861033655242
0.284386809130556
0.145390041066127
0.22527798886575
0.313867586773579
0.318595740362738
0.318905623522121
0.135178336466822
0.204824252319097
0.185180148940917
0.229619637020408
0.236114345344442
0.219059336750612
0.268288374965059
0.214318180938493
0.153497105004869
0.230784207403619
0.306733778527699
0.15721585408173
0.233267775567598
0.345451769441982
0.283130025056201
0.18693202585578
0.206449892719858
0.230117796472025
0.379094136993221
0.292793433923669
0.355230779598537
0.263726214370632
0.422846740591574
0.277708301629844
0.418543943184967
0.368739680537625
0.419532938202383
0.187973284232312
0.350743857067972
0.152683689082892
0.357832607426896
0.357812147468475
0.251222682591077
0.344195300313042
0.309402294633934
0.267057461101868
0.305437606192235
0.290799681338419
0.384340539967413
0.305040225243876
0.242043260038556
0.401427741301429
0.297091339073512
0.337224531231736
0.332866043678612
0.127935640283077
0.441228083739166
0.353943818899374
0.425997782790682
0.320520613427805
0.442626901698974
0.23213276487311
0.345110847855783
0.440059688578766
0.30929711837383
0.232980557191852
0.30338632925096
0.277547083860194
0.380831696268874
0.307021119530878
0.395976816757233
0.476095766306439
0.450723611354549
0.459486084771429
0.41899921127885
0.309326984492828
0.313742896747811
0.376023643769993
0.324458393117628
0.546728994413246
0.306996536980256
0.495448788387718
0.543898499616823
0.498721375886278
0.336658333920258
0.516491052790477
0.324406146850303
0.26756080885504
0.333835260853426
0.482075888906394
0.373341501030046
0.305571165238061
0.567007038423195
0.371745589723706
0.406460494704442
0.373242822169561
0.378809236948339
0.28974534734622
0.408177436554404
0.392514740257538
0.332719508456141
0.575811154438073
0.511427345781786
0.372010360079095
0.447679741873517
0.369951156918165
0.455575642488086
0.455750644156244
0.526071553181832
0.501882226988325
0.471331772175593
0.484873029482913
0.570114912637688
0.56855930405553
0.462811837716886
0.624092088609559
0.538519763487481
0.359574956294264
0.381912599070644
0.372328264332544
0.32749065529354
0.499091995772063
0.532116539050827
0.537484184984171
0.488331393240342
0.545875028807356
0.392948687653117
0.406181450192682
0.425768448670902
0.461567868145537
0.550284438328661
0.628118619135466
0.449698447478155
0.592424448322074
0.407336663405708
0.51899622780759
0.4945948315604
0.555128319911938
0.501942771788563
0.449092798450098
0.59378660275115
0.464547122224983
0.59633285438425
0.433720504220003
0.458633025374922
0.528691571906348
0.569168078065155
0.480836675479504
0.523839570129119
0.5283864578379
0.491682519767732
0.285753916476927
0.432660991694578
0.554903040039371
0.374975579000844
0.457146980669627
0.412624039908454
0.588674044582169
0.550408989264626
0.561906591877455
0.522119457503963
0.529490640028324
0.696775374867332
0.466729032053128
0.597059966980383
0.488770060172796
0.545217030616717
0.502644686530407
0.484163329688816
0.517408482201884
0.551020206254357
0.53281866485869
0.56957512226379
0.652922937644547
0.706572340283942
0.571366067445411
0.605618892060182
0.601954643837475
0.682677124059685
0.559495927463045
0.537105673049463
0.626173012292988
0.535721239257929
0.612043263034643
0.766267428107711
0.634134301539448
0.563442891939162
0.636627475389727
0.672420225002133
0.630868043600859
0.459032878701006
0.65778211095785
0.499904879036884
0.637887280095431
0.589454087038352
0.609066242037616
0.729447521016428
0.477553857951687
0.640895935270186
0.552145714786175
0.61811142784642
0.564388449284943
0.791606842090376
0.583936148929968
0.54497730005113
0.60887640207611
0.833098380018215
0.604853050073774
0.573564482855639
0.620446474999216
0.735065775378192
0.604418295897913
0.553801408873745
0.639842328672339
0.631088090818972
0.76443485195704
0.777546148934808
0.672844139274977
0.870302808574007
0.726553982504922
0.547202078591498
0.608397744798628
0.780636617886111
0.760834473605219
0.697774462002531
0.635500869614608
0.639448201255972
0.737191838502317
0.784275992850228
0.987105574756943
0.830771554389656
0.663699776020774
0.713201969657367
0.696469361530788
0.719976647166158
0.713140733779384
0.693951705733795
0.677720102033915
0.726684831116156
0.544983385972152
0.733630298558129
0.656120118295978
0.796525011522545
0.755066689235854
0.688103774615589
0.592229310018086
0.745237266999147
0.887350080453129
0.820793465028172
0.566740396948348
0.632010072995195
0.718799216817401
0.646294980414634
0.635467495251712
0.607938850000166
0.731338489745701
0.603590962042395
0.829749900140774
0.654848211993367
0.780869826447583
0.751544760980181
0.721432576755078
0.802245984762949
0.785211459857933
0.559278997453535
0.560016389145053
0.64595424182033
0.666163215715504
0.880536872935443
0.791742751716267
0.907840835703713
0.828040347098068
0.73756390213723
0.785741393676561
0.882182558419668
0.863962546825999
0.763104698584798
0.772888301310485
0.6918318378855
0.918443683305025
0.754583373612556
0.875879385936091
0.861813874555022
0.811454160440365
0.912981156600798
0.848137234515022
0.856191360160323
0.811441867464343
0.849188476243265
0.788905596288563
0.98898880121712
0.684908400155481
0.788105926320294
0.7924369954292
0.868736567412661
0.959813993320843
0.883747605910206
0.866709224837524
0.897087658860832
0.686449077201987
0.795961136422612
0.863430834572632
0.74588123089008
0.673640198245252
0.958942368731787
0.901530858496006
0.727204386543978
0.984929423611833
0.780657918719331
0.936194393570875
1.04378427994461
0.845129982358123
0.949777220373557
0.632350643438425
0.885433937030086
1.04032192429963
0.81372662739819
0.826648835814903
0.881714068877644
0.915435713342766
0.830229567585569
0.890155150454878
0.961650323258094
0.935602773105322
0.934570031053226
0.943131774682359
0.758905891385762
0.898452069048914
0.992324268257202
0.948979834314038
0.830620350376691
0.801171715915009
0.908676852830721
0.861356831089085
1.02546734630007
0.91261727703955
0.965425797739905
0.953521774718959
0.87201419855749
0.825341506969047
0.915491790652179
0.962529149904058
0.856854797697066
0.907873711874202
0.898784537469315
1.03960290115921
0.859496822325503
0.848877255857608
0.922795283560358
0.964834691389749
0.734440493615958
0.974669897789347
0.839185743669039
0.887853344116167
0.908355569482238
1.02011615841408
0.996404901351606
0.985156125199117
0.879877484860265
0.908029885126072
0.986747337712529
0.813123076826363
1.01263773773473
0.918610284674547
1.02713291593485
0.891884674670104
0.83964193453172
0.855402764827533
0.969895091441162
0.966942904151193
0.861284135150536
1.16694097846511
1.09936628524803
0.941637527928065
1.04959149075693
1.06846379920788
0.868773989872903
0.93261411136381
1.12657333711888
1.14917887789945
1.00471838848495
1.00952844784081
1.10638649471645
0.989269778228026
