-1.12012282670049
-1.10084107806895
-1.03631372786028
-1.07562343702423
-0.963238949237981
-1.19318868079714
-1.06260150570736
-0.892013368222409
-1.02200464261034
-0.82902483541543
-0.903029682481383
-1.08666042377966
-0.990360085217364
-1.1146520202956
-0.930278569391645
-1.05604800605302
-1.02289897387203
-0.845191989920433
-0.920492116259878
-0.874915648843386
-0.925218542314553
-0.870383043602655
-1.02335983909859
-0.978380086959656
-0.99381677006896
-1.0488795835499
-0.895771465330284
-0.885226229896464
-0.833857085985747
-0.901138110986837
-0.825379256114672
-0.9896791742228
-0.999909749293647
-0.847806035997505
-0.917059549567856
-0.922407426029035
-0.926476809839245
-0.979723373313582
-0.825882198197579
-0.951012788839461
-0.957715384749512
-0.917988624315785
-0.928334083303631
-1.08995657278827
-0.720315727286691
-0.995273455452467
-0.918574191239532
-0.909426343261349
-0.907403984408482
-1.02943529190286
-0.740461120762486
-0.92669227540225
-0.877305498845931
-0.917760978829589
-0.8677299631926
-0.837057295167947
-0.932227371120914
-0.71061782933223
-0.995084819190056
-0.82676500290863
-0.920778251482319
-0.803016306312028
-0.834279373193781
-0.88347952032005
-0.725245451281734
-0.865615514317734
-0.907035741256302
-0.804374571215001
-0.817078260458036
-0.785658777104857
-0.845392528586046
-0.796664619784701
-0.904573403538963
-0.8281624448624
-0.856028912003811
-0.846782508533096
-0.862315538401053
-0.723101418814753
-0.881020627727407
-0.845413400882438
-0.942630187236876
-0.937853458256141
-0.861476164857789
-0.891127473948512
-0.673328224680365
-0.945351757582137
-0.820814644453411
-0.881548571052831
-0.942282858981118
-0.786259663860732
-0.849470450359941
-0.903873090653812
-0.924821908891416
-0.628012523653211
-0.817663919878777
-0.853509244430349
-0.749464779903693
-0.830989445553307
-0.882050416655688
-0.816435070696933
-0.931072393725268
-0.784631116038909
-0.740538740747275
-0.909970688457879
-0.749191391241052
-0.858885267710997
-0.87277675429747
-0.816388043878906
-0.757270467817568
-0.776980312393712
-0.754558568930954
-0.747325084424563
-0.653379357659827
-0.823857294005708
-0.725005107879604
-0.793623067894925
-0.821535294371754
-0.719791875559187
-0.660906201743521
-0.778261315760171
-0.711604074059298
-0.907608347514436
-0.685147469481735
-0.711965559239309
-0.702972233184426
-0.847563736121619
-0.768036970126607
-0.697815433748406
-0.832332322345558
-0.788057256677946
-0.645268440074177
-0.831186585280977
-0.721085160448266
-0.634496044390883
-0.722529000767718
-0.717583636466502
-0.762344172866174
-0.836621878655005
-0.729854557470266
-0.855616920503839
-0.825820902727795
-0.631930644901058
-0.633269642692485
-0.737896546146448
-0.613180635826141
-0.691066477635152
-0.543596180885329
-0.419820878176715
-0.676427358870293
-0.676708749702918
-0.624064073565826
-0.657549358137843
-0.738678255861996
-0.490717527526014
-0.595098126994653
-0.543919786941054
-0.655320605206377
-0.450867993700738
-0.764415916784017
-0.772869643887382
-0.565994829451588
-0.607562602699533
-0.599812096825234
-0.622609505561933
-0.687399845044139
-0.695528561269156
-0.749966676122095
-0.702394266984284
-0.624622783413615
-0.636772032715726
-0.567584386171369
-0.646325279220105
-0.616697655959741
-0.600278371242929
-0.602037716916593
-0.685041442211793
-0.694539197342087
-0.637912132108792
-0.511975456498994
-0.692027549587317
-0.644823244285684
-0.514977525997063
-0.671273181614709
-0.670419886044377
-0.518006323830429
-0.500436748668987
-0.701683120578541
-0.722901154259061
-0.595298339820154
-0.660844200537218
-0.662999679547576
-0.549294464674671
-0.635410407363297
-0.696212718693041
-0.643222210622776
-0.657638505699089
-0.626535634126735
-0.824000123619707
-0.530693499101803
-0.58599018921313
-0.504571394582866
-0.644693948373657
-0.465585439251761
-0.583494138739617
-0.691752752492394
-0.559445707138652
-0.604321648649506
-0.543944490393916
-0.599974837835625
-0.498672141945198
-0.531890679830393
-0.573553353786729
-0.633420518946747
-0.394118709554298
-0.411355518469536
-0.62326916922946
-0.639684743020146
-0.697166888165709
-0.545309906423181
-0.511708547919909
-0.573612850180294
-0.415360654820345
-0.451064057361497
-0.685799772074944
-0.44758908480838
-0.736515930651668
-0.415948933098916
-0.608985903509754
-0.608783980310748
-0.498592616282755
-0.429997412564525
-0.538070536613544
-0.562848309482378
-0.652658088223019
-0.647926189797907
-0.602278488142121
-0.464512184448433
-0.464950951068465
-0.588223264947004
-0.34264016241863
-0.441322383962116
-0.615199614705676
-0.450699449560574
-0.443396642567563
-0.528339026576913
-0.524309263117325
-0.480212114299651
-0.494812018389777
-0.40071381762934
-0.495349406743467
-0.433001598807061
-0.462342496876638
-0.477330023574729
-0.607699299469067
-0.651669272912345
-0.523667975398364
-0.523590902630549
-0.440332036204895
-0.450310601023044
-0.517856375475731
-0.450243370418047
-0.54867629621788
-0.465519380652225
-0.519800606431148
-0.445571192869125
-0.329978569374164
-0.577141538977373
-0.435788547821852
-0.582522899169497
-0.644206836226932
-0.291607331463643
-0.48263827194618
-0.478293668395427
-0.419979532456182
-0.396809285511939
-0.470317023687648
-0.487770847095417
-0.3802388728441
-0.512962834407051
-0.423397195521472
-0.503523223195892
-0.399210812058853
-0.324112058787969
-0.491549059742463
-0.354843409178858
-0.486879802917447
-0.410633052538916
-0.403684585999078
-0.499914627001066
-0.379073895834257
-0.418181869059882
-0.348757089591122
-0.431982670352688
-0.401977306171468
-0.552512229991574
-0.597359808146378
-0.529793178962616
-0.380071609029303
-0.299139219531345
-0.432651013961659
-0.427098602814614
-0.471227237455187
-0.327684741299609
-0.374580153896927
-0.394393775534452
-0.35105240890704
-0.45201758734373
-0.417409788549713
-0.330184878449413
-0.329687884754715
-0.341295826372071
-0.453224415270083
-0.44962929051256
-0.376866653126186
-0.345051874497315
-0.390444872963233
-0.222640867713586
-0.339866595717604
-0.24629798277328
-0.312924103781438
-0.359979549205933
-0.246973023363052
-0.404116463060428
-0.163714821169576
-0.304638640157085
-0.380293149828169
-0.3351046933403
-0.263168875100796
-0.219937684867134
-0.345215933282158
-0.25622403656256
-0.32606650495855
-0.250727907758335
-0.341083370114502
-0.342041380599199
-0.473205914473993
-0.327125041634246
-0.208427072611571
-0.415431018976205
-0.462084617142797
-0.219012730681871
-0.4418184182077
-0.270503993351677
-0.300844942654267
-0.31457029744388
-0.352239556773308
-0.20189598643743
-0.265056667969143
-0.274827454816494
-0.411244167000822
-0.246874563984406
-0.276016438311497
-0.354515966730629
-0.388646183745315
-0.4427095206336
-0.159117459510379
-0.271673006939175
-0.287637723839178
-0.171228732892977
-0.289456437671267
-0.164513964599832
-0.276085361899549
-0.147661563163521
-0.312878070304951
-0.34887632596568
-0.311012941691649
-0.336755348066219
-0.0781495638395493
-0.231940175806721
-0.225773853972871
-0.278119586666157
-0.304886781414295
-0.267983687830797
-0.0785863701047478
-0.320973893067368
-0.138322229619769
-0.499774416351144
-0.252095398352291
-0.1095605433045
-0.104501058116848
-0.402461580653126
-0.286664659481617
-0.0115403483408083
-0.352640037071421
-0.198200934278392
-0.268604081276529
-0.0597326103803665
-0.236890383943493
-0.254041275744651
-0.193967997551327
-0.185072039379594
-0.169322587480824
-0.0782846934878576
-0.281683326134668
-0.222486385716769
-0.236484234323367
-0.174853942200791
-0.203708877654887
-0.125953357120705
-0.206601819721332
-0.167929804802415
-0.158972728927031
-0.151586986142649
-0.226248574295411
-0.139014490875065
-0.0836133059029758
-0.206474597250798
-0.301716812047606
-0.184575838179665
-0.0122974535290635
-0.251910209699918
-0.306790727914844
-0.195398535470719
-0.0836239662936475
-0.156550354678948
-0.22556088833278
-0.127968484035229
-0.1458736908345
-0.204786234478867
-0.0646018545221815
-0.209455341038966
-0.0747213705933412
-0.246200181223259
-0.119164527493268
-0.290595021319064
-0.174973975675252
-0.108210601421002
-0.179878748768944
-0.0284678420910712
-0.123700221157592
-0.163579151355948
-0.391353394812752
-0.129741802643724
-0.0198111164488993
-0.215042074278636
-0.0164680866651124
-0.254239335121411
-0.0561831289395517
-0.137566155239276
-0.27647832076215
0.0427420871551255
0.02981394347075
-0.135624390114326
-0.0940812050566971
-0.280388014931375
-0.0595192006411895
-0.115775098040505
-0.16724207630443
-0.248733392167046
-0.128864253350019
-0.107787480486918
-0.0915237569888798
0.0322554472909434
-0.0465145952263667
-0.0802764704368682
-0.0875642282734565
-0.0432085852070195
-0.031672922753483
-0.0714402046254518
-0.0927977601457185
-0.144213916522578
-0.0434930729133972
-0.126084485218266
-0.0511890062027719
-0.088206444562502
0.0409877742605739
0.0222381787799491
0.0662182186358099
-0.0946085781037168
0.0906650344331219
-0.0594002132901452
-0.158722454299477
-0.00357268562497758
-0.00670000552251363
-0.12611880571782
0.00728102335891267
-0.0370447006316682
-0.0197214284149822
-0.000267458834745843
0.00787624316303511
-0.0239088485535328
-0.159251836319532
-0.126518806207798
-0.0553970216393712
-0.018502652578804
0.00951831395860618
-0.100131124251047
-0.0625682559939672
-0.111366444837008
-0.0206848623618432
-0.0771130158272202
-0.122219895225598
0.000178633594067115
-0.00406149542157776
-0.0313818099027761
-0.00179784240996613
-0.0355066085607766
0.0416176578983456
-0.0885397515499581
0.047408207767738
0.0334471962856853
0.00597410566170645
0.0139750878431026
-0.00593570945182871
0.0416309628702766
-0.0243722777341417
-0.111855085118815
0.192758833927396
0.0165682697933399
0.0583884226921482
0.0708918285396543
0.0601450638894447
0.19371669961418
0.00900655792989031
-0.0607354494797994
-0.121662718288967
0.0529622311370512
-0.15608529361371
-0.0188001548335237
0.0900164425493623
0.0186103684999261
-0.0393863603221374
-0.0220249375638807
0.0976956980764798
0.0430643565874134
0.119740734616362
-0.0285674068107014
-0.0477822696064902
0.143235881624259
0.103305981340942
-0.0379715083968982
0.0179943758985946
0.00946706790206034
0.105324938399682
0.0610339958682555
0.0952941184029256
0.137186157423199
-0.0942948524867843
0.0127597707847813
0.114489976337503
0.113395426116142
0.0313777727775886
0.0886622662026963
0.149781477601047
0.0811478193200758
0.140122783076575
0.125143568111497
0.0953772046900493
0.125229918136642
0.0529088734276031
0.186333683081391
-0.035968668365598
0.0355162193708682
-0.0632254442034944
0.0906817757975004
0.0458867235237099
0.126528966907566
0.124010106521827
0.0770166687106722
0.134578941974262
0.0383656441443842
0.159066875016545
-0.0497059886725682
0.16621194032647
0.101701655280884
0.15415976008111
0.067163531853734
0.0959279992456365
0.111672020673666
0.199180538460791
0.226232725006102
0.184475500472604
0.209038905015278
0.130047280299695
0.154482903279314
0.294259987812383
0.0357178993599177
0.114856191624692
0.172700510606892
0.252192760849954
0.272665552768974
0.00675199374545067
0.115185077278164
0.250751831458692
0.205272781165513
0.188515795681007
0.0418677565546003
0.0592140551292471
0.176064944062183
0.29265216487815
0.0895011133669764
0.213695855712033
0.119960403144337
0.195065624710911
0.0649001382842996
0.130352785058953
0.16068534250182
0.324054182480971
0.365781930542477
0.040865746186266
0.131737861440036
0.283922457387807
0.128757230657262
0.177998963793843
0.196059124546288
0.180593114619105
0.204128918032117
0.108667412522079
0.321558469339081
0.139999932923796
0.196715902212852
0.344468601731196
0.179233232021998
0.347781786326725
0.381207043764085
0.205916362521776
0.167186246311616
0.314344818781642
0.421360637104976
0.189266578000993
0.357022157368157
0.257372239973053
0.0849858724951171
0.20208682438749
0.302549714355295
0.118367626933112
0.288060768132363
0.334709583347348
0.385726116393322
0.246772666058911
0.240107372412351
0.182895503179874
0.299150952994027
0.225999671061345
0.186677675318593
0.199832046259096
0.337798245116648
0.273146989571347
0.447567137776234
0.281143940152591
0.361356088325391
0.189954845699039
0.301719882419492
0.304863088110768
0.29571401176768
0.248998447465172
0.213143473920018
0.224561808043752
0.297459306795147
0.335259163383735
0.352478965798452
0.243769127027291
0.253477330040052
0.281793615327173
0.31895580928158
0.407199506931679
0.313410294711064
0.331280849380205
0.407435527816274
0.307429418799208
0.294928609301504
0.286462278190159
0.283502037395375
0.409380028994514
0.370018175734438
0.203917833857581
0.377291125869104
0.485962980366208
0.443515805040251
0.245658427398973
0.308376717822538
0.21854563538289
0.344493828144403
0.324517275061511
0.437873101314325
0.209969857822554
0.400805910315534
0.234627310332382
0.315863719911697
0.228273843257198
0.328464167964501
0.350789866856449
0.379495256377696
0.407476705554737
0.380501260301468
0.390925172767775
0.435653055569387
0.302689518393553
0.467852229351591
0.371901954279669
0.350060101668916
0.479712676453106
0.455734039513349
0.30848845694952
0.410026531786227
0.335113423320842
0.368296438705255
0.400310688699836
0.482929448916725
0.392278249578449
0.366695751381366
0.515758057058533
0.373483026430574
0.391515188427135
0.440014796028295
0.309800678182481
0.327728331987452
0.371188642851774
0.472773801972202
0.458446513865422
0.447777389391089
0.454697632769995
0.454494835257141
0.525975809901563
0.403138518601536
0.373107403799494
0.516018906879977
0.367063373208227
0.534855508619497
0.526188293017055
0.463538947803492
0.598065792381163
0.334452685563243
0.36885683418782
0.239559041092813
0.473591658020883
0.348412850089008
0.39623178665296
0.475226867352543
0.590225385743301
0.476503215703603
0.400200209511373
0.44829917045096
0.54744585448188
0.486250609764135
0.520927265169456
0.475773550218783
0.486805888084704
0.547875916131843
0.622912644453523
0.417045178229352
0.601908717085042
0.488100285289367
0.519108908459673
0.525790681218348
0.442976825328177
0.520299627876091
0.546314332135236
0.536310649397459
0.588622370161787
0.439210954726772
0.518846949096393
0.50978655436137
0.411696236874643
0.538460217125336
0.433796075035882
0.589295633757353
0.580792708986823
0.645674615177611
0.536046321187725
0.572808208517022
0.419314762465121
0.482986717565091
0.350789506493702
0.513607126827069
0.590854725711333
0.527951274954782
0.682162611004374
0.408436818992782
0.457176514652558
0.549407315063548
0.633176506644224
0.443970255650653
0.55229671398238
0.520166011877077
0.469376860477204
0.545857180554931
0.579461621477533
0.580643516705691
0.634452130926355
0.585091324190898
0.586769845729317
0.607000946003581
0.603205167253152
0.526199985303627
0.596490758313769
0.613142342581602
0.478891482612732
0.730040585434922
0.573369745591617
0.499979611594017
0.591863470781622
0.549274538834032
0.547114511146429
0.631227705895358
0.759811606419501
0.505433639696136
0.578229844630868
0.516054417088333
0.511502785217717
0.55008402052607
0.527043475590871
0.653902847412658
0.587510889291559
0.710588590862722
0.572553858234234
0.563260229814938
0.712421108130916
0.517137265884989
0.604817459504986
0.505046079077683
0.479336782834784
0.558411083301128
0.497227275669404
0.639177146491487
0.738851022036885
0.725037582955331
0.695268079970377
0.676041394656648
0.623803918133197
0.593007463504331
0.733949296375286
0.531755060747116
0.58335413243779
0.686389340968668
0.581504864531186
0.582065626407103
0.620755831579086
0.71466936074052
0.866463890431622
0.667823130230083
0.680924733021169
0.681926609624213
0.740721775023021
0.591270042807423
0.723410977123956
0.562754525351411
0.692924246099433
0.585688818094647
0.661927665411837
0.637180146238031
0.669083827368898
0.869832544318345
0.51739509529
0.678534047335021
0.710345912385129
0.76663737902172
0.834013854948837
0.608120399694963
0.706413236002462
0.685825694187362
0.831616835154026
0.71478573201304
0.834434197354975
0.750767400623276
0.706222854581496
0.644981861905888
0.836477783870579
0.724101919981611
0.847786535947915
0.697672329434115
0.736969696131157
0.583046732367965
0.628225408725833
0.772721717791258
0.810206156268607
0.730341546234048
0.810169498891952
0.669751418365157
0.724705208435802
0.791508066244955
0.651082078540882
0.757898116854927
0.635624281782085
0.779723949895016
0.755628414769523
0.693361871029093
0.685692575273516
0.718036322607266
0.656386218497201
0.686226020173259
0.643736899010026
0.645058637584029
0.79409088093859
0.73364478494533
0.774084236873444
0.764219716617359
0.642975066791152
0.640781741831704
0.715144136602595
0.887459943086274
0.85685857000269
0.729428501721168
0.752868608477336
1.01234141129857
0.786321840849623
0.710698844843561
0.673086415669027
0.747972074382093
0.840955583666651
0.807244560596825
0.758869217022835
0.906907984744708
0.786295865113745
0.735665056883494
0.743069680006713
0.796549562090829
0.627302298326456
0.897535262802644
0.613644146995731
0.875592549850651
0.766446593502567
0.971032032695502
0.966397272562036
0.938612628499372
0.886802858774028
0.781789474713381
0.894161087997207
0.744069028443744
0.838035907677563
0.76938424641367
0.812194290714103
0.892489345365203
0.83489698809821
0.674847991984749
0.958379855401959
0.842478954670085
0.883175853121051
0.836511974441919
0.908267408644786
0.87334551261847
0.906657618962888
0.939984380933446
0.802952700717165
0.904145559932559
0.935770407055608
0.87507067802345
0.856888804005148
0.965159095809759
0.965668325499471
0.788054131253725
0.899032430858434
0.857687078520695
0.883760565079591
1.06263423227685
0.821897499712913
0.826078643389256
1.02112125476202
0.947262901313245
0.92111891055689
0.9444651555248
0.950191489079319
0.98524334842266
0.844412562020335
1.01984156951848
0.890720790069151
0.874556342179763
1.02651793390347
0.874731206927257
0.968984490059332
0.9000184254056
0.793329098755216
1.01261320835491
0.895167326384443
1.2963948997595
0.856767565988277
1.04454475947779
1.05256858338118
1.02388495048962
0.897423918315565
0.957231576652485
0.85242430551485
0.878519474106131
0.84384692572785
1.05580222275716
1.20662323357072
0.994820483572931
0.983441727459336
1.02159193473251
0.954316740055712
0.904457951390656
0.994399556212134
1.0562648103251
0.994561853029225
1.00401196295247
0.95608700089358
0.938895794369392
1.04634585710437
0.852715817560429
0.983610187073917
0.942321709720479
0.898818698791215
0.997521366597912
0.783457603298239
0.875482812005681
1.04245122777611
0.970037548668877
1.12487334802063
0.955972508641467
0.92590578632017
