-1.05154237884927
-0.777525477906763
-0.968969680709407
-0.852674649283696
-0.966919604834677
-0.918924067073723
-0.894906824729504
-0.911744522156968
-1.00840058516782
-0.913543485140396
-0.812898815658862
-0.889766790185521
-1.05271525228672
-0.961277383887523
-0.928385282278978
-1.00794429132115
-0.883088381396313
-1.06469910577206
-0.870813040522641
-0.918067952758554
-0.900242383041646
-1.07154891499299
-0.858191291679364
-0.802797745862369
-0.932503440697994
-0.980482803190785
-0.87968896520456
-1.00263398170481
-0.742603673596155
-0.941786416322597
-0.864248456518146
-1.05608377827092
-0.996587195994245
-0.830907812511928
-1.07751967096765
-0.864838916360687
-0.992707918666377
-0.832026199327835
-0.933897418163604
-0.968878612027047
-0.825437046832415
-0.892044627291847
-0.944765575566541
-1.03273079277166
-0.945716554555662
-1.01203789751837
-0.855233240617155
-0.918982754411914
-0.894179904001062
-0.909832455297004
-0.94208491171329
-0.806246182272794
-0.90742321408075
-0.71319862829592
-0.964045308934896
-0.75841347697381
-1.08032871164758
-0.913509762837008
-1.03758319227588
-0.882750042166488
-0.903039227839793
-0.821705372256721
-0.836486239889029
-0.869832824388676
-0.810235464119829
-1.0059855408902
-0.823662100180535
-0.887092960294965
-0.79143574660513
-0.737970986614115
-0.893734091812061
-0.804337046167065
-0.773369977773232
-0.882336405671002
-0.898621319161862
-0.896642289987328
-0.88132777324048
-0.813048907828799
-0.858143929759859
-0.962612246350454
-0.718231687832218
-0.812227270532472
-0.931510457244985
-0.917337313487828
-0.929480251256284
-0.783697163016879
-0.821290487334007
-0.982549219873492
-0.961428313854636
-0.768329707472407
-0.875812890682237
-0.83582634025158
-0.950238884739894
-0.766810507109193
-0.825308028677771
-0.977935301850538
-0.825710840366371
-0.771402820799387
-0.848474611662572
-0.74283018773364
-0.82356752452061
-0.803459246614606
-0.689513085418487
-0.785285802057032
-0.889435689910533
-0.845666952785059
-0.853684212840672
-0.812357030582442
-0.708531905740887
-0.786332667509837
-0.718973351447163
-0.783948255132738
-0.800213020925721
-0.766216788626748
-0.851699127184167
-0.707204864941409
-0.672930779418124
-0.753751206977227
-0.846571662062318
-0.756000959065124
-0.860680048499632
-0.70357510519824
-0.762102129442648
-0.760320669650054
-0.806157028598048
-0.721798565011749
-0.707064114195892
-0.723654420543379
-0.695745890873319
-0.578404596055942
-0.823545895322183
-0.938153390049516
-0.656040202905334
-0.768684338135692
-0.611656450888281
-0.706778639837911
-0.710050102480842
-0.508636599210482
-0.649035415410028
-0.625244090141806
-0.747594107171793
-0.679503612932573
-0.549382527254808
-0.694996063248171
-0.746506323453857
-0.676730955076564
-0.70274643548417
-0.582870033652283
-0.720946608071379
-0.678503519183484
-0.704385056743923
-0.883976884418435
-0.761691423424974
-0.635946066040889
-0.653241360077286
-0.66751170318229
-0.658676235702573
-0.62541183556202
-0.787108296027181
-0.657052830087626
-0.632264039810712
-0.573198919368209
-0.723497125823524
-0.657783758201857
-0.598149688126103
-0.609197500766466
-0.64730051982718
-0.459771913978751
-0.614668626432752
-0.618422538642839
-0.562639099376649
-0.545352658181168
-0.662537337480371
-0.540948949139341
-0.756945149983306
-0.612112511253785
-0.727177674306058
-0.516481413606039
-0.546577714947959
-0.708363067990495
-0.554796726742342
-0.530101929773676
-0.677532721284931
-0.500308663882019
-0.53159871499791
-0.841681131261165
-0.68416620103806
-0.521411812291448
-0.633062031208438
-0.508367404682526
-0.638775121011981
-0.592822537931319
-0.63174311975858
-0.74538945264716
-0.683810179080425
-0.711563188871771
-0.53959189948081
-0.779228476496449
-0.670028359004124
-0.645152443312704
-0.733023771331649
-0.69191884043946
-0.532010355048389
-0.507208473093006
-0.713305128950309
-0.628490386855601
-0.584886514055669
-0.608010815551489
-0.537880274723199
-0.653705324926454
-0.613921548022103
-0.476022266592108
-0.476689459207973
-0.494854781564748
-0.509670616683736
-0.529638151959795
-0.613004814368545
-0.451786687736957
-0.536308765815739
-0.508519480621612
-0.624872041169642
-0.51608818301922
-0.566145835339086
-0.505471059919483
-0.683130441533932
-0.502468283565411
-0.517262349738559
-0.533107040644865
-0.501993200987582
-0.655350491015104
-0.590047553514122
-0.55529081909914
-0.535395134556651
-0.731062576851751
-0.504184628142966
-0.499402372870053
-0.572979656052811
-0.402837292848334
-0.545743353632911
-0.641660350445361
-0.495106886150113
-0.552275068685286
-0.476913481312919
-0.574009344752144
-0.489098828067265
-0.454451073851049
-0.431139387037386
-0.631984960812381
-0.393436101574613
-0.580969661631869
-0.482958562036114
-0.576555268359687
-0.364244186629859
-0.540628098599049
-0.348789559547196
-0.361230984829546
-0.427287505916532
-0.510612700613811
-0.529108294193149
-0.379611473802264
-0.448721650790936
-0.433178929733875
-0.480416135161802
-0.424880738725046
-0.4758617511047
-0.602647104010154
-0.356222633084943
-0.488260152592082
-0.390377426637707
-0.527615956283962
-0.443616255079158
-0.33057371532089
-0.458433307463475
-0.482013609806232
-0.569772892775986
-0.457748500313956
-0.420932391879274
-0.49247562460577
-0.320210320010021
-0.399930514129159
-0.521931732072825
-0.426013668559348
-0.383481770925246
-0.351085221449056
-0.282227616768047
-0.268397209351854
-0.436369969198888
-0.370367422765522
-0.350881837226991
-0.323149068542743
-0.316147379751882
-0.447050034479748
-0.388030469796471
-0.418398735131702
-0.339865188116089
-0.463206186149287
-0.5290955638146
-0.346557237407518
-0.196691667427532
-0.433237558836476
-0.334372185503613
-0.368763857122956
-0.37709361190479
-0.456332376583438
-0.346347450553267
-0.450464184855215
-0.462883040036801
-0.520863195399368
-0.351719887191794
-0.409382252566175
-0.331261988944918
-0.436218117720753
-0.401653541471034
-0.417561067704134
-0.402156973187694
-0.36083110935074
-0.508922212586375
-0.313775664633795
-0.373558251467013
-0.393613067260892
-0.341040064560634
-0.514938669983344
-0.401257895528239
-0.224501167101236
-0.366372366815953
-0.376371579363974
-0.299573346494798
-0.368593470880521
-0.480402019826849
-0.316432351923399
-0.300151619629534
-0.29410537631741
-0.236317155845546
-0.392979320438926
-0.396582287657925
-0.314133489936251
-0.387890041255336
-0.304577066174018
-0.259294974669024
-0.338397569285148
-0.329201330921115
-0.445591067825733
-0.214877457257958
-0.165132292869962
-0.257132695194397
-0.280984020458021
-0.340074314250351
-0.22114953378132
-0.249600825016872
-0.453075650952772
-0.210346681277663
-0.285011732407563
-0.438966080370888
-0.340454303792174
-0.322545619015396
-0.231474183356337
-0.26707940428367
-0.294707327948141
-0.286153457854407
-0.396060600612524
-0.257117875489233
-0.20482672793032
-0.327717751503711
-0.289037387347152
-0.368296075595888
-0.248170410538708
-0.341106107997712
-0.36665017004226
-0.286183095051622
-0.0948538856201066
-0.30672968981627
-0.202432602170132
-0.29373800235501
-0.212046312573442
-0.288053383129799
-0.273648786076962
-0.216109576802605
-0.179054441421001
-0.161042442273545
-0.268797442639362
-0.408507121208996
-0.166453672624852
-0.224299081539641
-0.254499764262253
-0.192384017483603
-0.351885982138308
-0.157577450261968
-0.102590924793351
-0.370416799630933
-0.247479714461821
-0.237844080283823
-0.137286465999309
-0.221827144230071
-0.285098415428363
-0.260488612235262
-0.408566103121018
-0.158709848422975
-0.249884587832977
-0.14054218492118
-0.229026735990959
-0.264472827679387
-0.183990667757381
-0.264886788167277
-0.268976474768524
-0.158368560861426
-0.119988499441494
-0.260011884766135
-0.109734248338407
-0.207882745563488
-0.0890918556020469
-0.141441551285623
-0.146730119473995
-0.277675341670557
-0.183190263671695
-0.275462138370264
-0.247110520605555
-0.0707359174411479
-0.168837922842952
-0.109187068315289
-0.0957695385392119
-0.208806505918541
-0.0672811579659245
-0.20270023522133
-0.217247216144955
-0.0843005919473521
-0.161029455918718
-0.0243843742350759
0.0467514811180272
-0.0649447739552263
-0.158572664920545
-0.128804479093688
-0.19249245578502
-0.0475681305376833
-0.116571824382579
-0.145304309939285
-0.123426377202226
-0.115961490346028
-0.0702638112058634
-0.148463849776296
-0.285709247895565
-0.189067105342661
-0.118901875877966
-0.0524160618716984
-0.0408600259148589
-0.254427905158835
-0.0477438002794639
-0.0639147599452376
0.0126488536279786
-0.231087212335666
-0.232606040552105
-0.0390602080967518
-0.0963786633949532
-0.0875009537949705
-0.129029814609427
-0.0765516588706464
-0.151226025811017
-0.0367725487090899
-0.210233621147226
-0.129018996524442
-0.0976931826938681
0.0429603797105819
-0.00888883975239033
-0.141580520461785
-0.107218302967724
-0.160947973998479
-0.120611603426023
-0.266297435474816
-0.076200104704222
-0.0126368026243162
0.0476461871218538
-0.0712613397412766
0.063140974828077
-0.16177722434151
0.0218113367139295
-0.0217144157686064
-0.15613407605388
-0.167726972667369
-0.210824312759587
-0.0223083136998397
-0.152489643547534
-0.0502488525168715
0.0380787012196759
0.00119570774243308
-0.0582358136205429
-0.158681049148124
-0.0479752677300338
0.0228192810805704
-0.129000827653627
-0.0784391435343545
-0.087520180537148
-0.104857816113351
-0.0238852949180733
-0.0260565457961482
-0.0747164817015116
-0.0407917450573521
-0.00568005705694352
-0.0635221220477957
0.00177849885436571
0.118568514209701
0.0368511268919363
0.0947262838442188
0.0638343686312831
0.295992013754769
-0.0613117556445035
-0.0234195593815729
0.0571894101528596
0.00390656760265303
0.0543466612226438
-0.0416136098085637
-0.0371412316009782
0.10149146588494
-0.0556973090636899
0.0594415718170082
-0.000707725954089975
0.0569669296590296
0.0250638002972421
-0.0208450356919879
-0.0598348307300004
0.0980503018155644
0.036971923424889
-0.0225613512674121
-0.0336353165270749
0.0903716071055941
0.00200541178071695
0.0418259085250102
0.0453583966764239
0.0436109719776561
-0.0639087558697434
0.0401478615291554
-0.0477358322148067
-0.0693381874003908
0.0835822800958957
0.0414266275880179
0.301335611048861
-0.0114688155065633
-0.00461572262688246
0.0936549380365878
-0.0145714398657901
0.0148303435394674
0.154966263987912
0.121934361733739
-0.0432030348026927
0.17596979251749
-0.00584658214681305
0.0266808466114241
-0.014629082507653
-0.0165194788664958
-0.105558820687738
0.0255806283089332
0.0118714269509036
0.123744892225514
0.0194656860298993
0.0106963135110428
0.00793489100218528
0.100434502489004
-0.039426187886141
0.0803114395700979
0.103436397975477
0.130884288409969
0.127439931731923
0.0981575031416055
0.0527141238472477
0.123446437837178
0.125963569545861
0.0430205840432766
0.283116777627344
0.13726416276252
0.105931549152129
0.227360553252876
0.175750540559361
0.232005540567297
0.135955026946945
0.241213267680561
0.243496142829746
0.131611871903523
0.225071067344416
0.11271568141899
0.0738737916358275
0.0800749466376581
0.242517104443477
0.165997550555578
0.0462003999301811
0.178253754632771
0.0518283154413571
0.0886274857658655
0.175763797781692
0.173517074218322
0.161774298758529
0.0905483181958693
0.0503987656459083
0.112324438892271
0.163258701927223
0.187785717575764
0.045747616866465
0.0913383464151163
0.206712815370943
0.326779923253604
0.212238922754538
0.191986920324237
0.219835375571779
-0.0278899689022846
0.250447729007375
0.195476494425604
0.355821914213635
0.246783633697099
0.327340039839523
0.201257190170133
0.31228669793165
0.221931871075773
0.0549006688761494
0.223866037137793
0.279327974035778
0.122950093339419
0.205136915107474
0.153717698366231
0.250360351780261
0.206374092947713
0.388511697455841
0.398138328028038
0.0771074125343606
0.381453344305188
0.276247945459079
0.156926861035539
0.303188987984451
0.357750942405374
0.115274869712685
0.219044983096447
0.158537017847086
0.181877884282007
0.148852968029627
0.248341539641753
0.344493153950241
0.298130676746484
0.311059027845598
0.261484642447446
0.188705562148071
0.265111356735567
0.182032760470633
0.235528976957233
0.152806160748212
0.439766739890881
0.32838887507832
0.205365691931434
0.282634641584424
0.321178801951389
0.248099424814688
0.261164877946438
0.383186190934322
0.151234927642139
0.164621398445417
0.416195937089084
0.32338027540744
0.516505466089846
0.323456333270728
0.385098028465556
0.343660598290428
0.297761101871887
0.28370573628579
0.305750029196633
0.360803737839415
0.470423526336392
0.290090133587704
0.378676373889151
0.335349431221748
0.382263309251057
0.41968431640004
0.315765463330282
0.193561028941828
0.434060741689672
0.359942558230072
0.16805230716429
0.53376276939422
0.381291875693493
0.35097981505035
0.348559167024452
0.356980490268331
0.461692340679417
0.404454259612767
0.512639899636285
0.361163038176439
0.390762980204501
0.44600246466542
0.398044121785291
0.437502829687535
0.38648850593014
0.472343530603605
0.433725217912859
0.404979825009459
0.356918145368606
0.2768162473495
0.409908003416156
0.338147641499802
0.394401425267188
0.328989314557673
0.44313573234144
0.267256129531287
0.424599274435454
0.461365269049181
0.427102264375959
0.394683818133366
0.408634630420121
0.264952193248246
0.367041601131214
0.304436158255535
0.478802982982114
0.508495440122194
0.472792839209202
0.448794895826932
0.541036209856186
0.461349830477148
0.427976695646831
0.501100289545213
0.554867040317404
0.496475678145732
0.417685039934786
0.480987513307399
0.34702902185342
0.34035763098845
0.436508056385722
0.452275811877971
0.563591517398562
0.415713085087145
0.442558255839981
0.434545474217581
0.414166392184821
0.443586704692756
0.396506697466961
0.460163495668166
0.52108474028384
0.570983019835376
0.474793643144262
0.417220069624558
0.453505155389893
0.522630247353666
0.394357586764048
0.493933414903689
0.327653855800178
0.546504930897171
0.540552688101955
0.463617445618069
0.37642191513381
0.567971765211749
0.40270064532772
0.635233119640463
0.700711274045834
0.720616117891858
0.426914415295595
0.403419006757317
0.586442804668043
0.445504296907871
0.436475797776983
0.542465022999745
0.374231894106652
0.40205824596451
0.504674271326614
0.45034614477491
0.49530308375457
0.37939378870559
0.493548128438067
0.585432138944194
0.505925954194933
0.39601272793747
0.528245757950722
0.572988028328114
0.412585710457238
0.433643515766932
0.411645440485912
0.553649071962978
0.478588519701315
0.560028026960282
0.557602976785448
0.562848528344452
0.39566322288648
0.420053577051485
0.676034795439472
0.574592784578042
0.619320141805262
0.559515182847069
0.455987957614569
0.712932711848161
0.55324396792116
0.59928560962492
0.380448034627837
0.736146580716082
0.509255475944808
0.634922072650539
0.609757066992978
0.581125013441132
0.511756702462158
0.530423157017419
0.434867091523828
0.644546360699798
0.677203245920022
0.64066862567168
0.533395014220512
0.537150515732679
0.383965616668793
0.577086225639764
0.537281058156514
0.65864988787253
0.578295072287864
0.665092242111657
0.682241070941726
0.624177021262201
0.458864032410931
0.742148616706452
0.743191435298392
0.624274260500301
0.446657975905684
0.731725684305176
0.682330510387531
0.55624188223669
0.699989924609561
0.57080637645736
0.445341923564197
0.570476889219849
0.538311682223006
0.578552170509889
0.638700952532942
0.688054457365856
0.528842229697639
0.667294834675184
0.469868478591027
0.670541850480483
0.68150400919241
0.574898775769555
0.675510973346711
0.582508074286906
0.814290918849328
0.751201941207208
0.723053419296251
0.661224488227251
0.684194826740739
0.552542999506124
0.694512331748775
0.644753558437774
0.384681948512537
0.734476483909509
0.618779927568284
0.622007639230414
0.552736405777995
0.603180161597667
0.724828418325058
0.762168776656922
0.517782856905198
0.700345516543992
0.683832471558547
0.749136421310677
0.63515476726713
0.666641979403225
0.553461117011785
0.790640232528288
0.830670383959221
0.851435424716272
0.687330890547954
0.809000455222253
0.658340756723511
0.856294525809648
0.676610278148377
0.729104931087791
0.773344322249459
0.724904979206833
0.660832367035468
0.776512659791403
0.731977327896888
0.702670689468498
0.626422855167318
0.650395402870966
0.755593533704851
0.889737067008104
0.801848925954735
0.966165913404698
0.872188657526451
0.744774128738169
0.807099109665622
0.837183314947494
0.755305672300057
0.911769485653853
0.851852292999485
0.709380486012713
0.637430999483773
0.861135497341746
0.902069575216813
0.706568888058043
0.775451331973242
0.757329397913554
0.824590051312183
0.848575714710372
0.578612814839648
0.569898286692962
0.798290439315443
0.719341752785583
0.79748757090351
0.744970750329735
0.708475922805714
0.790645616673087
0.734695416661638
0.653992374527814
0.846756555574973
0.789285655269364
0.726824800173972
0.822072035513459
0.762221805544879
0.767203232383295
0.821476924484076
0.90681227745668
0.882153577573769
0.841121232534507
0.80740572625561
0.748718103243745
0.945548542175764
0.837570935771026
0.846155265848045
0.86307471121651
0.685624995860855
0.795194564654477
0.898525941301509
0.846218297665372
0.824455590630962
0.747585448331533
0.808796402399737
0.765199672583938
0.775735869187921
0.86827878411059
0.693191427180049
0.804268549462368
0.802899703944034
0.753426436994193
0.913054799089213
0.748248028891677
0.827882296357601
0.94963410863886
0.92947052622807
0.926036920428465
0.82876906692987
0.921215926945803
0.886345396948266
0.885491652600185
0.795493671127675
0.80857509477373
1.01294708765958
0.932428500442859
0.809086963567764
0.843914113649115
0.93145712435128
0.972204428421265
0.935638882886565
0.925097630056492
0.79984882533605
0.906972061462789
0.957962691636207
0.863386703174585
0.884210613044766
0.934883203902832
0.929224627339711
0.834895909115603
0.960637399109198
0.890300581207364
0.81314159149543
1.00803389176373
0.918890180504651
0.881453920059848
0.974668929556943
0.856129559296784
0.934177682179131
0.868379580829218
0.963973308204414
0.988872969204074
0.98996734737934
0.97620068467925
1.03935929452643
0.935426355534689
0.954760250972846
0.768359076196245
0.98224826141647
0.99152178145683
0.951489923349132
1.01338538004818
0.958825850164713
0.913690915477229
0.984459591437584
0.975865978322455
0.926841354092781
0.949522073319276
0.983201050299884
0.924941213121712
0.912197411588238
0.962405013154454
0.992497017361833
1.10469294812878
1.0884227280854
0.863914604280532
1.10296162914271
1.06328040409061
0.997868550614571
1.10513682033819
0.997101117245454
1.0080232080485
0.98119613451294
0.766878010315253
