-1.08221762769558
-1.04516082469587
-1.06609670490707
-1.07373860145766
-1.12437664304208
-0.866874472414937
-0.80919979847516
-1.09533438211596
-1.01604464598421
-1.05710696372215
-1.00478641170736
-0.960847368349217
-1.09878137538083
-1.07682650163606
-1.05367967283361
-1.02235251457844
-0.849274869568952
-0.97971733073839
-0.882814256220875
-0.876875309387821
-0.936989243037221
-0.957543907687942
-0.857484337512328
-0.883576241691836
-0.882631403849159
-1.09233730334203
-0.953883077408981
-0.927386822644191
-0.700300456584523
-0.87556522260568
-0.951643071916115
-0.804027639605598
-0.876004058703084
-0.970178297955611
-0.994684839852533
-0.876532294665735
-0.887401670638896
-0.861317491133385
-0.966937310873942
-0.835462210694451
-0.855827496483272
-0.992382857623607
-0.939250148427134
-0.906707285724474
-0.918510493458275
-0.834993485335452
-0.909500888408455
-0.941787106179458
-0.861889640122416
-0.992027398910564
-0.717165443034274
-0.961103247036218
-0.882292310330989
-0.808243668693507
-0.831163509385984
-1.03038931112791
-0.901038504939235
-1.06506934643824
-1.00354446850985
-1.12697043192985
-0.940872875274061
-0.873158732179644
-0.811041676551871
-0.860175965571505
-0.998047826643564
-0.913612635829401
-0.772369327766642
-0.94899355422634
-0.864180703613525
-0.88915371727406
-0.861537229233906
-0.790101327851144
-0.706130645479248
-1.05534164313796
-0.816295664734291
-0.750425959178181
-0.765615325902738
-0.891623165239356
-0.936075210557795
-0.567459420448588
-0.723606009361575
-1.03408995060068
-0.6809288078909
-0.801658895302428
-0.890815359747995
-0.872565193337142
-0.790140004849406
-0.72112223761407
-0.869074568327241
-0.715624536932479
-0.833905823336902
-0.804274473967501
-1.03069962853766
-0.735083744312909
-0.928702171586191
-0.748627064096468
-0.744934356580486
-0.670363883195941
-0.719708334969726
-0.96028508839255
-0.717852012019627
-0.840942225843928
-0.754568851685374
-0.689934864836874
-0.758512535512074
-0.708020409050527
-0.788189993129386
-0.854398317010856
-0.695637164488945
-0.765914374501712
-0.709046791710423
-0.878460465799906
-0.776207097236657
-0.662483912409423
-0.66128881719128
-0.717916425081562
-0.882218184631325
-0.827512389220535
-0.728240486818383
-0.858752847641908
-0.73978045978102
-0.789872641014058
-0.75780087579161
-0.734306428137778
-0.795037244122851
-0.635659670715379
-0.797645987371355
-0.855803045241885
-0.749398986891261
-0.599448107258389
-0.714870668077663
-0.693169598637744
-0.776086185093907
-0.608866316080253
-0.658797551711932
-0.729264124191605
-0.643286772611118
-0.723623317770474
-0.816959424585956
-0.760896067140956
-0.875397745910496
-0.668088278293924
-0.667715733243839
-0.511567796051431
-0.659483259292275
-0.721325890046041
-0.690943539246622
-0.711489239469288
-0.760449957357883
-0.68261616988378
-0.726237324843236
-0.534612327976017
-0.679032391361378
-0.63625217988842
-0.695270409840875
-0.76214771211439
-0.722467108001637
-0.542541799611797
-0.71076851375864
-0.801431349260602
-0.714226274072702
-0.811703393358791
-0.833702357559351
-0.798124901648496
-0.600593638250173
-0.502570906649726
-0.837954529458317
-0.693392737473006
-0.730911125572964
-0.749244844512304
-0.605251059514692
-0.714362697815737
-0.555696216076257
-0.669701322408795
-0.641538072423052
-0.616205590998114
-0.573300514514899
-0.677311196858441
-0.701189334137602
-0.674317684709005
-0.576470604223693
-0.507080151911626
-0.722679399117263
-0.543061386582603
-0.670482402393798
-0.707420370284142
-0.688807252829559
-0.607873365606102
-0.687778381044993
-0.671364675567615
-0.610951421064204
-0.577439565960303
-0.672057359721068
-0.637896738034054
-0.737833651641597
-0.707890431259037
-0.597726583991085
-0.666687560373772
-0.646279224984116
-0.612513101062833
-0.648413643056833
-0.637120724057082
-0.596067445074929
-0.632326440063533
-0.509138736611237
-0.452251030536251
-0.444229721581334
-0.646703352326155
-0.617956826086283
-0.667745712864394
-0.572330842096553
-0.683129990900007
-0.55074634072846
-0.653524076953515
-0.576123390647602
-0.691873473799704
-0.489464624344628
-0.555007868614996
-0.597125924430313
-0.4705085495297
-0.561221051386948
-0.582699006399398
-0.569941392364678
-0.50298450440162
-0.641793081931239
-0.536862104344701
-0.48514822704051
-0.458728195455943
-0.400268620949506
-0.583711614542915
-0.616126673059208
-0.483501460824613
-0.723527745208157
-0.50103376961888
-0.560077770116506
-0.53363229015317
-0.415013032984777
-0.524945642379206
-0.498987042567902
-0.462983934746612
-0.514294338962116
-0.541080458697598
-0.678870286337317
-0.602013796086713
-0.523243170498377
-0.488555509820855
-0.687954430708894
-0.502478105314344
-0.592869198492294
-0.581137566341129
-0.442793099091517
-0.547153280224214
-0.415901178438658
-0.390886626736233
-0.463817543302924
-0.621041176592271
-0.516922817060803
-0.417461556281014
-0.535162202835431
-0.508449609923415
-0.533016736475091
-0.478745094873833
-0.484512163569608
-0.457888973164432
-0.638632515920635
-0.590561660636482
-0.462064906254796
-0.471963163397878
-0.450250024641949
-0.539290786655625
-0.681770558167932
-0.45504787816524
-0.467155045234319
-0.37798800569265
-0.379945805058406
-0.406753681043746
-0.532312986783398
-0.417656988610161
-0.28067117245634
-0.503255482972642
-0.284916169005715
-0.497734121370194
-0.410333364372907
-0.56986403849881
-0.483866411874736
-0.430696432226091
-0.461173912744559
-0.471608486522631
-0.563984987910235
-0.303086348604012
-0.537036636672039
-0.454564886484477
-0.280693277929773
-0.491390576897086
-0.415015998230128
-0.51843705032755
-0.34071770297998
-0.353953116590305
-0.342874652572155
-0.410564861959628
-0.464369809023887
-0.354457477142851
-0.243353390488646
-0.328659961079217
-0.440388239295354
-0.382074563578989
-0.406460595062946
-0.444278470130034
-0.477959532226835
-0.419338362436168
-0.456638272202852
-0.4018061575813
-0.297552922935213
-0.587850306457516
-0.271933741236192
-0.374602960911419
-0.421146786753712
-0.380541798141429
-0.398483955522513
-0.393874792117555
-0.394693408006755
-0.419265377240966
-0.329037086150297
-0.341956790931611
-0.353819818606608
-0.172949404021306
-0.333549952102727
-0.499705785477181
-0.413265483759315
-0.394308736628522
-0.335896827583613
-0.323897419727141
-0.423043300231491
-0.317589624996395
-0.396194778689404
-0.344768041393794
-0.200931246676868
-0.105863199709993
-0.297632424539765
-0.38476102306572
-0.256532864099874
-0.277144034692951
-0.395274841996039
-0.42302034444248
-0.308973256019795
-0.194407154025696
-0.268304124747792
-0.456204030802742
-0.323318517299706
-0.252312148811187
-0.195172702042253
-0.367769960602387
-0.256252228453424
-0.334072158204807
-0.366174735573752
-0.256917498404578
-0.381436165417379
-0.29999308925861
-0.152330587810735
-0.339350643724412
-0.239577889577585
-0.325254698185711
-0.355998307983994
-0.188537695748615
-0.230347073756679
-0.40158729930995
-0.151103785612451
-0.267955725979417
-0.215427133665321
-0.387790393645833
-0.205647037322672
-0.217267802954847
-0.225960353126915
-0.111837047301447
-0.319650531266015
-0.147565377375018
-0.334777332108103
-0.228381839537243
-0.268338911980523
-0.383474563263211
-0.272779171510915
-0.203979013512941
-0.0586772373306919
-0.300803772708283
-0.247168579355521
-0.263755996137599
-0.303733762069064
-0.265259389126926
-0.169409544647351
-0.115368892324341
-0.296820564074732
-0.161096641192397
-0.157242178836251
-0.30518564364
-0.240163745633804
-0.231127276423539
-0.158211159399164
-0.226169680767787
-0.229912878422619
-0.224085980209749
-0.290707214363322
-0.261189453512984
-0.319313030773522
0.000110905679199719
-0.0967084740238444
-0.277405890880679
-0.14203548969344
-0.0739643443970419
-0.161600087280845
-0.205699382936207
-0.128939042148491
-0.203043459455802
-0.14944125349735
-0.0515960450881036
0.00698347988004745
-0.182528040550188
-0.137015408018492
-0.244721861390145
-0.196910067376221
-0.106046675315189
-0.225091964533249
-0.00689506334445741
-0.344725984735515
-0.168609258704025
-0.335083602607052
-0.133299641179105
-0.208035555287304
-0.182450619759849
-0.108981369681991
-0.105041833623436
-0.222192853883228
-0.0637430724513251
-0.086885360130903
-0.155511016166426
-0.269896379980946
-0.113177277210384
-0.264866679479981
-0.182512969830214
-0.0994896963298256
-0.164139311141274
-0.0696963718964979
-0.269358657040517
-0.167915473793469
-0.000749883192952107
-0.223308827505627
-0.158891141539826
-0.235800208699362
-0.0127827694049923
-0.0797188490898648
0.0842599643309521
-0.0134036019995867
-0.128405115765738
-0.16128820148572
0.016389370400509
-0.17524581475774
-0.0374071614067199
-0.175557483103761
-0.125844782208996
-0.0598403486019557
-0.0767379081429085
-0.121417986364479
-0.0103521058237721
-0.145523591463066
-0.154931598824018
-0.0266169520157945
-0.122257009133964
-0.0058323931365522
-0.134185257893376
-0.115797595936986
-0.139452211253885
0.0506589530969429
-0.0226187900759114
-0.0234847177458383
-0.116656068389225
-0.113024338183732
-0.0885401943720942
-0.105989561775127
-0.0892674743369412
0.0863733112049788
0.0143516524282112
-0.0427826225391821
0.0794223220649381
-0.158910255128535
-0.13396398726041
0.00903868280548103
-0.0889943465838006
0.0141193575071603
-0.0121598970160979
0.00432384136520374
-0.0993604189946496
-0.0618560658006824
0.0374050475945116
0.0173171645615569
-0.00232263927419867
-0.0613539686009362
-0.102055367600762
-0.0112666735730516
-0.0311849834330934
-0.0665417465668243
0.097609642056299
-0.00922879575371039
0.0463871088719033
-0.180067609087585
0.0125967514882099
-0.0741317239601943
-0.079650485006587
-0.129753215634374
0.0941564953133786
0.0400074573815048
-0.0349958708853329
-0.0363918099169461
0.154953689171597
0.073678510778631
0.102045056739973
0.0648120365865674
0.00429689330275934
0.108290946080779
-0.0687210273785979
-0.126684720021777
0.0641115777342326
0.085337934064707
0.00252458738875379
-0.0464844607540655
-0.00879298604490761
0.0531134422351673
0.0394181224488686
0.0714211960236984
-0.00389026040384724
0.000430263275161483
0.0164614919511661
0.00358000462488062
0.115697738999215
0.116355961598872
0.124736868999271
0.0453194963522146
-0.0182513595426045
0.0514066998236919
0.0854294051638805
0.197763185897411
0.10194244467352
0.103767265667208
0.0153949970310086
0.0694432928433345
0.0812341795801162
0.0830145477156934
0.0871887178408417
0.155849710986984
-0.0523326825129251
0.119120774787607
0.139874155469788
0.0674546567629689
0.178514859501391
0.179385783157848
0.0876949051140255
-0.016798660055524
0.18090974806937
0.191127274587224
0.123219170761859
0.123576750535107
0.307373035611613
0.25750045584368
0.0515206103330561
0.00260486709015075
-0.0456080264702474
0.0975827961719451
0.0821663762967585
0.130779666766652
0.130128782571517
0.0359618992200409
0.0500881214814994
0.185966107926843
0.292134003666281
0.136015222432403
0.319607268440736
0.166251252662605
0.116753218662679
0.24407437309165
0.143930498534144
0.0280898574268655
0.301293444592349
0.247067466906947
0.0600443225688423
0.184656103446322
0.262365607072384
0.235844909048144
0.140721931759231
0.159934445092592
0.231649932341406
0.116197970385606
0.137085800437719
0.104118920030355
0.330971286226045
0.250180583281145
0.0550715058117629
0.193665899799486
0.193385612090776
0.27416351459693
0.220410606253692
0.121352731974122
0.204538994519134
0.198826644495377
0.301877615119511
0.27003018742484
0.277448988085712
0.179088150492724
0.250980226042112
0.164970143694346
0.169997609931006
0.266674479985633
0.208605167467445
0.286318342599323
0.235816269617706
0.210359589885675
0.178059431032314
0.257186098795214
0.207178130453496
0.216717049699227
0.0439865737476571
0.304621031712662
0.349803761119717
0.259362488535678
0.155992602316817
0.219791771230731
0.299019086729049
0.339913256507537
0.316143987690023
0.136131888931599
0.192774344503291
0.196221089428768
0.219072117935722
0.220422647592181
0.220956248763372
0.292126850804769
0.209562396105124
0.130605582360335
0.214540051938167
0.322105494538025
0.159887662754901
0.216455944839885
0.342571478160544
0.301447051642313
0.17603250390117
0.216045108142588
0.257242808566525
0.392744722304626
0.284228935899314
0.372208199755957
0.268778199153668
0.404026096063231
0.280051252002701
0.407269671731043
0.378748457849523
0.422281135588991
0.188281985240123
0.374972045160791
0.131784812324891
0.371899224981998
0.368660657745047
0.268285972123898
0.317363319014388
0.295303385041694
0.291541820952525
0.310640902597579
0.302383198541912
0.386019675456189
0.3163705611786
0.251248432379482
0.405661805086729
0.291254626533387
0.335929109691382
0.315612854365748
0.113383130116241
0.447612185944032
0.364237919958813
0.420657838731636
0.333870855110494
0.462224852155043
0.234089108612102
0.360429254753542
0.426295537716496
0.295647557822519
0.230617360427393
0.322588116833581
0.254795188158723
0.357633422049706
0.315201504406574
0.39573023765924
0.47741714393888
0.44258348142563
0.459746767780599
0.435004155414257
0.324014601935454
0.310411373664653
0.385707306630603
0.307540422167198
0.533850058699764
0.333609896792574
0.480638156505305
0.543073797935372
0.482925948890388
0.341992955518243
0.519956428863897
0.304481364511839
0.257063670947448
0.333055665373029
0.479914541861153
0.380253545563532
0.319017214543571
0.530342006825434
0.354825357173463
0.420768796540686
0.360069449865531
0.376439947150458
0.254291424811138
0.404445910234406
0.384707035833741
0.342848052081275
0.561392963702732
0.507087553534882
0.350500389545891
0.440926806402765
0.38412830318835
0.438628611800422
0.449614560082456
0.54950903007582
0.503259800675716
0.468484336560435
0.50741268613492
0.583888285798697
0.554938583018369
0.479990748430642
0.620254215114889
0.516201277451496
0.358981705375569
0.377370516226072
0.402979154306416
0.330422672541861
0.493030577250026
0.503984884932661
0.534036791626634
0.47711574363295
0.541584599941738
0.372376174448472
0.391021592818667
0.442575074545357
0.458960320747567
0.576927720849755
0.628839793246603
0.451965131512363
0.558926347275591
0.412568288427961
0.507739506385118
0.48530891435561
0.533707778306065
0.509343537552062
0.440787530013121
0.574531985633775
0.464537762539326
0.595796250214788
0.418027493042112
0.476519282015936
0.518973299352705
0.560144458573544
0.500888946491017
0.528342159807446
0.523269832120322
0.499027492438495
0.287867667769621
0.454428634160939
0.570763500324404
0.390419339734393
0.460454837852433
0.406028548057259
0.59799528051543
0.595947071083085
0.547994571637811
0.511187816969527
0.532255494355006
0.668032788919299
0.475498604984683
0.597809450237722
0.514310950768765
0.564389229514014
0.497989236978447
0.493799033343884
0.517110921301883
0.555638686184687
0.529167544745599
0.574282906250742
0.680719980660571
0.714723691078492
0.58166193362619
0.609241653783779
0.580090471303096
0.684253822107033
0.549301625461143
0.535559988162904
0.622853651696027
0.530030824023468
0.588750576719432
0.740850598884731
0.636536559431911
0.572432203403513
0.65326692488241
0.692771646239884
0.62807161185343
0.480644935015424
0.620602630201079
0.49252357479366
0.663831206072872
0.593787496887259
0.604874710001252
0.735095753075176
0.479870154642473
0.626320720753145
0.568249658335831
0.611388287868593
0.55829431833999
0.797212071092984
0.571197784808857
0.538606884937207
0.608860999154729
0.80829073119779
0.598572860391799
0.574007028728521
0.636636931880205
0.729041124983676
0.625802411034387
0.58030122786548
0.620857983605963
0.650244084864644
0.765224637206313
0.761720123528014
0.659038519728517
0.901286598579475
0.714593652484347
0.555129519001529
0.629573313089823
0.769412369071136
0.747427975025879
0.697342502647792
0.649617622008752
0.645567397297756
0.734970024604526
0.792509372983707
0.960034013867554
0.836844031839995
0.674614534209226
0.724159892691556
0.687867625980556
0.706237342388639
0.724570541361624
0.694321221751462
0.644264018005796
0.705736592659196
0.52268876514452
0.719221597331227
0.659162287048599
0.796917084594455
0.771190507472772
0.679233272310602
0.605410392386665
0.776066731777095
0.900758109094513
0.837902257448458
0.582579386683912
0.632947507889489
0.754762778596186
0.65575604075295
0.670060442483251
0.632460059928015
0.724459681313048
0.623709574630185
0.814161224628724
0.643205484386351
0.782961003468345
0.781624610896412
0.726412651937191
0.798517503486873
0.787175782957668
0.52842680692017
0.581561937222667
0.650716417698797
0.667512942400464
0.86807788971241
0.790471095344344
0.894491071646134
0.832255866047684
0.749444624719784
0.80025818533924
0.875370057605779
0.846471196205191
0.749878718326979
0.762272410111427
0.7083724839608
0.941072189611178
0.773435880434099
0.86789776409444
0.879287126651275
0.795632348600281
0.871007568555299
0.838364716523012
0.856183295358611
0.82678820692233
0.854340458222054
0.781730003143365
0.960915584484354
0.697154337050002
0.776085852566624
0.81286309838296
0.872952895366905
0.944483709375725
0.879524116533401
0.86329407760676
0.916527828154632
0.679991997182382
0.79334636461046
0.872623489568836
0.754818127048821
0.689385036756349
0.976849449239195
0.912228097759665
0.716015487129652
0.989956431128763
0.756420410469575
0.947633965396709
1.05227387147316
0.853107786597192
0.931692010109976
0.628489605843067
0.877388084492826
1.05656598307514
0.812515375425033
0.842000953833556
0.88495292830524
0.929522577152088
0.815637373664401
0.879053238528138
0.95143978383932
0.945918900109717
0.901331167239582
0.956853524914332
0.754238788533182
0.901520487027751
0.983005849452431
0.915721934347185
0.82858088830453
0.827727945445612
0.90007998956637
0.844973800121436
1.03063772363595
0.93299600651968
0.925788971346236
0.962904631539107
0.839579716474027
0.834244880523469
0.927854861917218
0.96780115740548
0.849942050705196
0.91695911909546
0.918920606961201
1.03501812544315
0.836303417517333
0.822182676273296
0.91267009263275
0.978462409541532
0.740892969686377
0.958802379989943
0.849338581822493
0.874216838523807
0.90686579166405
1.02513353812729
0.998058828931203
0.979059372003007
0.871070275592348
0.929320841424944
0.989628564105817
0.801213362049504
0.994816533098658
0.916585378043442
1.00060718004287
0.89289283162745
0.825403578714601
0.861980633850605
0.963230606979097
0.963511507523545
0.872715854420154
1.16772506498873
1.09393789094465
0.942248896260915
1.06420613424907
1.0537540117557
0.874246940525266
0.939920282806019
1.12165189921698
1.16578372167294
0.992088679595972
1.00008812394059
1.12411328943284
0.999930324136265
