-1.07503697273491
-1.01786871278457
-1.0935654557441
-1.07161781362209
-1.12116785793742
-0.86783226818795
-0.810431067966003
-1.05009298010914
-1.00325747241472
-1.08283738815383
-0.996554847357076
-0.956321895425826
-1.0892059098979
-1.07988658594
-1.01812764350741
-1.03074634056856
-0.849482584676842
-0.990110951691469
-0.900085831842077
-0.874051180866111
-0.935541057122418
-0.971227495818129
-0.870621822210745
-0.872789403354925
-0.910162899241584
-1.08018668367184
-0.930100432126382
-0.920646900944269
-0.713766778838212
-0.871946655864413
-0.938653247674629
-0.814347915947066
-0.884807541202824
-0.987598719696307
-1.02260594767964
-0.859506752276174
-0.887668550218197
-0.849013932591713
-0.942609887521847
-0.828781455361187
-0.870934950236619
-0.977977693270087
-0.942660347338824
-0.921149515843333
-0.905692298927637
-0.830639734347307
-0.893618166435353
-0.943983216692583
-0.870496271570069
-0.98656982121054
-0.708476038279005
-0.955713954635599
-0.881805975510129
-0.82045897783883
-0.840987984782072
-1.04411146706036
-0.907468769237766
-1.07089417428266
-0.979512872621359
-1.12730974005864
-0.934229745497365
-0.875875146306438
-0.807232533555618
-0.838469931988325
-0.991132120853015
-0.900472949315862
-0.786446900275911
-0.945193130885628
-0.874490259045318
-0.88823584965616
-0.854131302527723
-0.790549651528129
-0.736460951465628
-1.0798956200064
-0.818873965075252
-0.758096792202238
-0.747113560092009
-0.884480234224315
-0.941951712799349
-0.593437067963246
-0.735738265468777
-1.03363369548318
-0.671084585597808
-0.839372430193867
-0.892403731462694
-0.87496626262965
-0.783819432941382
-0.72509205707968
-0.851596224047953
-0.712409349532862
-0.821819767897742
-0.793926145243221
-1.0360554351113
-0.746333025104937
-0.942826573859323
-0.742817088280045
-0.741591948124173
-0.651932308549771
-0.709208947027973
-0.942571222500039
-0.706375112802003
-0.824427370233031
-0.757308300261862
-0.69830408374932
-0.753385132950691
-0.73191700600121
-0.824777233111112
-0.850407887186971
-0.716894924534343
-0.742497616208703
-0.718183522179159
-0.842483256062773
-0.800943478858966
-0.672045342465508
-0.665414088124718
-0.713982300749136
-0.877770270287953
-0.84261500368085
-0.727827157953802
-0.852951357484144
-0.748752709457183
-0.788876608232865
-0.764399321059093
-0.725726639887565
-0.78425182180125
-0.657223990436418
-0.808915390234842
-0.859904303944906
-0.764236324625572
-0.589723234150676
-0.733467698790911
-0.683108465188028
-0.80467947824419
-0.601909306708154
-0.640749481012499
-0.712068147851239
-0.637082405137393
-0.715231802162486
-0.800249126270846
-0.75469428752102
-0.880898040897759
-0.643667638101695
-0.676593539059608
-0.530506274493402
-0.669357047289032
-0.729113802752163
-0.701105674684042
-0.723466610289041
-0.765601109602837
-0.677192996250809
-0.741252032316894
-0.516918919756788
-0.683853793147489
-0.665185393779155
-0.696434404702529
-0.736360028102495
-0.718902881490861
-0.521471394008608
-0.704855953243956
-0.791325338819044
-0.699374129924041
-0.818318414809143
-0.829170776381965
-0.805811303808526
-0.625977554058884
-0.520640838877322
-0.82490474378134
-0.687056738091122
-0.718811399908883
-0.748090348186771
-0.593763223309504
-0.718236220690974
-0.554140820371345
-0.649270382935135
-0.62076048089801
-0.604995559967184
-0.57079597370571
-0.691280227888085
-0.687535419492303
-0.667668418616817
-0.580367272848674
-0.515588808569407
-0.705855697973802
-0.5677975264673
-0.66181586428715
-0.711163913028566
-0.688051183546386
-0.611727612947617
-0.680923517224899
-0.633135961743177
-0.628392954937034
-0.574841010867138
-0.679462758704337
-0.64854647799272
-0.745764366640743
-0.690423948245868
-0.595740976855401
-0.676390738700975
-0.619682043700636
-0.626308272116008
-0.656482298162975
-0.656777479206472
-0.611521518248292
-0.624505880076964
-0.522975455629356
-0.450625987958692
-0.467330486434962
-0.65470845497566
-0.624771834712445
-0.670320766471065
-0.582889519816543
-0.674178773026734
-0.546599762787184
-0.659543424245098
-0.584887329760224
-0.695762760299966
-0.513392233397129
-0.562575943075831
-0.585139931774246
-0.467223182438326
-0.575102191595457
-0.590809538101353
-0.570087958196287
-0.466602619828636
-0.623041786762712
-0.52863765460531
-0.496087182349276
-0.461328428864395
-0.394284357359814
-0.565153270375207
-0.60538714464497
-0.50202814174777
-0.723372207119683
-0.515321558499776
-0.57382237148015
-0.53143623937389
-0.382313894951317
-0.526681583406927
-0.497712218037533
-0.466737715248841
-0.536109760578864
-0.533203979332149
-0.662304822586305
-0.604947127301244
-0.530076538902995
-0.481605625257457
-0.710136088708492
-0.506476016890617
-0.612312188047819
-0.576257751152958
-0.445104892244601
-0.527900580042135
-0.409544961195132
-0.375130411842181
-0.463102837820509
-0.633141839780331
-0.512550507945091
-0.413962793221243
-0.520602249168582
-0.535357587971157
-0.512068161823968
-0.471849604540817
-0.478826085274223
-0.475470268817558
-0.64439464242774
-0.589912565196976
-0.482166075392223
-0.475903168893609
-0.462569513659911
-0.511329546889201
-0.705729243443802
-0.455883732110593
-0.441208888144416
-0.389410261609863
-0.378480187068773
-0.409121540403508
-0.52578105555237
-0.42459882262897
-0.275883967775105
-0.522646460176649
-0.30532487266322
-0.501947916059277
-0.408477580183315
-0.552518749280607
-0.481022648608007
-0.446435893386523
-0.461151613144616
-0.469122090137143
-0.543224458941759
-0.317544284680693
-0.514940496867564
-0.447138791508671
-0.308745266994785
-0.46451711934199
-0.418001269922125
-0.513496603138467
-0.382428963905184
-0.371352827790114
-0.337114699291524
-0.436786917439909
-0.438726473979425
-0.353460338921229
-0.253549378917228
-0.329734889699932
-0.464134642623947
-0.373236853899049
-0.39889194261016
-0.447254329142879
-0.482335055073551
-0.429759518513836
-0.445996087273909
-0.38843011978546
-0.295457365611761
-0.590847622456975
-0.279014291749918
-0.38256737483896
-0.457018244794821
-0.369357229163111
-0.394213868578725
-0.397699171014543
-0.388476540246231
-0.41340676038968
-0.338080132408291
-0.346806822714212
-0.352855216372921
-0.200164295469381
-0.304608832743137
-0.503410940746496
-0.401988447511642
-0.376970211196547
-0.324180481532763
-0.290355740936691
-0.421360258018124
-0.309026138799573
-0.401248481516917
-0.318469725425472
-0.206127655579351
-0.116475138545465
-0.277042462495507
-0.393204899181444
-0.273413848641335
-0.29223616323088
-0.407151544455448
-0.405698203803873
-0.305931490228555
-0.189621224888264
-0.276870059194065
-0.476579905129717
-0.326233877656318
-0.265893789436158
-0.191529313920215
-0.359296181955169
-0.260842163323041
-0.377147712547707
-0.354414117818577
-0.266287847836913
-0.387988758757693
-0.304094452462373
-0.145237605077703
-0.345520203323562
-0.233578050721845
-0.327869349380493
-0.368738538396046
-0.233976666944743
-0.248902378166342
-0.386462762341696
-0.151965775552982
-0.240714489124936
-0.215916756921072
-0.396756988245562
-0.216406130550407
-0.217886815572179
-0.260419192154585
-0.11445249041963
-0.31337101500544
-0.152241484340166
-0.311317402874839
-0.231447765174718
-0.270889479771594
-0.36993126863585
-0.30234609199823
-0.209982970909947
-0.0676416340986432
-0.303522612477138
-0.26152560068246
-0.266702819527947
-0.29606171777965
-0.277645155798568
-0.169007628357389
-0.1015834122338
-0.299702235494076
-0.177554487301431
-0.144651129600656
-0.29067972373351
-0.23042510130787
-0.235021632319931
-0.158349903241823
-0.231957315086585
-0.263108081457172
-0.232446563549707
-0.303270390426698
-0.252402487091969
-0.346110071152159
-0.016619284307897
-0.10267787138233
-0.27634985945795
-0.136077520278471
-0.0644388025983421
-0.160999583925203
-0.221940464273696
-0.132467821225812
-0.18465385726326
-0.167555959903521
-0.0628492817758603
0.0167360938339205
-0.183387203224786
-0.140380659859211
-0.2284845331199
-0.188956259414589
-0.117690944600273
-0.19754613952339
0.0081305347212395
-0.342283507651827
-0.1763644064996
-0.3552449572601
-0.133520126265915
-0.212273875183445
-0.169805464694577
-0.0912105828377584
-0.105368177120655
-0.204766560152979
-0.0609879936787356
-0.0929868311579586
-0.171564881924223
-0.284532651354276
-0.113940799647813
-0.273086584332106
-0.188279022215686
-0.104426602676522
-0.180975248880897
-0.0803080756229456
-0.281742801231176
-0.17689725180959
-0.00668661907834894
-0.228680646176387
-0.143450339969828
-0.223862972053864
0.00367065913569843
-0.0951212655915294
0.0677981377319461
-0.0165765152402536
-0.0995918640866958
-0.166967188521738
0.0311185240405794
-0.195925611906486
-0.026386903653217
-0.183576577855989
-0.122248669769173
-0.0667071169628746
-0.0550779805582895
-0.129962415113068
0.0132010800104383
-0.114288451950737
-0.16114008859912
-0.0284292492036944
-0.120687538799862
-0.00871622433274274
-0.1512810296085
-0.109968997153206
-0.151350887592542
0.0612919526567217
-0.0206404303493012
-0.0260728049239985
-0.114519243521493
-0.111867482433813
-0.0971276771961435
-0.0964839524784809
-0.0845951659838808
0.0848848981590169
0.00549296769339108
-0.0182338131315914
0.0818823116152492
-0.148080118018719
-0.117443457001655
-0.0243610848553841
-0.0688831363459667
0.00307593627925006
-0.0178662913979749
-0.0134801343743063
-0.100600565233617
-0.0907699309825743
0.0408613096290428
0.0381441601407677
0.0358849994845687
-0.0599867572518744
-0.108417721847109
-0.0038869037469251
-0.0233523198470045
-0.0597337141356024
0.094711884647932
0.0123240312176251
0.0536672438097619
-0.147701776968155
0.00808860522089111
-0.0839883795430071
-0.0883812656584967
-0.114127389050063
0.0620625492411691
0.0349762948291641
-0.0192568352289253
-0.045446997721032
0.138364437472561
0.0687084024140278
0.109922897241831
0.0486749689367836
0.00225486474983869
0.0647938716930681
-0.0724453816818829
-0.121295703575967
0.0812769893661118
0.0652933987245953
0.0312603520360925
-0.0368198986416341
-0.0152041461357959
0.058456311180415
0.0590474171563085
0.0691089913755172
-0.0032440491192173
-0.00116619940498348
0.00503461834918287
-0.0123629186155349
0.119160227134089
0.118926775496113
0.140288898538006
0.040166790363863
-0.0163956441876268
0.0312089833768907
0.095226417920872
0.2145108555795
0.0864766997432856
0.109567122325526
0.0191005760011145
0.0872601707994987
0.0880252674322205
0.0989721850442002
0.0876149360479008
0.155178306490283
-0.034423784313913
0.112165347948738
0.155081605759866
0.0676701841940773
0.205363779663756
0.1859971785958
0.0881242158597603
-0.000436524747619302
0.162344211507564
0.204285364355598
0.0927104377005364
0.117812734730593
0.285298115636444
0.262870370333028
0.0250102954247705
0.0293228966978471
-0.0472914906438127
0.0845675467971836
0.0944688014612075
0.117398372613426
0.14588987153918
0.0545472535704603
0.0409263171194315
0.188485665300105
0.280377636499876
0.117665411451142
0.30129562831417
0.163765880091247
0.116746096721864
0.249529535084778
0.135541969129583
0.050572201421979
0.291922931865494
0.26044650838711
0.0820093889037504
0.193522404951098
0.262585350755346
0.252404771742344
0.140611731137378
0.177421593926086
0.216721883553974
0.117170801100233
0.111856558353096
0.10563590663416
0.341965001643573
0.270603479645417
0.0637916918806692
0.18858423384552
0.194785641573424
0.256643634817644
0.202005872254041
0.129381248759593
0.191431361781237
0.201491907541696
0.305243991669165
0.267988639325697
0.276266698648591
0.171652071289242
0.275236701950075
0.14731749747142
0.157314184700582
0.265130257282825
0.193910771630911
0.257599474308523
0.238605111012992
0.234365856272081
0.185357246262955
0.23505204787264
0.197517945359279
0.221743218295384
0.0317982492877379
0.296694249433155
0.338823429641445
0.298100135169054
0.147318726363074
0.214846221246868
0.315529887473783
0.317362500801782
0.300181604254009
0.152062491395523
0.17785618748745
0.208714616804136
0.227911304323383
0.216484856290669
0.228305838666087
0.273654603258004
0.196556932375152
0.153091819670939
0.22286127529417
0.32843530793875
0.167702062455222
0.230855126006985
0.331238517359793
0.303685639415879
0.186383163403749
0.200404591385148
0.251091865895251
0.373405791844532
0.301675375171624
0.375063045327704
0.262149687599109
0.420741481347752
0.29290140199109
0.403522159125962
0.385855961583848
0.438154278353783
0.189452405317718
0.360269510888117
0.149967950941327
0.347828351108278
0.353210400879752
0.264213595447417
0.336386158354783
0.329256803105477
0.268611623143386
0.317482289042277
0.306043490791664
0.396126337853427
0.312438888096836
0.25450021774551
0.395707038239208
0.287159310473054
0.340788606066592
0.328329855801451
0.116357472554929
0.433068700766547
0.367259639982071
0.44210021216357
0.324631440933574
0.463313835156984
0.215043002499462
0.340686173803601
0.424546261344583
0.313977604453534
0.227033319050325
0.304001875913194
0.247110639876324
0.372972409456752
0.295199784491744
0.408621684067774
0.454458842073149
0.45676873188727
0.46577550027584
0.396030177898997
0.32486757348259
0.30535511965128
0.396972142723209
0.324215283580479
0.531275431182696
0.325469868633819
0.482567433449779
0.538603189029021
0.507866589745782
0.348399988052329
0.510780893018608
0.310566081279404
0.262283186200472
0.338722891423812
0.477577509195521
0.379899551958411
0.315771199097278
0.559105209115471
0.363833449017061
0.425778991083922
0.353052007020073
0.356513387968837
0.267872797534617
0.420625825666977
0.402968280847311
0.342906759170176
0.562667004663011
0.495256643563239
0.398833452900849
0.460768472711731
0.362221725167357
0.449840687495885
0.469207458631957
0.551953361117077
0.502816793855362
0.469741906590569
0.492754412989363
0.570414780398956
0.557745770874573
0.463577556145852
0.613438814875021
0.541624430211646
0.354377950579356
0.381906151305117
0.386176120180978
0.337167199808249
0.493480748462053
0.472878297342058
0.533688748306072
0.466321192646375
0.54955401489949
0.387655400012986
0.40896931337434
0.428469999799885
0.438237012282798
0.56451405000921
0.624296527738159
0.442515052964644
0.590462497528909
0.38936924876724
0.523877775652202
0.488594220008083
0.540904632201448
0.525390900820012
0.444091378899685
0.576363187146882
0.484617921601583
0.602977563918223
0.423337893183618
0.471594360189599
0.535971658230578
0.54688485996543
0.499677959345259
0.544014343829584
0.516925047029016
0.494633252012488
0.287377882417593
0.458780669352198
0.55359605953967
0.386649349927607
0.475952810492532
0.423380660130948
0.595069641443114
0.588435708168521
0.566305840993776
0.522044553458833
0.530340164043625
0.661962276495858
0.491612770781117
0.608509386544203
0.497762479596987
0.558807581583568
0.486836152152599
0.478454813493678
0.522061568393334
0.551992958175925
0.518003909783419
0.586042304759726
0.650273895541603
0.718766890491413
0.561548739400165
0.601752953368922
0.613202527972672
0.656676374152669
0.564119380697452
0.544948267183553
0.635351539568362
0.540651812976081
0.609586272164116
0.735462649634257
0.650507920660014
0.550164813809182
0.65745991087252
0.682260920553515
0.633957008421705
0.455784012300429
0.654023548358727
0.498024583357213
0.65645909288733
0.599639729390227
0.615965735047433
0.720935979362214
0.486378591711994
0.622463074535669
0.549911789795301
0.631266540620679
0.565762686330554
0.790347099523811
0.572039389290269
0.54563671186588
0.599114412903322
0.823759189376491
0.601655478847073
0.570056171089799
0.618251991221472
0.743845220336694
0.618619745280238
0.559542575714801
0.640123870758326
0.66677556425822
0.798547239885034
0.7670660516682
0.678395692190307
0.88776588010627
0.727365805235296
0.571533531739247
0.650022318031684
0.780697844993782
0.743513013418371
0.692989863435245
0.649097887090928
0.655487234993626
0.712690060738408
0.798401379957941
0.977688059347549
0.840232229914697
0.673485302502361
0.703510694059513
0.686726166001101
0.700277353722758
0.713168780317658
0.682857547227192
0.658924558337311
0.733385992703873
0.536887241120357
0.723433123464426
0.651750583827045
0.794897998226083
0.758000905565992
0.673136048780766
0.605857244961428
0.774453568277857
0.88579809187398
0.83182498103592
0.576688798441294
0.625783647485265
0.740317078617291
0.646630016211175
0.664212612935778
0.622369623204912
0.732908202362635
0.620459686220972
0.818383343110432
0.658612552525676
0.806812887203366
0.756725337759849
0.721085753893851
0.815929415137098
0.805836215687597
0.53709803737455
0.571840946008614
0.665316312925679
0.660563090354882
0.873002582805617
0.799027215713105
0.895245666326588
0.821880051790733
0.757231116457048
0.79050391352341
0.854175490080692
0.867345050300748
0.729333350313163
0.786342529176317
0.711048011702724
0.915246171346563
0.796111975817406
0.874793304213195
0.894550877479578
0.799637013458461
0.890929169075386
0.854444316077132
0.858564282636747
0.837689739884599
0.845538163264056
0.798690856075552
0.945570107431223
0.692705193636064
0.768970162738278
0.782388463493739
0.867460371221372
0.941383909054882
0.869709216384329
0.866295918472931
0.905529313867132
0.679271027703293
0.784573133800804
0.888522660007027
0.744868914538537
0.689279661801484
1.00270974424941
0.903064919263744
0.72201442054862
0.966012836329868
0.764597217134693
0.946285411653786
1.04538790568566
0.842031746625505
0.951646443826563
0.630749871363305
0.876375833921908
1.05333918817423
0.812824743117882
0.842496423666599
0.894614713579787
0.920840568888043
0.822553631803286
0.873127289475169
0.971890361854513
0.92397195751648
0.914428403578232
0.937568421864626
0.779792355314442
0.888020709646433
0.98519590360251
0.930489098979872
0.835966076676341
0.805398686405802
0.90171233852409
0.83943359957472
1.03338547550315
0.90272328979842
0.958009285661163
0.94379184026406
0.872201086395315
0.819939375642839
0.927710066330137
0.975748691971912
0.839088351017793
0.902144268690843
0.92978128569426
1.04299648521115
0.841522977623311
0.863052996256486
0.916093742275091
0.960532950797091
0.721345895183512
0.978085142599667
0.841080827377287
0.879252346050838
0.902170609764352
1.01117056296088
1.00823349120971
0.991439406728038
0.866481163926895
0.908361966191024
0.987481215866294
0.803823161822837
1.00939026104323
0.933256298600198
1.01046184701348
0.878503670447288
0.827849223108046
0.864728377180344
0.955263044549721
0.960095683304931
0.871784683468509
1.15505470438967
1.08241266969642
0.939568374346386
1.06948102428487
1.05632675348138
0.871275452505789
0.936343167743948
1.12212132873384
1.15328461490324
0.98494775271559
1.00389909024756
1.11261217352478
1.01419984060189
