-1.08234497041758
-1.02592080395034
-1.07779943407744
-1.05259410420177
-1.11361132033184
-0.864342943242419
-0.819308371837916
-1.07162452362622
-1.02129861558021
-1.07541011777466
-0.991515788896092
-0.966951454266517
-1.08688193420927
-1.09293466889556
-1.05323320530379
-1.03676703170117
-0.85822729992683
-0.98299475847295
-0.879151179785835
-0.874332390654813
-0.935856878562954
-0.957451748249551
-0.851154134779765
-0.896110242112009
-0.901570021002047
-1.06480269713994
-0.954943147264223
-0.915183657208967
-0.727836095149683
-0.879385131012238
-0.955616042746728
-0.820404874329526
-0.858994923533125
-0.989659953488032
-0.985415561181344
-0.863638072164048
-0.869103230476211
-0.862000093693125
-0.957423131110906
-0.825237718226937
-0.850221362003435
-0.991244525128644
-0.945244247609873
-0.897480446342993
-0.914333234500208
-0.84474226526789
-0.892960066213882
-0.941404004518156
-0.855348899694161
-0.999485305750441
-0.706670855551182
-0.949783214145805
-0.893362030715648
-0.818826535634737
-0.820772250816339
-1.02609544133455
-0.89611817245196
-1.06977753004586
-1.00230316756539
-1.1066437861883
-0.950958835979443
-0.861298386140743
-0.824455725090259
-0.853052076722422
-0.997362765347602
-0.896021583884327
-0.786815405843361
-0.94916883759991
-0.86356806966471
-0.883748956186639
-0.858729200613352
-0.777598281090797
-0.744078003260342
-1.06446441406542
-0.815739240704869
-0.738749884398792
-0.746596161011598
-0.877942868668123
-0.9455453938784
-0.583839102089894
-0.711496434941499
-1.00542517621962
-0.668021217136714
-0.807957227690391
-0.885700282979216
-0.877317463983223
-0.778083315935365
-0.727573062047788
-0.861443505726646
-0.737878395941034
-0.842694770340545
-0.795531364338401
-1.03974551831464
-0.742572844563708
-0.939232252458627
-0.749815705996215
-0.744545609073429
-0.678596601882319
-0.724421046195903
-0.941205832602616
-0.726195194998423
-0.838037742579001
-0.742672272568067
-0.690597031293415
-0.753284173377972
-0.717216199802341
-0.80008350151326
-0.861237446326467
-0.716675625777342
-0.745535572655952
-0.728591076554966
-0.852548882225613
-0.807042951548161
-0.670371823975613
-0.681602273957669
-0.741349144232122
-0.885556882003232
-0.839983001530596
-0.708751469498804
-0.841457877266023
-0.734737675715151
-0.789621261807369
-0.751497602820549
-0.7288737291057
-0.779290962348092
-0.663369390549422
-0.806436802528557
-0.853838795512533
-0.739808344198288
-0.591755608997308
-0.720352873467506
-0.684548777021558
-0.773472701950279
-0.610454833802125
-0.630779971125311
-0.74533943617478
-0.641354517751196
-0.725855638960119
-0.812290234365581
-0.753432171363954
-0.87860386349018
-0.625044796765654
-0.667044470328501
-0.529358214014933
-0.68293557614709
-0.717905412690043
-0.714512483277392
-0.734152689133939
-0.780069191917318
-0.695103067683467
-0.736878278246336
-0.522702299796666
-0.686125125163475
-0.624719094356983
-0.692491139514666
-0.760111793991838
-0.716023258689272
-0.5234901865717
-0.711453620658669
-0.801932895586214
-0.72687943868616
-0.83092155738319
-0.839470360435277
-0.790946291169938
-0.624498128287477
-0.512587106022729
-0.820529391604309
-0.662332839586707
-0.714953695410438
-0.756560022924829
-0.58057266752155
-0.713746298578121
-0.560631463254748
-0.642690099696546
-0.632340185108482
-0.617346539284996
-0.562218481254251
-0.692737893464135
-0.685442613583165
-0.69826868322778
-0.572558172747748
-0.496597376336119
-0.729283793055441
-0.561870702928063
-0.681845058490185
-0.706056116407039
-0.716061488211116
-0.607321339142346
-0.684086099864266
-0.655982412939232
-0.586496937770626
-0.584869291772928
-0.672895507774594
-0.623575907797235
-0.720840597817763
-0.703614408146648
-0.608050506073731
-0.654497391692202
-0.616530021519137
-0.615493509512514
-0.640307052956141
-0.654488304264259
-0.592063640208321
-0.649077832790498
-0.548258870694061
-0.444487117590854
-0.450879251414903
-0.626495951474627
-0.598200952712183
-0.682522762826516
-0.576243145292875
-0.687888356505668
-0.546266027253309
-0.661569344774923
-0.58135114840045
-0.687812265735509
-0.506031632253343
-0.575844207354896
-0.612967321739969
-0.455882256811848
-0.547961577993853
-0.587277538924318
-0.563864346883128
-0.486998047911815
-0.648308360266155
-0.505462068560954
-0.502858018058962
-0.452498976022881
-0.396339677349249
-0.591488259172487
-0.618563654801764
-0.51170204913652
-0.72917403444471
-0.504926738641063
-0.576984619932331
-0.527462448967887
-0.367605679749923
-0.545342244498153
-0.503935494379705
-0.467919381340535
-0.529673253777527
-0.548031418640733
-0.64887804261026
-0.609403169312069
-0.52071690772037
-0.471828722669366
-0.680096223718831
-0.491162649642586
-0.587587740805509
-0.59480096236674
-0.450914836074816
-0.532081712762917
-0.399182155443905
-0.387495423891138
-0.465987527547309
-0.637728244566764
-0.509730007268373
-0.422282562732866
-0.520417686775913
-0.5173318391859
-0.51632796456309
-0.460306407971341
-0.516545546563512
-0.482596199548956
-0.647537558386787
-0.590324568910809
-0.486512014481317
-0.457957313707058
-0.48545189457151
-0.513317747291291
-0.692903450998946
-0.454260589241734
-0.47115115796082
-0.380907852790853
-0.378913087255399
-0.392390270415975
-0.54169024252165
-0.40715482514242
-0.296490674934792
-0.533983759479191
-0.312718169706741
-0.500704575232042
-0.413435140610637
-0.574665027116507
-0.486042268495969
-0.447340080622461
-0.477861983263483
-0.491866595408998
-0.555163750055066
-0.315895585173356
-0.522383914448283
-0.458930950617974
-0.281379166199826
-0.459933380771561
-0.40360593087485
-0.519265801522888
-0.364110959704617
-0.363179559429316
-0.345767737035829
-0.422116029932858
-0.462203159814171
-0.355816914619278
-0.261450758074961
-0.332828031803111
-0.434835075448793
-0.382174031119674
-0.399311613091819
-0.43414128243332
-0.479209977937114
-0.450641784764816
-0.468006459054861
-0.402541398344042
-0.283904885317602
-0.583427290279914
-0.284107765060084
-0.393175058109734
-0.451030932349993
-0.377915105106069
-0.414938134881038
-0.401340446315247
-0.3817040530577
-0.437425159925902
-0.328701775178021
-0.351035828253468
-0.380951386520256
-0.180393462818997
-0.334810872281431
-0.507595265271107
-0.430474357472881
-0.388810965718695
-0.338540657044557
-0.297163912915704
-0.402155162578174
-0.318486941895139
-0.391995956218288
-0.323247910829054
-0.210940826691818
-0.0742419688397913
-0.269833168867546
-0.377880299770923
-0.257703082413999
-0.281918288530596
-0.420968713394165
-0.41207637957899
-0.290223428351068
-0.205425256576466
-0.269591913588036
-0.478911422935123
-0.320455889953194
-0.25916887368665
-0.16826189793172
-0.350001386079888
-0.250305978739585
-0.368881178590035
-0.355288697608948
-0.264148410061352
-0.380805690120062
-0.309459566553876
-0.161201819697246
-0.354343974010556
-0.254238335263445
-0.322135019769708
-0.393294391582709
-0.206100795450562
-0.235294169921907
-0.37971315374639
-0.137461364416263
-0.251226952837612
-0.232842666661843
-0.391450449034774
-0.201359460846934
-0.218182322731721
-0.226692105493161
-0.117418959448877
-0.301366853687646
-0.156840949325839
-0.334540810980421
-0.24978842435425
-0.261721395374369
-0.395821444792265
-0.2767212127117
-0.186506648407855
-0.0579879931591505
-0.300040405370405
-0.267040137229346
-0.279450100626211
-0.282566370177566
-0.265742627288086
-0.162291243496363
-0.123508160967627
-0.299019342798325
-0.168730101426841
-0.154377114499806
-0.292178941497717
-0.231008366483026
-0.249295915344228
-0.147552634915652
-0.217783364697549
-0.256625555782496
-0.229464882217922
-0.27782066498608
-0.258197792974933
-0.321494739326571
-0.0256440829394555
-0.0896335277470271
-0.262019154182986
-0.149281396538438
-0.0800309747149789
-0.167115147178479
-0.222051734630186
-0.128315555478944
-0.171379163332114
-0.146727266764517
-0.0496279909573973
0.0317629210259181
-0.187155732375414
-0.140387362633
-0.239401140354282
-0.197056674328669
-0.105515678962345
-0.235357401499447
-0.00164491637605891
-0.359737625189434
-0.182727252380302
-0.356089816441718
-0.144381073745092
-0.227010767576481
-0.164554836686713
-0.105294679529292
-0.10232266407412
-0.204220204990615
-0.0709332781102748
-0.0989918891926849
-0.1703605615967
-0.26724845661234
-0.0998222963774799
-0.269898752176293
-0.191368122007864
-0.0989900364670464
-0.154753406862654
-0.0658490060359515
-0.271925129283607
-0.171054053087808
0.00803790511146414
-0.242171268403599
-0.144245246591488
-0.251674988918261
-0.020227202899421
-0.0898395603904918
0.0782124828500688
-0.0355961226670902
-0.131568520014809
-0.139706096757182
0.00264402226097617
-0.204082785427251
-0.0433437732016549
-0.176560563682406
-0.111555421969436
-0.0636108084184366
-0.0599533946441335
-0.113457815047197
0.00101953139250172
-0.134971132345434
-0.177251127882953
-0.0607382507144849
-0.13147838155012
-0.00744306863426999
-0.139927529432375
-0.11685229751954
-0.156818123955308
0.0297780556406809
-0.0347895031704558
-0.0303698915317675
-0.128061316313477
-0.109313731589576
-0.104442493442812
-0.0955111929213864
-0.0978639775037832
0.0850006734144193
0.00805828268251031
-0.00979062011597595
0.0683006070121855
-0.152169275263956
-0.132640826461866
-0.00320172749113401
-0.0813638433465741
0.0144930994296017
-0.0073822635921796
-0.00255500234977114
-0.109070120981966
-0.0898411005986338
0.0318835561202145
0.0347994142785772
0.0476124504552539
-0.0630536469759647
-0.121104437995228
-0.0213742071819988
-0.0197965209030571
-0.0660399093181391
0.0793548503152549
-0.00637962536618024
0.0460189037004265
-0.160546004848412
-0.00636213599958991
-0.071009234519685
-0.0822411498829508
-0.114962619857623
0.0837532612153664
0.0321084195892129
-0.0119123903521878
-0.0258807098487758
0.161818906189902
0.0765820442904134
0.10928035007518
0.0530634222320679
0.0096262099450348
0.0833534820476766
-0.0663775598619598
-0.120385844342767
0.0831474224220442
0.0639493459477611
0.0203201722076246
-0.0383895628383262
-0.0140724134933337
0.0589748336168867
0.0500687707284707
0.0528883504558769
0.00598609915313133
-0.0204158381224854
0.0128183609800397
0.00688973554748069
0.105371572872972
0.11458964502087
0.13691742742034
0.0408263642555329
-0.0191363644038596
0.0419610799322322
0.0902794438209632
0.205346366093236
0.0967759598910233
0.10439470580244
0.0268770471922086
0.071890442790118
0.10316552277863
0.0939574474145071
0.099604899843276
0.148532339078049
-0.0542124080834481
0.101003040836832
0.144924403390407
0.0612575839655595
0.189176326494412
0.191993507694685
0.100184961131403
-0.00311134085111816
0.183753112477744
0.18842125436075
0.101115820634533
0.126997932703671
0.290028920264254
0.2585756844429
0.0583042713424707
0.0186679576887587
-0.0374155371159418
0.119397334949371
0.0844290093788444
0.124802971916615
0.12841835833171
0.0479879013764122
0.0538052860465012
0.181874397533723
0.289086360715939
0.127408535893051
0.312204898628499
0.166486531252368
0.124255483546349
0.237216544756385
0.161425434007775
0.0233138276242989
0.303147334972855
0.243363635843375
0.0738145178950499
0.189276833484999
0.260824338509813
0.24810524411509
0.136721973661355
0.183958063531055
0.218268723921845
0.126075164157085
0.13425845546569
0.0917349099556899
0.346662463002119
0.269003980132706
0.053206066344444
0.199467062151497
0.190391572910446
0.256358618818976
0.198346448957149
0.13140953507732
0.191853555063352
0.193754605777869
0.317865058192518
0.274843038504348
0.279663731741983
0.159448622575507
0.275523313444593
0.168901005199656
0.1521882015982
0.254424740258793
0.219128683321783
0.283433129999107
0.249262592039718
0.236568533628173
0.160953998808447
0.247126703947213
0.199511942958344
0.239148735283572
0.0412919009662114
0.311180348381757
0.376867629839377
0.263892119308928
0.164504926988103
0.216918443947272
0.315568969057211
0.319478025715556
0.31961391301473
0.14360572306989
0.200982032091047
0.186706278419523
0.223849411619533
0.242397941199971
0.220261701371041
0.273649759064394
0.203908459942947
0.175356928643159
0.2259821014405
0.324261630501283
0.176821163213677
0.215456458126041
0.331235747025755
0.304485462157362
0.201657212485184
0.21959362742215
0.250867742433346
0.362546748700492
0.297263163875927
0.36496631685641
0.262269925787343
0.397437909873373
0.288535000983559
0.421667571644416
0.384592526451544
0.391953660691605
0.190516526142088
0.362366713966471
0.155452003873636
0.368900474200963
0.358615039885821
0.269666265443474
0.32271817780837
0.305351776857901
0.269110234770064
0.330518123112376
0.319268589007403
0.400441352023336
0.309903580810438
0.250696006065365
0.416280020175366
0.285136847971309
0.341136801828674
0.337404589963171
0.0965275235379134
0.455592050382028
0.367642653238696
0.428090681172906
0.325167570316654
0.455494690037485
0.226029145618747
0.355473924673787
0.415632073480416
0.309205145253623
0.22785362222156
0.335277119302585
0.253448144280534
0.342880161837007
0.309624410662866
0.405504209255527
0.477386507309629
0.437495941657293
0.456079926240474
0.429308898423276
0.330729799501891
0.30493046523066
0.392541226417743
0.324857482947858
0.550993474960394
0.343600826921084
0.477288910924218
0.547928804873557
0.501696432566505
0.351229218075109
0.515527873453616
0.313206231082049
0.234482568042563
0.328315928210272
0.485249090392594
0.401083933372649
0.318376664846986
0.568317491693456
0.348647897872186
0.393774143156352
0.356656081317299
0.385360584492941
0.273199588279963
0.412048364865173
0.415070385416497
0.335020751755606
0.573871956929993
0.521463635326579
0.379513775516967
0.438835332782617
0.392215897062087
0.424398675584871
0.46142145864217
0.562507986042571
0.517349548302655
0.474815742342537
0.48534514789952
0.582570265396098
0.539948991758717
0.47682416220965
0.635639006437838
0.509593132277269
0.351328453994917
0.384841897035429
0.397240317768573
0.330179232427344
0.49113107808315
0.49916832961861
0.516775087105366
0.496513746584728
0.542489506215269
0.383157354191946
0.399503657385168
0.436331125837593
0.447304283997196
0.561276718914677
0.644110710969413
0.46789094305225
0.596951764954444
0.386143265272167
0.53161586184727
0.487628687750783
0.547075615202007
0.529339434498778
0.44391337491487
0.589046305122544
0.479689519995125
0.593743074134499
0.411884192805252
0.4484723445996
0.541116855362324
0.56479065485639
0.503319704704849
0.502694283659713
0.507143156608887
0.509271908554485
0.286019999813914
0.460222240315966
0.571568809296951
0.389518396097657
0.446736496190978
0.410334771675902
0.602788447645986
0.555794976812748
0.550621106412283
0.501363949933554
0.500071301947594
0.663260996076631
0.474683478880817
0.602494963840307
0.480524660890363
0.541910011792855
0.489803586287853
0.461772203550627
0.521248607267038
0.55258126178099
0.532310973889516
0.575501889774116
0.663311823778292
0.715133581403233
0.574236466701744
0.611093532244076
0.598338688722919
0.672111227071646
0.55701008141612
0.548640519775824
0.636283426203903
0.515756976947565
0.61020074861954
0.733965689340587
0.645663577923679
0.552719639218259
0.639558339102522
0.67775565888853
0.643942915891494
0.442244575051632
0.622080947444191
0.516628492343672
0.659890824499661
0.601668747784115
0.627750790440177
0.717301257069328
0.474968302582313
0.630819416584819
0.566997209252149
0.618446481142208
0.569756759222475
0.804429433543086
0.581240700081197
0.534355727113476
0.597394485621556
0.816061975732101
0.605396716967858
0.592885367675778
0.639333904133822
0.725984980127288
0.597969978304484
0.545530582267344
0.627702549845733
0.649830292122004
0.794461410041756
0.776490253812157
0.659251422387179
0.889497865715221
0.737785737280672
0.552241955810956
0.611885365110227
0.76859555030994
0.754420087925698
0.684918973611105
0.623707247706618
0.648749374049358
0.746526870146462
0.777853990719949
0.971639085570175
0.810833307785516
0.676798178755849
0.718456332812682
0.691574149773513
0.713484559934342
0.730451673483541
0.690517566180293
0.65508489778644
0.712606614738936
0.548967572787662
0.727462674983158
0.67038233357156
0.783840521221989
0.768966039657682
0.690121289854357
0.59251717464034
0.754309351060223
0.909599065998773
0.817483598789203
0.576824859062999
0.621040293727804
0.745775093390183
0.646353118803022
0.652464214087279
0.621870849846958
0.76072482141437
0.616955200201319
0.809727152727681
0.653827850694889
0.795205873482244
0.764559106392488
0.720298536235623
0.815053478663328
0.780617110093479
0.533083707880757
0.596406984705457
0.66563887435995
0.652492137850603
0.875623896518945
0.781004682880296
0.880669716872401
0.839926079225817
0.744993539611413
0.789604326659799
0.86675319902124
0.837883270829528
0.767081108059146
0.777373912125866
0.721467180689243
0.912650849882557
0.776656277064416
0.88985324359481
0.878394047111966
0.803051796054765
0.869087866761027
0.850295097136586
0.853478763554533
0.835147172544659
0.873250270156125
0.779948153641665
0.967791712887942
0.675231765716306
0.800625638707588
0.797845363057629
0.891384185786894
0.936413379507564
0.870934048614178
0.859301331372679
0.906989381646045
0.695729284766571
0.780755048677799
0.865680627447147
0.7318005672065
0.705553018809131
0.986089148937348
0.8795373115568
0.718759758504557
0.961974400724324
0.76976646004507
0.942860652670927
1.03431547935373
0.869680247254223
0.934248202715646
0.647514304645019
0.881977794517582
1.05078512918996
0.798730118956132
0.843339066848148
0.886039913991942
0.917705912008778
0.822379903343271
0.878049564384255
0.972558559329838
0.936359984201684
0.892664324141154
0.946636089256145
0.770112247646721
0.87769160634319
0.988222761519973
0.941735895453141
0.839668938260707
0.803586880126608
0.903995373449967
0.84645052915144
1.02203344982554
0.921726331071819
0.970771968460835
0.947582909200259
0.876163021676641
0.823816951077366
0.8997516508522
0.976443614083646
0.850367249970095
0.908290409204696
0.910291161264664
1.06662879279136
0.824687992572705
0.840089445598331
0.93200569830393
0.939817584135835
0.721658502577416
0.983914098415613
0.831116222348353
0.888440477021617
0.90040738857489
0.996117900964744
1.03350329164868
1.003892451197
0.875441786486755
0.925784783677805
0.974622235301001
0.78532314423731
1.00391804912257
0.925494795260158
1.01124899267759
0.892115618190024
0.80731347602938
0.86734691157577
0.961034984698659
0.959890423316752
0.842475602995439
1.16081387608796
1.07528195485418
0.93528864989267
1.06424751758884
1.06590739960121
0.87408711526957
0.938211944175377
1.13630923383755
1.16023212328252
0.973379198931203
1.00012023592946
1.10934515687392
1.01771683912203
