-0.982486353603299
-0.8637655962699
-0.872223375697931
-0.909352034746507
-0.768087399782218
-0.970852341450322
-0.966521449104991
-0.960869935229936
-0.958400117742267
-0.918137940718917
-0.838931236504337
-0.905913919173585
-0.898191312435627
-1.07266039560485
-0.925742154284852
-0.918790354543907
-1.04121895493041
-0.923774181455809
-0.875114447350264
-1.09772291448299
-0.95117801393483
-0.93603081347816
-0.804165411098473
-0.944993059192128
-0.913244324684433
-1.00432604798819
-0.894526804236893
-0.919075629701936
-0.935189014503596
-0.878611167392627
-0.979219950297936
-1.14760382864191
-1.01598313139017
-0.949687070637371
-0.964454527142604
-1.00593288565156
-0.91531300500804
-0.880140334836219
-1.09508672062334
-0.918290194678191
-0.981034315630434
-0.810578256936924
-0.856970700314526
-0.873121216820354
-0.799770564589697
-0.979616743212473
-0.965655296912136
-1.04017044357991
-0.907029273122416
-0.84421053049638
-0.910151927807637
-0.911228699504636
-1.0595948033089
-0.93011963658854
-0.701369274536816
-0.794976718096571
-1.00746357843745
-0.840216387265987
-0.891346307059827
-0.794920439314031
-0.80504639546387
-0.961053964369863
-0.682844560659893
-1.00465332515098
-0.986914267371307
-0.785378815130159
-0.766606757995127
-0.852737959401638
-0.875477995880406
-0.856498456645749
-0.819509616465155
-1.05155650798039
-0.954152546188643
-0.836157721823468
-0.888213159618809
-0.750844193200081
-1.03230683305695
-0.780935707901337
-0.785025264073517
-0.76184439813581
-0.789675012315381
-0.943465406153021
-0.732853272998009
-0.773633271151124
-0.891241925847115
-0.871069172851801
-0.653312876478805
-0.841037441953741
-0.786511238548316
-0.780065327137427
-0.95312844374061
-0.59514305547771
-0.779874398871617
-0.828862960099672
-0.705214355531851
-0.816850063942965
-0.838898380592628
-0.875123183030016
-0.859945694040226
-0.603857924600764
-0.870827169939884
-0.726434224328386
-0.703465786828549
-0.761486585988542
-0.968032485999593
-0.907334565339471
-0.796338444606988
-0.678473844104381
-0.71031218051275
-0.933766548973725
-0.617630569131017
-0.695640729692934
-0.769879663289008
-0.78179768850285
-0.813008765995252
-0.781625625687987
-0.751570157191313
-0.757625233053159
-0.817140461697475
-0.853897555978004
-0.722456125337336
-0.79489379447831
-0.778263756943325
-0.947973167380422
-0.770981153574117
-0.806314110943058
-0.731840150163749
-0.770415579556959
-0.645521537454939
-0.810474717254585
-0.766507539559498
-0.623324856976752
-0.948284278629654
-0.725208369574732
-0.728193167612
-0.833223019347632
-0.545588426974516
-0.67191214773494
-0.811334276660603
-0.70643286911035
-0.785627210678339
-0.722287035751594
-0.729622071712369
-0.724940781312124
-0.735020471048903
-0.749873310795503
-0.509374692637343
-0.688942470211458
-0.756773137316286
-0.681269216892442
-0.670159939855684
-0.575919604153434
-0.711979780340701
-0.867175144352816
-0.618357374891837
-0.64760613128396
-0.584357600984669
-0.626208378769395
-0.78553218981936
-0.72616649615113
-0.792450905152662
-0.656269573404557
-0.561248743649168
-0.600689827538497
-0.687602883476952
-0.662383489950737
-0.707342055783347
-0.679781626604425
-0.597664332997022
-0.654241804882092
-0.524691234902746
-0.640821204127301
-0.611163413294085
-0.678313666624677
-0.635237915642932
-0.766812500966414
-0.49212816493816
-0.603915742299615
-0.681746838503425
-0.523929399219959
-0.660301757593595
-0.650171028947229
-0.630850920811309
-0.679027745970717
-0.559257953526623
-0.687841268259395
-0.732115550711741
-0.418094762519701
-0.527377626405381
-0.547115467151971
-0.650630467518988
-0.648768916953179
-0.654854664648112
-0.62594930891369
-0.537780258022303
-0.687087244187801
-0.68930413521491
-0.609500905109631
-0.627405812812413
-0.714838482662703
-0.671966460626655
-0.545596701609584
-0.612821753408586
-0.432650610948489
-0.680084561093893
-0.62442496699138
-0.55450820455178
-0.670058619266703
-0.580877466449168
-0.562824986701236
-0.461497019240882
-0.430084164722788
-0.454385716518017
-0.521603134415772
-0.583114308964181
-0.718624969235844
-0.480497414021248
-0.493114097069086
-0.479023214113793
-0.644241090306437
-0.698667684100579
-0.488406645700029
-0.596862942230908
-0.572669921671446
-0.523178549066149
-0.547293109007829
-0.538810551901752
-0.625009140442103
-0.644621508227798
-0.549071651909965
-0.399854922765196
-0.5224268890053
-0.375115247485597
-0.565752862686173
-0.507345194254588
-0.561863507118082
-0.392790661214138
-0.720298021210509
-0.661661960381738
-0.536654864184922
-0.601688563530799
-0.525179459194564
-0.495628855812406
-0.488706467372409
-0.47798521780114
-0.580050894272085
-0.372953686899147
-0.519748838321111
-0.47795766173404
-0.345830187354333
-0.574987703717858
-0.40921124617773
-0.446670543955138
-0.416198332226399
-0.614674116426861
-0.499558411236854
-0.573711417336079
-0.479410684335882
-0.658251211191575
-0.601061355414437
-0.426787604843622
-0.449578838780564
-0.543758168063204
-0.41779071573405
-0.422645672041372
-0.538850271560662
-0.496174055676804
-0.366241325805424
-0.650134182825254
-0.50957291131195
-0.512218432989245
-0.439983902053289
-0.418402083469039
-0.41410566023496
-0.386901865042573
-0.408682908911437
-0.510666263893786
-0.409329894829479
-0.522262304086677
-0.641215591699411
-0.40084339113909
-0.50047311807255
-0.437902278035506
-0.367341181332593
-0.461002699287983
-0.528532371832398
-0.461227625926268
-0.444642307435249
-0.434821681781117
-0.576378601619558
-0.39521457488473
-0.431609848771477
-0.497494710191138
-0.478832537265436
-0.448558994792504
-0.310496842867797
-0.561377773723077
-0.233487936151696
-0.386952116992091
-0.455943542166167
-0.427193380885452
-0.443972322493511
-0.553634987926241
-0.334387993364379
-0.42600172774276
-0.420360779253344
-0.304467308553824
-0.563376572655721
-0.394306607377591
-0.42976611235393
-0.376590819696487
-0.392338207289128
-0.438218044943375
-0.358530749920364
-0.363147485605175
-0.386048750721459
-0.445211155283308
-0.399231520276653
-0.371193188244592
-0.346314935907082
-0.365004644577898
-0.424181014348607
-0.320481723711206
-0.354742505503852
-0.382570822594137
-0.576656926062325
-0.363982954959491
-0.257189026196609
-0.390183770828602
-0.32362868143547
-0.395968231976226
-0.397216679071675
-0.393138340929252
-0.430678442938521
-0.458204919567326
-0.431760362914952
-0.310359263481319
-0.326734055150544
-0.406758807957586
-0.41428849085952
-0.303322266866445
-0.16541460943145
-0.539301502279749
-0.254511743485142
-0.315335115017185
-0.197959650562754
-0.1571618229959
-0.250669759934542
-0.301752352878399
-0.330727841337437
-0.371602059790876
-0.356695482363384
-0.344187636776611
-0.16077677699939
-0.393347957828348
-0.486179054375374
-0.328510836093536
-0.303038662652304
-0.343963415348723
-0.392282174475285
-0.156887599617854
-0.390050482387769
-0.336324716704345
-0.374943778664953
-0.179863392751234
-0.303763792587014
-0.289193188820722
-0.277355305567841
-0.340253011343235
-0.294017949368241
-0.126243443099192
-0.296243334993064
-0.211240972663179
-0.305325677093947
-0.367406371290341
-0.25048031629285
-0.285705010050506
-0.302796027088988
-0.22744428217586
-0.303214578519856
-0.19562970553932
-0.0667318699324108
-0.100886080571003
-0.164611259750791
-0.331041240886073
-0.237116945957179
-0.179007951650991
-0.183766173580836
-0.0534593109684377
-0.243306521211367
-0.209705834653274
-0.276318185798376
-0.225390623298734
-0.215869109462637
-0.226942543382107
-0.237896966541518
-0.226604461536991
-0.23323476209974
-0.244304455450208
-0.0719570326322913
-0.313937457753672
-0.248667841579104
-0.188253611540128
-0.222779673071925
-0.223908989351977
-0.17279539897323
-0.148855105553792
-0.418326035630989
-0.221900227251483
-0.179319980103451
-0.144174076050411
-0.170831052638442
-0.233558684408759
-0.175637664059194
-0.131319409737377
-0.125801620156705
-0.226095450380605
-0.215574389017184
-0.116773356606264
-0.202071382496038
-0.225714596786505
-0.071177281420081
-0.108432412343054
-0.134846435792456
-0.130315180910297
-0.184578321717935
0.0461590974458503
-0.25395619214843
-0.236517962402567
-0.12325343016288
-0.102554712919108
-0.190050806778933
-0.14166985672615
0.0836185099663735
-0.068654480259175
-0.196734305494865
-0.221451628256969
-0.147204195132881
-0.0498259743493901
-0.179334638438876
-0.149784992270714
-0.195532770451614
-0.0302043877823742
-0.00749280559093077
0.00240986937689563
-0.165105933586487
0.0164310300177284
0.0212523029263092
-0.101401793294151
-0.184307836084864
-0.144016570908148
-0.123779881358935
-0.0418293302172461
-0.0874193101575321
0.0798853599899612
-0.139876424041408
-0.104712949731609
-0.00483527112104054
-0.054198749346792
-0.0767618648238203
-0.00747025312365501
-0.151686438243892
-0.202881630950759
-0.0716249652764838
-0.151521857719884
-0.0696583593565658
-0.0866662251323585
-0.228096764185569
-0.0603658752531901
-0.179777163890899
-0.0112852846947148
-0.0253457046114868
-0.0382307917110503
-0.145525373208836
-0.0463729014943783
0.0115797181305058
-0.118841614905703
-0.00706499722879109
0.0877360770625391
0.0134626408577997
-0.0732346721344816
0.0314742956169311
-0.12131868158615
0.0427833915437796
-0.0284339098775852
0.113198122738366
-0.166890438603163
0.016407810776702
-0.0682859500447308
-0.0695942153771426
0.0422264407500346
0.0369838404068633
-0.0641554132116869
0.0029877445487138
0.0398245553697261
-0.0946370123577087
0.137775560928639
-0.0347124812392589
0.0849927735415937
-0.0240122968829599
-0.0307130803170941
-0.026731248310983
0.141399145247916
0.0458718456606287
0.0197166338332143
-0.199283405430518
-0.0361649399341299
0.0779014906083635
0.0105568196391096
-0.0789074870071601
0.0759868332714284
0.0655320679925895
0.0814501828680892
0.130195396744508
6.84848315256153e-05
0.135805076208229
-0.0365274730212335
-0.0138089645312539
0.124580762116419
0.104660636226435
-0.0350326326117276
0.037773187222882
0.149722735510293
0.0799872258987373
0.0542930694675233
0.145435803254811
-0.00872108630001037
-0.0295773655768764
0.00750402451938737
0.0792090322590278
0.0564749645230228
0.13178013187111
0.225666724560336
0.253375185528073
-0.097076708023173
0.179646666683385
-0.0255951355966105
-0.00788213683280144
0.116186878686712
0.177121961003686
0.0374502093063635
0.218811617049855
0.00420897402778985
0.0493813416288952
-0.0882357860124833
0.15494825558043
0.166211068753331
0.136231611599984
0.0711982557927442
0.0878862148747333
-0.0627762137883748
-0.00905789888708343
0.0595727358112536
0.238428185070591
0.122087722363671
-0.0193267341509593
0.249160016295548
0.0723742375129302
0.0911225409500269
0.258424469279758
0.138327780645045
0.161962362249996
-0.0360023996021691
0.0387041633640095
0.0239807899560298
0.22134774575651
0.0832920199422125
0.205477782629742
0.0145268901332813
0.123329821384291
0.218974807735269
0.0845723978276358
0.0950652236251786
0.212483842228643
0.248750374756008
0.11666051713951
0.141610141246838
0.121510781103269
0.0956002042848927
0.180628310044787
0.245454250899412
0.199856404970303
0.0762436481044045
0.132107094323916
0.0882450076901024
0.108242622123519
0.189157274275242
0.293156750519979
0.204054621927822
0.202884071173154
0.0332809756834653
0.209416316774577
0.164745550183955
0.161644269622647
0.159486190548452
0.0918645646793641
0.211273120126369
0.191509665922653
0.316939778938739
0.268973506875109
0.267748565331195
0.159077653832162
0.143750692690058
0.138830281945932
0.129222448056998
0.319914614420399
0.195368572605384
0.303864637594102
0.3380611262348
0.386301005795352
0.142252222189089
0.194155607658354
0.261275618192846
0.229793522387261
0.117832932111537
0.226922764098888
0.164236922837209
0.0697476613479578
0.284398245264068
0.128441034101149
0.162832422555495
0.242740109028003
0.263651661434433
0.303749629240082
0.39802414690664
0.122533030683449
0.323871233463091
0.275229582140716
0.190935569526832
0.114373828953585
0.202108985484079
0.243200052274986
0.232527403995111
0.330233932092964
0.216218683919627
0.271784908565232
0.404355868765386
0.265648155331183
0.139446663461673
0.19467176684739
0.19313844734022
0.314007616514955
0.246198052095658
0.336383077524061
0.220523474162977
0.29771664797442
0.278126249414903
0.145870857455556
0.25134400538195
0.312941210901876
0.34104238633818
0.146990580635065
0.281686610415579
0.26695517211808
0.447546093851573
0.359193442144509
0.37013598463942
0.526212051543472
0.355872480900366
0.310553339198146
0.21655186332567
0.355558210597777
0.458194883961109
0.283311547815735
0.164222562804191
0.384149038159528
0.402912466132336
0.349667359486787
0.329886230909486
0.210487548123328
0.260684178855103
0.369366437037502
0.342494822763951
0.255473665845947
0.317871420916024
0.501328028394875
0.477497646042183
0.277607958178981
0.290212775056153
0.305521962448123
0.269565320551866
0.35421995673874
0.230992653969638
0.461173589712971
0.361903151326371
0.33508897530185
0.436572558441672
0.419955329204186
0.413141963961985
0.472867425174554
0.517857163482691
0.420900028422789
0.287285265658866
0.367161023551126
0.379832579844747
0.414607854877228
0.336636144106858
0.236861409624373
0.320863618842037
0.412685772332195
0.363015729692335
0.424164365152618
0.439217684767014
0.457136674764399
0.342976226608957
0.450600837551885
0.243882572832398
0.437741580367535
0.37942824042672
0.578161613812459
0.570473426378912
0.361155247875606
0.282359145173134
0.358508668366847
0.463786745894752
0.435333406744715
0.409619270608232
0.426114882467513
0.471287013574766
0.564746896118247
0.462374996417425
0.510775138115632
0.435908614626237
0.257477844923989
0.536089329480602
0.54304074586876
0.473745926000621
0.433439810096164
0.268841634068922
0.290006901430731
0.389846062891194
0.493688620332739
0.466794460498783
0.439801874446115
0.344748193231237
0.380949464534473
0.459894037347389
0.537326095425853
0.485495574352148
0.319207340350596
0.495007143403629
0.375255462787786
0.371741161796932
0.376924417442215
0.540573814443785
0.556594513955902
0.297260430649077
0.382598696538889
0.516982654724549
0.568165890181602
0.48974444853579
0.517130488734367
0.430945450041068
0.463371105261785
0.592547787689417
0.371241596582284
0.65951325224154
0.516230264350807
0.381528973472681
0.464895113629271
0.615771675503922
0.591942876468404
0.54927621170672
0.498036770699212
0.497277471689933
0.58308430720087
0.55300552236995
0.633216678503107
0.600853857203015
0.597881122343021
0.477983044664935
0.522234723890846
0.506095319483996
0.497309148724012
0.780794761192056
0.606933331306569
0.499036145283157
0.381121500436486
0.548325956904099
0.674144373363413
0.535389568136238
0.646423209763518
0.472876176420493
0.574360359999338
0.721475221258942
0.599112676362501
0.583778439776962
0.674812498532804
0.613626337296954
0.550886062461607
0.75954668072882
0.489797846371792
0.622075321697744
0.52363049255101
0.571277121640631
0.561680915109029
0.655590353149723
0.633623844851891
0.616099490832985
0.549254270878882
0.577898949287581
0.482899356330909
0.557342795280883
0.737855653573628
0.586832811851192
0.605365569502288
0.574401288146809
0.48669615383309
0.666741244152339
0.586612097116229
0.8235009569323
0.611486016233626
0.493743468977743
0.620432001900522
0.572874257919614
0.711249212591363
0.576973079489465
0.720814871928617
0.6551556105576
0.763837394494006
0.676080572823458
0.715957603167488
0.65313585418766
0.748529262211777
0.643203988402411
0.550122269272175
0.747834534359853
0.598815448025966
0.665696424651232
0.784820089618103
0.738563422292354
0.722689548279122
0.708116670469249
0.612175674365726
0.507044888983912
0.72800635839477
0.598353859252926
0.592367525199329
0.814490402241666
0.688504848441535
0.530401519152864
0.542968138639551
0.795901215201892
0.514529951318337
0.697197284197617
0.616182914973793
0.848347669360853
0.732796886015068
0.683996117481774
0.726030420136764
0.705287144622458
0.744716696610025
0.85338683861814
0.638547460964471
0.750906515989571
0.84093304534502
0.857167520951214
0.730620293957667
0.810216968490467
0.803399027229229
0.683846732628627
0.80225824893614
0.707170401172999
0.686295067260136
0.720885989811447
0.815549686046799
0.79558705052949
0.665329599186615
0.772428770823052
0.724112662336213
0.711532330850338
0.684610842552496
0.684327766409887
0.885039577093266
0.837240954914348
0.713104901645607
0.786253677021305
0.77566305296903
0.72733426995982
0.794235373407621
0.805948255820169
0.766791723645986
0.853289305924219
0.805712261469883
0.852371116751025
0.848734894185545
0.67168000546757
0.79849734747655
0.827754414207824
0.738995562787237
0.894876598733169
0.747449486842177
0.891529094738488
0.860105452826718
0.952328527041567
0.867127670594419
0.854675230513546
0.733735618620985
0.728327568316833
0.774228087428816
0.853998329213174
0.852495190414663
0.752973997137469
0.878432283284813
0.748052822804508
0.932020046064247
0.902522069709653
0.710583315579389
0.910559301161137
0.738528524662447
0.688093582570699
0.726684839850979
0.759584710172129
0.973550871542099
0.97134151733327
0.914389468999874
0.7748083811501
0.785298753495408
0.741649229050999
0.982692159829076
0.805627101459396
0.861650373545561
0.822089595019429
0.856744276440984
0.787649247533459
0.870589427012214
0.856085520119168
0.836459424194091
0.818123514062885
0.984695318942477
0.720998573025197
1.00630335566476
0.884461698247498
0.815444377390396
0.817245020356681
0.71280781653588
0.732469704706216
0.920340629416804
0.886721332474629
0.89349817482813
1.00184198444811
0.848067836131974
0.899971295912009
0.963676743906617
0.872551968221884
0.783653771467547
0.885027096520527
0.894358318806288
0.948773007159963
0.987698539834189
0.983185022284173
1.07513138309502
0.972131312873254
0.944640338277929
0.888549033071259
0.981510693918774
0.994632160083688
0.887390911996073
1.00854793125491
0.860865908020324
1.15843118177505
0.979200175560484
0.79820356333997
0.967584373918164
0.913562863135083
0.742581524322267
0.906768853724568
0.972428701502026
0.912520101449779
0.818870059695613
1.01382562586874
0.956464729720076
1.00513031968279
0.937015960005452
1.1056795986314
0.7996552614218
1.00703923515596
0.882914349063346
0.857588778717152
0.878656312521349
1.0704857592726
0.884783813667562
0.953845559777614
0.998138464726824
0.925785893019064
0.963518444338241
1.06941692588719
0.943621994497347
0.934938853616817
0.917612299691763
1.00945076178721
1.08197985334208
1.00949009872523
1.07018808710774
0.912395583641647
0.974939209069334
1.05042352896902
1.00677820440114
1.04061520983324
1.01859406693215
