-1.1095842278127
-1.10353429605453
-1.02773480520594
-1.05165822675564
-0.982893296380444
-1.18440660228345
-1.06524474828102
-0.918911125186959
-1.02114107771453
-0.841432549706634
-0.921978272552348
-1.07665903157836
-0.998721983693679
-1.11822088379193
-0.942393909320009
-1.05239677465613
-1.00871061048736
-0.867564169489402
-0.939501478301712
-0.882575615715237
-0.931631773342645
-0.886995800134943
-0.994347628793048
-1.00573207214906
-0.995462204930357
-1.04958577175605
-0.90287561175801
-0.886676767031969
-0.840045129071025
-0.890979414191999
-0.848349721319767
-0.999602981887132
-1.00161416910242
-0.836607689796623
-0.918888793901814
-0.928556579952211
-0.931371572340785
-1.00319491649709
-0.835629610562217
-0.956884066155687
-0.940501250865789
-0.907331296857273
-0.925352535833204
-1.08630238487092
-0.732427120428738
-0.996933410342928
-0.898633792837927
-0.902077350768573
-0.903483234424884
-1.01591649177038
-0.737318445976499
-0.921439517848523
-0.858986605945617
-0.914302432750078
-0.876428131034009
-0.813865473202339
-0.924044977430288
-0.731918554582077
-1.00414141692845
-0.841755072645043
-0.918560562581174
-0.806854716727698
-0.821555169932005
-0.87516782876417
-0.740955895520142
-0.848552053996444
-0.94442211050085
-0.81257006501076
-0.801063397518036
-0.78374966417076
-0.814801061018628
-0.806757334408397
-0.929938378073086
-0.816073031297083
-0.847863655964365
-0.849838225796497
-0.86904974736308
-0.754080056496243
-0.882441760647523
-0.856809661667346
-0.933149650192106
-0.910085948475217
-0.865031042717428
-0.881478082840165
-0.672307036076519
-0.935798406582552
-0.821178079266734
-0.857269561343782
-0.936209064625476
-0.798923056635904
-0.853745981274273
-0.899715238468979
-0.935010210011396
-0.660674659186821
-0.819222686099436
-0.869189699142992
-0.749970055269164
-0.829670854945018
-0.888067741347771
-0.788999061501004
-0.922425432705547
-0.797772156961714
-0.741977617386228
-0.913435615800528
-0.723523499068332
-0.827217840193108
-0.870499472996271
-0.825817551859818
-0.770111235155671
-0.76593069685394
-0.729826261483878
-0.748842118024552
-0.667273547687641
-0.803073737244917
-0.730765597204563
-0.805262572713693
-0.803569713448256
-0.718558978422423
-0.666328295361984
-0.780382026528808
-0.717630708176482
-0.9185632581409
-0.676630298453955
-0.693897151544292
-0.681519718823832
-0.853094096201401
-0.752913767862016
-0.721850889812095
-0.823603925682311
-0.770074797313017
-0.666890745298674
-0.820180508657592
-0.704112513794217
-0.638512019772556
-0.70287012069475
-0.728772258992619
-0.759435808441336
-0.837870240317949
-0.721265302592157
-0.827266112724938
-0.840817659617201
-0.641602157501863
-0.642902659189621
-0.727623629982589
-0.621832090498454
-0.676485961047047
-0.533688098840237
-0.436431928177713
-0.665212386410131
-0.666096176759549
-0.630659829232847
-0.654404597548474
-0.732386300074793
-0.508436766007367
-0.568252441170047
-0.538213085288124
-0.656721702908377
-0.438160241259238
-0.751379525305098
-0.744884871123062
-0.575135718981613
-0.597008525040882
-0.59171315913793
-0.603650160408083
-0.685322725960816
-0.696877386640112
-0.754505549125428
-0.701903196546435
-0.642503697942744
-0.623362444354839
-0.566866205398893
-0.65162962756151
-0.619075120359858
-0.621361300207423
-0.615630231754004
-0.709324864891846
-0.682734949755722
-0.654464773424442
-0.501921665935675
-0.687504176188889
-0.666207882401813
-0.526408583686247
-0.685743348844498
-0.65367378476735
-0.509094940595914
-0.4850538876126
-0.687484249171689
-0.698509690842126
-0.604985182132497
-0.650870600391193
-0.65252778709009
-0.53232692910184
-0.634859964004492
-0.72567876054341
-0.632628325140878
-0.682957135984976
-0.621073065742773
-0.822766108625618
-0.530242250012878
-0.580154208623044
-0.474613773917249
-0.649659191398326
-0.462899749689329
-0.585172052825379
-0.663545725245411
-0.5579356695819
-0.621811380726708
-0.562650792895338
-0.597108550942563
-0.479694064396916
-0.528722368986715
-0.573956602044333
-0.632857669164782
-0.411599950240603
-0.435330047030892
-0.624885895450834
-0.626028719809832
-0.697683708539844
-0.547321778107914
-0.5133689681557
-0.598719631405501
-0.423893766662093
-0.473590227904149
-0.668488552929036
-0.453867861761955
-0.72681939930188
-0.423298226886052
-0.598604231851035
-0.592909143516579
-0.515255716282757
-0.458193905548728
-0.574234131994907
-0.538514518644766
-0.684088645774358
-0.659720415049379
-0.581470107947636
-0.479048630960991
-0.429788248298275
-0.555834278231112
-0.337866099105778
-0.453459827240933
-0.608772189894866
-0.438360696212583
-0.413346430955501
-0.526637898883192
-0.553201806388095
-0.494566920058341
-0.484744549812581
-0.384608781164342
-0.520975955430352
-0.427380333317164
-0.473266629631812
-0.468838397557002
-0.607766984281522
-0.635157155136573
-0.498216044723957
-0.52381551889577
-0.461280478603623
-0.444346966317656
-0.544005456484749
-0.464077682712321
-0.55249872325083
-0.468942872562211
-0.514821061854758
-0.454171724298711
-0.33041736306869
-0.560859014164247
-0.427103377648678
-0.579637672277236
-0.62137034640256
-0.310058252246018
-0.497076955717438
-0.464011726384668
-0.403184108016367
-0.388086349543549
-0.464300774994361
-0.505275200240722
-0.408127229697207
-0.505329683145437
-0.42405539936222
-0.509007707749438
-0.40926391392481
-0.325574764179616
-0.484060663239828
-0.353617562797194
-0.46943348438525
-0.422160244034546
-0.409636739616784
-0.490390349053512
-0.34685483944524
-0.431771500976292
-0.350561645112782
-0.436960471654067
-0.391128448901622
-0.536883341969755
-0.616520285882152
-0.521281707249889
-0.397165640462396
-0.337903038003098
-0.453751586635254
-0.406365731277012
-0.470939038244834
-0.349685889247857
-0.36903470395337
-0.388651377159624
-0.357619027743937
-0.464190139660948
-0.424407655528149
-0.314671315780263
-0.321989524484397
-0.354705408275862
-0.450903410720237
-0.436984313468081
-0.389094349615088
-0.309319284610052
-0.40294646025599
-0.235112271812363
-0.312892083837895
-0.231626358942557
-0.326897629130297
-0.337665020736248
-0.256338243809623
-0.379361497777546
-0.170938749393388
-0.304527160825976
-0.380925789001059
-0.312831411052595
-0.266172770317225
-0.218216732309328
-0.341878913417143
-0.266710614631651
-0.320561941884025
-0.256891919649686
-0.358904237758158
-0.339050718885696
-0.471523496758508
-0.312975800196152
-0.213355583593529
-0.407972334688771
-0.46968928994587
-0.219470162191055
-0.411180543770668
-0.263964204108021
-0.3040981873391
-0.325045129183859
-0.35895249928066
-0.213393454715038
-0.27970966612632
-0.283923912295705
-0.403479748797071
-0.245348433832866
-0.276724634205371
-0.379287137690078
-0.401225212287323
-0.451112737732238
-0.142296324248528
-0.265348118594153
-0.279974815924516
-0.179001619413744
-0.278813330016184
-0.167610349235374
-0.286185750611177
-0.130854830007911
-0.308086590548914
-0.367088310229763
-0.295783228759238
-0.314646058869118
-0.0933772305820565
-0.232275775619359
-0.243402834719704
-0.284028485587941
-0.296457272694436
-0.296922282286515
-0.104746282879217
-0.32149347738571
-0.13478983315672
-0.498910506430462
-0.239667671105608
-0.078740342209568
-0.0885351320669355
-0.398889964034308
-0.281744092782114
-0.0394482109773973
-0.359056682557795
-0.204562255175007
-0.27610956751004
-0.0607377473640522
-0.236459819710573
-0.22640889277006
-0.192989420084663
-0.184208496151895
-0.152837955703341
-0.0670636321663052
-0.278862331834129
-0.23582487760149
-0.23861206164464
-0.192492280027487
-0.182401834198045
-0.138821738280537
-0.222243125691501
-0.14758324683005
-0.176475469432991
-0.156186751519865
-0.214020500593716
-0.123801530920302
-0.08150939432267
-0.218885799253849
-0.3141970334408
-0.164414838117004
-0.0156709228128051
-0.241949461875575
-0.317584334421399
-0.199664522617639
-0.0704173602634008
-0.162297601248852
-0.20554726653565
-0.13127351720247
-0.138189269335092
-0.21524699208863
-0.0620122551369023
-0.196860224103832
-0.0564837247403812
-0.247820628424932
-0.125959473588701
-0.292850820364272
-0.155296818870057
-0.0886210731990134
-0.219653142022094
-0.00940640651053229
-0.151371974981531
-0.15835413148491
-0.388590916451961
-0.125471026125741
-0.0521361176776135
-0.222261530369744
-0.0265370781498583
-0.243026720588261
-0.0567630701442641
-0.127302124386681
-0.280789055159554
0.0517845911092233
0.0198365427014269
-0.154156217753775
-0.0887249401010065
-0.27484291531898
-0.0486420769069056
-0.124111873490443
-0.152066949150248
-0.239569337787824
-0.0960392828805901
-0.126884213897899
-0.104690895789774
0.0399602911698947
-0.0433028957638173
-0.0847228047667148
-0.110085390766658
-0.0545771506848483
-0.0283883347445448
-0.0878318992742347
-0.0859124372905934
-0.152647421572382
-0.0404023834815454
-0.116553936792122
-0.0374783325970698
-0.0827952673477241
0.0403845013369166
-0.0139896321132071
0.0574820985693347
-0.101541686871279
0.0867397789612232
-0.0597417111901099
-0.146127120317168
-0.0308666985209407
-0.00904104713474961
-0.143113215053708
0.020345590198567
-0.0450561123179873
-0.00240063552971885
-0.0176194407912706
-0.00383250693537992
-0.0419129790877409
-0.144996598592586
-0.111821092489463
-0.0640418996583109
-0.0190705446211287
0.0179440592890646
-0.0829154298037932
-0.0813619023330754
-0.111930850662053
-0.042136191751732
-0.062735945698164
-0.123415762742545
0.00252200940117428
-0.0063100645543498
-0.0284767007114113
-0.0128674729496516
-0.0632970303116945
0.0189254304052616
-0.0957626286209705
0.0465207254431437
0.0360466699538629
0.0207291407306892
0.00557534170288713
-0.0306201219896556
0.0305707853233252
-0.061827318845189
-0.11904794286046
0.183378714963515
0.0107553333058545
0.0581362086376825
0.0819759338551958
0.059020181169187
0.166443973131243
0.0109724953871907
-0.0616222579242904
-0.116835895291951
0.049139565155255
-0.167919414187875
-0.0238867436217064
0.0998640323319519
-0.0108462573436056
-0.045889745796762
-0.000162975617904615
0.111787350673881
0.0376450198752007
0.127100256552536
-0.0401468254039008
-0.0513754882513793
0.127506667236636
0.115612961615441
-0.0231237423255002
0.0225585489544922
0.00985886281922759
0.11029307446374
0.0440087203762033
0.100287221863168
0.113921456759976
-0.0892739057782705
0.0123776979421717
0.124844853545161
0.142217106762667
0.0223238336527243
0.0757252987368849
0.135418454065258
0.078961746841308
0.149289974834819
0.113485363807878
0.0985595989446391
0.120835192519648
0.0388816408067354
0.164724406700598
-0.0194860000936676
0.0159020728109924
-0.0594815820906346
0.0947851785790004
0.0660219065184198
0.11175316313505
0.132128298240587
0.0716123620114605
0.150165944693162
0.0369129466801693
0.158028805024511
-0.0384289538551022
0.181185517429282
0.108892444593731
0.166959568468674
0.0745363937305501
0.118418807398263
0.102077289882398
0.204445954731287
0.248850264234028
0.192793013953981
0.220065909006922
0.120038754820011
0.143060176648935
0.292019961328636
0.022438749086716
0.124614028238488
0.199682200114046
0.246006128210741
0.274317066012254
-0.0163822317438571
0.100707446093302
0.235049413918419
0.185248949645241
0.185708024261445
0.0507830420422111
0.0519230729447155
0.172405820875914
0.293621909401987
0.0805582012156816
0.213617626636923
0.118106174745477
0.200940014090199
0.06982924948637
0.133593809004139
0.170723037794232
0.315310024918138
0.3624865801498
0.0366912222588407
0.14222766660659
0.29123113380221
0.153564111468484
0.17338434086515
0.202304592189438
0.187089408034811
0.222931367450529
0.101392209828001
0.32887763962469
0.146630065594731
0.21686413620107
0.341343401580915
0.156791668207116
0.370615350192006
0.394265433295042
0.207739491324628
0.183979581918145
0.325740563191816
0.414782147748833
0.218594269889207
0.375098447970058
0.259020713108319
0.0955523153126944
0.202446473650607
0.288572925317983
0.10747742998643
0.265402033936921
0.336364459061457
0.391058283498067
0.250005705420913
0.256485214834317
0.18048838249506
0.285719190995354
0.224688499588564
0.194328672096562
0.201226922957947
0.334990077778127
0.263566524610472
0.436083955756727
0.271763511788562
0.355041771577509
0.192130932294305
0.309276907658802
0.28834227231193
0.291915844460332
0.2568317440961
0.203658081215111
0.227817132980416
0.281311347541807
0.310185062794889
0.361599959681151
0.242343541081829
0.252831099007576
0.277671138326962
0.313667464702718
0.402525586656069
0.301995024540105
0.325396513481145
0.403311994432407
0.322861357002816
0.300082319508209
0.281742605731742
0.294312634004971
0.392618211176109
0.362872465451368
0.222490873153911
0.36046613201122
0.470538175089093
0.433142059608389
0.265028324863515
0.317158466757346
0.229282414070951
0.338584108906807
0.334240252321231
0.437900946455657
0.210412681015812
0.388936339207444
0.248281141292877
0.314036286953109
0.259082609458756
0.325877300714513
0.359977234608262
0.403180264462437
0.42438894702037
0.402791306351176
0.403380991427639
0.433861298833963
0.272801907084034
0.484555997034157
0.349672701298351
0.347274110246201
0.484959871004401
0.450135105995614
0.295837193119535
0.415009423572901
0.339491969496647
0.377097168041772
0.407776205251274
0.479897387330829
0.382941991300877
0.356516337506354
0.509503214398665
0.358432913786452
0.405280522156502
0.444577112123797
0.310055578121827
0.33398595217382
0.382938542632977
0.455978830632288
0.475203128784759
0.455620637823876
0.46144326195996
0.454587933329141
0.527949048551782
0.410592458451448
0.376123172441109
0.511145197699276
0.354691974513009
0.527356475207706
0.541421070394512
0.46970263662385
0.603265644931318
0.354646593522908
0.356905832312807
0.246331939765545
0.460056511263713
0.357796293283378
0.401266112777654
0.467024175849659
0.577064676030251
0.46211910745985
0.403068603488755
0.43415896378413
0.516461885793
0.473651222730599
0.53373374557242
0.483529877422308
0.461692813794209
0.540149788321786
0.63233760339032
0.406157260330853
0.59314565121166
0.478551120681617
0.519809019333874
0.531034345702845
0.481390125101994
0.516650058444533
0.5464046826881
0.517561105913336
0.591308178878509
0.438644468460432
0.50694653676055
0.512661889662761
0.405021708457211
0.530147944690744
0.440800261737086
0.580067816339918
0.564700489683321
0.64861213534745
0.542047560181272
0.56192350332481
0.429714791147763
0.479764843890346
0.335886514364245
0.486548452494412
0.611406280099512
0.517994895524098
0.705591182818782
0.412450713350854
0.440653544842308
0.526856002061921
0.663121614368725
0.418315696589859
0.535951518676468
0.507059673796521
0.469582842271207
0.552549959463922
0.571746431561384
0.572566684694001
0.599716806914839
0.577453597300566
0.594984114724185
0.598650490460984
0.585048840910338
0.543605479942281
0.584922306963762
0.613590002172885
0.488378489460925
0.723698522304546
0.590885843765559
0.514395978757577
0.559922809043428
0.538388268271285
0.550649034162066
0.628209699858073
0.754926933554135
0.535097703903614
0.565863752588904
0.515060723872438
0.514659277390637
0.548218093137897
0.507486191325651
0.659630416116436
0.556588339050102
0.717519046368204
0.560100302367419
0.576057037251457
0.737793248267834
0.52075840996308
0.627585146327616
0.507586367771973
0.506466464615268
0.558708649832251
0.52015572927902
0.628466140218736
0.742319920200278
0.737322873343425
0.69297662357344
0.664044026361724
0.616506649195336
0.60655314229423
0.712990413104058
0.528901690378628
0.57408407770794
0.703807146187638
0.587802548585725
0.590073430088658
0.61646655842664
0.713383320090817
0.858964485202768
0.669570553369814
0.686139505482964
0.699582674437745
0.732833360254765
0.581511257574289
0.728572043103346
0.574921572938469
0.699053585409073
0.584152203798181
0.637836686176053
0.666819351288094
0.674187860032837
0.862828808737164
0.526790293167705
0.690491410827759
0.711165501538679
0.784875796000279
0.827739556836088
0.600082942618774
0.715198142294083
0.696567091665528
0.83947255719186
0.712376309766521
0.817334619705228
0.747025501147789
0.684941647655631
0.644854883076042
0.809789832947813
0.715738751468128
0.830029353103506
0.71264406229853
0.750566797044006
0.59117503690032
0.646617584997282
0.75923215013009
0.797767440350711
0.718922595857675
0.810796640568201
0.68856958721114
0.72709946305566
0.79899776028622
0.670346818591898
0.762244596810619
0.634016829550135
0.795572218158047
0.746749548146989
0.69608137862537
0.677431520069786
0.696653574131653
0.668399777470676
0.699068687214546
0.650009463176845
0.63836156664175
0.791815887308326
0.751349325860192
0.758129326199051
0.76273188961801
0.661308193560867
0.61870467537584
0.699567889891208
0.882693237105828
0.839167831867882
0.739492255044004
0.763291684100974
1.01488964457598
0.80891394766834
0.748153086740602
0.669815592030301
0.730782257053773
0.860666195788885
0.838441952327442
0.774166642720624
0.91085212939933
0.784015541423543
0.709290089825456
0.719922316764917
0.801726008707849
0.656136907471677
0.883084380554149
0.602454041389582
0.856116848767523
0.782161828334492
0.9564972619946
0.956763328545886
0.922082412225592
0.886160628466987
0.76096019210329
0.87273620544931
0.720871302751135
0.836964159872151
0.76701601682151
0.820237648296226
0.873266267336708
0.809821444626933
0.683192119551314
0.953599497556964
0.850595347499588
0.878283952572527
0.845047861613441
0.909913697386137
0.873702093828471
0.913185323174937
0.928626883681648
0.804091689806099
0.897766531368888
0.938708320372617
0.85727140494276
0.860414111835391
0.972310416849218
0.950915564058026
0.797521924648806
0.912359313741505
0.855493266858502
0.894211461616955
1.04479885162403
0.807805902912946
0.819485895391541
1.02511890108196
0.944253762248071
0.920759120742128
0.9792301311884
0.970528784575496
0.965765181476071
0.857243410650646
1.03205361604635
0.876283586540466
0.872773217302269
1.03287424294677
0.910420018452189
0.962374166791103
0.902157899320217
0.79713348811729
1.00882803470755
0.892971737674256
1.27695598076826
0.892202877670631
1.02919464843255
1.07774327278968
1.03566078591091
0.889945036425572
0.943144745953178
0.860941720269583
0.879646439247609
0.830129446060557
1.03839495026196
1.18083995857645
0.975996279901186
0.976408846159342
1.01495873775692
0.950211553683205
0.910935697022145
0.987531843106052
1.0563555611314
1.00868530800639
0.998044089122763
0.968829056017397
0.936676598216746
1.05846175061516
0.861048069251209
0.997752652306098
0.907005829106325
0.910125101428784
1.01128411236548
0.75050060219451
0.861329599366708
1.0627664348963
0.980051339087379
1.11741617656132
0.965073193180278
0.930479900658319
