-1.04753796152001
-0.767146498453126
-0.973175754759001
-0.838155504389449
-0.970760222921763
-0.92568706039923
-0.865283785871506
-0.91269198703771
-1.01817497273283
-0.911277153047944
-0.82941593092974
-0.898905830867698
-1.06608744338554
-0.953428406336638
-0.928366171174409
-1.01008177315143
-0.869725545682091
-1.0480588484798
-0.859666849835505
-0.907758499190495
-0.900630347974286
-1.08509217189402
-0.837316033044183
-0.807128869011506
-0.926191440881898
-0.960987585676889
-0.881902633981899
-0.997365947017581
-0.757425335085948
-0.949590471800896
-0.865043871471685
-1.03376730555662
-0.983274019747697
-0.839096073094324
-1.08021315601724
-0.871605331649398
-0.973149791319904
-0.832582141753406
-0.928446471043096
-0.954396022707534
-0.812907349948974
-0.915952017537893
-0.940023588872331
-1.05125285066488
-0.949660866994995
-1.00960923856071
-0.850026127810367
-0.914014893233249
-0.889696364551727
-0.91743979729575
-0.949476282460763
-0.806137433849121
-0.92083311767932
-0.700149402927019
-0.964292711942437
-0.760541942958064
-1.09668770395542
-0.905073148733793
-1.02004650583923
-0.886167046450258
-0.903921634023224
-0.82072912694835
-0.835403482475358
-0.864872974699069
-0.806038396920525
-0.975924088237683
-0.837469085395879
-0.890139448503058
-0.808415182791296
-0.750254990693776
-0.89579359020041
-0.825237540525277
-0.774980276944781
-0.868460953528067
-0.891352129614133
-0.884857446203823
-0.893788441842275
-0.822341125833659
-0.843344775688462
-0.975054242691289
-0.681544431560475
-0.820697464882363
-0.904462946315722
-0.920513305585472
-0.931958596209827
-0.776881448698304
-0.815304254765344
-0.998076955977394
-0.958941874986425
-0.771625313303187
-0.905246630555614
-0.809172461673704
-0.955454860485708
-0.732265546629258
-0.837269899276946
-0.95744264722422
-0.828318446495805
-0.765268394437175
-0.858975691047268
-0.75101279092278
-0.827870293845315
-0.810683710567416
-0.683381569409816
-0.773809297201072
-0.885075306672258
-0.852439648470431
-0.85747959122072
-0.815944359819802
-0.708208844185826
-0.806016550116633
-0.72342188645161
-0.797592423915387
-0.83071036320844
-0.757868242404603
-0.837611541160851
-0.714271335166265
-0.675285845898465
-0.745893681092422
-0.860687182458421
-0.765141628631332
-0.869848809095787
-0.702121094197957
-0.743895360353559
-0.757172267770386
-0.805450090627357
-0.701399258521343
-0.705286692970927
-0.729950826471832
-0.703047164035801
-0.602145899364221
-0.805690077157995
-0.924908775977708
-0.668779220970088
-0.765765649679922
-0.631110242246302
-0.708016413745137
-0.720126286380055
-0.515840980514716
-0.669934200671297
-0.621520846441807
-0.747409274581902
-0.685644526878334
-0.529656934179739
-0.683777032092962
-0.735427336275675
-0.693475230978876
-0.718547880051232
-0.583150209551942
-0.738471828340033
-0.684547606462479
-0.68740050401887
-0.889414132611293
-0.77049551849421
-0.634630890021561
-0.635659255792743
-0.686364786165604
-0.63988738029374
-0.629663083210467
-0.757370451473557
-0.658848823132315
-0.608147387848515
-0.578186752084458
-0.715453590060626
-0.642991097527262
-0.593338106164079
-0.608591285121499
-0.654974226636247
-0.441648874311508
-0.583763565873017
-0.599181608756399
-0.558681034134009
-0.574519314147916
-0.690061866531342
-0.543461005704943
-0.75449531814901
-0.624445606106702
-0.733614285732755
-0.523849971779487
-0.531199530349138
-0.688025277005181
-0.565124884131026
-0.5445573642394
-0.663411828034659
-0.511619789499181
-0.513828434139218
-0.837540944271203
-0.684368576045135
-0.511044476279331
-0.634356683200465
-0.516585042969895
-0.643202357289898
-0.589081098767938
-0.632821843860822
-0.758746823664109
-0.67264633947293
-0.709964043290507
-0.549663845567942
-0.775185842470767
-0.65594357109916
-0.650945638775803
-0.721291041513188
-0.688706189975568
-0.548885044340301
-0.50847733479571
-0.707379098370034
-0.618144232071445
-0.609774448661263
-0.606346660149883
-0.543130162728692
-0.649728075388176
-0.617652469251411
-0.502231377124639
-0.480903537301721
-0.497557779139631
-0.550586900157432
-0.535023266581561
-0.631692803090939
-0.44875799402246
-0.527619326339717
-0.505374710256248
-0.639691356220936
-0.529389642797257
-0.588262556640126
-0.513702793718106
-0.657703974783625
-0.487345228761573
-0.530375354241055
-0.536671610135131
-0.546134297376533
-0.640154974714089
-0.577910607015854
-0.560333671576773
-0.521652275149883
-0.719437845465594
-0.512813838311392
-0.492204656283343
-0.564112303227102
-0.392052808701482
-0.541345923624097
-0.644460538911351
-0.468934775743329
-0.533713490855092
-0.474175596089077
-0.59410477155022
-0.488463813007268
-0.443947541660583
-0.422173310723518
-0.629438303660726
-0.384054538183524
-0.585387180263813
-0.487140154805871
-0.560296866349524
-0.380778738426389
-0.540240461946491
-0.345185337364621
-0.380860151846398
-0.410121779426195
-0.498861671377239
-0.516595706161434
-0.391296473395042
-0.46614004718775
-0.444400829162331
-0.508633680522038
-0.434325476975588
-0.463380028381405
-0.599206140278078
-0.358898080543284
-0.482334101947203
-0.379062804418875
-0.514246124742136
-0.437813909287496
-0.326645955077534
-0.460013607118801
-0.4698188876701
-0.580561435313778
-0.460315162795318
-0.386047778164584
-0.469897277177801
-0.310385891750602
-0.391650333356485
-0.529851333896187
-0.460543164338212
-0.390699105035845
-0.339557572122341
-0.262657218187057
-0.280777828929487
-0.425017570073247
-0.385694327422591
-0.338038302824019
-0.325855084824424
-0.301279062890249
-0.440939300214007
-0.395082005377664
-0.407255312741081
-0.330349121249751
-0.455630052208713
-0.515246335149082
-0.345046823428568
-0.197294621104978
-0.433765884177643
-0.334389709795059
-0.356004501752032
-0.364250647953578
-0.478905778567504
-0.347548303260742
-0.449390430792538
-0.458391114376831
-0.521692233236713
-0.347881582517683
-0.400475096842727
-0.344110805231897
-0.432549764187882
-0.435099624051543
-0.421023664024751
-0.408397812523962
-0.357356335295797
-0.523683900642078
-0.293774373720508
-0.365228477472575
-0.377973033647283
-0.346561239826489
-0.510384485862748
-0.404168183487091
-0.244701150461887
-0.349417140419661
-0.383429851423835
-0.27998945950706
-0.372700843521716
-0.476695976700111
-0.342416278392957
-0.324145885896258
-0.311265735004461
-0.24446329071449
-0.406861757547745
-0.379874724177749
-0.344622985167506
-0.38357790469618
-0.309490992164333
-0.267578091685351
-0.329108047645228
-0.326948057511181
-0.46512368597426
-0.217479763907242
-0.199977111168243
-0.256745505400552
-0.283722721722604
-0.342801940911034
-0.217580792116369
-0.268272778154069
-0.438514908047954
-0.192672272762118
-0.280971132665456
-0.429528838578112
-0.324900844019786
-0.337148264288174
-0.243163409431159
-0.267372414982431
-0.267478666643516
-0.264231350853806
-0.424177513431602
-0.248585852478054
-0.185936382780139
-0.325210659637643
-0.279211620171548
-0.360393526455568
-0.257160002284186
-0.353107950494982
-0.389597967341858
-0.289661925785905
-0.0967120186468215
-0.312490275310353
-0.19392696926984
-0.281879027641558
-0.209068591166665
-0.298688776391963
-0.261517663249012
-0.208853298176454
-0.206476750958351
-0.170933930442438
-0.249633630919314
-0.403794291527071
-0.151190922872138
-0.22399906601961
-0.239613116475016
-0.193044468756309
-0.35540687279503
-0.159200040956046
-0.105922923641261
-0.362766575469908
-0.244545745447622
-0.229697205479073
-0.116744547653325
-0.229491513903192
-0.300234071158095
-0.259157915182448
-0.419016692471601
-0.160201063152672
-0.248836364059383
-0.138617059427658
-0.217645585021626
-0.289013775038213
-0.163246478285483
-0.267459607382686
-0.268914734910666
-0.16330890353917
-0.109911580633823
-0.275287643618647
-0.123215914920302
-0.192306695125341
-0.0859110302557718
-0.149293161172801
-0.14152681992082
-0.290905405226742
-0.19494010947335
-0.270068598983314
-0.235471180397324
-0.073135555535241
-0.154505759070786
-0.114090219893477
-0.10293026436419
-0.216174981319297
-0.0476024449201383
-0.199685606770138
-0.218091652701552
-0.0745784830771717
-0.165642292706191
-0.0426877387552124
0.0390110615732548
-0.10744906912611
-0.148509316640766
-0.119238526351799
-0.181812989027513
-0.0595427388406258
-0.109300350257925
-0.142019757276354
-0.112390352357173
-0.131607040004555
-0.0738471586875022
-0.141490499058656
-0.297245110982339
-0.184859570645912
-0.102952375578861
-0.0641721990879462
-0.072915445808746
-0.265884210787495
-0.0649252565847399
-0.0776599267437639
0.0170757896233148
-0.202338051302362
-0.214626960174876
-0.0507901317772617
-0.105488083221071
-0.101918119603486
-0.153846077400084
-0.0822587525773503
-0.145435493883739
-0.0554464567249719
-0.20890412069828
-0.130116732511357
-0.107296582762761
0.0470871970785188
0.00122275334096798
-0.170135625440515
-0.0974354848002642
-0.191742515541056
-0.116254479079008
-0.274120056846324
-0.0654860460746626
-0.00506294053145567
0.0423112072474765
-0.0547843496409108
0.0497797862636797
-0.182634697627916
0.0152488195506916
-0.0168138252355522
-0.15242934725012
-0.167260547963566
-0.202000734054732
-0.0433235389304248
-0.146942162316477
-0.0482708411187457
0.0248155719479238
0.010747508951135
-0.0503892256936399
-0.154620786424139
-0.0297429186655553
0.0222142838578256
-0.159712966239526
-0.0680300605615713
-0.0934858474716573
-0.0918942412131897
-0.0200250112935626
-0.0558770410210855
-0.0661748044595474
-0.0557476668257879
-0.00459444206892071
-0.0598150707347239
0.0175582742235382
0.117369611617339
0.03931006480643
0.107274467048485
0.0658370072815157
0.297253436752599
-0.0889349863797163
-0.0280012131566579
0.0595628233276722
-0.00138416217350057
0.0532459204057982
-0.0378984323989872
-0.0265979398866677
0.116131059098892
-0.0732518725846523
0.0567106263437245
0.00674210616981493
0.0745266077235559
0.0313728415511494
-0.0123036907666858
-0.048844894173475
0.113764531042548
0.0115835618330225
-0.00961200236326415
-0.0366574523321155
0.097438941973002
-0.00646853872225563
0.0405388893373665
0.0353872983877
0.01746146969459
-0.0747769550881205
0.0544285157696327
-0.05524118288798
-0.0659440671105362
0.0906991669471523
0.0229596261369888
0.296314186847164
-0.0113639879558367
-0.0046494289640947
0.0752667704138139
0.00356629523454539
-3.15574136873403e-05
0.169119229460555
0.120490238595588
-0.0254707896064578
0.188271449579281
-0.00961063846631744
0.0212745422240366
-0.0111371621455011
-0.0183909717211581
-0.116455468595496
0.0296112908376191
0.0217089811046146
0.151249327546519
0.0369801207664174
0.00230126247084401
-0.00900809407985791
0.0960846498511101
-0.039422117552652
0.0624298396572202
0.0979883225253347
0.150845804449961
0.130874071521361
0.109037232219956
0.042230665125428
0.120742333899681
0.142265326074392
0.0461659633579425
0.276661770070089
0.152575897507545
0.103092066768021
0.197860884632594
0.182574478382677
0.243973381987258
0.160364333122264
0.247237539469833
0.266173951525575
0.144761284188133
0.240523576797944
0.125586355295494
0.0845990756953535
0.0939811586903133
0.234330525962864
0.136579884463387
0.0453638514359923
0.173312121674045
0.0555616904407603
0.0915859906006773
0.170662144371926
0.193157462120258
0.144892043480141
0.0805313898945598
0.0624305007275031
0.110359974093191
0.182471335478491
0.19203790863587
0.0676075829854362
0.0952070869363539
0.227563995040714
0.335201081693863
0.21708333521137
0.174186215863199
0.207290318637777
-0.00272849578441917
0.228914816494602
0.195927792250358
0.336644227182528
0.253561213939245
0.335227589060464
0.178686245478394
0.321008077561601
0.227183105641382
0.067983625775226
0.257856691643322
0.284729482888689
0.144951144192289
0.199166978012796
0.13279716563124
0.269220205805401
0.190077557059138
0.40564563451183
0.369902655864171
0.084519424984699
0.391969467659883
0.252056172075431
0.151169054311768
0.305348327463317
0.34704862366762
0.12285381032197
0.214736278424072
0.164418512889945
0.198886342417834
0.138470683200467
0.257433507369165
0.385078137142105
0.294109044274739
0.314418124679128
0.279108091134107
0.170395388163883
0.279930540652867
0.171214076518228
0.230919150731405
0.157271908293713
0.429787723466537
0.305402675170147
0.19035472520882
0.296068911745521
0.341744294682404
0.22423454135819
0.252025073436684
0.373123440158097
0.144360974164146
0.173754192732012
0.419909296669192
0.331249542339751
0.495926145751857
0.328099727203616
0.401667812834907
0.357951387930285
0.261337646337365
0.265829824300061
0.288086796760943
0.385269772804106
0.463739082610854
0.268809362601702
0.359194089203585
0.351871490212857
0.377464985056401
0.398964610259205
0.31812534863487
0.210181633248795
0.427461464638756
0.367706368578477
0.158554886284426
0.526061960709487
0.379733327330202
0.35505290230302
0.334622793328969
0.353989850852931
0.460581191403606
0.404196371912644
0.510146609600032
0.366306939855938
0.391346296693066
0.445162017399316
0.389940398548197
0.457929307116412
0.39496874064633
0.475183986128256
0.442287866864705
0.428563763501848
0.338304870115318
0.256945110332293
0.391303245197805
0.324509745726627
0.375989602578884
0.322844936414843
0.450943623894659
0.275582180878202
0.420010235005559
0.456630120046098
0.40846398496454
0.418461558504022
0.428597310171749
0.286249748171855
0.37327282785934
0.302330763779827
0.499254877735026
0.486416612979173
0.463294224564348
0.43069438519424
0.544041582716758
0.465272792444328
0.440209132089591
0.492908668716093
0.525049836656757
0.501511545479287
0.409650777854506
0.472472975815952
0.338387548138483
0.350066681850138
0.444650440325595
0.44588215424158
0.544541625158397
0.42275478625632
0.431806522727248
0.445384526171782
0.41917730994283
0.462265038638533
0.413279212513366
0.423534247223452
0.547084607121631
0.566229427420076
0.474037736236518
0.420687662971071
0.442409365306498
0.494756043018731
0.38632445700871
0.513167513107636
0.328216075172836
0.535670634907348
0.552369356865794
0.47596039874476
0.369113287273263
0.566427010856286
0.390286246797091
0.634076699590495
0.69070647252264
0.728253521574375
0.391781397465874
0.395430815519869
0.5776810891633
0.449289074660082
0.420871565310883
0.529081783085515
0.361629047326369
0.418859330108659
0.506860929626876
0.431860988239892
0.492293887037314
0.368420398099303
0.512166402785281
0.573768188421293
0.506888504255859
0.36878908190631
0.519181504026248
0.562836898881703
0.42095518561844
0.420444732470859
0.375073227980798
0.571312603125977
0.487429837650499
0.561323608305192
0.578785444079751
0.562653067998321
0.396243288860196
0.421983063970174
0.674551889305896
0.571742253653313
0.57853358744867
0.54708036137847
0.465262267345708
0.714412826386431
0.567479710256609
0.616135013191771
0.38187806285856
0.704355398438054
0.514357061969786
0.625876616566055
0.630623858232763
0.590975972511604
0.500651276347923
0.54327669960222
0.433087994578853
0.653511283508428
0.667759625042157
0.678733694539931
0.548940584053498
0.527560213755853
0.387638731004132
0.598153347629312
0.535428692186572
0.659619701534161
0.58320797950934
0.650692649267346
0.68325026919016
0.615729360061929
0.48204245985158
0.734113587652466
0.721957487458563
0.632895123534659
0.454544827803381
0.735752873209825
0.698501072858425
0.548981550166008
0.722252490106869
0.578010466531876
0.429626081945956
0.550102959471178
0.527996838396865
0.576592538226008
0.641974948850222
0.700885608024427
0.53536091604856
0.701026384215508
0.455989519611172
0.665595929363608
0.668515493988126
0.593221433223032
0.668386407330131
0.592893330733042
0.804321344047523
0.726317480465288
0.733421503941851
0.654723770404748
0.681366904154431
0.565346103715121
0.68571348821984
0.650315937069535
0.377558734497051
0.708895486964545
0.621642140766334
0.607985302907156
0.538450938041441
0.601741261046375
0.715666532418877
0.748891948377397
0.528053339423379
0.684047615666508
0.678396579639761
0.72954609890767
0.627252906915831
0.678416424016878
0.552688770176976
0.783752154488497
0.817474790374686
0.878815872741215
0.694670576589826
0.820909364672095
0.659992668968587
0.839258213237375
0.687771106925242
0.704218837080495
0.768186582894442
0.696093486457722
0.662334931495885
0.781116202103576
0.727866554901009
0.68358910261775
0.630959524922696
0.675259454570981
0.760834592343316
0.878676932512002
0.796964563123386
0.976439170891388
0.835306976260536
0.776880522958519
0.808567950841675
0.819150717917377
0.771302822186836
0.899229186499116
0.842982425760302
0.705530727869471
0.624465792550214
0.857135865097364
0.872382273620856
0.701515887314451
0.777589675721531
0.757858724539101
0.817947591001244
0.848446817545035
0.555722103568279
0.564773886494277
0.788555358575173
0.733924880214102
0.801043025442839
0.749246929389946
0.701758935887546
0.79131671674573
0.738202576894476
0.652304239095912
0.854714746366182
0.775066451656208
0.729429772174726
0.804250150115105
0.748195257227119
0.768174803978227
0.830554180889493
0.881106155881017
0.867195916170583
0.840903183892292
0.825093660488119
0.757900277727623
0.955424481500239
0.799336384105844
0.814529507711662
0.877188007148626
0.673153201289283
0.79923478987089
0.888056792744995
0.852353622701851
0.83917817238219
0.745766929075273
0.807066996764395
0.761353682271573
0.792042700536557
0.85540209675424
0.693096003073032
0.806122793029557
0.800990588336491
0.771973725068483
0.937644816935989
0.749196226947108
0.836673554047865
0.9540482888387
0.931169526023094
0.925086530803759
0.813144651807578
0.93116502417958
0.896877171231745
0.861060603916314
0.803999169272318
0.810690643942891
1.03148441418278
0.935236352362167
0.796941116036735
0.833044548080039
0.925037574816335
0.973395672411909
0.945214936502558
0.937571438774941
0.803178709644457
0.921312629806039
0.966385759130936
0.854266364659675
0.881605459734819
0.926485305583034
0.923764238727438
0.834151603324517
0.962452109902192
0.893431701019796
0.830783851369926
1.01216792235079
0.93197758009277
0.852042891494519
0.947644884832525
0.859175085207682
0.934860999597865
0.849739089189358
0.960009041955133
0.998404001390543
0.995676696039137
0.971694063799478
1.0242172509926
0.932798100627824
0.953771946125214
0.7887947367475
0.979371136416696
0.988015116759314
0.946202244375602
1.01546086644725
0.965246333021435
0.912851332954393
0.984459168241381
0.970331822029912
0.939706761566427
0.950376041323541
0.982174520199036
0.956590893640878
0.932940825417733
0.944115374181132
0.997203257204243
1.10329198493878
1.10060867044921
0.858599817694381
1.10354922608688
1.08608411229808
0.97313910104975
1.12492605679794
0.996267041823473
0.976353401672404
0.985878716231699
0.778835049451882
