-1.07462050780353
-1.02686038037773
-1.08359482821793
-1.06226012542684
-1.12268288149622
-0.84406366988282
-0.797869043065062
-1.09056192344128
-1.00275347674039
-1.06581314575431
-0.996721001869054
-0.95853624421747
-1.08139722192363
-1.08255571136786
-1.06562426866512
-1.02750881211214
-0.850926015433355
-0.983092879249809
-0.875912112745914
-0.881016593875355
-0.938314014145711
-0.949894738935699
-0.86904022498646
-0.886140259442702
-0.894285220339018
-1.05435070942349
-0.932384560404737
-0.928017821113767
-0.73108985266681
-0.876431316655914
-0.949631635818552
-0.811173831265586
-0.869502612917558
-0.985301482220067
-0.993849913458054
-0.860553112703574
-0.874484122308839
-0.854167531495591
-0.95757088447579
-0.821939097767055
-0.869918629332274
-0.975628850182924
-0.930139362924768
-0.916909094108307
-0.9064959644415
-0.83520356171531
-0.911959446300669
-0.952801810267524
-0.861718157975778
-0.982837887069709
-0.703939723809145
-0.964752980498488
-0.876302972902595
-0.806515535798801
-0.818741288890174
-1.04781520292756
-0.904924733815878
-1.06541139437758
-0.985606868736581
-1.13212612029081
-0.94337988641155
-0.895866337338623
-0.811456457753136
-0.864607227222334
-0.989011033707869
-0.899214399861912
-0.78027762550711
-0.936242160459293
-0.88873840591089
-0.888875893062426
-0.860426382012578
-0.771340957893158
-0.749106794997131
-1.07679630212106
-0.805082469136214
-0.733261340275668
-0.744858939114988
-0.904059141752312
-0.933447768772671
-0.605121362673725
-0.734142321573002
-1.02434396626762
-0.696435451186665
-0.844765252313709
-0.886166167778746
-0.861199542595721
-0.774349570566838
-0.718331232591481
-0.860506822553702
-0.720234682811749
-0.842649184891754
-0.789777890091568
-1.03166576045097
-0.74920714697816
-0.949707207888578
-0.742589204536076
-0.749049365088982
-0.662612634899176
-0.709125813262523
-0.951458370063654
-0.703938123668167
-0.83207046816554
-0.755621355086826
-0.689810389216613
-0.751130358360912
-0.720065159155355
-0.795785679219208
-0.841337437726239
-0.70901394306111
-0.72736608621729
-0.705456150648579
-0.85720304442695
-0.788492175055974
-0.657501618074219
-0.671974118548369
-0.723566628221919
-0.877920324770252
-0.809315312438798
-0.74950953438372
-0.816637986453901
-0.738992330403634
-0.814404868173156
-0.74158375952764
-0.737143889351491
-0.797849382191957
-0.653784478583632
-0.808045350600199
-0.849736085944197
-0.772737007542522
-0.583101320733937
-0.719908296395429
-0.671346909625755
-0.79458943438647
-0.626790288337435
-0.648373539124937
-0.748461855783635
-0.645329075942972
-0.713123855074478
-0.806194595907271
-0.733544010797467
-0.866003807351064
-0.627606272032453
-0.663785917063499
-0.495922575127781
-0.656882088508718
-0.711247996873345
-0.687094823841377
-0.719235962935259
-0.75015663238492
-0.680287377460906
-0.733910155195713
-0.527207976799635
-0.669305036718777
-0.644973312689579
-0.68573064189281
-0.772319896483213
-0.716396488551079
-0.535218884327317
-0.723960325692216
-0.779035227612365
-0.716235133439594
-0.821743299572005
-0.848946880201467
-0.817953026615968
-0.611929042573797
-0.504196009394971
-0.834494750372657
-0.682503354487483
-0.716579194060411
-0.737229869151841
-0.580905499433722
-0.717853417619293
-0.566015615155616
-0.660797269847849
-0.647403314652699
-0.635383811233185
-0.57098193349326
-0.684901850927369
-0.695806095041592
-0.684459865194181
-0.578155367960431
-0.500129366255553
-0.725774987994935
-0.565952240054164
-0.675473541347987
-0.693639075305262
-0.728005402876815
-0.612898304309683
-0.678489255396508
-0.656993895979029
-0.599858094214996
-0.594547240740802
-0.673314375612702
-0.633959477746294
-0.734614411740159
-0.701086069743516
-0.604562419089659
-0.676962835135125
-0.618495992425175
-0.631119454018203
-0.638239990389067
-0.65212522561753
-0.607954416639063
-0.628587756829704
-0.53389510971655
-0.431973047571746
-0.442234035277235
-0.628088424785034
-0.615097695961069
-0.678922463009816
-0.575638367584376
-0.671280293915462
-0.537504217587232
-0.664242864105996
-0.58201368647504
-0.682264579435246
-0.517812766575686
-0.556201551265676
-0.599685012174224
-0.484185342023581
-0.547982481226308
-0.58016325888199
-0.578528742242094
-0.483784727707382
-0.661505555837317
-0.519497086149038
-0.502525011685426
-0.445911180716629
-0.401165572943519
-0.555145967835934
-0.613181137248812
-0.486475613548688
-0.723487400656007
-0.513464867196054
-0.578408325155014
-0.541887776259048
-0.389719892659688
-0.514801829819127
-0.497298232883707
-0.46510517410434
-0.526276736341037
-0.541912436143459
-0.654660930243379
-0.611967244539394
-0.52134856473539
-0.454505681833308
-0.685897664694227
-0.498532396027548
-0.589082410695967
-0.570810170012717
-0.451638835905443
-0.54111554130741
-0.419232057257831
-0.388936039720836
-0.457853578020971
-0.634802859795942
-0.532164445782687
-0.419146096048768
-0.522123012869971
-0.526096602637239
-0.526076336619786
-0.466691556426077
-0.485275103630657
-0.475246564262007
-0.62729892660371
-0.60602056169734
-0.485959349300664
-0.469598374112136
-0.456138052893378
-0.514491229367542
-0.717788777818499
-0.438640143307432
-0.455110357745398
-0.39831597789742
-0.369315178827047
-0.393160825509855
-0.557622891656349
-0.406684562086202
-0.303914966205954
-0.541139991194777
-0.302774200308847
-0.488376595451623
-0.417469696787704
-0.537254792615324
-0.504158769013587
-0.457231577503226
-0.449670414232944
-0.482721613673333
-0.576416464919354
-0.291302248225246
-0.527783980088087
-0.47004467811112
-0.305624976825489
-0.458356653884236
-0.39195907256228
-0.518723288070693
-0.350224410768693
-0.365500874723862
-0.35994350855697
-0.439919748785646
-0.439296989549039
-0.320232581229149
-0.236238322398915
-0.318775112651181
-0.429375283191491
-0.381259232270899
-0.417183403056952
-0.437426005848923
-0.480672199215097
-0.438204836440206
-0.446783254645483
-0.419195567713417
-0.305381989678062
-0.57481944702026
-0.295960484719953
-0.370789800712683
-0.437198541776475
-0.375706811822932
-0.399230881435195
-0.412979110890344
-0.392230882919971
-0.437358934506165
-0.326798879013317
-0.3477638658486
-0.355556278496876
-0.215818064780132
-0.326111831030425
-0.522996935793395
-0.423893832686968
-0.400516337908014
-0.341377403248895
-0.316117790177319
-0.424873882720601
-0.316578824070995
-0.413633489387636
-0.331104342335482
-0.211548180478917
-0.0861420652250004
-0.297612032279281
-0.400311081284852
-0.250737827440157
-0.293368450566042
-0.409691484363454
-0.404460899967203
-0.289733235061171
-0.214112510945724
-0.277068345416892
-0.471867660128938
-0.31177012206638
-0.264316670440638
-0.201155728391133
-0.369395702444365
-0.254887513409749
-0.368798302094404
-0.359673051553104
-0.26713588678777
-0.371768431149316
-0.29739703601492
-0.143192424122241
-0.367341668104365
-0.23846750480889
-0.314148730143972
-0.380016387549624
-0.216716670721039
-0.213939012482001
-0.383022346533059
-0.142212003620703
-0.247433664028751
-0.22359101189392
-0.384859996283691
-0.204054908658935
-0.21609886632114
-0.256094189821476
-0.123257892782379
-0.31579558452058
-0.153605908746808
-0.326159331288425
-0.220870430756578
-0.281605487697554
-0.387918581220193
-0.272445360948437
-0.218799058355917
-0.0553532282025358
-0.301213869181453
-0.25981051799736
-0.278267522559582
-0.287500725167557
-0.256426364744346
-0.161400398726826
-0.131087414159715
-0.327488760469088
-0.163100072010183
-0.151316239128166
-0.315177615330252
-0.237029885240571
-0.238320856746678
-0.161126521779862
-0.241888158665927
-0.253035254635112
-0.232051973668477
-0.292526835007827
-0.247549387304896
-0.325253633400505
-0.0296893809049262
-0.0841230733436519
-0.275875616635996
-0.140441884582343
-0.0943296452129089
-0.166403342407511
-0.219917519544385
-0.110655925017366
-0.18995833182693
-0.131931697861935
-0.0399257586557287
0.0339600314508837
-0.185371748250083
-0.144142210916442
-0.24350485023488
-0.174736216278554
-0.135113817437114
-0.22158326980985
-0.0175744594494744
-0.332885804798075
-0.175580410655269
-0.36409674245387
-0.128954485322765
-0.228644553424848
-0.171096540130606
-0.095976901439261
-0.0904459479069894
-0.226523529809044
-0.0619879430306605
-0.0926087621236128
-0.164995810081815
-0.27050164372092
-0.0947374328608365
-0.286210603081134
-0.183719997735802
-0.114663298375362
-0.178205719675878
-0.0615793042099701
-0.282418346586602
-0.1783266923471
-0.0119705380583575
-0.229316994235956
-0.14874284512544
-0.226545459976358
-0.00496734968567223
-0.0949671526256974
0.0458767461519921
-0.0376051499221673
-0.0947618544157842
-0.159364365406279
0.00331062943672351
-0.18094677753705
-0.0393731300275838
-0.187226383474517
-0.116961960008747
-0.0678674032623557
-0.0681718786304
-0.144992268028685
0.0181760847919188
-0.123979228848601
-0.155879125532553
-0.0464902983121198
-0.104589794549405
0.00139991520852495
-0.139590552323999
-0.130995660747876
-0.137992719195456
0.0319264964933593
-0.0234751943214262
-0.0170927072045486
-0.117616191083398
-0.110951173716933
-0.0938599802701183
-0.113061421706926
-0.087162583502294
0.0882780463905191
0.0010819791218209
-0.0411579899824712
0.0607929330364713
-0.154275548481221
-0.130610938452999
0.00961602138261267
-0.0785321053082599
0.0135301412749087
-0.0189642399985599
-0.00622880414474624
-0.106873058987367
-0.0899499331026287
0.0512826552835372
0.0171953303383511
0.016138182283547
-0.0540089837143136
-0.116313200025954
-0.00614731704219219
-0.0317071031373349
-0.0663566869532556
0.089178035303144
0.000233803652157781
0.0505180485249911
-0.162932311596055
0.0204107689801259
-0.0749405022033925
-0.079126939555212
-0.121624607411223
0.0890368185430696
0.0498470923439508
-0.0376343348841034
-0.0223858125591711
0.147790551371334
0.0972257934697449
0.11978216277241
0.061086186218927
0.00629663230756311
0.0725149938392151
-0.0625536688914099
-0.135341274053129
0.0920353942930702
0.0759138994376907
0.0229565935622576
-0.0177397591166811
0.00739606397181493
0.0554804359572767
0.049928534212196
0.0691301733549279
-0.00334981869428406
-0.0215088813650221
0.0171951524479235
-0.00938369357324363
0.124095329865818
0.135925058344404
0.14490175197302
0.0551840556720053
-0.0159559125592866
0.0388087326482987
0.100885342251804
0.221371324671659
0.0932208138481394
0.114186075225834
0.00307440101976508
0.0567103194232924
0.0827293914878345
0.0763430068953744
0.0832714191394083
0.135398776720791
-0.054531858749401
0.11797318716099
0.138228491706019
0.0670638764395274
0.181877964476208
0.202807648377233
0.0946726549184578
-0.000926240585926848
0.169438749635456
0.188227506030867
0.10408635637041
0.125074537571086
0.31296017301093
0.269383182445535
0.0362051667437824
0.013519550118707
-0.0392735027912793
0.120909791181894
0.102318097928479
0.139484187080208
0.130704018935161
0.0463846678236984
0.0695625019528179
0.163955701250322
0.290836648491192
0.108589446924197
0.307725815456648
0.172889866500239
0.118245149470518
0.244544041673983
0.150928816920723
0.0365105118313298
0.316384047591151
0.261648622188912
0.071103755294427
0.196104041501062
0.275750724427129
0.259797513516345
0.133489425717472
0.178537300279573
0.239924695783192
0.123040063338504
0.146164241758867
0.0836219460226396
0.32182097447635
0.271047410865916
0.0593803233423117
0.176358870603197
0.184094433233107
0.265447999022499
0.205770837599276
0.115368657277466
0.210837171617821
0.197409499766429
0.309325883876433
0.284588916566931
0.282390165742081
0.169315969269918
0.252383477848082
0.148509725835367
0.169492585701175
0.240176087832603
0.209035948962656
0.293748218997223
0.235175634246225
0.231460295873877
0.164821969244387
0.232085894168409
0.19694816973479
0.220106392583155
0.0340687667190458
0.297709462072304
0.349391659627276
0.27245612831393
0.15384919990374
0.230475968284152
0.30484927663375
0.319998007669286
0.317583267030985
0.142532031980041
0.193120747809555
0.19717498158289
0.226894993709268
0.222156761441257
0.207102447023871
0.274165022958615
0.21245824091342
0.148607977526427
0.20964540018888
0.33035453640848
0.168561998370559
0.240333211753189
0.326518408383684
0.291860261181365
0.20515524865926
0.208534252121506
0.250755802360397
0.392261601951556
0.277955723738371
0.384286241633234
0.264131469962673
0.40232738050287
0.262835981521203
0.418436207345265
0.372758555488513
0.412726589458478
0.207718332874248
0.36848026402507
0.148504803210224
0.353180358225223
0.354809920224633
0.249335516968303
0.34107499849582
0.326462380806812
0.281422784983445
0.341546570420865
0.304996088406806
0.384072296780643
0.295406224002336
0.238886373091087
0.415384457046661
0.296016018663485
0.302576258328174
0.345548189804051
0.111437951049567
0.443071089611444
0.364728407620405
0.40429135572555
0.328833547134892
0.457092823516398
0.220075101611329
0.337603643105876
0.415816804427759
0.291471536487139
0.229531867525807
0.306427522393693
0.280384426715771
0.345094136288626
0.315291134803134
0.417195126088644
0.457262642382331
0.428601686378585
0.452669519638003
0.392223473471384
0.324987731982762
0.32174549119601
0.40922217297701
0.313058679579766
0.518230239626598
0.325403085692997
0.46099094536126
0.54548315691205
0.505052086597089
0.342994058545945
0.512383931755493
0.310450439627476
0.26300078368194
0.317987502344387
0.476112193444589
0.370810186647454
0.320090425538452
0.556529238164764
0.371667864946333
0.410843130173819
0.354222517960015
0.361369253795505
0.25592269737812
0.416497934107269
0.38433944227872
0.339379095669022
0.579179949188378
0.48439033723966
0.361433034484877
0.435632656711494
0.349366065470723
0.439939998207233
0.459411372286986
0.551929770030646
0.497948806242519
0.484307157491704
0.512580336933779
0.575229366777286
0.543234229708763
0.467549470612138
0.624161338511812
0.511672596186457
0.358192533169072
0.379963185576631
0.386804424943426
0.326245248353333
0.494779313912446
0.492101025152239
0.540261418270981
0.484031799376074
0.568778662920038
0.385371067691661
0.412696609145164
0.432097931067959
0.447939148860171
0.563943861963523
0.641974461032302
0.449196680587403
0.597785201425789
0.399289136183373
0.518182504239818
0.480746981810289
0.546743695065891
0.524748724003267
0.444562638040917
0.579793101429684
0.478893884344663
0.594276949850121
0.430305463040998
0.454829540122715
0.53924017790434
0.566233467350697
0.486194676996459
0.531839647106596
0.514570254063967
0.490932065304391
0.297904495062465
0.45873668385204
0.578569714006939
0.392123787486728
0.470889039463591
0.4181518687127
0.599481230303608
0.57321697109262
0.561147548345612
0.491982932775121
0.524870373354313
0.664219896975178
0.492456462967776
0.604913031286316
0.501222076784919
0.535585565451478
0.481871950143076
0.494312201488081
0.517401373916224
0.5427096474456
0.518821867334625
0.570113248103655
0.641041034947295
0.720141562392704
0.584163759330439
0.606090770960575
0.596646134560085
0.691594381927593
0.545157502578707
0.560509287261208
0.623061146904802
0.524855503354529
0.607225246045562
0.744189146992523
0.663769005486404
0.560388457144383
0.645533866300851
0.681901680074025
0.64728766285559
0.47148000707627
0.652979524182739
0.513982358469501
0.680415656287874
0.616588276673934
0.623502822178004
0.746626757835454
0.48828310038121
0.621692620526079
0.585550675749713
0.626193479393335
0.562192981096895
0.797778446796944
0.602927534574682
0.560470814211703
0.60201231049313
0.809555594194255
0.601655066948916
0.564193608276529
0.637063540504831
0.72415067491093
0.587330376446997
0.582758057497465
0.635425190091342
0.64840503945543
0.786265846635429
0.755284266589149
0.671299017300979
0.884362699344999
0.70651572368392
0.562948595156346
0.623623960759262
0.759011406742117
0.753000199579003
0.696480784743527
0.660993357777954
0.654162250091427
0.737992522875567
0.790982871554867
0.951297136705447
0.826967457610705
0.645469793993648
0.716054508189984
0.697959167879696
0.69928993281164
0.731909097477394
0.679084726853542
0.641209171557458
0.709931471253202
0.544185101667338
0.737502662144825
0.656152163942468
0.795495005222705
0.76507800195701
0.677457947843573
0.608387749386223
0.744249059928055
0.889522971802493
0.837562626518281
0.566638838791541
0.633831498389608
0.738676657660568
0.634886990589322
0.636881897754089
0.62943206553564
0.721527212450813
0.617750303647304
0.813481036126772
0.657077230239515
0.792482953186649
0.765280609464619
0.726975686789911
0.810759957278216
0.788141971903613
0.543461599119382
0.558619754031129
0.667803706358042
0.668549423213573
0.856431405404675
0.769392678722183
0.880264436988171
0.847682932116085
0.748002169085868
0.786267514836197
0.892037138233992
0.856937258234073
0.755144867742484
0.801672352005152
0.716550846625331
0.929625054164165
0.780613279058403
0.882868494598469
0.881176972882006
0.787215984585188
0.897608197457395
0.86701159880681
0.861609391673961
0.833141069095604
0.876325134334826
0.791532816948152
0.961344628722253
0.676628013050832
0.787561629999717
0.782405900330377
0.880828339683655
0.952301372804224
0.870788887222002
0.862019679064507
0.901263518553918
0.700753721477569
0.788730291736626
0.881269177763896
0.733940385394433
0.708859817577138
0.976978178415846
0.902127752029159
0.723425809451308
0.97240820647349
0.770719807452478
0.93245883283687
1.03826413753412
0.870769230481728
0.96409141554546
0.627273983028826
0.88461492954855
1.07136386417381
0.807795700523707
0.845854642631922
0.885422730016934
0.920160155787833
0.815707867495268
0.874704549552744
0.967229093346265
0.936720074362679
0.903575754333649
0.969022765088502
0.765083778933733
0.888183321901455
0.98774539814767
0.912227885103131
0.838615254997426
0.798905991423078
0.90975015828173
0.832061996083034
1.01647664934724
0.918915306164965
0.961010413414122
0.954321321958797
0.878447209935554
0.823456145796974
0.920256145952204
0.966225404610918
0.868603081317813
0.910195150462703
0.91464350636765
1.08484105539119
0.839535962839645
0.845761953563266
0.897176689574902
0.958909778784438
0.729383063239072
0.950384417315077
0.82398207124989
0.896146125758593
0.914566114657935
1.01251976300947
1.01403794239715
0.999690492264775
0.869659854335824
0.934993776348003
0.971409048857571
0.793538765783813
1.01031429123853
0.921318535966564
0.991940377508952
0.902321122051011
0.823993053909697
0.868513647965906
0.958085517100553
0.951893145732324
0.838231357323239
1.16943288223696
1.09942004386422
0.934296067187988
1.05363842328829
1.05253114889106
0.871140778193563
0.925877427594167
1.13618453256784
1.15253158197218
0.994442523714402
1.00929881893494
1.10539471093166
0.993107614265297
