-1.07048248903755
-1.0359788820388
-1.06396719938685
-1.07948738081753
-1.12369150277005
-0.849484697227035
-0.801923194808956
-1.08656373289
-1.04631382544009
-1.0708492651318
-0.999376007139117
-0.962353093789664
-1.0958797097997
-1.08190602525903
-1.03987865201149
-1.02471688749954
-0.842086843286392
-0.980140942074596
-0.887368819992735
-0.876373834806937
-0.953215435999851
-0.987673433275559
-0.865626440945167
-0.870429637864432
-0.897861530351422
-1.06169203749574
-0.942844646545258
-0.9440172677781
-0.717485919746779
-0.876686499492824
-0.955188848491058
-0.80971382072745
-0.875786993670516
-0.978108260627247
-1.00159881549787
-0.886446001832166
-0.894187576795653
-0.870060912975384
-0.965150975561627
-0.817623839668361
-0.856736582408518
-1.01108095822106
-0.922898305495513
-0.898238670522017
-0.918953546159917
-0.808983115749628
-0.905700888361251
-0.936638332256197
-0.869862013436619
-0.981963079676629
-0.724976460850009
-0.964587812044694
-0.892875140363943
-0.83980548172891
-0.824415062104343
-1.05282829814592
-0.921518632725515
-1.05280134572199
-1.00333033425504
-1.13851522289587
-0.942742283347183
-0.882165414699915
-0.809873879260279
-0.869560227508834
-0.985068458708134
-0.90197020292982
-0.77822116719732
-0.931471519512754
-0.861357505701381
-0.885867897903333
-0.847080514046985
-0.781111330779501
-0.739641860423223
-1.06949620059312
-0.797032089940718
-0.731575149656091
-0.74889875046337
-0.886951257679966
-0.952270599510776
-0.60193573701335
-0.708135840610822
-1.01300473271472
-0.669627504990446
-0.8124119250696
-0.871362566765619
-0.895283111719109
-0.760529232417028
-0.730084527411536
-0.864613533016379
-0.689012354638308
-0.830908827916334
-0.805571534468508
-1.03085541241565
-0.742655482423979
-0.930314473230897
-0.736923813680186
-0.758809865431118
-0.64618482595539
-0.733079620272351
-0.954680398674749
-0.711150057095872
-0.844854838353252
-0.760031596951405
-0.701920686642574
-0.754202132767508
-0.705046706012281
-0.802823595803241
-0.858715217765752
-0.710987712624157
-0.756741851597608
-0.713660669259808
-0.862955874463104
-0.790404193342349
-0.6786946247498
-0.685123466230837
-0.710790330695934
-0.901374465802357
-0.816691146571573
-0.732903216209454
-0.84126983069733
-0.758900501123118
-0.793066826178416
-0.760124325463134
-0.735698073229411
-0.776398840496899
-0.640370382067693
-0.821043592484252
-0.852363538957878
-0.750278413852589
-0.575080715663961
-0.736772522514531
-0.673173822919644
-0.791572334811305
-0.611503574387691
-0.62889107899361
-0.724981416742703
-0.635783570120985
-0.734073730719136
-0.796316579769606
-0.757387429141619
-0.886768545838863
-0.611437319068715
-0.650535488673036
-0.518631797636953
-0.671858721457889
-0.704756675357541
-0.719607121490879
-0.724720265367533
-0.772613160219417
-0.690836899795547
-0.73895848513992
-0.529351415965922
-0.672842852503433
-0.640143955549715
-0.675466835171308
-0.752578050383345
-0.724908011882426
-0.51433796556556
-0.701493723664867
-0.817045342576642
-0.707847286658196
-0.807491641476905
-0.824028790242989
-0.79996980461513
-0.636076090978588
-0.512020120298076
-0.825032764185492
-0.6783928098337
-0.71360812685395
-0.7244450948753
-0.571239051841704
-0.709259756019264
-0.559555575253225
-0.651177666984342
-0.653072501509565
-0.611843714698431
-0.547794520859513
-0.695215599762016
-0.705791781512302
-0.671005684844711
-0.576905880276569
-0.48119711159406
-0.719675603945854
-0.578804248677618
-0.637596503604043
-0.713035507969513
-0.707556028179435
-0.616804114372161
-0.662666895911859
-0.657836442400159
-0.581288195410725
-0.596051181127264
-0.688748518939313
-0.650881120671631
-0.744845947819356
-0.695830722175808
-0.590355575661965
-0.667337614027099
-0.626801536509042
-0.623257823887962
-0.656407105062519
-0.649931491359003
-0.594857666273856
-0.631580345226406
-0.521809598301687
-0.448831965328306
-0.465841851639945
-0.652772237994549
-0.607941936966075
-0.659381745878672
-0.565802938104863
-0.660650337528855
-0.527477712308339
-0.649052583094623
-0.589495827625754
-0.689970141043804
-0.503475631013638
-0.57064519278047
-0.612234614208564
-0.453922320343154
-0.561342492810015
-0.592758208363817
-0.568425173247597
-0.503896949887694
-0.654533699981366
-0.5364116282499
-0.507146635243668
-0.460632546981262
-0.399907970826355
-0.565076325757051
-0.602449633047355
-0.476555320102263
-0.741973242687822
-0.513056942836395
-0.569640842697891
-0.509745698072539
-0.384990235147992
-0.548406082923825
-0.499398269776311
-0.474277179207781
-0.534708117773221
-0.543616028434703
-0.676933363684432
-0.600519872382687
-0.557255421415808
-0.469139555356356
-0.696920724803824
-0.49350416085192
-0.617268578383694
-0.578811751294888
-0.453035892532249
-0.529353792398913
-0.409133901291996
-0.399413177593439
-0.464366892898444
-0.625802487477361
-0.523154582419521
-0.415284997787124
-0.522807806588239
-0.52473031005318
-0.545794462031706
-0.455668767636512
-0.476992251774292
-0.457766646029177
-0.647782961765215
-0.604582387738946
-0.483095707000568
-0.475409560106958
-0.471658483712628
-0.508877267999234
-0.70999319420521
-0.455827319586021
-0.449622903348771
-0.396358234662494
-0.377040278154227
-0.389887858288173
-0.550262601536033
-0.405624192091592
-0.286277993732488
-0.536439439778453
-0.315274451619294
-0.514950353766262
-0.402668030004171
-0.557954349357019
-0.491084747973047
-0.430771461005672
-0.470244223184652
-0.502800776405627
-0.570226988820041
-0.307565385979905
-0.533571754011706
-0.464820101669422
-0.290423914670144
-0.475218511968688
-0.413951232227157
-0.507935668936172
-0.352885003894469
-0.359705755209359
-0.351171819415252
-0.419925826655123
-0.454246073344194
-0.341648951014095
-0.268789782509143
-0.321030557585425
-0.427639483847166
-0.367179153813058
-0.406808223897203
-0.428111608837478
-0.473205640981499
-0.450086278466595
-0.461106663158811
-0.396241583803592
-0.299057103062325
-0.59117293875192
-0.288640630917708
-0.383988617505829
-0.440920999823771
-0.396308802349504
-0.398104494655034
-0.419935056798509
-0.385697397445156
-0.416875868079839
-0.312353546223601
-0.348425852284957
-0.359228072156761
-0.189514415343894
-0.320170893821219
-0.512452935791861
-0.406398679584037
-0.377910503989541
-0.327034453168977
-0.308191786556981
-0.427509137434451
-0.324800944679885
-0.402825221739679
-0.334753606144245
-0.206257977740115
-0.0845811551762371
-0.296412337111319
-0.40462083953063
-0.251400582368325
-0.295137353829557
-0.384089169378104
-0.401573641844341
-0.299385605960464
-0.190245418167755
-0.266270869771067
-0.471115362918375
-0.309865085613045
-0.276165000471945
-0.187144617107855
-0.374316650819671
-0.267765404053458
-0.364376487581695
-0.364845072626957
-0.274498035111073
-0.374782635663621
-0.303629472996159
-0.154212083424239
-0.349168392754634
-0.257731520788092
-0.320406571092336
-0.37418302402876
-0.208854195290726
-0.241469771968472
-0.387563737343194
-0.153270895034305
-0.275561111097686
-0.216023656714351
-0.39093032976521
-0.217333574705862
-0.19514491654457
-0.232598966436538
-0.120524872347409
-0.325374474417074
-0.163957738404951
-0.331818003569599
-0.21027033207167
-0.283757702408478
-0.387170248207379
-0.264950730154438
-0.187459451116471
-0.0571774137621071
-0.307612411685644
-0.253683067997938
-0.271830204266346
-0.305153296955212
-0.267689260609234
-0.183828238476753
-0.11009485756881
-0.298610286877207
-0.185509147954183
-0.152657987882223
-0.300299873545324
-0.230965580082542
-0.247427867979809
-0.163217472121558
-0.232868261313808
-0.256775221569283
-0.228328011399367
-0.306995808768615
-0.262393582463946
-0.322334715754089
-0.00938219611387883
-0.0957214832084304
-0.275506934879009
-0.154083976210432
-0.073999919558703
-0.162026884057881
-0.215831544621529
-0.125967863805422
-0.199915754509249
-0.165177100687592
-0.0775379587722264
0.0338753364470521
-0.191210897180434
-0.142081798899592
-0.243497603295018
-0.179017932891653
-0.121319424000658
-0.219892732300129
-0.0161964922096843
-0.356873049703362
-0.171681567756136
-0.347356280723087
-0.137577502234469
-0.21614521540636
-0.168948699703575
-0.104851199692308
-0.103026337008092
-0.215094564476657
-0.0729694099297608
-0.0932970276932502
-0.17613465933324
-0.253327432241194
-0.113402078814597
-0.281696265312809
-0.185735557081296
-0.129049812364796
-0.159850432848568
-0.0761075928358784
-0.264363538921956
-0.182549830511849
-0.00147867659694724
-0.243293563415486
-0.134760850030006
-0.218643509212446
-0.000447499457384591
-0.102951669128645
0.0937368716793948
-0.0133406559807511
-0.112747534655465
-0.166632457936005
0.0303818427998249
-0.194487289733933
-0.0388367208167819
-0.163019414793934
-0.124006329838568
-0.0681424217454111
-0.0606464259939101
-0.128794796913881
0.0288413493454202
-0.11602538489919
-0.165125938179054
-0.0395566641118429
-0.117525766963892
0.0113356108555322
-0.148568701361751
-0.116332256625022
-0.142818472221461
0.0341175412667068
-0.0464915434365423
-0.0198711971918655
-0.118494530890173
-0.0822314852790433
-0.0825622690746807
-0.0954132898865981
-0.0900813445668467
0.101161943592817
0.0133353127298161
-0.0207130483558395
0.0637454902223328
-0.168775763497189
-0.13526387412498
0.0145175680461739
-0.0716938808901622
0.00850179266127853
-0.0267357093221518
0.00755556360521496
-0.126578641488124
-0.0953071641448469
0.0434549803320926
0.0221731308817088
0.0359312662268768
-0.0702103180443577
-0.11636990437197
-0.0076291197460977
-0.0241495569739322
-0.0570533709467256
0.0920302528518546
0.0114762874475974
0.0383025388713756
-0.178181383655298
-0.0070812503539003
-0.0833195469027579
-0.085007307644778
-0.132838643897826
0.0917079349667159
0.0327884538019124
-0.0211166800670486
-0.0189068817358049
0.150398998438566
0.0706366326633935
0.114923303207033
0.0529793115991155
0.0193051367995392
0.0610879336249313
-0.0745408139611281
-0.12435775425475
0.0626004106369726
0.0621688914870458
0.0233695800261645
-0.0336781161381121
-0.0221765961599043
0.0695902877241106
0.0356369241998308
0.0959446280975964
-0.0184551329967096
-0.0222139720879801
0.00178661893755441
0.00216718785826465
0.11761883442293
0.110640846657309
0.137731714232707
0.058380500964448
-0.00725074981197349
0.0420797179616685
0.0945348309782177
0.230993454581534
0.0928188185498632
0.10258932362064
0.0193323247514524
0.0657564498535296
0.0974580427208813
0.0910358287890146
0.0955716616296473
0.156469718054783
-0.0311149970444622
0.120586025704786
0.144685912521588
0.0739042314661848
0.20707537069993
0.197661975569026
0.0927109880035155
0.00346332428573024
0.178841063304057
0.171058929003275
0.0924364123307292
0.129705334754045
0.295799349042807
0.256614850027383
0.0611089870485837
0.00812570261750831
-0.0390356723572455
0.108826004118007
0.105121614217871
0.110384691191288
0.118062141251561
0.041950247611854
0.0611845700228698
0.176390847927706
0.292918503117386
0.124054325104676
0.294574625617851
0.166273515765666
0.110716304689394
0.247055365012106
0.149149719855884
0.0289014397031725
0.296113722988361
0.238514119298286
0.0857040379852632
0.180471330084104
0.267635554715263
0.235331849373393
0.123619217616346
0.161711320047441
0.224393354801713
0.130373843953997
0.112552148683301
0.087789953059516
0.365656707818653
0.257499618492755
0.0428327513624723
0.182816826659203
0.187332320514369
0.282045445075725
0.209185030799949
0.115435749003535
0.183461507224785
0.183282859867688
0.303940726136927
0.271855452199766
0.272751907852601
0.166625448547591
0.264251529755924
0.150700041407974
0.178879314202743
0.242172246300616
0.224062549158724
0.303310787831442
0.240810335082716
0.240782677469297
0.188256102200431
0.253438230468554
0.208604076509116
0.219248836328159
0.0359503785530103
0.318531542110291
0.364391247512349
0.2858686315487
0.170204526491022
0.220766920925845
0.326509961661628
0.350450446543477
0.309009449232441
0.132145287782501
0.19613598669082
0.175226804468236
0.213521868769589
0.201680529547619
0.233151042601526
0.282230590577912
0.204804198062993
0.141078615737307
0.209865644995886
0.326243534277156
0.15240954577879
0.240389682302559
0.32521933690673
0.290658176305098
0.185952390226832
0.229009349905734
0.272913731397935
0.39821961652858
0.295646193045818
0.381483675772273
0.263652695224221
0.401930857435028
0.287171081878987
0.401284963478919
0.377567094406674
0.409933726926879
0.197747613214845
0.374761156325964
0.150344898271248
0.359582977755793
0.375051886405987
0.26475249257335
0.324739660828238
0.29640857211444
0.272989176523839
0.30741793501743
0.308215744950471
0.369168491411541
0.313153528087776
0.266406995317574
0.402501316950779
0.293879200649278
0.342508810753173
0.341399644854877
0.126305774824192
0.427966232776294
0.371096648297796
0.42214422513256
0.315661706469606
0.454252042414258
0.218349027820333
0.355178677513477
0.43464328927784
0.301043123755322
0.245201716407214
0.306202491311137
0.261907417023843
0.355802150485066
0.309268766745987
0.391968146478084
0.455384443172105
0.415379486756963
0.442343468916757
0.419491546734195
0.323186320107148
0.304605254826645
0.396270601654033
0.308615273384974
0.543344865370991
0.330707712731226
0.4954047101442
0.549849343440315
0.505289011205092
0.351442061055665
0.49461873529385
0.322066631489696
0.261705302185164
0.334615904051418
0.496494800508425
0.386626426871987
0.326798148963721
0.562556549557306
0.340811867570353
0.411218045863658
0.3710193320077
0.383041100122722
0.277249630407296
0.411858711275134
0.3896647719128
0.34609234338345
0.57479692412747
0.513020240320353
0.385171160823271
0.445451024174337
0.376818143428317
0.451607176827238
0.463092848865151
0.547148966078401
0.514208109337635
0.471484054205972
0.500341411546961
0.569661101062123
0.549129843996152
0.479294396288094
0.609174733308884
0.529949726065014
0.34917315506018
0.372657848273003
0.377707610397622
0.322302348047591
0.488122761781494
0.479733141040656
0.528919067352297
0.488132104211087
0.554951426485135
0.39594334185114
0.401816182374081
0.430271367944017
0.443176853819744
0.573259214720239
0.651270391374256
0.437881313070017
0.570034090998251
0.407479060014251
0.520193875911255
0.475700487372985
0.532527719613496
0.483297098371131
0.443632448905788
0.58401592685226
0.478571394926943
0.576059667913884
0.420511971286234
0.45272278577361
0.525152722425203
0.578031665914331
0.481446710942442
0.526655305101843
0.511609196951133
0.485799879210091
0.285785434448141
0.452126180702912
0.571557568301473
0.395500327028388
0.467996164542992
0.40807181387319
0.589257869147319
0.573086864049525
0.569659348201573
0.501618441086232
0.523964157408817
0.682337045513338
0.470573610427557
0.594600627412279
0.501889537595229
0.552250468181219
0.493533304099332
0.500256915827644
0.528443301610237
0.556289468746628
0.52392722157862
0.581199349742188
0.651160009602153
0.722803367752955
0.583163470086199
0.610902773194754
0.597838486624667
0.691807474512147
0.574654921282199
0.54306284296811
0.619201066511814
0.538413467232411
0.601143277278304
0.749841419977856
0.633639631966752
0.564267921810739
0.649762935706543
0.693128332548052
0.627334406599154
0.465056602958891
0.629645838967594
0.516223649675729
0.640984189780984
0.589881555082075
0.628205146380799
0.748148771238666
0.481804747907555
0.628207115174479
0.557733418708865
0.608581223621962
0.566483941045201
0.783294765648142
0.595188457435337
0.53519751702204
0.599773372958832
0.808299833179934
0.612568511577617
0.574170708754843
0.624172582764925
0.74216268135043
0.632255483674888
0.531534517262557
0.643024284383923
0.637076278782253
0.809829028112758
0.784292565069286
0.691886593211623
0.87534243969804
0.730410133929361
0.57634822702073
0.607861070617227
0.780834115290704
0.755708317083752
0.668671128192864
0.625588835299919
0.650750846841346
0.724347439534013
0.780366609370526
0.978057876406545
0.815177984132575
0.65722254166758
0.714105712571924
0.70609423442396
0.710248454388705
0.717987708544252
0.697354607648862
0.639604587691186
0.718841730345992
0.546684152123676
0.709151049206367
0.650344618433862
0.797015159851475
0.755318954595547
0.689974410292693
0.60996468753002
0.763646741318929
0.900576143239462
0.827084508714196
0.587014624634878
0.604512463050226
0.728103215540119
0.663770208226498
0.657182273360477
0.625519723037521
0.740762342570458
0.620481108804732
0.815043929309833
0.645819315059244
0.78341225988198
0.775835645708187
0.693548926410686
0.802856644805729
0.765660175595957
0.53046807276311
0.561507563826275
0.645715871725712
0.664104790757574
0.869835856146673
0.780090039691961
0.897956766078375
0.840141130514033
0.752681914000876
0.801572479863392
0.862669192118071
0.860344632976167
0.745184130587937
0.774220959375645
0.707868180058949
0.929341392858279
0.7671195371483
0.868714576641425
0.886857476108891
0.802001451564142
0.892294773532969
0.848957422870661
0.872559507910304
0.823919335411981
0.86794120759146
0.821148454289233
0.970042963537223
0.683742559741103
0.791350929961627
0.807725977825694
0.88455710705191
0.964085508633826
0.891838406306376
0.842547132120171
0.898619350099617
0.684025175657822
0.782383529533661
0.87043691465334
0.744895760778618
0.680670334315065
0.995240096840839
0.900866250261742
0.72455985620879
0.988255886443361
0.760567851747789
0.93914983033896
1.05010491208108
0.873049742704936
0.939504744286435
0.625159885082273
0.892555369386653
1.06069364287057
0.815418329127132
0.825456177641399
0.879959514747761
0.907604401798396
0.809527233915216
0.879377614388036
0.976996621262649
0.930628970484598
0.911275041468202
0.955204697313513
0.776462229341651
0.905909282242044
0.966736120820883
0.936351351417971
0.842659360815848
0.819693426471537
0.888030297833079
0.836408690703096
1.00234484887723
0.914767590107668
0.961401245399071
0.977910443456097
0.887057048735282
0.820095887874997
0.914463376422857
0.949294868227572
0.861660601752782
0.917533455446885
0.902761353247931
1.05527571110246
0.84455984429713
0.841459189039869
0.925036859232107
0.951556862257596
0.726349296667621
0.98069967761117
0.838093371800752
0.853410971850335
0.914262005982304
1.02822731013126
0.994674424028683
0.992133056452693
0.871012499827192
0.921424876167401
0.984848570396931
0.815427659215118
1.01756980317998
0.934949283575602
1.01555904096796
0.891110514796826
0.835465600539511
0.860448904682195
0.974065325819177
0.976525528299196
0.862597231874295
1.16274769844424
1.10329661204436
0.94316919367462
1.06296576107694
1.04623875981148
0.882233130088745
0.946755675213221
1.11576556314143
1.15860001195743
0.98740239892341
1.00491149691142
1.09720657389237
0.997781626997237
