-1.03216334525999
-0.772474748664377
-0.980019343890439
-0.839228666369731
-0.979675354885784
-0.912677456196122
-0.8708298233868
-0.901783684366685
-1.02437323727241
-0.930348778192276
-0.823676279833244
-0.875028603834903
-1.06707907833715
-0.960413620328409
-0.922442985524429
-1.01403577690656
-0.870702483906521
-1.07055269603572
-0.865838825296808
-0.927532162218641
-0.91481962178922
-1.07200379628737
-0.879430584932951
-0.809318989087453
-0.934175364057609
-0.966783240641977
-0.895790573504412
-1.01088652912695
-0.722646593280332
-0.942072159618557
-0.862326045407301
-1.04852397930062
-1.01470236494551
-0.83608692038053
-1.0765289692726
-0.892685948866265
-0.982725965122591
-0.825486333306983
-0.926429269835635
-0.972985064446951
-0.807278905952953
-0.93362331599578
-0.939495808262289
-1.06566876298436
-0.942507466289358
-1.02064280787245
-0.872799260376417
-0.927547827085929
-0.880442907451203
-0.902433598654337
-0.954647017077011
-0.811769837711145
-0.923249010651922
-0.703581483745751
-0.95262542053534
-0.758611836182117
-1.07601191570727
-0.919372086098653
-1.02495024554943
-0.859737391007663
-0.8931607684796
-0.809390917167074
-0.824526339754389
-0.872457027905238
-0.803514801693395
-0.977833663058095
-0.839162795851023
-0.879906605198974
-0.785711215514675
-0.738852428501021
-0.889107997897216
-0.808251799575818
-0.77591588088269
-0.895205660416679
-0.905525861091537
-0.883371283614852
-0.871785919639478
-0.825577390286454
-0.843486915255428
-0.963562054989628
-0.690031543086562
-0.813104792436356
-0.922687527194058
-0.921897700145267
-0.943513704408953
-0.791197131452509
-0.81241608489724
-0.999534530010166
-0.968736896804376
-0.756904413542433
-0.901894810871622
-0.83670816267123
-0.928682575437222
-0.755109636847957
-0.819386193388147
-0.994476515437946
-0.818726172637893
-0.764183683259347
-0.838713744194295
-0.759067948782211
-0.845219921907936
-0.806852986925371
-0.68798247234015
-0.779427312112006
-0.879311837737175
-0.841301602009563
-0.852995103479289
-0.817890963259968
-0.699605689485315
-0.804635781795263
-0.7121293263267
-0.783133266528392
-0.837042971524321
-0.769063021092919
-0.829502045987698
-0.721047429957656
-0.666199465374533
-0.748433265807604
-0.832200815493318
-0.745581331257776
-0.889474625510644
-0.685215815586998
-0.750777769928362
-0.760690238799535
-0.829463638294347
-0.716904982343389
-0.71475015754314
-0.728944185887277
-0.69609083156856
-0.58955469135458
-0.799490435936362
-0.931279297228877
-0.673274763356942
-0.779917308923097
-0.606168558550803
-0.702007917718322
-0.697749763046458
-0.514510049113379
-0.648544149310011
-0.617037750888406
-0.729161890948747
-0.665087727305746
-0.551270459513422
-0.68653656819573
-0.762367884577917
-0.696936029960216
-0.727742184954428
-0.541917085134709
-0.708858395267988
-0.669505350960426
-0.705448971151079
-0.897620021787953
-0.778178908415508
-0.621331310788131
-0.641679910317936
-0.667219944112302
-0.65638372708305
-0.635379489025247
-0.754570789788934
-0.659727986266284
-0.616577571741707
-0.553714707223075
-0.694468966400606
-0.630821098945078
-0.604139630148451
-0.61089383179121
-0.652808543972058
-0.463142080502233
-0.58976286047901
-0.596827803078727
-0.554042484748748
-0.571542411299151
-0.691083037353354
-0.54706493557851
-0.747594623307283
-0.634767731512218
-0.725696606398929
-0.524680419752901
-0.540389289491362
-0.711122701343141
-0.564395768599348
-0.545648791798114
-0.687469957195486
-0.5047566715685
-0.528203433631883
-0.852331119881981
-0.669247732183373
-0.538568280118444
-0.622955345051474
-0.531893891439907
-0.646592377700418
-0.597993381131106
-0.616846379969509
-0.762557347840876
-0.68073596125164
-0.707121164508574
-0.554620871666065
-0.761773666842938
-0.68016071393536
-0.649922028043288
-0.727969267196392
-0.70169455846632
-0.536656662211757
-0.505828123527122
-0.692376400717054
-0.612122008284397
-0.594364457109546
-0.614537081968503
-0.54292314386268
-0.659063882990236
-0.60617614088806
-0.495561500842294
-0.478166792690747
-0.481076897395229
-0.53714762347108
-0.532139787825514
-0.614793599742405
-0.456744887349522
-0.560115362674755
-0.513429829225567
-0.627937035202451
-0.518754874792976
-0.56992841690158
-0.496699526463822
-0.701982652792861
-0.498523615494118
-0.526670626972104
-0.533732623442603
-0.529239049795869
-0.663984292873717
-0.585629676202887
-0.567549623407496
-0.511743526082447
-0.726051992969678
-0.531398399127175
-0.492779188662434
-0.567336130636415
-0.403831438761483
-0.556557016770022
-0.641624419416616
-0.487138792155366
-0.539664513748484
-0.465390371201803
-0.576349265467062
-0.478248542232941
-0.451825583587566
-0.419408678802385
-0.653100942647271
-0.406619515659697
-0.57875334905107
-0.494364660674969
-0.540880211291073
-0.380989609437618
-0.544607653272594
-0.340756896645777
-0.366903638882459
-0.440781411535876
-0.525906723761934
-0.523137055132431
-0.394863859930478
-0.459036205876151
-0.450819681791517
-0.485479334826577
-0.433485780272322
-0.460192008098845
-0.598267770626018
-0.348214010214476
-0.494276413875306
-0.362891235842856
-0.524731378603776
-0.45981779611271
-0.341179989437144
-0.449149577642168
-0.490537163943534
-0.566020810112068
-0.460104363557646
-0.41756127168339
-0.470843283660064
-0.318733491151835
-0.382451244452265
-0.519128555911892
-0.44397567446406
-0.386050986721455
-0.338829786020701
-0.272251589410962
-0.277161939816667
-0.421915448612803
-0.370305950370744
-0.353145694215044
-0.331743232931721
-0.305705886594218
-0.437650270653633
-0.388941309929002
-0.425388003060103
-0.344246949986799
-0.46320699142143
-0.513187143093453
-0.348635539388708
-0.219134578193179
-0.425294895783382
-0.345586148402387
-0.371472218419333
-0.361865856131419
-0.475108582435987
-0.351204841141141
-0.457275063045847
-0.442440633858489
-0.531230995706922
-0.332843668401057
-0.417174785266752
-0.343318735490518
-0.440265571516387
-0.440141115087007
-0.409949217823694
-0.38362070956951
-0.359679481962578
-0.502011296070862
-0.320929808785542
-0.368321475123484
-0.382982521293375
-0.322711706744065
-0.511962135244156
-0.386659524215464
-0.245483733600419
-0.345516716823398
-0.392159220076292
-0.284221958122041
-0.366817463163103
-0.486619539792389
-0.323115832094642
-0.321804458012133
-0.292493115518031
-0.238225531305421
-0.389964493191342
-0.362701725992298
-0.331779246827812
-0.385666631499852
-0.315212757514474
-0.249964386440544
-0.340859124157761
-0.338300898931727
-0.46167349462363
-0.214679423485803
-0.172627144406685
-0.254677229479101
-0.298700484091063
-0.334759822999742
-0.211822461277401
-0.248668135599637
-0.434608838431384
-0.200573831316693
-0.286762604744436
-0.442915729885152
-0.333430172076856
-0.311254357892089
-0.234576729647868
-0.250844213490622
-0.285116510551175
-0.286513729185596
-0.404901454005451
-0.269133892901376
-0.176869785703032
-0.311230040833437
-0.278148789752533
-0.366578726003589
-0.249096340010207
-0.353545185298181
-0.389236213388593
-0.298173009159896
-0.105341076269404
-0.298173183214138
-0.208668220728281
-0.293709598903476
-0.198212243308966
-0.271219052062948
-0.274696776680209
-0.234896037080557
-0.190507182371817
-0.15753260671796
-0.275680013882711
-0.421999444676367
-0.148379804341312
-0.221454828968577
-0.242661481795536
-0.178410819196604
-0.354751678193986
-0.17647424959896
-0.105097288950556
-0.355864224073091
-0.226166906513617
-0.226416167564674
-0.1207227513307
-0.228300656509663
-0.284136477429209
-0.249485852825439
-0.395538114454122
-0.134762683317747
-0.263196590078083
-0.168558459313565
-0.20490148987582
-0.274362229958884
-0.165814881267672
-0.264785821146358
-0.275667598545543
-0.149585260733705
-0.119013030427429
-0.263153839080648
-0.105173294962479
-0.202930766146672
-0.0805259944879543
-0.131581088103643
-0.148427549798005
-0.278332209807813
-0.196343732935339
-0.283264887596512
-0.243857444785202
-0.0862306165277424
-0.164654708740422
-0.10563847518021
-0.0989009158863682
-0.207713809008234
-0.0330711083588047
-0.196272422374207
-0.210566008549962
-0.078125407284642
-0.166485146677547
-0.0395177683108631
0.0611002576952189
-0.0770701156659293
-0.13072153684983
-0.107168163523221
-0.197319621143619
-0.0761325917023258
-0.124194731729794
-0.127660248451667
-0.122408535668293
-0.127445520474145
-0.0552572201030794
-0.14665731582523
-0.299491770160626
-0.202226619917786
-0.0987076273572456
-0.0676851004220675
-0.0570732001022801
-0.258575762986489
-0.0322282515371149
-0.0931432298405267
0.0317736754162929
-0.216471258811985
-0.218143723740479
-0.0204174888260816
-0.092688823491733
-0.0747733038443958
-0.137896235106388
-0.0915410041465089
-0.14637858038297
-0.0311655228204878
-0.218079297386927
-0.125915728312726
-0.113690077259224
0.043610821044601
-0.00312179426665204
-0.146612721419625
-0.104713826069863
-0.160318362889692
-0.104845426055859
-0.26371375616766
-0.0652682707236847
-0.0222045928790412
0.0568603641792678
-0.0704431613604445
0.0400735197252626
-0.150823040504283
0.0148919565151955
-0.0271526373042903
-0.179818476023132
-0.195486578521514
-0.210939821718953
-0.0105275971798214
-0.156450342634165
-0.027020918816461
0.0183550569333189
-0.00266405446239946
-0.0491249178389785
-0.144190871510625
-0.0430970183515691
0.0356824702666097
-0.155102942965532
-0.0665511116272331
-0.0813321794494413
-0.100815928725033
-0.00229865567084639
-0.0468480541514253
-0.0695261983189492
-0.0562774646222674
0.00743741552547563
-0.0621084492619283
-0.0122298115397419
0.12050923012727
0.0292730374569027
0.10324596893579
0.0640755783343366
0.2933437684384
-0.0841071795041074
-0.0268854001927218
0.0391574743717981
-0.012292369784221
0.0337085800329048
-0.0421234465534434
-0.0482676721593539
0.11579598156017
-0.0632203164610076
0.062769015035785
-0.00595386459871372
0.0626952985231068
0.0209076161863503
-0.0220026904611806
-0.066034372005439
0.093536662329376
0.0151907198513934
-0.000516457385087149
-0.0301336303110933
0.0779103357522069
-0.00579026162880383
0.0335768966618174
0.0462156783092876
0.0203944942639867
-0.0780392192324891
0.0460363091513359
-0.0350605749915922
-0.052355349108528
0.0899991099623707
0.0290833530374544
0.315251015022421
-0.0110158175503778
-0.00598988543632775
0.090019451743875
-0.0205885386878387
0.011091300548431
0.169571617355547
0.121342016834031
-0.0444900462050475
0.166257105718523
-0.0131894745531567
0.0276017802029226
0.00296132494537756
-0.0124380608676995
-0.117220214501713
0.039641744309194
0.0181285531819669
0.142156195601013
0.0399865738828501
0.00842445007665259
0.0174039296715796
0.100063404770308
-0.0269436350954332
0.0738447042125154
0.120347803836252
0.107594417914675
0.150203621833159
0.104286968414749
0.0393769679284319
0.138927644487838
0.131401012673988
0.0597614982473848
0.276098101346968
0.1340502232704
0.10214241887989
0.218606957225152
0.168205008356849
0.259262593275488
0.136195161457895
0.261039204351633
0.264901058835914
0.167256934118674
0.212464001492642
0.120673956155807
0.1044984999776
0.0591679067114595
0.246220269519921
0.153525995087465
0.0457849370174531
0.173976498874357
0.0465367092654385
0.0772631602023186
0.184461939779684
0.199225065947587
0.159376163602675
0.0799457586403717
0.0654186061776481
0.116426084489614
0.170901074405039
0.193034612629757
0.0360426607075443
0.0656328599122031
0.226171358220928
0.326826844135082
0.20323934663321
0.19805502526347
0.189329837200978
0.0188819510131533
0.235494250414457
0.199629536089856
0.355899869305039
0.253620300224719
0.325812757434091
0.185527589193478
0.323540512485051
0.21114986737233
0.0530875107928805
0.242965222927103
0.273970630839696
0.144231042828387
0.213632493882234
0.151512676063609
0.262495893686672
0.212272898970621
0.393491386040414
0.392065335169308
0.0686681216495206
0.414307727374021
0.271008733832796
0.151047439576022
0.298732584664028
0.352485223285372
0.136749985595476
0.219327359028508
0.174194958317461
0.196596942871898
0.121462387872983
0.254512484519637
0.366590474689085
0.287868034525346
0.307716041884242
0.277488619312043
0.179306304549395
0.273598457421226
0.173983976318191
0.22613474175925
0.156931096406573
0.431544590018253
0.306795095555748
0.196299492864161
0.299230621123283
0.348065472019917
0.251166243817866
0.250694432763578
0.374446828363132
0.148992172382666
0.195087014141249
0.430847941724906
0.336181989079771
0.500947288264583
0.344256888449478
0.382739334024649
0.336444283539952
0.28161961947397
0.285175359000255
0.283991235676451
0.372357180020529
0.461895417986965
0.264902252015832
0.352770502550843
0.353836948309673
0.381909972092259
0.416915703125317
0.324648997157691
0.184382835410283
0.434973592010306
0.362369543384405
0.138116486807328
0.545094004598326
0.389293821118019
0.361570420319257
0.346449783544921
0.353799382383047
0.48860553384461
0.420778695341278
0.508577454996891
0.361474942983618
0.400887139981031
0.446467807373705
0.391041812269688
0.441571506692956
0.388874817188413
0.499122451594372
0.448010747811336
0.455421167996842
0.353024501977982
0.283495853409013
0.382012836447672
0.319088311757158
0.395443458372758
0.322969977719577
0.439652678741338
0.265736026049302
0.418497185271787
0.445331688773402
0.442520246309808
0.400112342070969
0.429663624011626
0.27789371135564
0.350179258546687
0.312298435143258
0.473894986619191
0.482794814800445
0.472515965102566
0.43507738943003
0.583293657863887
0.442950789038439
0.42077396943809
0.510113446130272
0.543400194789336
0.526709889736438
0.409258645866995
0.487629960993543
0.339600621221332
0.330678254652322
0.447621918820973
0.43310342486391
0.533365800031322
0.425756040190441
0.437578321530384
0.450379318638264
0.413374357970531
0.455714654840107
0.406484742224827
0.433414844543585
0.549238647527745
0.578514762814261
0.485853036157137
0.409770062080496
0.457168738543873
0.494217834917105
0.366642409899044
0.50084742295074
0.330380259342541
0.538886433162378
0.541056570162257
0.467350113149408
0.382730788242168
0.543706369685149
0.382665461486711
0.653792001761259
0.70099045222855
0.72269197232505
0.384826499247682
0.363469655785177
0.57694986823859
0.428167809059599
0.429020688265469
0.538807903634491
0.365951063925463
0.401580266191028
0.513589336336336
0.427975192670781
0.4698225811016
0.349753219697972
0.519676509406866
0.579863850741899
0.511009231558017
0.414012621968451
0.531892774107735
0.587065926570751
0.428333145659716
0.448591497119329
0.393510422571153
0.571726587592846
0.458029957747562
0.56900771924975
0.544084903969267
0.574012445653002
0.41806191838828
0.434408586705995
0.675616660879047
0.59890062537566
0.612281735955879
0.531650821917715
0.470952930359401
0.716480921562316
0.555563840790322
0.611850652787083
0.373721868502712
0.707210316278412
0.518674745673678
0.630211445781077
0.614346059555163
0.581013813277714
0.516064369176427
0.535090192273722
0.446092754259314
0.636446438516057
0.653053255122992
0.652725063575234
0.517509276422954
0.536548809708636
0.385001441402029
0.568983007740201
0.52407424076543
0.627033743311024
0.59811799851398
0.662225441964272
0.697891213145829
0.633692647017478
0.473584820287216
0.73451022543431
0.730675897145933
0.630907099985654
0.442916682571576
0.734330287662526
0.67302189272539
0.547474634520686
0.708267840912046
0.574972718058771
0.43725380045894
0.563210705882343
0.520705767297234
0.578406218931863
0.645747319290485
0.696297832397724
0.525910675010567
0.667989627740946
0.478130342337295
0.662434910423436
0.686144994749743
0.592546407570819
0.674598775343728
0.582574305794011
0.789495745983049
0.752821684461793
0.742288969232474
0.668710856174943
0.689219584607324
0.54487240486245
0.687275436962985
0.661895603807389
0.398079923678155
0.711048857980012
0.621272435886101
0.628879249061357
0.554371760455254
0.620239465747553
0.722736513685953
0.744608309573083
0.534911184395325
0.710308075829375
0.667275306582127
0.747654469032617
0.627547271152909
0.673591803796754
0.561248552062101
0.795939935630892
0.827050595139668
0.892907345190677
0.706353682259115
0.823724945774054
0.669463580705986
0.823298725376577
0.684537679243783
0.709070572529342
0.765718124160328
0.714820339119014
0.643728148785619
0.766875541460378
0.725814691588746
0.70826684688419
0.636949004549453
0.67776518578082
0.772028344323448
0.890637989423378
0.80983057522975
0.980267358572816
0.871706278546552
0.785410818388084
0.791049280414904
0.844992844958469
0.767284353437389
0.903777809296719
0.843242514226376
0.696874403189827
0.643205539863822
0.861630454084992
0.88188818207296
0.694641809230539
0.76678983684461
0.771931850117131
0.810441694890128
0.845549461507802
0.573161296897013
0.574437453732333
0.785513525961978
0.74125073660769
0.803642022250201
0.751528541531632
0.710887258057268
0.800261252586723
0.739259721280932
0.665162467251834
0.848976975928182
0.774384714588043
0.745535540005567
0.814607051971129
0.738698864059002
0.767063040608551
0.807794063559787
0.897525019536329
0.877425632676111
0.841656891566901
0.789106847478633
0.756714489563419
0.94196947199827
0.845516938430403
0.814335082049139
0.847659569777383
0.670402967092566
0.817993936417072
0.866023549771232
0.852401076682047
0.845984686123987
0.750267366181501
0.822411280603723
0.759873729580755
0.794674982134316
0.850487927621963
0.702534882734845
0.803119855381903
0.813236661177625
0.749215261429133
0.926812972125367
0.745743834374052
0.821680382046617
0.941010491294226
0.956493126028654
0.927739836240403
0.81374003673903
0.924849861632855
0.875659634143723
0.8876333536104
0.796086225754019
0.803099344370467
1.01984861138788
0.929992834052079
0.806582144403886
0.840570554876556
0.92584953076658
0.986349583787981
0.940119222672301
0.921217175371483
0.800527172301794
0.934281341597077
0.974354788704842
0.872748416247588
0.886935722743743
0.929324083064464
0.927147154436539
0.83842931650678
0.961763115855229
0.903536305417319
0.821444164798954
1.04132480237915
0.919932081097929
0.868545674402927
0.947472906184145
0.860723091812837
0.923785504762031
0.85095526429302
0.963900846698255
0.988424286209309
0.989930346612674
0.974916292111052
1.04309616970169
0.935201909945135
0.939964912214511
0.776079531343786
0.95910494486406
0.978137302478241
0.94197075448407
1.0199993549432
0.954985016254749
0.936711207162914
0.99029826493299
0.970167975012959
0.94210623404
0.940675948067297
0.98557275501626
0.960329915653057
0.919847548830645
0.946205591359231
0.994517503910116
1.09298231021768
1.09051277318118
0.885023712978462
1.0838664344266
1.06867973749639
1.0124371564831
1.13888138819044
0.9841021283478
0.988279899834805
0.987928184091016
0.762282279710745
