-1.03901144923064
-0.976023382885927
-0.892087135913542
-0.950226616078996
-1.07501776064458
-0.878379861848797
-0.901709237501552
-1.06285770492781
-1.0334326910743
-0.883535283295943
-0.830050430833167
-1.12680449150561
-1.01891080554126
-1.02754737369552
-0.888594557589757
-0.964067846111499
-1.16772445569312
-0.950388628824484
-0.92758748236308
-0.826956609648433
-1.00409551573609
-0.870923952537507
-0.939158469594776
-1.0061693528085
-1.03889432743535
-1.12351593777476
-0.926260740883447
-1.13267118985242
-0.937239880627719
-0.866470095102839
-0.979081387650212
-1.06936623387147
-1.03114722879869
-0.864027010337885
-0.945863611917152
-0.985606714097945
-1.07584005850039
-0.892560983754573
-0.920858082220736
-0.945593138260745
-0.907305315732664
-0.877355050265042
-0.802918523974891
-0.839514974613944
-0.932068731852783
-0.956391441810375
-0.979011174190469
-0.914314945262101
-1.03474959545144
-1.04364069273613
-1.01117428068806
-0.876470414685508
-0.8979711752402
-0.859328214060521
-0.929126286657835
-0.881748997351942
-0.85948821358863
-1.004999708185
-0.76555064658223
-0.93617612885272
-1.06374159003254
-0.994522579580281
-0.719979348830327
-0.85017684031969
-0.749350910499454
-0.800575464820288
-0.770616963895223
-0.734316989655572
-0.853113970852329
-0.932865288052344
-0.937679839386239
-0.898412959607352
-0.850638810828076
-0.875044247009212
-0.88344273062446
-1.02570676309804
-0.749840814123494
-0.838556681908622
-0.993943026402323
-0.704603666583053
-0.864841258990603
-0.795878959955915
-0.775641142299639
-0.772888523843004
-0.82879910219573
-0.841097453096716
-0.824803870757053
-0.814850923790437
-0.853782178693519
-0.820822457504877
-0.862885117800355
-0.880703698622
-0.758114125088441
-0.727254489939077
-0.780791518724704
-0.838758338052496
-0.840293994688563
-0.760016433736437
-0.772812648723154
-0.874746016967233
-0.942919339177221
-0.747971536970369
-0.822886514063929
-0.936026999518258
-0.7791528853603
-0.833404787231745
-0.813644636415096
-0.752891784182129
-0.790571737521209
-0.910846308744819
-0.720575204230931
-0.714334653781352
-0.787404108338536
-0.778110201244523
-0.755232045836298
-0.682888614021671
-0.694949288228942
-0.850393708584266
-0.86868690948492
-0.789069174231286
-0.712512806382828
-0.684337772828398
-0.781037523517526
-0.673955469928383
-0.740420663813665
-0.591471773254999
-0.615013671731967
-0.771024283550541
-0.727037993250476
-0.775109573296945
-0.713761110477581
-0.707985130948873
-0.800059334262364
-0.756433039881972
-0.649383564639027
-0.810958335683975
-0.796058638795854
-0.825127118096924
-0.73516760996358
-0.674708147559536
-0.741448795949316
-0.854888893855881
-0.738183468123584
-0.814179855690714
-0.755646735433779
-0.791787876981776
-0.706068548470824
-0.698387715411786
-0.523171235748704
-0.728112159106472
-0.712512800953404
-0.691023079697216
-0.717714950595615
-0.614743783958774
-0.604436714988353
-0.631263492102578
-0.734956563949938
-0.746129981786708
-0.677174235599083
-0.752595593112739
-0.869098314497095
-0.520756870972192
-0.728199021058605
-0.74720485197899
-0.701011801667139
-0.639677811072753
-0.701508079654801
-0.673873060966135
-0.729110243200586
-0.676014273766606
-0.706103448756911
-0.608383916482038
-0.606470507869906
-0.625718897946391
-0.688894368216755
-0.559247984701061
-0.855294800300155
-0.686410451801383
-0.736752069620027
-0.662181392149174
-0.647464896953311
-0.653107816352932
-0.660061618198962
-0.67621999309249
-0.516014501777786
-0.704830496793346
-0.572916072468032
-0.469457596937904
-0.609612974334873
-0.576113372040104
-0.57239194048685
-0.66487268827883
-0.616172702176836
-0.649947572466996
-0.646908511837106
-0.705003031967189
-0.675953932431222
-0.657632859025611
-0.584399160770997
-0.574197109576892
-0.651877925314855
-0.623660637582756
-0.724746928975885
-0.563409881802413
-0.598621668558817
-0.609481579220643
-0.521378095179416
-0.678210397732383
-0.72783874474997
-0.747667497969451
-0.611719976285344
-0.658635798289257
-0.63028141412383
-0.460314704718063
-0.481581848544783
-0.658109096759656
-0.440584148494795
-0.623663190661788
-0.436863559549946
-0.711537474033701
-0.665447593500137
-0.543315707927896
-0.585341568171761
-0.465879817722166
-0.498497941498774
-0.618090312307393
-0.569174723359571
-0.488549934461327
-0.339644100046841
-0.555454070146052
-0.406278835767929
-0.491135515651407
-0.686444697997164
-0.407020514316303
-0.435232835924348
-0.54224028184183
-0.350445974327064
-0.738708135185371
-0.55026156137381
-0.638168146321501
-0.575963001604469
-0.510407967025073
-0.57286902086224
-0.395920247420375
-0.538893351262958
-0.530897457527565
-0.583783109371132
-0.458268101022992
-0.650320982715291
-0.649374627977264
-0.512709217076587
-0.509001873969421
-0.633522025640412
-0.439422838633551
-0.462875021290209
-0.547602240715848
-0.65626957104376
-0.444181407811868
-0.487881790267894
-0.478584505689322
-0.569178751970848
-0.44073266330131
-0.282748797752463
-0.65094940205293
-0.464689814747941
-0.563122551316656
-0.388563441039416
-0.503673230558407
-0.461739213356437
-0.546713223892128
-0.446874418616989
-0.317211402959806
-0.608257582415548
-0.534458300771915
-0.458333927046722
-0.56680831580354
-0.415419274167337
-0.562603222834216
-0.513641176838673
-0.487367014931749
-0.607159038727367
-0.533531492502044
-0.370157798082554
-0.489990772697068
-0.376638566251383
-0.408046580791975
-0.315440769293912
-0.594877909030961
-0.514002112269638
-0.392528507891794
-0.381353244533382
-0.501270711842672
-0.224567139231698
-0.3538823056708
-0.263488373489245
-0.441236312992018
-0.425873124642489
-0.467885536600695
-0.509575402402819
-0.344912048609035
-0.484701725720473
-0.268995137917348
-0.347893402807575
-0.441493392256647
-0.469321377898474
-0.351638859804959
-0.225749565151661
-0.383329567055926
-0.451876839922922
-0.467441818505118
-0.416735179153933
-0.365004551648545
-0.284282844587229
-0.411449014198284
-0.450189029218403
-0.302547133041681
-0.37903167136456
-0.349029883117204
-0.43192451508776
-0.323633052590977
-0.344650962287416
-0.444847825050022
-0.424582448492162
-0.469626330094921
-0.291212671989179
-0.298862957108765
-0.385529138462054
-0.504598600023898
-0.352642916193927
-0.17972773176214
-0.29938038397142
-0.210405263315746
-0.44150399386739
-0.285795267471237
-0.0321165717416113
-0.344051722321028
-0.329118513201634
-0.410907402168757
-0.296906246033896
-0.339704552218393
-0.31341926576896
-0.30402629378513
-0.117847355506507
-0.349797135259215
-0.163905322403667
-0.3499433249037
-0.372313372215537
-0.301300077516145
-0.296402517321642
-0.236896192365976
-0.279202417573379
-0.285564397271538
-0.279689606051463
-0.367854173194683
-0.177907174663531
-0.219928200460683
-0.317894185197991
-0.346411849013132
-0.369718181297051
-0.322143455317193
-0.320020763231191
-0.341627834070998
-0.431357109718205
-0.147688660652433
-0.268903838089127
-0.253877760062796
-0.248967853390187
-0.272069630299756
-0.21434005225488
-0.301858116887294
-0.160644519904996
-0.207221942823005
-0.274208184186654
-0.243428524846798
-0.246550222898676
-0.194944001472871
-0.291074884106749
-0.326718465570944
-0.179984524572348
-0.229156395206501
-0.319163346307819
-0.327653142878324
-0.112726705385378
-0.236227164467778
-0.116381810173554
-0.219773620761756
-0.202871877371246
-0.190697440181814
-0.271945818209465
-0.37273120856722
-0.259634101599059
-0.26212662061471
-0.220679215392119
-0.12958439073464
-0.166868698708605
-0.136679230019538
-0.2934314850213
-0.327107125129785
-0.211537448218595
-0.299573015365987
-0.107616445219365
-0.197650879128554
-0.295629613535174
-0.188079697760493
-0.145267209399473
-0.191903154242481
-0.219152962908211
-0.251227588058473
-0.273162186597103
-0.166508466302414
-0.406955184195476
-0.0831535500978344
-0.205083498373752
-0.270037268958836
-0.152054863474596
-0.0229903029515679
-0.261729500756499
-0.157022978749858
-0.172888717760337
-0.218091454161414
-0.42666639253501
-0.00732458453839592
-0.26899803467758
-0.188504892659207
-0.163069158861338
-0.145364486361479
-0.0804641887151646
-0.303927868860149
-0.173639991880014
-0.147510667933311
-0.115631107843402
-0.27707133822631
-0.145751288898989
0.0160290008471827
-0.256666054812978
-0.208872009848417
-0.296565810913071
-0.119198678405655
-0.161049931976373
-0.138877741277143
-0.0685055628403317
-0.141053849066049
-0.123369876407244
-0.051631431805635
-0.135818678683854
0.00386788967371359
-0.027822974932186
-0.0316312171984401
-0.144251909381875
-0.152314646755317
-0.271761272923677
-0.136906978576481
-0.10354957648766
-0.118427449211321
-0.0637247797870049
-0.0799702811712931
-0.0741629658104147
-0.081869860477782
-0.103136966986233
-0.0968676704622073
-0.0950989737974536
0.146463759893277
-0.172856011169444
-0.11554626200601
-0.0469631967556005
-0.0885046024832442
-0.0342515383081659
0.0297242223310569
-0.152187989696871
-0.0443808100081782
0.0369878671871679
-0.229722558525234
0.0278754469794718
-0.0702282964602655
-0.057386824088904
-0.0708367273915194
-0.143969640373693
0.0112010440257714
-0.193562305839651
0.108938089862437
0.0576679389143842
-0.147174012848016
-0.0819285186351378
0.0563099616561979
-0.107996047137327
0.0407746149397702
-0.00469859123796373
-0.162615991908752
-0.0182616398797165
-0.0314548773688373
-0.0407958573655333
0.0657933807406347
-0.112744668494598
0.0795413066721076
0.0565189900647483
-0.209122339219745
0.0249804181205315
-0.0675604363185657
0.0280074540432387
0.0608885136046467
0.0585829413423738
0.107247849434199
0.0621263754925428
-0.0337666164436945
0.0430316734858323
-0.0455496319189015
-0.0437702694541196
0.0484002448109422
-0.0374506862957648
-0.0377731822693157
-0.0444953983995741
0.0217121484465895
0.0821647274321526
-0.00234388047310557
0.0108798367413068
-0.0171428268964079
0.214967060562135
0.0299151574215229
-0.00585401402940767
0.0275382683363213
-0.11128190220268
0.0461032844036173
0.0290296100005317
0.0440710142735989
-0.00664245989376767
0.115263119184929
0.259317212770832
0.0806883792758304
0.0765658732766652
0.0362344163588222
0.238518404689496
0.124966485572675
0.0721545918993568
0.138487238165484
0.105910675609799
0.0769490702196628
0.143688595029793
0.0965645694272591
0.0121096227680092
-0.0390918318373576
-0.00631054689884914
0.047951427658491
0.104890287119785
0.131988004493817
0.114182772672494
0.0449998388895479
0.179442211111466
-0.0318018319370867
0.0597310220754886
-0.0921420207601893
0.241224171411849
0.0945980309049397
0.0123270498178529
0.154311060789105
0.186174078621076
-0.0563955864834677
-0.0434830281311446
0.0985965439405392
0.0624770992316711
0.181191030739217
0.110203096619527
0.233887626461149
0.0698935376338502
0.0659353315987495
-0.00743042901085191
0.128281663447332
0.101692005814305
0.162268539973261
0.15424183290513
0.195180949490981
0.110106958933199
0.201485769621395
0.213440412861365
0.271731419196151
0.153714231365579
0.0392446401615515
0.2706268415523
0.250721233535473
0.102939077203205
0.146163789489715
0.292671378416504
-0.0560811053604806
0.0430395783051162
0.191156250022234
0.116701340098132
0.197196380395267
0.0735510106201243
0.0530352208273774
0.160237888929269
0.225662544071969
0.111164959267366
0.259092069376743
0.0678950259483995
0.184453335123507
0.147439041200162
0.342793945798917
0.280389862586069
0.346978445583515
0.0812396843297987
0.140196541410009
0.12913859620225
0.157668775270948
0.107852727485521
0.249575033951988
0.140900145220745
0.357437400446461
0.200096099191362
0.289179351027203
0.248026300815895
0.212991074365686
0.236300994895432
0.408492264689525
0.0418765875216883
0.215714910438755
0.330725300592044
0.368207814640754
0.122349983813222
0.0926187909213115
0.307213071841079
0.284760285222391
0.21003431341535
0.173579310726984
0.383753676871225
0.297890146148741
0.152428590319292
0.27167007843838
0.310640338489992
0.217187062985755
0.206927191873986
0.181644380944451
0.419280073951316
0.234368711033701
0.148968485807957
0.360490622667947
0.327790614767051
0.246058513681843
0.282613931201845
0.206718746436482
0.174795519977386
0.323600437514531
0.221866146319867
0.153575230068231
0.17308438850179
0.246237286021392
0.278761192018918
0.445136407774297
0.350711653677992
0.208972834912356
0.314061287529436
0.162700483724985
0.290566491635649
0.32657284556392
0.310671571637878
0.268215148910625
0.18162045525565
0.386092440132494
0.385190952268138
0.309150685915485
0.317105356674032
0.286407749104047
0.274516704517641
0.318917119171971
0.356749921757091
0.368481968307239
0.178549779376581
0.390435868970977
0.277151910785619
0.346554074921637
0.206068761753451
0.260988704644276
0.271173344565454
0.448538920878629
0.412384563638419
0.242753608102418
0.380912527818397
0.283389730807527
0.425598906518814
0.358048994767136
0.486046475831987
0.436573202611392
0.294304083612973
0.276079790432806
0.307277794981085
0.477862541740869
0.463828096587382
0.385427944335752
0.146370628337926
0.470498436641428
0.314019997870737
0.383692832454856
0.29336070229339
0.416826909387877
0.292145382358801
0.429073547447313
0.362044853260506
0.413104245425
0.401448236631384
0.463026386446372
0.523515858959465
0.324950433454881
0.421039004931456
0.496951651764407
0.450643056976289
0.459243740944557
0.465875254996846
0.555160908771754
0.343849845550293
0.334150560653976
0.352959746022628
0.415913507172279
0.44368736976989
0.403701306474667
0.413984837074675
0.428862540851805
0.309828486701614
0.397233668965819
0.465360538856894
0.414265881208441
0.353897700452275
0.539698296264735
0.45101467364205
0.343362914097589
0.493491883171108
0.56092443264088
0.488850644057294
0.378627489193375
0.468004675340952
0.449186266076016
0.587713151851484
0.57663562213584
0.461838513478994
0.394008467692659
0.453930831805774
0.409989407141749
0.336106253192431
0.444554135411872
0.432972740398968
0.670001628478492
0.252204752979333
0.41338030717263
0.513018231061187
0.398577403874489
0.412205266968551
0.44304043950536
0.452624694099419
0.434415749308249
0.634309005373664
0.529758310454593
0.428792224926367
0.555143282650361
0.502355442751441
0.38028352999103
0.624136841846024
0.480124670775694
0.425616187500237
0.681803734083209
0.598777981866126
0.553187511191638
0.455682423713688
0.547515853328303
0.580603314883435
0.567158380887415
0.489947534639102
0.586155706087163
0.458935082099735
0.387501265654529
0.569723855769375
0.480885079535825
0.45429545316104
0.62687243481272
0.378785977244906
0.537065426584158
0.504917815919371
0.593098530846331
0.535010589984907
0.553612634853251
0.486396721498513
0.355818791100102
0.594050657834358
0.689914173164784
0.622742558988955
0.558759818816993
0.653921265257369
0.505780437803401
0.579570519557835
0.607187089634629
0.520598029812946
0.572986257862004
0.585861694640041
0.725909985743654
0.643760516894537
0.636848250846016
0.606390235158389
0.520637106627942
0.760349852599188
0.547881979273983
0.532090322468729
0.367680443097007
0.584534301121329
0.623133807495866
0.556726231932669
0.566953554090947
0.603003809844341
0.581586293622298
0.68547340046334
0.599763079887437
0.537230196302561
0.709060025274621
0.688890368678755
0.448068232518449
0.738412876858095
0.705259554804963
0.639778044798596
0.46627743833736
0.688759895489561
0.677409719549458
0.450417228714852
0.519775135498822
0.552576759600992
0.758215297133957
0.81023372714311
0.706294646100894
0.652644837171337
0.523948641907004
0.676666530236343
0.581822531143975
0.682736599475128
0.503034907828297
0.687140033902623
0.625630796703102
0.605956988923868
0.852324429624465
0.822936458130364
0.744133762615575
0.709449937491793
0.536837541782142
0.706869449876657
0.725297892236997
0.697874903255707
0.609086166764617
0.546396490939667
0.601486530030874
0.775106018756573
0.709548676660574
0.63702224381697
0.659608766486616
0.660916959799043
0.731510790258591
0.596583990542256
0.75295434317082
0.691446116030579
0.809674774452393
0.659137562047403
0.741420995289204
0.775122176665399
0.843251175920439
0.638784579675353
0.801196685440709
0.656986256997308
0.783679844183046
0.781762262221637
0.681250997868186
0.663529916049912
0.692442844617905
0.765634971384666
0.69445491164353
0.768762127304173
0.608727521825964
0.854948798129936
0.702852367312024
0.675682061500296
0.730023580746606
0.596984997077476
0.78101154221812
0.558349150429385
0.702202524842334
0.888800791333479
0.715507073554407
0.764991258756754
0.643418942294129
0.787478910825008
0.730024876505832
0.728169213745623
0.809664618264821
0.799215249378992
0.788017864286499
0.612289340579756
0.822622781410006
0.788146211760253
0.665293137689593
0.70953046162313
0.787687140410383
0.812503877398461
0.862452840698571
0.688041090900161
0.888733400879582
0.792538089177126
0.900851572573059
0.560189404686286
0.778147200090814
0.861968740967776
0.676485319960554
0.762837474736212
0.745270224793869
0.884877439752496
0.804920775625326
0.767017772193338
0.885033338348118
0.816899755987644
0.774965804184668
0.784998254340868
0.886294375085646
0.818095486014921
0.862368047544749
0.871381763216951
0.826168874684723
0.821432696473451
0.936692891227828
0.763777945723292
0.782658610557987
0.766173355743702
0.742398691231773
1.0004950945195
0.894769070270922
0.833704966832235
0.936690227372352
0.946983131797754
0.759626466684966
0.835250859868648
0.899510545295925
0.914132878618139
0.746720208454807
0.850860055864522
0.997906892659444
0.996661736934874
0.795873377776245
0.860826820416445
0.950947635335234
0.934139277740621
0.855736179604877
0.910081469560946
0.78865963762094
0.966808738732134
0.94804064221893
0.926750941709514
0.845445754311068
0.773291176748704
1.02107950517571
0.837750105199759
0.803988542477406
1.00439620862216
0.760993493514211
0.826048176955468
0.910251204303035
1.08971519084278
0.945920562021605
0.949300831020764
1.01845844167527
0.949381588582731
0.917070730727904
0.926529065479401
0.870862688109588
0.99204971701069
1.04489337047083
0.951237288037041
0.876438635348415
0.993713357388834
0.915169830355639
0.921342451879113
0.925129666946577
0.861299243846359
0.898939924274078
0.864012699097888
1.13962529975225
0.988272696273798
0.868404008212851
0.932981334489401
0.953181936633331
0.902202002703741
0.967098229967613
0.89124804091688
0.942762226304574
1.07369347191425
0.95464640822592
0.956513056861461
0.957571853863948
0.886499766493964
1.01543744841478
0.976047817775493
0.985114144462928
0.885154495417927
1.01813549548091
1.0423144183664
0.939984037324419
1.00884049618105
0.917083056559448
1.04895830197488
0.89138840575524
1.07334211598651
0.825578323916533
