-1.05050838922048
-0.984347223359369
-0.874576132601831
-0.939662812099527
-1.09245865422034
-0.879301287805241
-0.900626696078775
-1.0867724534541
-1.05267203817542
-0.897181447789372
-0.836648158927212
-1.14260323241778
-1.00665380188784
-1.03747141602302
-0.891777428040203
-0.961880452231543
-1.16783989505318
-0.953529206928672
-0.952955010608111
-0.817250692057406
-1.0102435025327
-0.852984111926042
-0.900821208912295
-1.01404925795452
-1.03976456664438
-1.12293299189422
-0.939887013928419
-1.12066177586422
-0.937429421479568
-0.860752425499285
-0.977278127770932
-1.05625266016637
-1.03303962892777
-0.859287694270794
-0.953180223133844
-0.988419772068275
-1.09221198048153
-0.90408427601054
-0.911936291920579
-0.94192863242259
-0.917302584762926
-0.871714736078275
-0.819696396261137
-0.853001447412604
-0.937248642062516
-0.952206590105157
-0.986178200033421
-0.913228755892677
-1.01722948142689
-1.02996879249928
-0.995974937029656
-0.857582227144144
-0.910965264734887
-0.863411739245922
-0.920494440347705
-0.884320306569607
-0.877499685596394
-0.995369664800553
-0.77675587964822
-0.917188152149293
-1.07376417891355
-1.02396422451477
-0.725475239192116
-0.88059883168412
-0.741077401171005
-0.82451036391045
-0.774508314720269
-0.747199350191284
-0.847787632122952
-0.917183711585073
-0.911475105333046
-0.887936196339788
-0.832965305477038
-0.867331568528626
-0.885370267730113
-1.03361963505939
-0.753714777463525
-0.838528324652087
-0.968354605535896
-0.706972026894676
-0.883464975193099
-0.83076128693428
-0.791290017739599
-0.773983443638671
-0.840869363394555
-0.843144896960475
-0.813381259116017
-0.821607713191022
-0.862674417492445
-0.813752176296505
-0.858165541181855
-0.866807693080874
-0.743003253657133
-0.724789216730547
-0.741396804055259
-0.83836816300392
-0.856669836779596
-0.757746088279998
-0.792710077500775
-0.870940945885359
-0.938632371265562
-0.766460356246845
-0.824849101860266
-0.955952062151335
-0.809919080349917
-0.849273629585493
-0.7955465601972
-0.733167904999636
-0.8075078735664
-0.905292953305806
-0.736237400850971
-0.70029131297187
-0.769516386227244
-0.778312410600562
-0.746692078763466
-0.682985884960297
-0.691636025609014
-0.851430193225846
-0.889320634027528
-0.780801749151476
-0.730862267382681
-0.649039466833282
-0.787585456335317
-0.685889977171053
-0.744220845232558
-0.592859792385163
-0.599803614763865
-0.787108176405485
-0.747324897123934
-0.786732471985651
-0.697101047293085
-0.690230396544194
-0.801247082208457
-0.761955935588732
-0.638300268400517
-0.821132205190891
-0.797937534581381
-0.824922220178773
-0.732990876166489
-0.681966893722716
-0.766221219964564
-0.838685041001463
-0.758763672762032
-0.817850107624708
-0.741163005891745
-0.786742165074136
-0.705978224501169
-0.656829597053733
-0.533410363112714
-0.714127042402125
-0.690624241274276
-0.703154475080693
-0.709553401723089
-0.625594594036884
-0.597471558603587
-0.634219006567326
-0.734608005075544
-0.742566218181771
-0.664669571779663
-0.733027438882634
-0.858870426062901
-0.539361596739746
-0.725428290682342
-0.746910760343543
-0.713557349261272
-0.628001436859925
-0.705566729725215
-0.667371008376184
-0.726391908538425
-0.648857576716809
-0.674367314503731
-0.591611077605513
-0.593580328040064
-0.642184401425945
-0.687961024340956
-0.529099214539539
-0.884745101333525
-0.690920669532307
-0.744048258509533
-0.653648190455966
-0.661302934983583
-0.650213116626193
-0.654226954201758
-0.693117384652153
-0.539324962432703
-0.717469409882008
-0.543405879508518
-0.472227642646434
-0.616764846135466
-0.582825769208351
-0.566628554651948
-0.663605616968923
-0.620207578121763
-0.65208641830514
-0.643881806297405
-0.702363697342508
-0.670906994957557
-0.638448657423003
-0.56896599916603
-0.57544871366208
-0.667447996129444
-0.618412880861674
-0.701138404472069
-0.551682682928028
-0.576123001448837
-0.607217173751359
-0.538191643375173
-0.669379172699548
-0.754035295375199
-0.731163527290865
-0.611150868054304
-0.655858411545023
-0.638472884865806
-0.446279868354997
-0.482363254888818
-0.656091557258918
-0.441309000387855
-0.613379859173468
-0.423156526371352
-0.699814495604932
-0.664794460555875
-0.552116425633151
-0.59609355091795
-0.475180126741178
-0.496410394659594
-0.598355977770167
-0.579680559324655
-0.493002593252808
-0.376744968368149
-0.556876389778008
-0.435146504187623
-0.481714087756703
-0.672396691546697
-0.418764053144917
-0.414886590180547
-0.546304777888685
-0.346242521014237
-0.733137570389062
-0.54271660579371
-0.631046938491237
-0.573726063127217
-0.486814072758266
-0.559428884627541
-0.395851460518962
-0.534463687201244
-0.508403810505752
-0.567722189169868
-0.475718832717745
-0.663868378712546
-0.643784662092175
-0.517708118725013
-0.507626839259688
-0.618771872886738
-0.434042742879201
-0.467462692481137
-0.527847413027242
-0.653619176734159
-0.446006190923786
-0.490016977268107
-0.471097826763333
-0.559008133463838
-0.458806914760978
-0.271437008488487
-0.648607458016548
-0.481314851035806
-0.577446774283095
-0.394868826305381
-0.51497831556578
-0.478445165609949
-0.551179031247699
-0.460203424511558
-0.306929657509946
-0.615543687235292
-0.545101585608593
-0.444522915556391
-0.551167252947409
-0.400458713397976
-0.547435929755904
-0.489232463813726
-0.482398393077528
-0.606771240335181
-0.52365813514935
-0.326851655802109
-0.479025923831657
-0.384988494267297
-0.431605655316402
-0.292147667978125
-0.606046241522392
-0.512060703044656
-0.392309978906107
-0.405145048741993
-0.501283749558482
-0.237286364447129
-0.372758733995215
-0.248958727066983
-0.436559081765181
-0.397134112583837
-0.470002434435176
-0.533684411486014
-0.340952374937907
-0.473247581341835
-0.264863336534843
-0.33391582820646
-0.426253040617439
-0.462534150600667
-0.331243046112835
-0.238374856270869
-0.394357149187958
-0.437872985179721
-0.465778150545769
-0.419609286579918
-0.361942929932415
-0.299431501628425
-0.394223294157484
-0.470317733410995
-0.279573212247518
-0.38464638592258
-0.363190365323029
-0.440971000669084
-0.325986557871752
-0.360933925210957
-0.449985547981114
-0.412001682667069
-0.452544113816307
-0.298076783201696
-0.31529555433985
-0.355419117812618
-0.495701897688006
-0.359558703662383
-0.154908004623488
-0.311309239891251
-0.224220034441739
-0.460270841551402
-0.295524127111742
-0.0191112904822499
-0.322988038501475
-0.340546582637714
-0.402477461061576
-0.312453946113967
-0.333125104939951
-0.312623547004398
-0.308224291141985
-0.122759804025054
-0.339355625949914
-0.16758935935282
-0.330381051375219
-0.357300514652392
-0.278043975430165
-0.286108530768398
-0.255285096069677
-0.291082421092429
-0.285927103100987
-0.285244474126577
-0.361089860647576
-0.188165149790143
-0.236896851212506
-0.326015097169139
-0.349027727753341
-0.364642804860264
-0.316378577915216
-0.312145025566784
-0.332059534979166
-0.425371006820914
-0.153362610180224
-0.286663450939093
-0.267893294960601
-0.247793654727292
-0.28620849763745
-0.191235633430619
-0.281768822875728
-0.172497070707238
-0.204041659947553
-0.268011293036147
-0.238322045003463
-0.23393997529806
-0.182879388930516
-0.260126816318503
-0.344612624226706
-0.186172147002443
-0.234571903209413
-0.328769241343483
-0.32572436606024
-0.105557998585749
-0.21601179971623
-0.141588492960439
-0.21806081975377
-0.197065188109243
-0.201734546490933
-0.256373098582032
-0.325785819559256
-0.259783305565418
-0.261868094025866
-0.256207063876726
-0.126974410133593
-0.201283973037626
-0.134405510021725
-0.29659591449298
-0.305432129691873
-0.176376373518887
-0.282411997163866
-0.0823644471716086
-0.198978157433609
-0.284535256139555
-0.196983357833842
-0.140226925396154
-0.203927489422077
-0.205315329359531
-0.265823507413212
-0.264701586267598
-0.18063594000774
-0.373276671417708
-0.0607085694630755
-0.205937464971009
-0.247781612631824
-0.157791174811284
-0.013109434330621
-0.254237543231899
-0.155240703257511
-0.15998656614586
-0.242104794157299
-0.412315646641171
-0.00128587665221245
-0.257829489082782
-0.184811962982658
-0.154041611698387
-0.1412167928916
-0.0857940450603283
-0.298011208265329
-0.171759426616602
-0.135129523956273
-0.108707709964925
-0.261508927798692
-0.130117821636253
0.0307390781425069
-0.233017800540938
-0.189355741374278
-0.284919402181676
-0.125814920996628
-0.160899173979615
-0.161452330267215
-0.0863048057804554
-0.138256429811625
-0.116029595444805
-0.050254217621659
-0.142612719581806
0.01622233605672
-0.0497948460024299
-0.0461405549940402
-0.158906552632884
-0.178391247459904
-0.249360914646306
-0.134692197720729
-0.101214798098566
-0.114141335718394
-0.050291734557806
-0.0656293803997133
-0.0647886235346563
-0.0770008644263288
-0.104572559985624
-0.0583205057394754
-0.0883538514395742
0.134620746868864
-0.178281221059561
-0.117582765760889
-0.0493768335418818
-0.0827415812355235
-0.0461662831403957
0.0165289483276337
-0.13680178500463
-0.0538336107056622
0.0255855378861248
-0.226316585165159
0.051694818898265
-0.0756174981177302
-0.0270341335830823
-0.0755730679743212
-0.124882600401706
-0.00132363989769462
-0.198565990734488
0.128077005042803
0.0569894587699479
-0.147219074887408
-0.0801199285619086
0.0533858418796848
-0.116467683035214
0.0285428448313028
-0.00243635254127674
-0.167497977374936
-0.041239637358529
-0.0178662761952686
-0.0523882230848051
0.0916773329666641
-0.0950128176144466
0.0751318795975384
0.0389898945987233
-0.187778089667636
0.0292158608125748
-0.0757781718765327
0.0537795867497629
0.0552827894989824
0.0464095886356924
0.119503105044333
0.0530410540632599
-0.0214309353216069
0.0276431515206332
-0.0365731075267549
-0.0570884281557219
0.0421696888095195
-0.0457331040011692
-0.0287548958218369
-0.0352597815733131
0.00777511116745048
0.0992613175591539
0.031069358675884
0.00570476746454389
-0.0118534133541541
0.209768931464884
0.050361888117861
-0.0119725788839743
0.018501659893821
-0.117599004339989
0.0462758716907667
0.0154991627927129
0.0497324411514967
0.0152468629817401
0.119701496806309
0.267533288745212
0.0978582930285692
0.0804302247230396
0.0204002382878789
0.244895957558802
0.0824272688877955
0.0618147858059071
0.145127952221584
0.0904186519142863
0.0761039610011556
0.137247664049403
0.117064857143455
0.0334395415395089
-0.0503008171263117
0.0134163667070903
0.0692159482554132
0.10966198810154
0.142096784712938
0.0944297114140645
0.0630964849112362
0.154238658332614
-0.0302673572123043
0.0435814985334597
-0.091641219361452
0.232735823213076
0.104983993720317
0.000496666047910702
0.150582774362254
0.156755694165395
-0.0763761112324834
-0.0341073116672458
0.0923213655943925
0.0568182403151063
0.164950709185425
0.0861246593383619
0.232907994374334
0.0596404812382092
0.0588818926937186
-0.00700377263878017
0.117802778073563
0.0936997938482486
0.148411134345147
0.151535877684789
0.192359044780961
0.106200077455938
0.206608949257698
0.246981928830549
0.291792233126449
0.124250633791353
0.0447513196880021
0.252824786414112
0.268062379481124
0.101009384479547
0.172430508159218
0.296182244125388
-0.0585444353702891
0.0541912595215242
0.179873131135623
0.109891866098874
0.18577893608072
0.073248437844513
0.0569732253020616
0.148035982916674
0.228189735857695
0.0903881814657106
0.247595253274592
0.0690433475350628
0.195273150964734
0.145360718238158
0.336877487813715
0.288538509096851
0.342882155641385
0.0982986536861489
0.152818083511247
0.127418031038477
0.15721568711301
0.103687889562392
0.249744841885865
0.160872291676712
0.337184798723887
0.168637945149943
0.308481511196961
0.248263343357592
0.221177756593216
0.269666086490293
0.418366200062642
0.0312046428102769
0.192656227136314
0.332120262421455
0.364982978742686
0.160256274111477
0.0924081331233559
0.315967231038512
0.269345714854431
0.203502524407103
0.160334003892556
0.356011628961219
0.285607174599394
0.139019767643337
0.282748109566287
0.335112356299538
0.212485658819731
0.232466286299756
0.192916707726217
0.407440586059839
0.230666841902166
0.141179642698874
0.348197848624703
0.322209313211027
0.271181170357687
0.273474842994031
0.195150924138585
0.17729887604443
0.316734468772995
0.225084368106017
0.183000599883018
0.169473388988213
0.259617559613853
0.285094889824134
0.449874532497893
0.371477019965619
0.199779361815842
0.324095482837339
0.187494968439424
0.28729804453198
0.332420155268344
0.314018350970056
0.276525084095086
0.146725332276546
0.394837679266844
0.41090585220934
0.324500149630763
0.344735434357051
0.287415420398531
0.286669483271839
0.317474404650347
0.328118829962166
0.369199796703948
0.182570710188347
0.383258214803783
0.288226580253354
0.345748418092474
0.210688746215868
0.286998214545525
0.267369719437786
0.459571331774298
0.39714990452982
0.241846372992715
0.381113875087047
0.275192680644091
0.412988107426248
0.369444911744945
0.505606321612522
0.453280622504634
0.310354983459374
0.28570412805749
0.315217728127933
0.483292112588918
0.478917340724242
0.395520311079891
0.148729014489133
0.461283699337913
0.312995913483717
0.389012428752101
0.317589863584551
0.425864092442366
0.303982354966725
0.40881582167513
0.342651159863539
0.406785248833109
0.406499510918057
0.489445600299867
0.505770615845839
0.322758457266353
0.437137524050971
0.489167951729349
0.424607493384887
0.46319215284464
0.456661940224454
0.558067214790648
0.351505040566791
0.316780607684521
0.343378919750426
0.430766550134001
0.446809225916814
0.406398650752838
0.404745952868952
0.462488376483695
0.32026340409742
0.393381313746831
0.454550393883548
0.408411053994556
0.342306980532492
0.534984005338622
0.434841621806042
0.33489088372116
0.465687649248458
0.547939002992027
0.458667910164033
0.376563804116326
0.468327135444419
0.435357950642803
0.585684450573882
0.572670335391676
0.455612981856867
0.382296523832225
0.466883033657818
0.421930495440761
0.339087836941056
0.423358707055161
0.426507941189086
0.651420027209235
0.241397837838399
0.401196767088164
0.514561840065202
0.406216610679231
0.389712393307424
0.418073079673302
0.433521526845242
0.433738667879584
0.628386860939184
0.535450780976435
0.430271750964005
0.551921399821164
0.489646857252
0.404861723779894
0.615174571623179
0.501118247472163
0.420345232889125
0.660382325978298
0.602018993085623
0.558058564667148
0.466578705205864
0.530480498986183
0.575540462719864
0.532847999610152
0.474793430168
0.582620542727716
0.466261174246243
0.38655891240991
0.555308188140388
0.485189142004809
0.453737577614957
0.645433762369727
0.36882730747505
0.554787991468887
0.496712531783099
0.600362937547234
0.526971995904793
0.537238018584146
0.503970664527616
0.360000241804311
0.6185713815582
0.675422817951658
0.613339117826534
0.550689176880927
0.644301988639678
0.517725874236868
0.591491692586649
0.608587775617056
0.525747030197175
0.551538448031121
0.591677349720391
0.760149961994268
0.617401209938675
0.63788978655867
0.628926632508246
0.531040681077121
0.76699118255197
0.557976207420902
0.505982015371336
0.385317030508045
0.594432578797204
0.637156747838665
0.555385371057981
0.578063658895806
0.586014567977819
0.596937652385968
0.693410052092639
0.601748603599133
0.542355079055112
0.690984264700694
0.667389624662215
0.423897247056716
0.744119905137212
0.697894879505677
0.613972723017957
0.481491179576548
0.677489783611126
0.685424042577631
0.447665529937958
0.518847530993809
0.540849305187263
0.759896742131868
0.789412012129517
0.695874904657521
0.655480220598732
0.533639757520539
0.676951421149808
0.576682709638215
0.688113302747154
0.513671077045819
0.680968180975314
0.617117952245616
0.58976641525126
0.858628966204975
0.836425551358149
0.73243618392855
0.720667251838963
0.559920043740346
0.698969028405486
0.729656806418787
0.666073227699492
0.620937771746242
0.497330628170734
0.577087992480442
0.782400660218154
0.689734141585184
0.640982211969507
0.654468543808661
0.672294612347769
0.736158042541225
0.587263489598642
0.725839341412696
0.687316780066627
0.793986608853302
0.658361048763048
0.733633489778318
0.768647094315051
0.831718712975778
0.633472325425641
0.831355245647846
0.655942675290276
0.781802326329475
0.801921912885023
0.698276227798392
0.647784922312577
0.679631793351447
0.776336256997129
0.701961477135098
0.777287651441235
0.626541600194002
0.857591916847413
0.697852136939397
0.669701723819043
0.739087765724032
0.591240619079585
0.786926330728431
0.563401562392744
0.691595065649684
0.893760927078579
0.715714596483861
0.746655858555764
0.668019143611928
0.792397701038675
0.734591876047171
0.724359706804259
0.811116014218648
0.791553847380441
0.801062312965298
0.611648251093482
0.791555304742002
0.796441130806875
0.711422212917012
0.723063248390018
0.792739670621256
0.819120496616689
0.845988122389187
0.715019507958381
0.891485812146853
0.815695344374942
0.880854143776883
0.5689346993239
0.772440480258733
0.875972955848923
0.688843967189575
0.761731376717166
0.729808498367052
0.874416130649421
0.806392003309193
0.76609394982698
0.88470214617851
0.821392600541349
0.75376848788199
0.777677812189659
0.897608605956812
0.793496822291347
0.862335134171999
0.863343838299743
0.843567791561457
0.835467063783083
0.917224611281988
0.758658917605417
0.79118311451823
0.75601021631969
0.731177320699944
0.979269102938062
0.894946917924777
0.843418580972065
0.930113854767826
0.966719936193991
0.765677220556613
0.833209619197137
0.915192192221264
0.919673852272413
0.747072784584847
0.866972882988524
0.975097715812735
0.994177994345645
0.821511178472299
0.873275975354325
0.949200738060232
0.948617318791395
0.898137762234497
0.896832388146589
0.782954439451508
0.973165184758888
0.963233211929357
0.93583454547851
0.832326937027166
0.810338274736514
1.02427028395956
0.825908732710792
0.799200349627454
0.997204343749759
0.77574521384646
0.843548246048771
0.915856957610138
1.07745088160156
0.929180074794372
0.935473318279803
1.02141939343633
0.926271315458862
0.920131710469947
0.931086246301539
0.880901180351972
0.98323091438404
1.03820951191439
0.962412249842492
0.846033846952322
0.99124529945499
0.933721164533212
0.921134730926064
0.926341540871299
0.852429210248553
0.902557676456734
0.870292491612072
1.13038256448909
1.01116789017352
0.859928574716166
0.933528474363016
0.96929723552776
0.898583118921935
1.01760934814652
0.899816922514916
0.939844910443394
1.05924819260272
0.962289055627603
0.950562901044403
0.948771222530253
0.872812163452278
1.00724769211034
1.0012663823348
0.983731069048419
0.890716811924675
1.01039804570751
1.01562384846251
0.956907171634843
1.01491394924014
0.941862422979775
1.04798775049827
0.867093837367299
1.06082697718721
0.829156312992334
