-1.03992558054702
-0.761349042315201
-0.98022401796981
-0.856470835432653
-0.95734548247019
-0.924927412091657
-0.893365460861507
-0.8897673692342
-1.00788239565183
-0.923668300525932
-0.827056510635267
-0.874596316224028
-1.06286983721425
-0.959372194415233
-0.921146881890177
-1.00705076548496
-0.869105405689668
-1.0617852288112
-0.8609462430672
-0.898734215334501
-0.884405064461606
-1.08618649309937
-0.858909859657953
-0.791501320228319
-0.938083908185997
-0.967863486410926
-0.891232806996877
-0.99235227905141
-0.750114633803491
-0.938890419753874
-0.852998092145623
-1.0523568831188
-1.00849663871186
-0.821526134040419
-1.08338390659201
-0.891512182461985
-0.987461284862887
-0.817515400932007
-0.93411616773253
-0.963389165228962
-0.82734844323583
-0.908086840019443
-0.949944352947545
-1.06807939245679
-0.9435875611193
-1.02720826175919
-0.858519035094192
-0.923577995324023
-0.898897072071109
-0.918913364396315
-0.966520403084935
-0.810684782766025
-0.914301709349989
-0.69947915374959
-0.958088752403751
-0.767523239857083
-1.09605251801867
-0.918909602396571
-1.04452841440365
-0.878673938643948
-0.899655167768701
-0.809535514057765
-0.845243834770416
-0.84809524275177
-0.803040800036099
-0.959956418956216
-0.828070626997258
-0.876890469569705
-0.79102393153524
-0.745065358255088
-0.895231927074716
-0.818063906922308
-0.770290075291372
-0.87758182525677
-0.912104512604093
-0.877922161461481
-0.873356151854767
-0.807032134055423
-0.821574936945342
-0.975201201835105
-0.704203726965857
-0.813215192282236
-0.902616594398784
-0.926249627575811
-0.932476557349886
-0.783250801677734
-0.822115555514814
-0.987087031486491
-0.946416599567572
-0.747093194754556
-0.884840508353655
-0.824300169856908
-0.945973071549867
-0.756357388817244
-0.84683711194529
-0.969359075615988
-0.821101364835508
-0.791169531778477
-0.828727474260593
-0.762208300783911
-0.831888722584433
-0.804827650015826
-0.676985381919085
-0.792362306108786
-0.88132579942297
-0.852441655095888
-0.852433380887899
-0.793673037331551
-0.739928793483269
-0.799018548348572
-0.72303989359469
-0.779098206413556
-0.826244984489696
-0.782873174998903
-0.851886868138166
-0.709887825928193
-0.682331813461074
-0.748604750342298
-0.843136082394053
-0.760403585444632
-0.890858607409833
-0.697863964739896
-0.757238777658018
-0.761171530722091
-0.837356180392616
-0.717810124623517
-0.710374789823429
-0.711554067617084
-0.71098944507494
-0.583824371053198
-0.817118216021702
-0.940114245196647
-0.664596778295073
-0.792297295306496
-0.616919675678928
-0.712191982619716
-0.702132107546739
-0.507354734077968
-0.641233093474137
-0.64007748848289
-0.715222846063183
-0.676222067062697
-0.534923938426966
-0.700859638627353
-0.741978037768504
-0.687370888619196
-0.716757368855882
-0.556218208192334
-0.721467975561964
-0.642808177385286
-0.702394729366113
-0.901106975793471
-0.777909287367471
-0.624049944174787
-0.627050206130437
-0.663207386046015
-0.653386323439105
-0.642010452643907
-0.768153494806712
-0.656446800266502
-0.604550427068316
-0.56288335343825
-0.698620391220687
-0.664817743817858
-0.610950201592958
-0.621789609824168
-0.651037385055754
-0.46221587439668
-0.593028621092653
-0.617196674663606
-0.575076283587311
-0.568954294166229
-0.684608582537056
-0.546359002596675
-0.757796470180668
-0.616437678159885
-0.727051880377581
-0.497322333943494
-0.551457319548009
-0.694261119283556
-0.557881452238556
-0.521785016212328
-0.690873942903195
-0.497390511067496
-0.518003954713758
-0.837658753209662
-0.678343113512721
-0.516877836997615
-0.625270532613168
-0.51858072195805
-0.636045839739588
-0.6052249995421
-0.622066476865166
-0.750593802841125
-0.672199316047677
-0.720021476523011
-0.543917730860606
-0.754568107299944
-0.671781751529129
-0.637702357640687
-0.746426281379396
-0.697779413426342
-0.552769977132702
-0.51275369092735
-0.710165691490246
-0.607866125215736
-0.601326369170217
-0.593191820047275
-0.549752545192041
-0.663784238541532
-0.61763147313126
-0.483158148011866
-0.454191097943035
-0.492155788056111
-0.542975384019133
-0.543085152510768
-0.606329146866947
-0.451056175459976
-0.550077498628162
-0.503402101045133
-0.634813883341543
-0.527668110960932
-0.576593949846191
-0.489183924530762
-0.671489629454824
-0.507207986723998
-0.52114366180914
-0.54243902422368
-0.519123954383701
-0.64483536418034
-0.578978554761977
-0.591724920297741
-0.513310874582252
-0.729105872024846
-0.518034368226796
-0.498111721677452
-0.575600799771364
-0.418439651685167
-0.546948782384355
-0.648721829187006
-0.487639821670873
-0.554579301856122
-0.465642117163228
-0.581461178676726
-0.50181537401094
-0.450236262666712
-0.423584096140573
-0.642984489009909
-0.401949016770361
-0.581166759975243
-0.492383429619218
-0.559733573669802
-0.37290333086354
-0.539919369229413
-0.338953704370437
-0.38003350920769
-0.440135639223415
-0.515779713056579
-0.515890564658857
-0.386723743214501
-0.45830303911222
-0.442343787549257
-0.489162589863167
-0.415610479005961
-0.468095508644041
-0.587486612245653
-0.354373596688956
-0.479742971907351
-0.368499329044649
-0.512455355415932
-0.446747814657419
-0.344061268145726
-0.457295277790838
-0.489505964052521
-0.565145851207672
-0.425185977589143
-0.400980169393934
-0.477063138494134
-0.316808969020748
-0.392906243140479
-0.527697372364292
-0.456406606550418
-0.376897104822745
-0.346289258596501
-0.270630095566234
-0.288212584724887
-0.403970292954532
-0.365650790692875
-0.36375149791104
-0.325160916979658
-0.323088631103683
-0.438056461311985
-0.403614935108567
-0.387054474055504
-0.332565617789586
-0.443839780618547
-0.522981097673125
-0.349582277296208
-0.20245890715265
-0.43894024608006
-0.326483302769727
-0.354870622144808
-0.382026609032134
-0.464237452600524
-0.343657411401882
-0.445484015719061
-0.448017927000651
-0.519053629509134
-0.342808475443832
-0.43694892655497
-0.348713080115971
-0.431446697782322
-0.430107774438085
-0.405465778983379
-0.383067553284484
-0.357777344969976
-0.519631877774459
-0.309757993817256
-0.36485497964071
-0.386916800586335
-0.346331427357758
-0.514358066638983
-0.386547763488399
-0.234060294407773
-0.325402513973426
-0.382908615267244
-0.288931754783153
-0.377750373471302
-0.476052409798412
-0.338097467822437
-0.312741906431042
-0.30267960484666
-0.25156664609987
-0.401996424248942
-0.377089139991854
-0.320301800911343
-0.3643840029265
-0.297010613536971
-0.248723712952682
-0.318211542762619
-0.330110450716229
-0.447701351827562
-0.225247951863
-0.180171362902944
-0.245576100493571
-0.272874842770199
-0.339884376486897
-0.21087156319135
-0.265188485608945
-0.444300784159823
-0.205992878259049
-0.303658575606409
-0.425752308268403
-0.314946238623554
-0.324025166374815
-0.239023666391934
-0.260149486326547
-0.268573233797092
-0.288871412803019
-0.406138184530187
-0.249144325027772
-0.203326748993625
-0.32968174705636
-0.276943664234401
-0.367483295915001
-0.253545294474507
-0.354202126865939
-0.404890279819156
-0.316354071190076
-0.0967777839772743
-0.297844168270652
-0.203781950342591
-0.286426792196438
-0.214478672485412
-0.289221826550477
-0.257320998280724
-0.225799168327814
-0.195705735581324
-0.163473487500005
-0.27207782984141
-0.40041887013801
-0.151388669595035
-0.207536873839948
-0.24079564828538
-0.169890905216179
-0.376473389738687
-0.152522289710279
-0.115823489570267
-0.383653846161993
-0.238311222811563
-0.246493196935863
-0.138992418054057
-0.223073985390564
-0.279403867198402
-0.254775081330579
-0.405328253291504
-0.140781222174968
-0.248004688937493
-0.15702969529142
-0.209334363205942
-0.285888575850903
-0.157069654367758
-0.27881518306448
-0.258700760837042
-0.140130699987531
-0.0989739192301046
-0.242572067281781
-0.118236911755411
-0.195813058623873
-0.0804195967004886
-0.135002331174896
-0.143543783092407
-0.275653240521298
-0.175732359784688
-0.280760908729184
-0.241356124507858
-0.0811911280146112
-0.181556572963675
-0.102162835166245
-0.103341630723557
-0.212526897899943
-0.0427673439807669
-0.211451690100563
-0.220429962180701
-0.0841971135467001
-0.181569078251011
-0.0218800278561343
0.0384694201016951
-0.0919586553039064
-0.149044773987654
-0.121963845346675
-0.19246903047483
-0.0379316869301072
-0.124571076998549
-0.16022308159324
-0.126310962212166
-0.119817314662744
-0.0858583447402617
-0.157982991555709
-0.295675516040281
-0.192114404021149
-0.118237812041023
-0.0712755840035449
-0.0552671819359069
-0.264561646405369
-0.0530590509592024
-0.0901789935175233
0.0352030387467941
-0.21389858104154
-0.239202083615535
-0.0432183422126931
-0.0952756322813572
-0.0942015644487855
-0.145692232670829
-0.0846576192214057
-0.13055979370019
-0.0384332072112338
-0.209492751628097
-0.111417439389442
-0.11756957262285
0.0192419547320308
-0.000791163320295667
-0.167207401397033
-0.0863584759890884
-0.167972207708143
-0.118030865862463
-0.269627423990173
-0.069786774085513
-0.00812915594591222
0.0587969889404765
-0.0658121415374051
0.0590498352430212
-0.163075226213279
0.00698602490147599
-0.0492134203411986
-0.153389069937565
-0.182869849905643
-0.207617421295555
-0.0483164189185188
-0.163317794064303
-0.0355685272483002
0.0294188477204073
0.0255698077888907
-0.0713471177461914
-0.15153094723294
-0.0414899010975753
0.0162337214896167
-0.160685290236755
-0.0747943967719308
-0.0799726444756664
-0.111293128506783
-0.0086820652751921
-0.0564573173757693
-0.0842955841942063
-0.0485741203621777
-0.000397315602346782
-0.0681197776379178
0.00954003328654269
0.138757322557728
0.0221069050949319
0.0940599805945466
0.0804209418172352
0.304170308228117
-0.070685529830722
-0.0203795669693011
0.0428635343089523
0.00941691534167493
0.0391934754800536
-0.0470539336298301
-0.0326452659177926
0.10765634226527
-0.055073901374768
0.0660105487378397
-0.00165438110965896
0.0508214657497961
0.0102522567412872
-0.0272444132819559
-0.0386785334030122
0.0977232863651166
0.0192270223776593
-0.00614457043236575
-0.0322118756647801
0.0795966045676767
0.0126101068355045
0.0259434805598574
0.0539792934767817
-0.00191824431868306
-0.0817594667604814
0.0541397743852915
-0.0416399541041866
-0.0667118232388807
0.0860279697951056
0.035388130464328
0.317301445704594
-0.023428667218415
-0.00168570795447366
0.0972973609879105
-0.00126804236721589
0.0315567441879638
0.171820993287767
0.121305138846119
-0.0303311567637703
0.17063128237715
-0.0153828670968781
0.0235915753384486
-0.0106225299100434
-0.0180115695985669
-0.117717674035766
0.0414508439956099
0.0231196988602714
0.137570701201154
0.023563939395683
-0.00988258608408115
0.0123408002374133
0.112081467001099
-0.0299172776635476
0.0716988866097851
0.0963346958786756
0.121201886376662
0.129685771409269
0.0984538186700675
0.0492524827068205
0.136635519571237
0.127862555665621
0.0650208442227901
0.284915166592014
0.145581395649988
0.100618797046276
0.212462416164751
0.175269817825627
0.235708372830032
0.140044330441483
0.255977801829247
0.251979424675826
0.148524289290341
0.233010936456956
0.12246799267145
0.0791362921277469
0.0666191161231864
0.228909849396187
0.161591279194447
0.0232650747587237
0.168490161497288
0.0355945382309176
0.0867042678089279
0.169460618307125
0.188876458887698
0.148757515668699
0.0886594522118357
0.0591297971752131
0.109659743344611
0.177959633985231
0.189773232755244
0.0580196355880815
0.0954877794169488
0.229944966167599
0.332111597572192
0.21106306939872
0.199778161694892
0.200930331860906
0.00414959505470391
0.255729275183107
0.222079820134606
0.334942567205981
0.241923903943819
0.327950842106129
0.18354146078823
0.338076871455798
0.225631555618654
0.0759945885504393
0.243719802398494
0.29142884063133
0.128787361972381
0.22284447669326
0.157451865905887
0.275928047254601
0.19986794535784
0.393820791193996
0.39116573426034
0.0876278347856227
0.417949391125079
0.265716006697739
0.160676646980161
0.320621854938057
0.349227153208089
0.1149590721047
0.21906353372552
0.186390178431642
0.19727202302267
0.138078388982736
0.263835029602712
0.385026839818817
0.327602594533317
0.335157934270987
0.293633579561741
0.185430788032118
0.27307671163624
0.181997427290679
0.227394432317147
0.163124001486014
0.429204529577276
0.319946617023925
0.200562677077902
0.29085538978894
0.332745668598975
0.22442054976008
0.252360409312578
0.375336939245652
0.133569164556997
0.180519388650025
0.422556517257094
0.332074358050709
0.499294970501753
0.34629613722371
0.379410232501432
0.348569792086447
0.297838291615184
0.296713289441951
0.294075512672443
0.371559639121188
0.46264189388013
0.284756054015749
0.359745993637653
0.346106649483352
0.385801226909767
0.416739892370615
0.318339440748808
0.210723068578772
0.437274677634959
0.371318513344587
0.161845924725852
0.533027994043797
0.385643475323722
0.339784242789074
0.344214642347195
0.364094796170512
0.481105579259105
0.412225711572645
0.498406513857624
0.356146906194012
0.371763366795977
0.438231623504592
0.408186139207967
0.452312688258646
0.402586886507615
0.493099770641317
0.442213867472705
0.403271407164184
0.357124280446232
0.277114810449769
0.390665902061905
0.316648902530895
0.38343702592527
0.32594114251603
0.447313929235987
0.258637815885439
0.424226403175659
0.458215112404086
0.434988631023078
0.416807519152241
0.421171753033104
0.294293965201959
0.370019603183716
0.313322254168456
0.482285596919765
0.484879424929046
0.478562445207228
0.426702701257921
0.572158253779546
0.445553245545261
0.451145400079617
0.50247780884818
0.548169922799349
0.502548565817256
0.395833532554484
0.478457379299012
0.340677000947165
0.360672989073478
0.442155309055789
0.441201935154749
0.559039529849918
0.404961207799146
0.443243387290199
0.444336305130073
0.403641899063803
0.465424865922973
0.39362670859815
0.446767296401041
0.534033230831179
0.564569800427898
0.484766657796441
0.42796476290272
0.456821922207011
0.498246578326287
0.385788894052694
0.492827220836562
0.322209886729916
0.544529677245136
0.524221825012688
0.475341412009508
0.383637017404002
0.5709329617585
0.397388824569982
0.66150823443447
0.682429449646448
0.713753321929024
0.392961177238784
0.369840876698128
0.596900135037646
0.486619756576312
0.433375160019625
0.545280522802942
0.348288067142906
0.398463466680264
0.508296173114296
0.432781440744645
0.48404794203576
0.366449035072804
0.488145328780627
0.577323886775199
0.508137204400967
0.389137458854084
0.529557134663603
0.594647289030799
0.429719416818431
0.430971885520785
0.388987695211249
0.569106405954657
0.463790537055318
0.553804235093865
0.564640382701516
0.543083103289131
0.403071814241987
0.42918972294719
0.683025428133348
0.56907437590765
0.609799346608974
0.547296123998676
0.452533123437746
0.701493018402902
0.560883751061697
0.599435353603108
0.367303358149849
0.735987554678438
0.508494749775997
0.622549522367696
0.620780828065787
0.59884996962256
0.509678608193877
0.51034333239562
0.428115983561843
0.645521007255538
0.668666675704143
0.635600378310495
0.529404915338318
0.548841831398291
0.400968323167559
0.575629593551885
0.530569152218202
0.656995067045687
0.594098273721766
0.678399075616934
0.69969809888518
0.60343632871537
0.458126808667649
0.736365548010254
0.719948206394033
0.616902221171915
0.436151451939501
0.744439905635542
0.705292445118207
0.557660333516821
0.703062635565291
0.595043613693839
0.431218997605143
0.558447623995192
0.527199700748672
0.561967374166005
0.65415068004645
0.711334524014881
0.525901832074946
0.667226786916741
0.474782722493025
0.662062711131387
0.684067878470734
0.574973958296687
0.680042637800202
0.598172511060945
0.817792505249164
0.74385325141611
0.724936250358684
0.646250961389148
0.679685148770108
0.575631777313717
0.692849139482229
0.649823822952233
0.391981337425327
0.703659938460981
0.610550172065946
0.623538545368232
0.545225735540826
0.607518154973142
0.727032260443626
0.76886299034094
0.502880630760403
0.672786899679424
0.690826601392358
0.739732981898946
0.624502325671921
0.673687066487128
0.575905460936204
0.80098925571394
0.822128774511769
0.867377392224184
0.699757129206297
0.802875686058784
0.650461120265303
0.839491593949407
0.672377396933242
0.70330615165053
0.758356936070886
0.702656478186485
0.669336853703617
0.779036663423238
0.719416439764767
0.714007166374402
0.653911469022082
0.68252905604737
0.753518214967799
0.885818673293163
0.800422574336903
0.976968114941252
0.871990813868835
0.76195845530686
0.806700862770717
0.822394585052143
0.755989862400492
0.895912230071435
0.856258166175457
0.72517399226802
0.631493932379936
0.85396843083148
0.893145766495678
0.705905230518788
0.773454808983967
0.753011059151194
0.82037650225534
0.845419683363444
0.544754035643523
0.583915106999564
0.770183749563443
0.741105371187666
0.797768078306075
0.748420281811964
0.69513552754317
0.799190316362787
0.735575087024782
0.650860815157455
0.853793970137818
0.77999674393749
0.728636524156101
0.829633188508564
0.747724563538135
0.795573585231867
0.831216841869864
0.900987650810539
0.848706521661258
0.835652186252859
0.820949639507044
0.747035283535826
0.946664780794594
0.827152973515427
0.837851463256545
0.864981235905234
0.666075425160182
0.806500533142479
0.889559363787514
0.840948143761247
0.830947503730849
0.756348145788939
0.817408524374253
0.752516206392392
0.786571341346685
0.860692522436673
0.690898094816232
0.806734559773071
0.808333643743492
0.739263244381875
0.903600895615848
0.762086354788763
0.823307579550726
0.963529671282195
0.964184907122077
0.921043471925098
0.827672947050368
0.928735225059006
0.900951196272997
0.873939350308267
0.793660004277924
0.806796689494368
1.02737383877836
0.946620964771222
0.819118183482291
0.841785570233476
0.918118609552403
0.973908111907325
0.940808867937394
0.910997407308781
0.809605691371731
0.91811952259504
0.979921209725461
0.882300011240467
0.87502437281484
0.935928533216962
0.932268970246266
0.820211141769998
0.95810680719431
0.88762259161682
0.811873558998485
1.02579961016581
0.924028840965374
0.837797231493991
0.940141797818163
0.856314827084904
0.945717986275301
0.864467805613648
0.950520879279909
0.976257791842222
0.985745541574683
0.969383594198186
1.04022751006349
0.92725461963364
0.937451270463319
0.780061391406658
0.980817191236313
1.00025320784831
0.937430360673388
0.998998170662953
0.938796070105419
0.921355515183715
0.984083710962827
0.943896068401763
0.929201484079933
0.972759508003287
0.990480121598551
0.962569656731818
0.922811135753154
0.931784758011573
0.982205229811923
1.09726478224555
1.0970901972139
0.84544597992761
1.06120544049193
1.07977967108951
0.993457931800825
1.10986112304455
0.978842391576323
0.979553854247864
0.996491791896489
0.782233745067673
