-1.08017313345763
-1.0104528169125
-1.0877958816768
-1.04868848078991
-1.1179592683617
-0.864260237348463
-0.808496866112354
-1.09608597990745
-1.01754022246771
-1.06434031990625
-0.988859453319378
-0.958763491761738
-1.08285735108316
-1.0672836590731
-1.04363826504329
-1.02252552111281
-0.844260603439225
-0.965534358926006
-0.889715000091962
-0.869960966977338
-0.929346064644215
-0.955425140445383
-0.862561053012889
-0.888562383714374
-0.910453838310892
-1.0849678489553
-0.956586468068264
-0.923781228425221
-0.70767228315481
-0.882103196719003
-0.941873834075883
-0.821901446116032
-0.886095879695135
-0.960420766424419
-0.99779298955251
-0.895485233663202
-0.883108099444674
-0.856382659477898
-0.960288686319445
-0.830580021588422
-0.843517912564664
-0.990498348296802
-0.922823775390438
-0.92039520838377
-0.920829268145518
-0.841277522181668
-0.892525466804591
-0.950680196093285
-0.87526292930132
-0.988266132891468
-0.71204377042944
-0.951085178969721
-0.887247496249898
-0.830737099676851
-0.818051983188651
-1.04828781586144
-0.891963240289449
-1.05493818444151
-0.992641445051843
-1.12256295025452
-0.927132899618886
-0.875271864049125
-0.811566157969164
-0.86675970090796
-1.01945647038987
-0.896452914129452
-0.797549443747686
-0.957031062437993
-0.862261274236381
-0.900563851693536
-0.851706599461667
-0.783290181228261
-0.725856606415564
-1.07819930712245
-0.811158431005952
-0.709408852804648
-0.764424562812608
-0.878703305756149
-0.947286300728623
-0.576639502816751
-0.717346488336255
-1.01305787325038
-0.676923155051072
-0.824453805237606
-0.902459927203265
-0.866373591839557
-0.815155155061579
-0.714550323525239
-0.843746093133779
-0.690925513479141
-0.842906728307958
-0.806477462399038
-1.02729395103819
-0.735726018770482
-0.935444818994075
-0.743585025226176
-0.72466679533655
-0.656650254692211
-0.711579021521946
-0.93904079492028
-0.711175715015592
-0.85112966939507
-0.748641239076022
-0.691337184547752
-0.753574648648774
-0.720201548823919
-0.799350889802265
-0.850374033321039
-0.708901025278663
-0.762432302966953
-0.730902186358994
-0.871307604158549
-0.797501967837108
-0.659371989189711
-0.670905196792672
-0.727253223216167
-0.872054050041072
-0.825717804459819
-0.750410524198389
-0.847994361842988
-0.744283777879434
-0.769589190041109
-0.753037048706158
-0.755099911269494
-0.79016751314494
-0.621455567610867
-0.808513478423844
-0.869457298348773
-0.737783900773249
-0.587590719509275
-0.713350214306711
-0.689385241551498
-0.781158240458336
-0.616023248320527
-0.664903027108342
-0.726160943251317
-0.657086870452668
-0.735637115849381
-0.803644431658271
-0.746880905325964
-0.884785649209699
-0.647065975932789
-0.670977961766912
-0.53046585420303
-0.684245516732321
-0.716415087455707
-0.691266081583477
-0.725869046114312
-0.764420295029416
-0.682635696234643
-0.747853286294773
-0.528557143560304
-0.679676895958572
-0.65275585862526
-0.696887483233473
-0.760358340104804
-0.715457451095158
-0.506922221834966
-0.688149832948027
-0.789510974416848
-0.718576637259726
-0.814899568003658
-0.843870453534883
-0.814990199119142
-0.616104134289271
-0.493924204379009
-0.824053803143084
-0.674438698309925
-0.721785740040318
-0.752867333517131
-0.588590833389413
-0.710541398723491
-0.570806503344111
-0.643633359941878
-0.631942291972033
-0.613994786319412
-0.574858111942479
-0.679723657055106
-0.701058953956967
-0.688166455446268
-0.563825339917413
-0.504143792949799
-0.726922127264104
-0.555380069319147
-0.659959654413083
-0.71797117292246
-0.710990723249811
-0.612454085294723
-0.689932636924139
-0.665461181772213
-0.597848049713592
-0.590689552674947
-0.670938695922507
-0.618287620476557
-0.734339972190609
-0.70225839992129
-0.590826836754835
-0.660587495603436
-0.611045040365096
-0.608878633240528
-0.63796756469048
-0.648892187537734
-0.600360367969458
-0.643041281638479
-0.509169873057309
-0.437950011054464
-0.446272287958908
-0.641582622889192
-0.596341759072505
-0.661919137022707
-0.577765892183065
-0.683760408434971
-0.547372796231634
-0.655401589733483
-0.578760151704746
-0.696195342720082
-0.500884408416788
-0.573193610735519
-0.585284719542428
-0.48453439975444
-0.563355149136974
-0.607660126365427
-0.598083497413841
-0.494764673101702
-0.665190047895715
-0.519320458793012
-0.47601287463592
-0.481575781623375
-0.402482294403635
-0.572558983617664
-0.621282325699899
-0.499329620568322
-0.731425369992822
-0.512724273780966
-0.578292782224629
-0.518912855574793
-0.373995959954356
-0.531840170894168
-0.509820671118951
-0.497443940875011
-0.518580410932726
-0.534874939545638
-0.660635076328661
-0.598696593251819
-0.537475699958661
-0.469547741856948
-0.686591262104112
-0.496605056997476
-0.595395435523669
-0.563118296809562
-0.456186259316388
-0.533859974410695
-0.391679163703029
-0.391559388732797
-0.472951219418715
-0.618531831525703
-0.517090328799108
-0.425115072900098
-0.526894088405008
-0.515602258340391
-0.514424130500137
-0.465836658336701
-0.480336086668961
-0.468913644023796
-0.633349224962461
-0.613948529591216
-0.487367765656239
-0.457610292567041
-0.463160704974067
-0.502812746219824
-0.683279616244311
-0.452840553749351
-0.468106018257407
-0.388653362874352
-0.382601304246364
-0.404184019727633
-0.565234840352951
-0.395020078618426
-0.293755237462585
-0.53583606373887
-0.297911830955819
-0.508078153664641
-0.410617735596113
-0.562246147498355
-0.497799490514515
-0.424742057772304
-0.476069292499457
-0.464482071443374
-0.564095237335689
-0.311436020658897
-0.51438552300203
-0.456232070487886
-0.283862931181561
-0.46158045706218
-0.396855419570847
-0.526539425292775
-0.372793891398632
-0.370721493167508
-0.36347071311567
-0.427247670683398
-0.448576591867582
-0.357947389480942
-0.26976170207636
-0.304398766479166
-0.436918862685102
-0.374486760659017
-0.394918591811623
-0.433228488963898
-0.499955172459145
-0.442672395927267
-0.473034155816515
-0.409805640697262
-0.299067314095963
-0.580915959880329
-0.274007385682763
-0.377266421938312
-0.440129570204587
-0.385297012038559
-0.416360076211166
-0.414091857087567
-0.378859748501803
-0.426703722083388
-0.326590260789959
-0.349316869357417
-0.356512273930763
-0.212520751099987
-0.331820710247027
-0.517223240873846
-0.424051931855345
-0.405035552069616
-0.350509721633223
-0.302153273066167
-0.431724857422214
-0.318294418562712
-0.396321944398301
-0.332491541351203
-0.19783203863079
-0.093511984262686
-0.28707102136796
-0.378912679941871
-0.268004869335162
-0.285657936463457
-0.401372639978573
-0.408333099084414
-0.301335239462204
-0.185295218927329
-0.270188466922945
-0.453439304364165
-0.314904488178957
-0.273385107872109
-0.200410179491424
-0.37016229495071
-0.270957795947428
-0.369958704408297
-0.367030174479338
-0.272576898368503
-0.379609312518826
-0.324320044649024
-0.145975103847662
-0.372628486167529
-0.244499442458591
-0.338382188453074
-0.385185400928421
-0.19383172595448
-0.237276541976257
-0.404725674393077
-0.14596998528999
-0.241377117931602
-0.208871473456601
-0.386459927025519
-0.203828595993915
-0.22287889678668
-0.224268695412935
-0.110312397357786
-0.323275282104846
-0.149229311129698
-0.3506717754541
-0.229974722618287
-0.267599884369122
-0.388383007799203
-0.269816200729554
-0.205894918751614
-0.0465782755086442
-0.311549184485764
-0.268975187444115
-0.287072524225868
-0.293523340524831
-0.276228209560436
-0.162277423255635
-0.114588360812698
-0.288084428753105
-0.158890649184178
-0.159111425882368
-0.291788003493761
-0.202726697418483
-0.234960902151824
-0.161387260083776
-0.219736593855274
-0.275355363420033
-0.222457213052733
-0.307653676705931
-0.263297377500907
-0.35056113000368
-0.0164541190900922
-0.0701100066531024
-0.260627773614118
-0.147748069797383
-0.0789077958750224
-0.178259502789673
-0.23075032683518
-0.122928750206113
-0.190200332506946
-0.147120111418153
-0.0533420230663082
0.0224401618756034
-0.191927501686755
-0.153866404359177
-0.245360024146402
-0.174327814645981
-0.131093315338545
-0.22937604004854
0.0178702417554264
-0.351084145291147
-0.154069700070911
-0.377619939958612
-0.120579689368872
-0.21298409338141
-0.166385691619048
-0.112479110868268
-0.0950676027623213
-0.218203919944666
-0.0599791099956752
-0.0711783945535576
-0.146412115940558
-0.275763232389963
-0.111200431109756
-0.282730409559111
-0.172866299003854
-0.129279942007122
-0.170141452597164
-0.0859414183028266
-0.27363484904759
-0.184855015228258
0.0058652139437974
-0.24482458183063
-0.151457897708961
-0.232748737972706
-0.027174777415101
-0.0791803834358342
0.0720963814865369
-0.0395584618777408
-0.0992150803022848
-0.139361122073433
0.0124420920655114
-0.206352320612797
-0.0278890199976655
-0.162642896187213
-0.124596137314362
-0.070843824495414
-0.0736240254952475
-0.137011400992167
0.0235573202394769
-0.11653678565628
-0.168936547692208
-0.042085247918223
-0.109916532242805
0.00699106426574001
-0.131733160297322
-0.114703423354377
-0.136684711191885
0.0534770121738111
0.00513221319673668
-0.0296123840959109
-0.135983387679395
-0.0899480440252838
-0.106009731820487
-0.103361512339335
-0.0796608265694484
0.107475686527422
0.0153256478484862
-0.0088467214785212
0.0522110372556241
-0.192329047238134
-0.134562262481731
0.0263610964448735
-0.0795347877517619
-0.00183348137565693
-0.01389599835332
0.000296401432368873
-0.0929206920374872
-0.0766469614614055
0.0341483086904243
0.00897947804963509
0.011874957174832
-0.0733107577702238
-0.0880687898918083
-0.0160937209495282
-0.0220828338260201
-0.0581315987040929
0.0861759364878679
-0.0164144342920647
0.0439470810319122
-0.15921621598444
-0.0123954730337224
-0.0631575138986052
-0.0890729987133275
-0.11869257141158
0.0875973051463858
0.0391290361655246
-0.0284065689023185
-0.0176581451753715
0.165877512951741
0.0616167638974282
0.090048453900286
0.0565539247090091
0.0289940727292433
0.0825382146613283
-0.0651216701955519
-0.109564780058017
0.0877885334190304
0.0941760172560143
0.00639787203323489
-0.0277452949813629
-0.00657881237176245
0.061355353685526
0.0439575627081689
0.0722852670210292
0.0106651703123348
-0.0166664391789772
0.0254112565349412
-0.0182938055516938
0.108911518129451
0.12999143410127
0.135216760871742
0.0413853809753364
-0.0115147179532085
0.0347950540481774
0.0804223839383694
0.219414039050243
0.0926768563795502
0.104550271829276
0.0311808957780906
0.0683360988060551
0.0912519084324813
0.0825793327550696
0.108704927820341
0.146588824101452
-0.0486272108781276
0.101054592908471
0.134945037855364
0.0624196898231481
0.185256410118406
0.211945781415263
0.102668498017471
0.0064374839322617
0.178215150030133
0.195986887604918
0.0818812783760878
0.115012968319785
0.306668737363052
0.250526086353602
0.0601708441307253
-0.00477507086232346
-0.050595375554551
0.108853433148739
0.109450882056907
0.13432961752441
0.126783532485151
0.024074225344235
0.0490176106046187
0.185878126974654
0.280557394310167
0.132469446060702
0.300525705962124
0.168995993029194
0.118307795082831
0.256024780796662
0.139829145888829
0.0241171557083756
0.305341016958874
0.246986252180009
0.085371656219518
0.196637781462655
0.264626445653682
0.221107445549619
0.130157423845057
0.169338219862386
0.238411281993694
0.145707277577704
0.124430121577599
0.104516817123513
0.337375652359917
0.262941220393267
0.0483642927742426
0.183965705606236
0.210031440793963
0.233623334365931
0.210513360416802
0.128110956948826
0.20378145612301
0.189233092795985
0.311457897974052
0.260718139305289
0.270019726092756
0.180261108178301
0.279592860556085
0.161420426261483
0.192867035527081
0.256639573746793
0.203467987640353
0.309803692180668
0.25249172935379
0.228101426803874
0.183232387089424
0.213303352638057
0.210006402818778
0.224347196613125
0.0496607185445197
0.313686602534496
0.360277959693931
0.262228540136367
0.138546349565993
0.220043453459883
0.289458880850251
0.325210621084415
0.309658653260084
0.121093817803149
0.197648029043789
0.187366632501666
0.21680930149966
0.212672280621428
0.205673911404485
0.269952774657274
0.214144224743136
0.164944656070695
0.230682996928641
0.31942971792739
0.166033206823516
0.220850315363633
0.33345275758106
0.297577946737674
0.194669993335519
0.229515944986936
0.250348208727957
0.380264294997215
0.283089655180751
0.376405822643171
0.270465117997425
0.401897255435236
0.28140390263873
0.408735048965495
0.37507632517716
0.419837050277195
0.172478487702599
0.36988103696551
0.151239799210627
0.371562095326821
0.352817195835342
0.26672656904961
0.339309241656379
0.308685061609384
0.28567095824843
0.327560409845435
0.316515159041952
0.357235210010521
0.305896987383777
0.245021130893509
0.409181261065535
0.299943979277422
0.31970826784323
0.331391540737617
0.109518825145805
0.427994943917549
0.376438377897339
0.424304739445267
0.31744990439674
0.449732193686763
0.212948109734285
0.345882776953375
0.420598185091934
0.308290847447827
0.239802763594337
0.328598707690045
0.281317486837276
0.346777375954229
0.305787483676858
0.407673265585994
0.447288632495336
0.434909147496887
0.462969988827071
0.417169711070107
0.326547431090067
0.328373668751458
0.401160889235408
0.305681653699488
0.543738684578362
0.350548096242637
0.488950349602865
0.570531891307368
0.508162702667908
0.325169379058839
0.502319515563697
0.330084808481958
0.25238661994134
0.325404252798686
0.480030226743214
0.363546615116251
0.317442316034253
0.534330519999224
0.354152884602404
0.404259967949544
0.350591975624767
0.361188304411976
0.271477869665733
0.390647542512617
0.392543116903823
0.34295608369674
0.556687967400859
0.505343019792115
0.372781159624916
0.462399091157571
0.371789353554704
0.441380569699027
0.473616172397596
0.539570162812584
0.509870433700761
0.477507285577383
0.498511179432797
0.584011871338189
0.572779321973247
0.479814212240697
0.629657894863435
0.525915629490955
0.352617232450377
0.363350674911482
0.379003391302629
0.344352434684348
0.483886483413285
0.497608979393678
0.52966816862641
0.496211078187056
0.547832942132592
0.391648685937847
0.435127494138008
0.408641314820877
0.435396513649822
0.545957508500904
0.65214616245864
0.454152876178647
0.569836579359457
0.418222462003638
0.529714775766708
0.471907290863965
0.541358828389334
0.523495071689291
0.453680237480468
0.594090513017636
0.469372372919559
0.596362295083792
0.431398012957744
0.460259548631866
0.543242067310576
0.582676194966726
0.492639032416957
0.530889360184883
0.513995664831713
0.493031339678459
0.280252870258837
0.460431967866782
0.565451135414577
0.390833882238475
0.469110309515404
0.408610475101086
0.608439585662038
0.560254141006639
0.550350253165476
0.516930783958998
0.507115055743138
0.663440455585116
0.477860482446456
0.602757382059369
0.510562200535054
0.552546485536531
0.486533685058361
0.484366675136997
0.498874663005591
0.548854107012759
0.542144803785686
0.592178352862418
0.645590219085657
0.724303807659152
0.576074671964952
0.622784223010319
0.596855790333222
0.693484256212699
0.542970792117428
0.540768847598826
0.634422771522876
0.527047732217868
0.602003410613769
0.74218402059473
0.626516665274636
0.563295208753694
0.644250164020766
0.69754872086081
0.623892094760775
0.47690274059617
0.629003343480026
0.507390175591996
0.660430222316526
0.606459728956506
0.626225674902556
0.742807174628513
0.478145774876355
0.617114051131497
0.570315492448931
0.609616113418992
0.569133126276684
0.782774558721988
0.594783795544876
0.556047783816064
0.601162400528734
0.80774505547456
0.61010987291521
0.561834003332673
0.638729234612578
0.754392603915804
0.610877851764145
0.558059429887593
0.634331110991614
0.662905485887912
0.777561987011142
0.780893914345925
0.674045585979803
0.878440453889447
0.71383407401095
0.568599043110179
0.633614696194095
0.780166223741684
0.779211035953005
0.687997314516724
0.648056124653813
0.646170046536782
0.713670462822887
0.801632057177943
0.971315843485462
0.83208759646242
0.658217411235352
0.707121743229097
0.697666159877591
0.697567982292782
0.711239595518794
0.711216516277488
0.655692658982791
0.715457114258927
0.548419341205488
0.7226974458151
0.662829439308052
0.806655209249527
0.74896428916749
0.689249346699522
0.614821599100557
0.764690500526939
0.902550294764531
0.819648164559538
0.58116146031315
0.636688894923383
0.735435321814086
0.661283967565483
0.644043249441597
0.60864255604184
0.713281019555342
0.617317044246389
0.828282805746045
0.662462927698755
0.802096223965282
0.75856580836444
0.7252086922851
0.809402564347626
0.782977686822395
0.541896900714543
0.565865575403015
0.64235971863592
0.673364258339472
0.872510802184879
0.777460916758975
0.891754448954452
0.842070806159484
0.755837652420207
0.803875169859901
0.866460780365085
0.833165932275403
0.730685040286158
0.769558290286327
0.719785677463585
0.916823942224787
0.783874979763123
0.867817291153273
0.87168598911326
0.793796621526396
0.88588933374043
0.866140354593709
0.842033552988606
0.835854427681932
0.862814422718912
0.798806425698365
0.974262862751802
0.690981974760626
0.790476574632818
0.787919661548383
0.875122222773287
0.97826956694398
0.888103673940445
0.857609320829062
0.927152542396693
0.679022020709359
0.79728462523033
0.878351206866294
0.74985256752493
0.682279623031864
0.989700127095731
0.913470967072445
0.713246054275732
0.966088961638864
0.780926107804199
0.934817789401055
1.05784855722672
0.842999684270707
0.951479776239538
0.614717086697235
0.901641388687319
1.08105807317174
0.809250689024395
0.857868918986422
0.879173860726143
0.919134888993793
0.803123364717744
0.890197327763979
0.955027739974413
0.941175572221882
0.905480880163044
0.966925438941919
0.756458259198819
0.879845660806036
0.959078419230986
0.957460430534104
0.833969170994037
0.815620706207458
0.902809810860884
0.849901856160214
1.02828690384643
0.93328707969052
0.95794974866427
0.956094481394151
0.852285203449169
0.82070951731534
0.931692597589157
0.96170490930518
0.853257385780429
0.91660025819588
0.924624934206939
1.06626939449346
0.832902127076558
0.846452395104413
0.917687386381784
0.948676107562472
0.726375550102449
0.969500825946523
0.8375515898252
0.880587421967207
0.903366007509583
0.997687883135517
1.01563200883135
0.991267718807712
0.863981148870086
0.919780721018333
1.00190303525895
0.80483834676664
1.0247022172995
0.923443848163842
1.03345847188258
0.891887726775702
0.831510328371967
0.850501914155398
0.962803347495238
0.979996470482481
0.862542355227257
1.15986447954618
1.10144270739176
0.934638061042186
1.05921354030424
1.05821250490305
0.869705999239039
0.945708162083952
1.12308157082267
1.15660620682031
0.990035924999393
0.9944135302395
1.10781295150568
1.01523795559239
