-1.11474865142828
-1.11862567154953
-1.04172027093962
-1.07118327937186
-0.968641918326568
-1.17933548397691
-1.08381537620864
-0.926529433026844
-0.998785802598916
-0.839361417944774
-0.924128017112618
-1.09579201961641
-0.991143860087724
-1.1114589456359
-0.946720787638021
-1.05293694492511
-1.03900649824061
-0.84030101666096
-0.911199642907502
-0.898043578315589
-0.920717178626521
-0.890538294825763
-1.01412054000197
-0.990860880054646
-0.99153108264762
-1.0421629831247
-0.889002792582732
-0.877643254845277
-0.840592603141617
-0.895536447031295
-0.842363080502229
-0.986488461452044
-1.00435148839869
-0.824709451943974
-0.915938103868668
-0.943923599825696
-0.942100108185758
-0.982585774689524
-0.826163524703411
-0.961786280677245
-0.962455778406533
-0.914285265077691
-0.940508343732333
-1.09940764672246
-0.729229851986504
-1.00006037534779
-0.90562825712709
-0.902225943962321
-0.909026739660036
-1.02054707985954
-0.732702368710638
-0.903826769074536
-0.87158087072165
-0.920632728948671
-0.888917479467837
-0.828989278609373
-0.922065320583357
-0.7139518860526
-1.01553663674265
-0.827382247856422
-0.908907505293106
-0.790185560973919
-0.830159378167748
-0.880186505016121
-0.716543446468991
-0.865570149992358
-0.93165391336582
-0.806472059897927
-0.797388683209853
-0.786515207439605
-0.823525217003244
-0.818836640945026
-0.906644926320773
-0.811523140766203
-0.857904594479483
-0.837535882880353
-0.886392183841889
-0.712286534948728
-0.891540241916333
-0.841830272177992
-0.943197955752019
-0.899488545788345
-0.848130303605219
-0.869325002557807
-0.673954381886868
-0.947662007175615
-0.826313472010847
-0.868606983209088
-0.930664056289607
-0.80073919597639
-0.840450967884214
-0.907901700102313
-0.933015996200951
-0.646470923035878
-0.811105913169643
-0.869177369623249
-0.757959621042922
-0.844973219334247
-0.86935673872494
-0.794347827292829
-0.942760981314361
-0.793832685411013
-0.727155345093947
-0.916350129973505
-0.7346597621902
-0.844982040812599
-0.869015792174829
-0.806777332954791
-0.763638942754082
-0.782370976266051
-0.754128110882429
-0.753711421039589
-0.648100594558694
-0.809601395447529
-0.740324637941766
-0.80109488036288
-0.816490131936826
-0.723379472208416
-0.664633719853204
-0.777388047733416
-0.713252436388569
-0.918810680793346
-0.690460360370544
-0.706357133626188
-0.694513870645124
-0.858880665926659
-0.760188655888265
-0.718958798970459
-0.820151374898332
-0.798999595651333
-0.669823715055095
-0.833325746833146
-0.70678204712475
-0.635917509714775
-0.712788136280787
-0.732201414939736
-0.769668359905309
-0.860373607974352
-0.72968323226749
-0.835899642001194
-0.805909364326955
-0.617394788785902
-0.637605500621416
-0.734302777931715
-0.627309374463369
-0.693298457770903
-0.533161590524029
-0.427416069401091
-0.663023778618117
-0.67619410991443
-0.622235389772559
-0.637839687889305
-0.736023446150841
-0.490514842448994
-0.587700022306974
-0.55340860638275
-0.665639403839653
-0.430843172950615
-0.758716424629226
-0.763799007177116
-0.569645864860207
-0.600000254094835
-0.594157264430656
-0.630891163208003
-0.687497812155971
-0.673173678747617
-0.725040521628406
-0.685246943514128
-0.638281637985044
-0.635704908581497
-0.577071481268603
-0.634990113738419
-0.631658985937598
-0.598307514136302
-0.615021974742841
-0.695899161964043
-0.691993815703886
-0.64919824392664
-0.525834906663224
-0.692753914191528
-0.646739935730194
-0.531194059898002
-0.678639015510951
-0.65729392131627
-0.502973777290402
-0.524744869893078
-0.711223974849191
-0.704257887310077
-0.618214169711667
-0.677248501963353
-0.635609255469383
-0.535928714391957
-0.626578407151588
-0.707675650217032
-0.626100427884383
-0.664848462303343
-0.636509272596918
-0.809421468156895
-0.547776947711553
-0.580125369808013
-0.495697347194381
-0.642542343050632
-0.491434249559806
-0.597897008082175
-0.682826584471997
-0.577337524093479
-0.609500938608222
-0.544428880190076
-0.617300585162756
-0.490146102464505
-0.537818117112371
-0.573665043554996
-0.652920067156034
-0.410183609215072
-0.425567193061368
-0.641543088351915
-0.660525225052352
-0.678399718323097
-0.541262714375559
-0.516062772924137
-0.583134972390186
-0.445585488992155
-0.448762240311738
-0.68844269076602
-0.433254767146813
-0.726613024483965
-0.418574077654628
-0.590318919576294
-0.621858324049624
-0.51198943381436
-0.441728992002663
-0.572036878712596
-0.570555260048863
-0.662136387826102
-0.658403497556526
-0.612691091789927
-0.473641702790241
-0.479623158161549
-0.569568402338047
-0.327110637375586
-0.452718891233544
-0.600972207495308
-0.423901999938783
-0.452086046840662
-0.507866014089279
-0.525242672556609
-0.493205967910983
-0.495615132941243
-0.387072879434561
-0.507076139973183
-0.411872283624168
-0.452998403398089
-0.47553824409065
-0.597903098006131
-0.63513398738986
-0.483039355452162
-0.519000164232434
-0.451617123636312
-0.450227345219971
-0.542871431063695
-0.463785943501193
-0.558146936575542
-0.486634862958867
-0.533261002173468
-0.454970173303085
-0.330244911220573
-0.571936088200738
-0.430510450966098
-0.577078188525048
-0.618138596824418
-0.313511206806622
-0.465777959678047
-0.475903613599397
-0.428933702387634
-0.387845918520418
-0.456315404650403
-0.511627400795776
-0.382996314359604
-0.496441816252869
-0.417292135285895
-0.508219956858509
-0.394825790557716
-0.331908378737876
-0.490389150007124
-0.365983469006283
-0.488723373051305
-0.417103119418323
-0.399390374037282
-0.492176578404455
-0.35105859253852
-0.432012501477809
-0.353774832335699
-0.43786770925291
-0.407433029891592
-0.540328836921767
-0.594451734548875
-0.519076029348254
-0.403598294782314
-0.30671198394898
-0.437335992591345
-0.428689026663724
-0.477362850659288
-0.330043485662952
-0.357597432512684
-0.394553127224759
-0.348567208840761
-0.442628057662605
-0.43041583471223
-0.324270069565936
-0.322337969887533
-0.343870244606019
-0.449209814474483
-0.460046835694239
-0.398691336481979
-0.31426807352513
-0.390807598733387
-0.224850782964963
-0.344078321829833
-0.250722643631732
-0.316523438856774
-0.342525029063698
-0.258601935865609
-0.396985548742432
-0.161893382488029
-0.299345186245571
-0.372064058119006
-0.331630753791437
-0.237932661315859
-0.226797771308487
-0.355638386300658
-0.255128506545694
-0.336219834577952
-0.269441923318962
-0.372108998301928
-0.348495119752437
-0.484825152005441
-0.351336449630594
-0.217023356548944
-0.408159970980132
-0.459197654352277
-0.226398009912163
-0.43721350915775
-0.26945404543926
-0.288444757384185
-0.335883077489907
-0.353968100181091
-0.200679381556394
-0.267995771191335
-0.282219366064817
-0.418461292351293
-0.263234654031856
-0.291104117553567
-0.353568312750204
-0.414222567130067
-0.491120019315877
-0.14834501912836
-0.276026626936805
-0.301251210253442
-0.163420028667854
-0.282637697120027
-0.148972878129266
-0.270155913218833
-0.137303508437907
-0.293764576146864
-0.354329832291653
-0.295520625340304
-0.306095833170215
-0.0912844801614462
-0.25529133732127
-0.225759205403722
-0.247070742770166
-0.285028850320339
-0.291735332731769
-0.0817643614162858
-0.312736663776033
-0.157201828518925
-0.504150667994902
-0.264286302968609
-0.09281820803461
-0.0954596226147899
-0.399288171411101
-0.279184985802579
-0.0168094379533724
-0.345093601005817
-0.211911990253197
-0.262563157418826
-0.0746978649853805
-0.245409105684258
-0.225201972720089
-0.193834082765507
-0.190327299697846
-0.185319704363567
-0.0567560671260049
-0.285745648250978
-0.258781725304762
-0.219149611751227
-0.168228078625626
-0.229225193834141
-0.142435811296042
-0.203831304657732
-0.142404262201128
-0.164022364827957
-0.16510380218034
-0.225654547239965
-0.144882084437006
-0.0746747808631857
-0.21449896129055
-0.297027471354825
-0.152877777440158
-0.00917089744942864
-0.245890535063662
-0.302172249152415
-0.198916375698665
-0.0845509684957355
-0.155722742144435
-0.229365113277049
-0.140002031823351
-0.125885439196931
-0.209341067715918
-0.0696996562195502
-0.207118130656618
-0.034418327855888
-0.248589614795915
-0.125999185638257
-0.315419866858439
-0.171405459285007
-0.107814947960699
-0.215509460472306
-0.00358173602670193
-0.146041789405496
-0.13496519473865
-0.380103930920411
-0.115384097932241
-0.0531116875985571
-0.199468212480943
-0.0127456093336316
-0.250657880282597
-0.0670295254618966
-0.112886349934689
-0.268354674721586
0.039355808957912
0.0287518675582568
-0.173388457585478
-0.0951878919991774
-0.276503686892309
-0.0488517896145649
-0.12196856997579
-0.161484183141403
-0.242753176563417
-0.0925125568378315
-0.11121575500204
-0.12146049174424
0.045280688638948
-0.0445172701157545
-0.0895361402718513
-0.101710116768732
-0.0327919842066811
-0.0230156233935978
-0.0905488156103366
-0.0754147691002842
-0.150888279218579
-0.0185562839472798
-0.111133063115594
-0.0389208249972229
-0.0967173575905908
0.0326965036589515
0.00311648048241894
0.0532913292924927
-0.112457549780928
0.0974245484871758
-0.0459155052730744
-0.150496931793279
-0.0446079538260943
-0.0114964297229316
-0.143259408853721
0.0188781564946957
-0.030909232088144
0.0118286948712566
0.0190272781107983
0.00484313759962382
-0.0238361004020079
-0.134224594747606
-0.137471250632523
-0.0625812620611594
-0.00246174214514913
-0.00291369061355913
-0.0674442435204028
-0.0763946194199176
-0.0979505426515145
-0.0437170207620782
-0.0566810836952289
-0.142540245318876
-0.011180789980889
-0.000178968545249847
0.0014832524483525
-0.0168508546728381
-0.0557273050658109
0.030179738700007
-0.0833971225890043
0.0578477513601241
0.0240855710804896
0.0309788318631127
0.00153825235680124
-0.0211192110248347
0.0296006620808769
-0.0337122550915795
-0.111210582096502
0.184003375772885
-0.0025445938693291
0.0413478794209032
0.0915880520919334
0.0527247128127104
0.188273705965821
0.018789351562426
-0.0477708669271772
-0.112529628699333
0.0540976920596132
-0.148808520284349
-0.0228250624848894
0.113531837302606
0.00851175193004905
-0.0482621878462576
-0.0116866400840725
0.0930496463242566
0.0272948662320829
0.128618580104394
-0.0444793625077334
-0.0480412795612657
0.135311420936003
0.105118591583097
-0.037293528517822
0.0291072585519028
0.00929258192108421
0.111411791319908
0.0672951185724934
0.100936892176687
0.130099867474209
-0.0983490886880982
0.0194996894686862
0.10908289167879
0.129639796120641
0.0538008550619029
0.100746283680238
0.130936054115825
0.0774280462270342
0.154895296384596
0.116783383738011
0.0854662354547038
0.106413162545017
0.0597552154589476
0.164028799561607
-0.0217206927232848
0.027054359690755
-0.0459136846521164
0.0939955047712854
0.033860498795335
0.107484843101681
0.132036672581864
0.0828581558323473
0.138526478205128
0.0476264682639291
0.161972993959549
-0.0354790730252705
0.147127009394369
0.115519242976482
0.160091807011205
0.0488944503125394
0.118155900646522
0.126255162061313
0.219259270080866
0.227768977836864
0.182791185418404
0.227494823593091
0.122164445643069
0.139593777493691
0.282574393921202
0.00564915603242692
0.124055688325764
0.185204544790663
0.27924865404793
0.285804943575884
-0.00434395354680139
0.109688094633454
0.241097044694107
0.197768251826174
0.208264542501415
0.0635049147933538
0.0476813287200369
0.166744179396338
0.29336346736796
0.104222052136246
0.228936418532221
0.13932957551879
0.197125751089734
0.038774183349576
0.14417999109668
0.172394839651264
0.336572834363101
0.353856149960317
0.0329618882445173
0.114235847508901
0.288808474188713
0.124581575047648
0.187542765053258
0.178625214450525
0.196581726705973
0.193071657741047
0.108589094703513
0.32798463899729
0.137476741955017
0.212035304833134
0.342406306404725
0.176333440217668
0.343304079679416
0.371386761530342
0.21218064886032
0.200420271868661
0.341156654213466
0.423099187360129
0.194282774771416
0.358033766770464
0.259944892011071
0.0809328793005609
0.213749745349842
0.293276529228796
0.119393233173244
0.259642869320658
0.354564947265949
0.405513249677791
0.246279051406789
0.257476500431074
0.168090186436706
0.294403851593959
0.22416267129075
0.20437090031729
0.192867757547483
0.335661594587208
0.250814213675069
0.429113805470911
0.257808677719506
0.345221337266981
0.175836778148343
0.30877931051595
0.305369397472599
0.299461125758574
0.252787186823446
0.196381002458193
0.23792704427075
0.300449952570285
0.308969415893689
0.37553600150926
0.237540540054101
0.264689097526116
0.282813783482639
0.300849695877901
0.399508163061796
0.29178465733189
0.338259238557963
0.399666468547323
0.30779551964562
0.293556872508102
0.279482684612555
0.288127071469724
0.398000635915131
0.327738311500142
0.212127407078948
0.377898869265984
0.47871269643045
0.438535171676688
0.262245882381104
0.319436387888891
0.237247533975747
0.34850815464014
0.319021484072844
0.447827453280178
0.220931059279601
0.372603534030131
0.243638081076033
0.316462016934571
0.233706255426129
0.349475021026279
0.350885442956717
0.394155943825998
0.432063285837861
0.38773559637199
0.393781536615194
0.43628461531874
0.31566602171395
0.470115995342517
0.353635945952795
0.345444612615483
0.46952029241834
0.450679184710994
0.296926793081487
0.407013182341721
0.324443447518539
0.378682978057657
0.399413347937037
0.492458335498121
0.378487496843645
0.359994905329293
0.528357286796041
0.373843553261795
0.415943525033086
0.42555507046222
0.308255829665502
0.324345032385568
0.375221876075444
0.468180782419042
0.433952302705239
0.455027531198596
0.483064497661271
0.459391498087698
0.52963141956614
0.414943439231523
0.388817540619454
0.528152093302335
0.363086602565246
0.543605711446073
0.516711487612941
0.452439604471288
0.589065851641282
0.355576393376873
0.359775087298498
0.234537832901753
0.461160894878805
0.379467366588
0.398175286196039
0.504101193718454
0.579458946601871
0.452760041105977
0.390646083040619
0.44100926354753
0.534644238835546
0.497611409189764
0.543590057323033
0.484116008498472
0.462702276766847
0.551525741902984
0.638146997405111
0.424047738307281
0.596581647892267
0.498256469449821
0.519335132549335
0.515281018053105
0.445146935384279
0.513238192902739
0.550144435271756
0.535843058399601
0.577727814219277
0.429255926843588
0.523430323609582
0.524035651807087
0.416867684970233
0.557150136572527
0.453212096343618
0.566404100873588
0.55353451320285
0.648438529021023
0.522991159258573
0.550500842831444
0.406055069360031
0.45904826148311
0.354599381712549
0.511524187757454
0.619060908829867
0.531079830433031
0.677848558095392
0.405099171632922
0.43412414642374
0.548151955824624
0.646264757822863
0.417077882777254
0.566292379511208
0.528056171635742
0.481529403177735
0.537443298266208
0.560060173209311
0.578395083240295
0.616116992546012
0.582917683664893
0.590571260581219
0.620119001081133
0.607165732481707
0.536170556561332
0.615307038000582
0.608520341549445
0.469229020301064
0.7281176438269
0.583245265149233
0.492884387299532
0.569083894985346
0.549856580576787
0.565339685511145
0.635958489014275
0.779776222828079
0.514843100703786
0.561994155045169
0.508275862522485
0.525029265546203
0.561212001730537
0.501467186737079
0.653574469273461
0.57129702776434
0.719143721744866
0.550171251471544
0.554518582254457
0.728498129699079
0.519699634666077
0.602205323864138
0.507012156712452
0.508967411749826
0.570476946194104
0.516500697965078
0.64249322946678
0.733771966454414
0.712245039353282
0.684556810918788
0.669760398653076
0.628658994548258
0.586185746971743
0.72768016928556
0.554032173248075
0.574511195453076
0.693350299505529
0.605831995440611
0.580137745312611
0.617599779348217
0.722091842785259
0.853235345291255
0.651485657457501
0.689096427285163
0.678680281320652
0.740418013142941
0.595696995274691
0.713408659027334
0.562071779624768
0.701392609971434
0.583799196767491
0.657643465482919
0.645628946825481
0.666847586491847
0.849391908333169
0.52637960053306
0.674942646736459
0.702461861718231
0.784859510604869
0.817419895676257
0.614579999605413
0.727788899680631
0.692913433558407
0.828970960271183
0.725339473218993
0.836679629011322
0.745266110662196
0.69839017179695
0.66123855476712
0.817382453358054
0.723148801918675
0.838624968826959
0.703148684094834
0.714203313426885
0.579203511147171
0.637273703127866
0.760831683041304
0.76887755393728
0.706785876185843
0.818978514256159
0.691213902987874
0.719929304156606
0.797481827804121
0.656894098052928
0.73502947541337
0.633075228898789
0.788543833738697
0.757179088243261
0.685078019874667
0.671791903199422
0.703132014190077
0.654508431223685
0.705116328911769
0.666512627295475
0.64193304123695
0.783069585510399
0.732847444036029
0.727703442843718
0.767322083780397
0.660673708875114
0.638238116043048
0.702528005748556
0.883217713238711
0.840066174556036
0.730222289744293
0.740237819674333
1.00301726880932
0.77998589814245
0.741262185528459
0.665846365099045
0.721421912827094
0.846598476584162
0.847581728265793
0.756494764650825
0.887715776714072
0.795294467646698
0.730943257502131
0.698948966785073
0.795333393246935
0.650420982257914
0.860628369880606
0.598501136668135
0.857335817037657
0.760611460865309
0.971172755017578
0.946634430790708
0.923278000860743
0.892706175816535
0.770553486433242
0.871001833119263
0.727369635121667
0.832206723651306
0.772988799764005
0.82233558073703
0.874148140765299
0.820779248182032
0.692141515162099
0.963646712253587
0.863649174524005
0.875527653659809
0.827109299205996
0.904534016257344
0.888386773249455
0.924935083809933
0.944340523242757
0.785559686758484
0.910230261530443
0.924704929318824
0.870137446175495
0.834911497675058
0.968125203452765
0.965413210724827
0.785255497012373
0.905353421933954
0.829458746311754
0.89642343445885
1.04050282917717
0.825627898241015
0.820181837850941
1.03288347863191
0.93260232287948
0.913941355420942
0.96316734597679
0.976142273664566
0.986148255173121
0.845188605411837
1.03291422670433
0.890472601842427
0.8820498449253
1.02142450143431
0.889337990398694
0.977103216165741
0.906327925923619
0.775568787227942
1.00518031163838
0.908755702089559
1.29220679370373
0.893363772133758
1.02310135276584
1.06599429533027
1.02191360873875
0.896111370063942
0.956261963195384
0.868807985911808
0.893268614623811
0.826963506832226
1.04757563418791
1.17404255657762
0.99605052831438
0.973217120337727
1.01488119851014
0.955841403032598
0.906701652526551
0.966976572446645
1.06873092999837
1.01070859610994
0.99560176474367
0.977758962096842
0.940190186098491
1.06727961123286
0.867882902714177
0.992260520907505
0.911877190949936
0.894437383439223
1.01799799691283
0.7793623133206
0.850993864123021
1.05933582662564
0.974116165280929
1.12468517059175
0.93925456636777
0.92665631364409
