-1.10697669579854
-1.10027240601912
-1.03482656471463
-1.06830273516416
-0.985290704424956
-1.19212458293958
-1.06362617046584
-0.932269112227287
-1.02372179864264
-0.837252489708069
-0.916888576006078
-1.09515576160532
-0.987755618093639
-1.10920537744574
-0.939007633557857
-1.04514692413186
-1.03479130521959
-0.850709555272988
-0.924869419479283
-0.869542053001444
-0.919101430117748
-0.86138999494113
-1.02468258749965
-1.00000338240723
-0.987485973703477
-1.04846474159048
-0.880616469801864
-0.898220300213327
-0.834770636836852
-0.905684141276349
-0.863242058063577
-0.99257196741616
-1.01752216422194
-0.828281548231678
-0.905483691958083
-0.928388605203114
-0.924691045763704
-0.997953839537041
-0.837076920287933
-0.947222536161486
-0.950415936819198
-0.932447061893263
-0.931883669429684
-1.07670934529968
-0.732924352250604
-0.97732721835071
-0.898938359947709
-0.89757260276767
-0.911745866168507
-1.04104395928972
-0.716318138227859
-0.907048362340578
-0.874273510804592
-0.906551526857239
-0.869811853097538
-0.830683908218131
-0.914453063545451
-0.748546293504049
-0.993952437964371
-0.827860652806108
-0.933199079323623
-0.818665778834323
-0.821077612980535
-0.874980799069031
-0.731299989367448
-0.850058485074393
-0.906439156870663
-0.79998700386549
-0.792468455906664
-0.785609557657835
-0.829354109645371
-0.81242000890979
-0.923150275704833
-0.816429531745489
-0.848476978367956
-0.859226531406966
-0.86572912703187
-0.742090157163295
-0.887421506710234
-0.857782723757442
-0.94815431570012
-0.927102564864717
-0.845094747697464
-0.897337040494437
-0.69834514071917
-0.932101886162977
-0.806698413049133
-0.864636945998274
-0.932934273543323
-0.798379892867432
-0.833582568515055
-0.937373853417388
-0.920771421889604
-0.649430283901187
-0.812353068174777
-0.879183760139415
-0.750044770001868
-0.825685599149528
-0.88542175903103
-0.793061754912855
-0.943476526228061
-0.79197783875368
-0.728734130848301
-0.910491246017763
-0.730151464107903
-0.854661901465449
-0.87254168790335
-0.827482171120717
-0.756840359999787
-0.773509971776046
-0.744027131469304
-0.742931621931424
-0.648925807405487
-0.828830865079198
-0.736836309469143
-0.791976323304792
-0.813561505354444
-0.717879931674059
-0.649760720899953
-0.783766337910555
-0.72886480484968
-0.923423316201517
-0.678051351527705
-0.690867887119278
-0.690442567894292
-0.847408486077823
-0.763403420215872
-0.727789001535708
-0.835735895159507
-0.77907616852512
-0.66644159757307
-0.841183392917291
-0.721401144720063
-0.630373779103227
-0.715278688454813
-0.715162633304679
-0.779000592773841
-0.86446205614952
-0.732513110854904
-0.84227690267947
-0.820213899717993
-0.628062792168112
-0.643357813927557
-0.74894284039645
-0.607726028895798
-0.703650658570728
-0.541433272702668
-0.456248841402074
-0.655978689817543
-0.668517894230657
-0.628617187567923
-0.65911298018832
-0.734503495267862
-0.515206865117811
-0.593166973685866
-0.527567680817511
-0.678482219637043
-0.436259153348412
-0.758092276423841
-0.746193260106353
-0.572701084813399
-0.617238414683467
-0.600082856389795
-0.617464484440573
-0.67770715862697
-0.668456059528353
-0.7436348166566
-0.704538726576375
-0.628292505024789
-0.62563284442894
-0.562030690221226
-0.671287386329483
-0.60912212544361
-0.61001511952567
-0.580090014064763
-0.694955758451879
-0.681452044157685
-0.659446709543986
-0.520631384487907
-0.69468852767593
-0.650885199548
-0.519129064402828
-0.659039365497229
-0.655386377045145
-0.501328476025137
-0.486308425960933
-0.702819829763973
-0.722042448869434
-0.592503217058077
-0.646073633906354
-0.651737979469175
-0.546848652398823
-0.633775256977799
-0.702568169160428
-0.644220596549067
-0.660188842617804
-0.622935783125728
-0.826356345017541
-0.541912182614824
-0.57236737953293
-0.482297950879836
-0.650721792164898
-0.485264784686416
-0.579683043311118
-0.686364280161317
-0.563023112518725
-0.598187145265872
-0.536452194977274
-0.606919066614397
-0.503624959769556
-0.542237388508928
-0.570417514325113
-0.633368742010788
-0.416400902860984
-0.425654647247542
-0.656423586444146
-0.648808315718057
-0.695329185404861
-0.5422063006337
-0.499184518743241
-0.586596978812031
-0.418621211730183
-0.466641250310057
-0.685217439990017
-0.442037968697779
-0.744980938386191
-0.418909474842695
-0.610702833138524
-0.633912471162045
-0.513800609728927
-0.455574753682791
-0.563231135701023
-0.552198707971769
-0.66658754833881
-0.67277375349855
-0.603663055580404
-0.467664769574821
-0.461566488123529
-0.568355073249471
-0.331664130128172
-0.453031652195904
-0.589206534658831
-0.437737074731719
-0.439336629217457
-0.534698345119922
-0.537956552444012
-0.480856296243613
-0.496601202003127
-0.381802523808061
-0.516389682239456
-0.428090167262919
-0.46381973493821
-0.470100920120329
-0.595532136194809
-0.653445774140089
-0.5184387014301
-0.510106262841295
-0.446032441999478
-0.438570823169813
-0.521956702331461
-0.482525628520009
-0.53894771438121
-0.477147972427946
-0.500769459346835
-0.460993856688701
-0.334622725353599
-0.560011959324055
-0.442517638974951
-0.58581254865585
-0.616812060204655
-0.298866263808158
-0.468065378103914
-0.486676585506346
-0.408182745634853
-0.393576553719496
-0.462865468950627
-0.506672062987867
-0.387980078864842
-0.484926669423582
-0.396598707096628
-0.512246785341617
-0.403418118830766
-0.304787081435467
-0.484138190439422
-0.370262716978837
-0.481628086878666
-0.417614173323215
-0.414266539704014
-0.514403705440759
-0.354941578316462
-0.417743341774883
-0.364822566227718
-0.442925258050679
-0.397166168533946
-0.547575673563445
-0.598611459655751
-0.535110160691762
-0.387532847832169
-0.312851122116182
-0.445535983929088
-0.423822652686609
-0.454860654299882
-0.346373957055432
-0.365143815107311
-0.410028925850323
-0.368352265780187
-0.448918952141404
-0.4251629644708
-0.333820477480986
-0.329539731356824
-0.348833968499683
-0.433673812886737
-0.459209257985689
-0.400370475332593
-0.329475034786259
-0.397587997747802
-0.236225700654705
-0.337437948250976
-0.242654236547756
-0.339395959241677
-0.346282226989207
-0.285900726457387
-0.382229276167022
-0.16982335881798
-0.315647211363018
-0.377671960614025
-0.307616504074214
-0.227282956906721
-0.233286979391598
-0.354985620219224
-0.242308247807364
-0.321415569314666
-0.279492226437287
-0.341643827848422
-0.337240119077023
-0.455340962302032
-0.318399525539462
-0.214598766269115
-0.398120828032602
-0.447414221003835
-0.2149029055294
-0.436301549187252
-0.265407365031486
-0.297690792579674
-0.314525879027377
-0.349465742525583
-0.20255542380101
-0.266304702701806
-0.282197337447767
-0.408727396295554
-0.263575955126071
-0.274796748711673
-0.369566965327629
-0.399696444448674
-0.468067010740675
-0.153125145306771
-0.274089986265108
-0.287056594584485
-0.187194043460563
-0.279408842729043
-0.159147297156033
-0.269479086815024
-0.147033475998209
-0.303508050979998
-0.346748403626171
-0.298507507804908
-0.31474812510014
-0.0841057755159866
-0.230238437801762
-0.228961145350793
-0.288125366498672
-0.288658115491182
-0.295393677687487
-0.0851355573196025
-0.305918982296825
-0.135872188713765
-0.498289280546668
-0.243457491963318
-0.0951889850924641
-0.0708800386584442
-0.387196423777531
-0.281062156227515
-0.0142694940505946
-0.340151582552691
-0.202945304358792
-0.253645515133148
-0.0811424660969923
-0.248627749935631
-0.246592850007842
-0.198294929871246
-0.168673136566069
-0.171263120346225
-0.0786506157071213
-0.288954748366257
-0.245061872299466
-0.249321997726678
-0.185637875050246
-0.208971997392467
-0.141586191519661
-0.205337402699954
-0.165842201589965
-0.149516157601289
-0.132757212303191
-0.213081214425047
-0.127212573198025
-0.0953096905775467
-0.23962755445049
-0.315318454400689
-0.143587604560744
-0.0192377065827264
-0.261951553131618
-0.297746701040728
-0.202796947747669
-0.0831531159734993
-0.157188231214106
-0.217701583655711
-0.126982505030858
-0.162002001246417
-0.214870614336144
-0.074095763016892
-0.205301030374612
-0.0551300534988562
-0.237658770483445
-0.104261646367639
-0.304520873785638
-0.195801176715073
-0.109271441474345
-0.194603365977571
-0.0176812815733647
-0.143950898604207
-0.148325263403073
-0.376525110280577
-0.119272466463595
-0.0485781761841102
-0.195936101380105
-0.0142519564612102
-0.24757949505604
-0.0644899497855397
-0.145148914775655
-0.274641644420567
0.0439576517824644
0.0268658934507588
-0.137782016050531
-0.0963531290072579
-0.272903217000158
-0.0326823825440896
-0.126474694629471
-0.144509812185973
-0.24057204036189
-0.106581813610828
-0.134391270963094
-0.113699405406928
0.0527595054281227
-0.027649234151044
-0.090194306988416
-0.0910926895297049
-0.0466283015991765
-0.0183194390865508
-0.07061587975983
-0.0731577415908746
-0.157544728875807
-0.0643973376576854
-0.131086520794649
-0.053514856938711
-0.0939183402250419
0.0437902971484681
-0.00321929265652114
0.0552762000716617
-0.102538758936876
0.132300180654799
-0.0702247687865199
-0.133028648834359
-0.00959095409407581
-0.0135691503492658
-0.141068140394384
-0.000134870880771773
-0.0653622983025269
-0.0171186029348968
0.0126724559364977
-0.00321948959306084
-0.0175560292232652
-0.165187965991455
-0.137921616460893
-0.0652781826495076
-0.0164673163405919
-0.0210173573223598
-0.100610301070896
-0.0725780659915833
-0.105556745323613
-0.0348938533279494
-0.0598700881174749
-0.140474287674759
-0.00827762543449028
-0.006908312312766
-0.026882586450981
-0.0267881853719609
-0.0564716322152711
0.0190428980459322
-0.0696678126134517
0.0462810693313551
0.0367531760526787
0.009974640585829
0.00785533078495224
-0.0387553461139438
0.03815085784603
-0.0352849648466848
-0.105730138813825
0.194358211864866
0.0232801138569054
0.0564835721466513
0.104264402845513
0.0329090402805977
0.185220927532428
0.00890090849197829
-0.054027953883195
-0.124998213951925
0.0346960434988549
-0.167378448148713
-0.0116772491536126
0.102523106524022
0.00259898956876959
-0.0366410522689882
0.00248427898814751
0.0761389304607537
0.0453076793507878
0.11613825721379
-0.0401645433158338
-0.055454829240416
0.125819660545412
0.115651621058691
-0.018978608684851
0.0283552560858328
-0.00955653527239115
0.109084599708532
0.0756711384034264
0.110186687884762
0.125599095106929
-0.0918223477370335
0.0116739815736608
0.114761965644169
0.110046926741965
0.0285140792339543
0.0988149589620251
0.146213214116662
0.0818329503882971
0.135407064176238
0.113844894290943
0.101968208209795
0.12816080223383
0.0504849042793055
0.175748302459101
-0.0258128299441931
0.0392412409316963
-0.0431512317917998
0.0785108221322403
0.0379316970854944
0.119781265663403
0.127369865935765
0.090152509951215
0.116954071013006
0.0441285729959665
0.158262739217427
-0.0329022178615884
0.15137086843872
0.114621967567502
0.155066739916012
0.073515182774748
0.112190702143057
0.10583766294135
0.209530716025315
0.236410398772599
0.184388182482415
0.208121670665984
0.150490394282487
0.131912506488703
0.285723407166393
0.0100141885653465
0.124794539288576
0.204038660875432
0.275562031597259
0.276291567578171
0.0203456949360335
0.109972276391639
0.242576015864738
0.1984452693672
0.183391473134457
0.0628448108198064
0.0632878583456828
0.180289422683981
0.294410673976766
0.0735307225349748
0.210821761606096
0.136939324977139
0.196354566736227
0.0498923040784199
0.117374438731741
0.157289354881353
0.330281738574759
0.34498027272127
0.0409769241903058
0.134447680650008
0.29649924098688
0.166237433973562
0.184637065520074
0.194954709357234
0.172883716416125
0.208479674584305
0.114897871121177
0.32624144760812
0.14421369718989
0.188598666387542
0.325018939114319
0.162096939653429
0.348491195104249
0.375725143799476
0.207823009015126
0.187470709245298
0.326691888163011
0.418173770453166
0.203971191080992
0.366984764847526
0.262591105784856
0.0905292048183206
0.211652192013226
0.283172404759429
0.119784440195003
0.25508002979465
0.333643388884511
0.397017549915553
0.251046227659931
0.241280262661648
0.157017338327165
0.303592158465853
0.223457870496629
0.199592008131424
0.199440491938707
0.328110112890367
0.263074035687407
0.437673237146552
0.279255538787889
0.344365288018324
0.194675851882167
0.2964975690106
0.27862110833928
0.286123315432166
0.242527816843751
0.208653439488505
0.221543390517221
0.286186421363941
0.313119841501981
0.349072032853341
0.230977147443817
0.242195691003713
0.282527899717555
0.303311904877245
0.41913737841387
0.319616606160963
0.333109648999658
0.399544036312842
0.312618595206126
0.303220746318033
0.294046459812463
0.270171102400554
0.409749471450705
0.3303367255804
0.209323140187579
0.368177334954454
0.469503803939104
0.434098793318653
0.25688593025088
0.314888139518805
0.214586167686905
0.330285789551713
0.312752522093812
0.4459781622192
0.235274282014919
0.362077701407515
0.224546241301125
0.302803603460948
0.231002464223797
0.348964982091481
0.360171438048469
0.395337758734741
0.426479264356758
0.396689288843712
0.421229695441417
0.427348564883951
0.278674926325533
0.471103520087323
0.341577157329647
0.325328099134354
0.475974004023883
0.446596778649583
0.282069262897617
0.415299669581932
0.325629183957523
0.362418069021557
0.411798488455268
0.483469171887534
0.380851770315328
0.357685373938981
0.525961849652739
0.384309619251808
0.412431485334136
0.455185885164837
0.321708438038326
0.342832856061453
0.380767795441743
0.459613845179555
0.451616287520087
0.457992631507333
0.465157878998207
0.460310220324089
0.530958665295867
0.414585735652658
0.381577411588089
0.510325618538507
0.349750674205029
0.526388383091468
0.503601542080877
0.447172256903705
0.581233611662004
0.366548529624349
0.352249041098034
0.22562545217467
0.474276264031145
0.343170227240622
0.40658134799779
0.477604559988679
0.573866289660524
0.476327849310469
0.397029143981815
0.441422195266611
0.544865653826469
0.485902781669959
0.536092436592958
0.492075077903288
0.479173020422554
0.55332676500935
0.646554699776452
0.409241912572192
0.60178392245764
0.48737606603194
0.522430235968679
0.548590868467907
0.471915852885925
0.509629204283661
0.538280079320784
0.535620389789319
0.577862230882582
0.424520219569192
0.514667347002318
0.508880417212428
0.414009380484105
0.521214376105066
0.444710862893774
0.599239036320088
0.556036494158132
0.636497581436825
0.55322664977442
0.539829158653656
0.404295221961539
0.479574498568633
0.370210308077622
0.505732027455153
0.604147757432409
0.527047022843149
0.677983475209701
0.421642586404999
0.420836889001899
0.52401943652701
0.625410521939479
0.423722675305183
0.553599806799832
0.530763009040358
0.469129828673204
0.531947339792783
0.568336831243054
0.5934199491224
0.598502074297912
0.566137144593792
0.589193624149959
0.60502383302587
0.5834198103094
0.541475906309981
0.590875189941462
0.609154750138728
0.488674155408194
0.728009869935331
0.594711192219396
0.486589448603296
0.575676758143402
0.537964702949201
0.54651940277224
0.645527711684451
0.756854783210609
0.518917148748866
0.569198194914155
0.517441912841321
0.509818025759125
0.557324502282856
0.505353134131474
0.668127880330592
0.573207249849125
0.705227883153794
0.559689666172517
0.549991830528272
0.730587714090957
0.520153294115928
0.604603531183374
0.494070555240834
0.503932342235716
0.562557782637489
0.515099715804726
0.628864603174909
0.744708466793407
0.725824599123053
0.70567981927723
0.666534870274595
0.609270871764879
0.611156825460894
0.739097001361406
0.531175018917303
0.586871367981277
0.692569582116219
0.605861815792031
0.573751514177696
0.631347860088463
0.72882030155718
0.847216894438624
0.655344546341058
0.683232550949605
0.682795119156446
0.736545848607139
0.590564792128318
0.687520103086981
0.566254957597813
0.689081669222141
0.613503055581508
0.662694847710665
0.656529123706526
0.67593410350447
0.853352541211108
0.532916022335833
0.68477511012045
0.69353793981587
0.778422860556632
0.820660956228827
0.606281919084341
0.708581047698619
0.677105732747299
0.824650883742648
0.702076712606239
0.837341995719564
0.764792990463504
0.7090548503764
0.649227985121656
0.823891380346948
0.72425155491348
0.831535904167427
0.699428073989184
0.732440624680426
0.592659591014272
0.653358848606031
0.749983662344582
0.781893226545255
0.734356016667769
0.810924002034903
0.680124849719576
0.730190679609328
0.784539775655276
0.656662655217291
0.769452196510014
0.659722764538531
0.780271021805175
0.750345174456763
0.680653216809164
0.671268443155681
0.702729471637842
0.679276501225103
0.709350848257915
0.657405615288711
0.635432390462621
0.795633057226053
0.740920980789665
0.76136297872019
0.74361297101773
0.653628205181134
0.635597000356082
0.692003245591098
0.877198191321423
0.853495418381245
0.753430855059589
0.761711037952238
1.01730271617365
0.797360144440858
0.761590812132683
0.674462365794601
0.735858414906244
0.848088306996542
0.838527156883597
0.756992277375342
0.894138645887926
0.786421315169067
0.720735914940747
0.734583072115331
0.80265970519853
0.652702974629448
0.87917073345858
0.603908519657515
0.840721037009991
0.771667896167095
0.956141382035981
0.945050915165349
0.938042645345486
0.910383658159693
0.78256052031411
0.884901642648449
0.741414787589401
0.835381500820666
0.768517780422677
0.808779862943435
0.894115647937198
0.810147795058796
0.685421612830336
0.948578317646531
0.849271915037611
0.863180376818043
0.839691257096547
0.896439346791141
0.866953972936343
0.931962411034917
0.918005691325532
0.777143101335544
0.888615166697439
0.930516981645059
0.879278247138534
0.867063001704609
0.971813043469974
0.963524879843942
0.792088568291786
0.895116100782867
0.848732995959323
0.883474971157083
1.05500778614701
0.838627996144506
0.817174332838026
1.04254027971361
0.937035422968067
0.913328624767019
0.954858621982736
0.967029235989593
0.976148472132151
0.838953653919451
1.0302370079262
0.880206892166195
0.865604851261485
1.01992693345541
0.903101656345603
0.967215462443833
0.923330092050462
0.794876497138145
1.00220176944819
0.917535726965309
1.30184695556653
0.898713955057414
1.01828993977132
1.06077125328404
1.01499926648379
0.902539025627412
0.954206389270742
0.860724095001853
0.863740096045847
0.827445772353843
1.04433259400824
1.18385056213924
0.984958946804315
0.965876419759488
1.03865392352218
0.934540154490005
0.905110977979721
0.983605613016199
1.07304322619971
1.00592877936077
1.01413751565276
0.94719410634989
0.933052873792934
1.05495524160691
0.86464269841639
1.00202917857837
0.918408822680844
0.903917492395755
1.00837464023434
0.773524713618101
0.899048102257146
1.03822769875713
0.959759143737884
1.09765397542453
0.930817779274594
0.930713064359284
