-1.06178530608466
-0.98602939934996
-0.900273927386186
-0.945362025625255
-1.08567562386955
-0.878037966300697
-0.902965922577212
-1.08216413817832
-1.03392824620734
-0.880939513185928
-0.834455265682484
-1.12816463006937
-1.01794632390073
-1.03548656852376
-0.866747282509211
-0.95761746971448
-1.18098507914625
-0.945594770045704
-0.93564489639243
-0.813592879309747
-0.999895141783473
-0.867768110905194
-0.935395989967757
-1.02021972264737
-1.06043964617978
-1.11219511540866
-0.94434252934175
-1.12895441868372
-0.961510960973695
-0.854167216603543
-0.983382073215995
-1.05461744487782
-1.04197612364409
-0.859301182764559
-0.956233636812682
-0.984786118068226
-1.095498878338
-0.909332359875482
-0.915695656132745
-0.941756842657565
-0.890906118537133
-0.878612032315187
-0.824248239495154
-0.853468987926452
-0.926271764498676
-0.95153136799047
-1.01393033711996
-0.908443384067053
-1.00527859112154
-1.04015531412424
-0.997416236143399
-0.874016574192329
-0.91683027848983
-0.881147696363195
-0.936904675523191
-0.913208159003868
-0.863465319263162
-0.999887761453174
-0.762182006111629
-0.932799678378873
-1.0650010461201
-1.00383181059223
-0.720154447483138
-0.862469696747129
-0.770194163308634
-0.797046997903106
-0.781456497780627
-0.753794000232331
-0.842210878776791
-0.936765655210197
-0.918019858203442
-0.890548188542656
-0.82916142044227
-0.849374881967377
-0.87348236685175
-1.02694176188558
-0.757534546899803
-0.827796784771887
-0.973510032368993
-0.722706165636299
-0.881973939768867
-0.807303031718991
-0.775024384323545
-0.77968440993093
-0.835747434778843
-0.847734739192007
-0.803162730757922
-0.821761016065639
-0.850917779252923
-0.806674798080768
-0.879790125077534
-0.860342397701801
-0.727977739040838
-0.727133110238117
-0.76321414078468
-0.851755937021819
-0.852370213382304
-0.737872411080768
-0.79110664336009
-0.862746004188419
-0.939440501182554
-0.731342724154456
-0.831920346024508
-0.945331991994718
-0.778714980234624
-0.823066677505016
-0.825031727699682
-0.768122004521388
-0.787941620597696
-0.904302787073192
-0.703373804973831
-0.707656273448007
-0.782025308412084
-0.765020832901394
-0.757910847371522
-0.69628674068314
-0.701430430371366
-0.835214383325561
-0.872658156521216
-0.781247264684889
-0.744626301550813
-0.684272908747134
-0.793007751592111
-0.696392000665494
-0.727349294067188
-0.591481756797115
-0.624420678004676
-0.793245743438284
-0.732838656867768
-0.781676576298679
-0.71532392369935
-0.703039415158346
-0.789255348354828
-0.750265223912779
-0.6409838513791
-0.816499982913572
-0.789394185438814
-0.834866166269948
-0.726573907474218
-0.687477043976644
-0.744059993921488
-0.860590600350736
-0.74188120185462
-0.7942501079215
-0.729621099283854
-0.792753237692919
-0.695674336158922
-0.668084736928363
-0.506083396150351
-0.715013403713623
-0.698821760229218
-0.723407628335275
-0.705403253889204
-0.62778071887665
-0.599117258845476
-0.623175338307823
-0.769765717312511
-0.706167156506871
-0.688225914618718
-0.741979409885669
-0.873726931934998
-0.509118872943039
-0.737432280824505
-0.713078191079796
-0.70917661806032
-0.673817394869827
-0.717299504236935
-0.672258378783736
-0.704621343670291
-0.665460846145104
-0.697084773339627
-0.590366007574713
-0.619970749978411
-0.609496094564836
-0.703023199026267
-0.551460472289388
-0.871545132919904
-0.681032775676217
-0.729297052031213
-0.657065697506724
-0.660861599671505
-0.63222193593015
-0.657292518666692
-0.675357860224281
-0.526283647110831
-0.729733260496626
-0.574507720689054
-0.479630418793209
-0.607490702582824
-0.568006910773554
-0.565162672669921
-0.653197664956116
-0.613478955486661
-0.655614464520805
-0.644561447610768
-0.700635259493186
-0.67302020758648
-0.66960395992724
-0.569951694108564
-0.600075182444654
-0.663014403009482
-0.618438444931263
-0.684630859824331
-0.56281659577775
-0.586996949025266
-0.619925227386994
-0.537721693811126
-0.67115381164816
-0.732336447769511
-0.727029677504804
-0.628375107865667
-0.673037419710504
-0.631871210447248
-0.46448217353835
-0.473040522561171
-0.655550161181502
-0.4606590500055
-0.61358258039983
-0.43122906822862
-0.706349541979177
-0.649666524356418
-0.558168867598778
-0.601669800732716
-0.47278125873681
-0.482090457166578
-0.600389371573727
-0.567702400620402
-0.485098319905185
-0.368175308315852
-0.551866119149298
-0.415840307343639
-0.498842856125006
-0.66523951333495
-0.427435448072347
-0.443455324733948
-0.565244697597208
-0.330194741121692
-0.739558619926229
-0.553975353079698
-0.646070332616556
-0.563943740902998
-0.496553003682266
-0.56456027088947
-0.403241438215225
-0.529602112589164
-0.533052949019165
-0.57753999202278
-0.461389877857104
-0.668781623946513
-0.641352459195244
-0.524037680013326
-0.498783477656376
-0.626478723021918
-0.45529486101975
-0.491973429674502
-0.544584835522648
-0.637866216949203
-0.445733788746741
-0.485291413326293
-0.492235786521509
-0.54170048715092
-0.436951542332185
-0.279532667663138
-0.665847849483771
-0.483514529791106
-0.592635371681357
-0.417078804011232
-0.508475581948194
-0.465259019007506
-0.550404801535801
-0.463917029476877
-0.300723808495495
-0.604599287374423
-0.53893971751713
-0.462615279371727
-0.559963192105412
-0.420225464884832
-0.548418913447817
-0.49199866740707
-0.495988702718206
-0.600258593832501
-0.515787767375138
-0.352223445130979
-0.454550777143108
-0.368307093891043
-0.437946094071354
-0.295857190177716
-0.623816162233756
-0.517256638251169
-0.397434015527973
-0.408561721369417
-0.472557733068162
-0.23778451410004
-0.362344822248974
-0.23941562409212
-0.450135201268029
-0.403705089645468
-0.485164783339412
-0.500463972254193
-0.335293671436066
-0.469131301151222
-0.257931985863731
-0.350321961881223
-0.430849091246526
-0.457767919112164
-0.353798385466625
-0.238605631877169
-0.376480347047462
-0.441058289294532
-0.480814875510447
-0.423615927797201
-0.35605011672188
-0.29426824905576
-0.416830555727367
-0.474757919594984
-0.303387050978534
-0.377623604143161
-0.345810022738745
-0.451247207339401
-0.320853582284384
-0.373683428045
-0.434196968023549
-0.410600416156795
-0.4676628744733
-0.300121514193641
-0.306218179066211
-0.372914762361676
-0.504698761970199
-0.354975863716126
-0.164722623016676
-0.298641689989682
-0.229405041446427
-0.442364830025188
-0.28773764505373
-0.0276795406196783
-0.349530263235337
-0.326200018080346
-0.377854417921816
-0.308919816187136
-0.349319789136965
-0.285784592524821
-0.302687117789647
-0.119591318294561
-0.340557619538446
-0.178261257504367
-0.361110177235929
-0.372618238743358
-0.283515288348283
-0.279574418702972
-0.248953687777389
-0.270209126107255
-0.286850187422573
-0.285055881556337
-0.358541751876589
-0.171998996751733
-0.239198442800697
-0.326475245478002
-0.365532788403305
-0.376980947827688
-0.332672939753267
-0.314081980653974
-0.356394582872367
-0.426564785879581
-0.154497526516835
-0.245840150243629
-0.264522712327319
-0.233471950114455
-0.304333127756491
-0.192728310061084
-0.284018339721636
-0.175240056796298
-0.213122626912324
-0.27398344680673
-0.253917241701121
-0.234956815182026
-0.171617624972409
-0.297003340943577
-0.350678967438871
-0.171479207031977
-0.224110641655027
-0.320976067278369
-0.32202744331363
-0.122675347869952
-0.213120758044103
-0.150631005297034
-0.220406295101977
-0.20306579791533
-0.206574743377444
-0.258392888288067
-0.351697796573574
-0.275471710725904
-0.274170185135389
-0.21412545733879
-0.14142113527233
-0.169937406161381
-0.163382558042611
-0.296155605288253
-0.295949547948095
-0.188509430023852
-0.291736552457088
-0.0709377719680832
-0.208783230515364
-0.267218610460029
-0.192653298121627
-0.154748732481882
-0.213143732629057
-0.209212381389985
-0.261014182779188
-0.275507320391416
-0.182251012636256
-0.379675082250195
-0.0456308346973906
-0.18619606282662
-0.26796293694396
-0.173374252817285
-0.0166016247824949
-0.261228692947408
-0.169759605280919
-0.167419373722145
-0.225102937069132
-0.422226202354452
-9.78113084883661e-05
-0.268481752725636
-0.173139995962331
-0.180886773491444
-0.15584304427583
-0.0856195511794292
-0.317413866462505
-0.172026196866352
-0.117518780937055
-0.115458822586483
-0.271986143862675
-0.137892702334957
0.028135057864557
-0.253182620746573
-0.201734043743914
-0.283854513312389
-0.116148306016726
-0.17305360023785
-0.138806738922266
-0.0920783023726139
-0.112627723553746
-0.133441075369647
-0.0482748288632238
-0.132256906114929
0.000223195480283008
-0.0628475401564487
-0.0322979614290957
-0.159072801583552
-0.160788275942094
-0.289925996462843
-0.117959639107373
-0.11141783936499
-0.105486916696793
-0.0562996794824868
-0.0621419876393791
-0.0607478290616881
-0.0614711786249795
-0.096697818668026
-0.0902447314519891
-0.098747508101941
0.1418400006874
-0.167084239865615
-0.123536557447873
-0.038998499124159
-0.0857779422871855
-0.0381072363847908
0.0442079468854258
-0.124402787914162
-0.0465979797750401
0.00877580914918519
-0.224031835936821
0.0397384146629
-0.0741422466110904
-0.0373420628313687
-0.0701060476390646
-0.12997630116473
0.00887819175859192
-0.18439301006061
0.129781156187699
0.0638460336859945
-0.147664737076141
-0.0899403107282628
0.0591683269950465
-0.123002937217461
0.0463706336733515
-0.0085165552051819
-0.13711408857116
-0.0601656164059499
-0.0670575492569496
-0.0339749321317742
0.0832076769934272
-0.116229910240068
0.0652210360598124
0.0344325369120664
-0.209945178092354
0.0304509377308693
-0.0781422550092065
0.0352576211502479
0.0376254335528587
0.06636428542031
0.119765085571989
0.0503751747228859
-0.0296075659161342
0.0312059581749106
-0.0413796377695032
-0.0338775097963177
0.0429937050277526
-0.0378660867299469
-0.0392468628578209
-0.0375574263103731
0.0144868838001372
0.0857859185851675
0.0108295448917877
0.0156279841810194
-0.022489175580288
0.198603839786376
0.0514686845241864
-0.0231715716769128
0.0202741606043778
-0.131093599558829
0.0519246411355052
-0.00755839574072784
0.0272577237304423
0.00325268410686112
0.108730028986876
0.270731659682247
0.0714994246606789
0.0815125728466066
0.0300684090428599
0.219916583429264
0.127860387595111
0.0813183071426452
0.117320599636898
0.0888868261480735
0.0918253029251123
0.111489822421782
0.0958716232648195
0.0463369219533982
-0.0522080733700391
0.0231452800555075
0.0952428771452402
0.101877736429799
0.140304566249223
0.113091275149973
0.0574690831311879
0.160576235996304
-0.0530041429127227
0.0451642474781397
-0.0927603816040873
0.239480061954502
0.097049686866364
0.0225148326320767
0.167979638039725
0.182221264639335
-0.0765077478319833
-0.0546472122949163
0.0832475264155574
0.0621595245492206
0.173134381107507
0.0924220888656766
0.215092826887644
0.0468208659082742
0.0674203709259667
-0.00927082338635036
0.116922572650739
0.092661968141326
0.130559190540838
0.155973025251634
0.185699543730492
0.0911825004818551
0.182795939305808
0.231344210820419
0.273844156795845
0.149375582751171
0.0352758427935761
0.258884249324234
0.268017101511869
0.113876267966541
0.152836119248043
0.272476233072918
-0.064429019669881
0.0446575750007191
0.181583452069006
0.118486822367793
0.203044608278541
0.0740317429111762
0.0436238056135107
0.152279372316532
0.230757443487782
0.10284208283101
0.227469437182968
0.0696549045503967
0.174100370491427
0.134255780425543
0.327015376991746
0.266943484172651
0.366216768258702
0.0949840811751567
0.137752170400565
0.104522868452037
0.159787441048172
0.129170143679352
0.252287725745886
0.140429822915662
0.3710653641135
0.187737404669794
0.29229058098902
0.249232088712229
0.223164792592848
0.24363668732194
0.425129752235601
0.0443328345081189
0.190308141859256
0.337408020365405
0.362169034466211
0.1374108922675
0.13313131039611
0.33024367445289
0.270897082612682
0.213307459460183
0.160651482459343
0.358620654025174
0.305136112212991
0.163103287461686
0.271060268236561
0.333874738227872
0.211844501479497
0.21140256780822
0.19098605222076
0.42948627728551
0.232843106660031
0.137562240816809
0.345068490735675
0.32837368455183
0.269310386271024
0.286366153422129
0.213471839779118
0.203837144775757
0.312899169300954
0.232567801329672
0.183314918709002
0.18522045305707
0.244211949967884
0.275981925483257
0.42496985292447
0.343027251891299
0.192992544835032
0.332950360209498
0.157984890022319
0.263986344143908
0.338472008513874
0.310923317298756
0.280645911958039
0.166667899569292
0.376736431453112
0.403588501320773
0.315235147902629
0.337019749877036
0.28268552231755
0.273415566850413
0.30745561055458
0.354553517906571
0.352571919789583
0.183401860482175
0.384496978367207
0.274156644128437
0.342142088074876
0.20108631704068
0.272880578521775
0.246446249086551
0.448466407059132
0.406168580006816
0.246283252295952
0.385063455721034
0.283023826955605
0.433500655562342
0.372813036302274
0.512357385407788
0.425965890235836
0.285722363885026
0.268325739921725
0.332616329864004
0.482832884247401
0.457187632913309
0.376449142068926
0.142848345894376
0.501644590089571
0.329188739815096
0.381367731892114
0.319813023143657
0.439249693398553
0.296718139458606
0.410903276461587
0.357467944385091
0.400089046251339
0.394065174846719
0.46967743737545
0.525561886408692
0.326563499007514
0.412684744301155
0.501469912808463
0.427204220003609
0.457850088483399
0.452404767009881
0.549987433894115
0.340565619263305
0.311028198221166
0.354336758726365
0.438845820468946
0.435251744724228
0.407662011050231
0.419149910897625
0.44084666915194
0.311011035080901
0.395197555421065
0.461114050906773
0.422381693705812
0.348226579853369
0.516150884899142
0.440394247649981
0.346689264061344
0.465774496003587
0.549316238615797
0.486776196958825
0.383799356150443
0.47696445102919
0.438516560490117
0.598733912524145
0.578506793487867
0.461087022618755
0.375158239591485
0.468829642255185
0.425526723822916
0.358317089506197
0.432849977040807
0.427109843363877
0.657221715240696
0.235342679565668
0.397765420016852
0.525382602471882
0.426200684611909
0.38006142214751
0.430912272535577
0.446405342451776
0.425395885965437
0.616317184763626
0.535676352326129
0.424745758574549
0.544427981946037
0.503092756183028
0.385696550141881
0.610981019132265
0.482306609892481
0.430824975854444
0.661937720924559
0.587518382790843
0.559594095128173
0.456919711816324
0.544109560283447
0.595942430972889
0.537718948540276
0.464539490261809
0.583447455402666
0.448938501775059
0.377023739463518
0.574347769341467
0.496326234469605
0.438526279116345
0.649072516550228
0.368917409697072
0.566844588752798
0.526993486525322
0.590804955406563
0.525811548779756
0.531050050116241
0.503123078049273
0.382874582213942
0.600620799252849
0.669689771730899
0.628111955228856
0.549819683461851
0.633796284299641
0.512094409858675
0.577496745222291
0.613081532473919
0.519676286102502
0.560282143557037
0.58999263073167
0.742355853294115
0.635621661221599
0.61109142730036
0.61995507692114
0.532488751341239
0.777281674135434
0.565938677893036
0.510617026447997
0.347066388820057
0.595815605152795
0.628792809586275
0.543036538348153
0.588395093455321
0.578444606781815
0.612642705791061
0.694819484330713
0.577072665088615
0.544257843794461
0.680252569163741
0.667174677708768
0.420884478519119
0.748774339431205
0.701146887749441
0.621741384873659
0.47894829240722
0.67276566754444
0.713957129383306
0.469575736646017
0.515785794984808
0.551322580612943
0.766801167815464
0.786890585698078
0.685540602154179
0.658160000838489
0.507982509892436
0.665490143464026
0.594202851547165
0.669714136065122
0.496853323889818
0.686986998878332
0.615230086961504
0.616802910538268
0.846675480080595
0.8158226797646
0.715670987669498
0.715799869698706
0.549247632555821
0.70006066600208
0.749298713627098
0.706722023179708
0.637003965473748
0.520044388603464
0.588825843185043
0.78169718363948
0.692579017462141
0.622187333619561
0.679307158732576
0.643690953439923
0.720757727409371
0.569239780338394
0.734836323299501
0.678340127073784
0.793427541874348
0.650012333968988
0.734101506456082
0.771753343288502
0.836514502111035
0.632169840478429
0.804646793654045
0.656216904364489
0.772759767922972
0.79962475477807
0.675338688758332
0.657823445530647
0.689534224428823
0.777609126587259
0.680686046967697
0.779022407188757
0.654640862802398
0.850582301850596
0.696322134350316
0.666421156820347
0.739586539135944
0.598660637496379
0.767926478707714
0.563474223654945
0.703720346134021
0.888247102672313
0.705688971507563
0.776862138885402
0.676613247355821
0.781431726441553
0.714249653803506
0.718095480146204
0.799575514994916
0.803015680440664
0.801857872430707
0.615662130158521
0.824364684897528
0.789032289851412
0.695962777393639
0.702550002954861
0.787323540517382
0.811215222621691
0.856911696647575
0.7160242867388
0.874424643798002
0.795740726547367
0.888454038551586
0.55632170742916
0.770362521564611
0.862139734149631
0.670945881340869
0.769299967082075
0.723512169040948
0.879563318826868
0.816806803561513
0.761474393803553
0.87148394642083
0.813250983583654
0.771268018048288
0.784165770388474
0.884791471981048
0.812292189021103
0.872940987061436
0.874312561884986
0.848071839483974
0.827384626871605
0.894945859099859
0.758408932961228
0.782203286246105
0.751772687414727
0.733489596826228
0.987659815644931
0.904548500657993
0.838871513293869
0.946474633220613
0.956176189634303
0.771493591104566
0.825948155605131
0.904796513902272
0.92601373462404
0.753007078775143
0.865299848552485
0.965890067198791
0.993447405424546
0.787737731668975
0.853361618127025
0.951080272449803
0.932244174521165
0.894169527909292
0.900043976999615
0.784593235011681
0.963330211140026
0.966191788114142
0.922781993906705
0.833981461701433
0.795844186758028
1.03415793612277
0.835765130652367
0.791303250412831
1.00312395941472
0.78267368594971
0.831816627002329
0.915188652333293
1.0886301668011
0.932516744318481
0.95095127991327
1.02866291944218
0.948282148286346
0.899427776682824
0.935848778997603
0.876601890941592
0.993589911904334
1.04137474590224
0.94838480902238
0.879070828445524
0.996821331751243
0.908183746399105
0.892967992040948
0.903140481606959
0.873851457466121
0.901029677147959
0.855662156617586
1.11670478873639
0.994980599392627
0.876454143035904
0.93930020667659
0.989063552702313
0.899109738285547
1.00528034568948
0.905906721884618
0.933971546476081
1.07563738863094
0.954667676024643
0.924291775058802
0.945983158641079
0.891885334375249
1.00723311304091
0.987363603009448
0.992704153419462
0.880923265604761
1.01185389626769
1.01939023433527
0.936344296945131
1.01223128387699
0.919781144624795
1.04408766690887
0.867802570054081
1.06860916063887
0.836033264553609
