-1.04727636405018
-0.975280807127268
-0.89425324276305
-0.952666333131599
-1.0949554155831
-0.890605262229431
-0.918943154252833
-1.08469789008422
-1.05775112581843
-0.895504428666786
-0.851995251086389
-1.11897786162223
-1.00692313077895
-1.04239901313894
-0.889586518664381
-0.958945640737821
-1.17612637285253
-0.989145505574222
-0.955844247518055
-0.815476862513468
-1.01131298060853
-0.893985731123612
-0.915481972085559
-1.01336644032825
-1.04650437516545
-1.12995520209021
-0.920108263449425
-1.12845686632292
-0.936332540417128
-0.872694549558615
-0.996385728558307
-1.05899547576304
-1.02189434479483
-0.854934412702059
-0.938029328508635
-0.986498935305739
-1.07581542896069
-0.887426933170668
-0.912306298499532
-0.955854034339339
-0.916364721020451
-0.879128285445475
-0.825044694477177
-0.865711329607758
-0.93833807413129
-0.953437152603203
-0.975301872348387
-0.918235596238794
-1.02621037424762
-1.04930116243103
-1.0134656087382
-0.873974106292374
-0.900156191899271
-0.8749087400633
-0.942569897986802
-0.884053352221845
-0.878485228573729
-1.00746663730606
-0.779631531213174
-0.917140132013776
-1.07083907796252
-1.00401688871841
-0.725301107609566
-0.8379517410532
-0.754768512380594
-0.792861911835688
-0.785803504884156
-0.745074269127499
-0.832692978443753
-0.933184065471456
-0.941086748702961
-0.879881076975054
-0.864349544123741
-0.862374483412698
-0.88184178005294
-1.03548043917713
-0.766921000405435
-0.834187359060134
-0.968824357403282
-0.725937579802532
-0.878457179108462
-0.813669725926017
-0.774463151309262
-0.784680578892575
-0.82821744709892
-0.841091430975774
-0.848015795021767
-0.804670424030937
-0.857309476858513
-0.82234308753327
-0.86373588097551
-0.869680339229255
-0.744388298195745
-0.726625487515435
-0.778393573504227
-0.840360089436655
-0.854717335858007
-0.74976744804117
-0.792944823136069
-0.865060021354185
-0.920396656378357
-0.744604409171914
-0.84181523079305
-0.956861050219851
-0.802593857358707
-0.824454402736681
-0.813104240389288
-0.74244191227336
-0.810949180627262
-0.904748563314106
-0.718285856133973
-0.70544872608005
-0.779262771447551
-0.785773149525673
-0.764214522905877
-0.673960497888227
-0.715071663019472
-0.864837617524093
-0.882959474719695
-0.793447607834624
-0.732307037729037
-0.661765800863735
-0.781207272297812
-0.692760388276013
-0.736898110612047
-0.601941391865465
-0.593802415839465
-0.78424516202217
-0.726373029251109
-0.765658575084306
-0.693700442047196
-0.699352968876461
-0.81060234676264
-0.760888629111478
-0.663221199558807
-0.798453945323478
-0.790865947826746
-0.819343513094911
-0.729923352549529
-0.678313712817892
-0.759349415978874
-0.839880681779951
-0.761020420366541
-0.808618263481856
-0.749558862220468
-0.767709105787017
-0.719405819763793
-0.667371072473381
-0.506025980804155
-0.730113467258474
-0.704695245018024
-0.712602247285331
-0.708485906720109
-0.631328322714577
-0.611280265485036
-0.61564706964553
-0.744040264897207
-0.738039773601682
-0.677381879156542
-0.744789658434032
-0.876988223978567
-0.532764126083673
-0.730439647672812
-0.761155738610309
-0.721129496767177
-0.640292406883439
-0.71635577281772
-0.656663427486851
-0.708911374743083
-0.655925080035352
-0.676194909145895
-0.606824479328743
-0.601926630611013
-0.62266056446257
-0.68332026316624
-0.564541675579083
-0.85824485092056
-0.697261634305968
-0.722826835653293
-0.67949292963267
-0.645188298576347
-0.643447415994906
-0.669265619201601
-0.687722569234099
-0.539561674293849
-0.721138133319154
-0.552194497723139
-0.470236957398721
-0.614896625580297
-0.576312522968697
-0.580245549689261
-0.64604611653291
-0.616184917370344
-0.651894886332417
-0.631158984358876
-0.688581515504035
-0.67270577561542
-0.633361014937926
-0.564784181955597
-0.593489237228066
-0.664538155150439
-0.617033723330723
-0.692002962187547
-0.55688837660773
-0.587762477163558
-0.61142664071882
-0.539099895923974
-0.650065604882695
-0.736477555451397
-0.72744222154155
-0.634019973395111
-0.656053133394181
-0.664808276974467
-0.457109895149027
-0.486159359653066
-0.636141690824215
-0.458957437157938
-0.603763845378908
-0.448634498219124
-0.698970577053317
-0.644796620575752
-0.559014089299025
-0.595777333199411
-0.476241161651541
-0.500216003172759
-0.608458084797789
-0.57292343341962
-0.478098563752349
-0.34544544813003
-0.559160165765891
-0.417843785193368
-0.510017780718637
-0.663526650569718
-0.416845079511397
-0.447593005995279
-0.553719497924232
-0.353766657615314
-0.740702328816189
-0.564641830881166
-0.631634374159554
-0.545583160074062
-0.503637486606357
-0.580032156478253
-0.394270368449264
-0.55473295999096
-0.531980011002249
-0.589434141763713
-0.469644841623242
-0.672418891493184
-0.645258903651843
-0.510928893319909
-0.524789236170346
-0.629142404173077
-0.452504307980446
-0.468664272875499
-0.524245890441197
-0.642407715204205
-0.436007994869116
-0.486503078606734
-0.485498816079164
-0.569569144610204
-0.442343749173167
-0.286881162775573
-0.650740981164351
-0.465610336166636
-0.575219324891713
-0.39056038589783
-0.520147082139644
-0.456028022658591
-0.550111907426689
-0.466699993808767
-0.298989165417661
-0.583076311059294
-0.535013091015353
-0.474806190580618
-0.553013629552897
-0.416924474857823
-0.571371001618622
-0.499854968896732
-0.497719753940485
-0.612902257752953
-0.537564609543499
-0.359542663541395
-0.47205609500868
-0.383352155513337
-0.419189200030046
-0.29523622927006
-0.595101644685814
-0.541664844958132
-0.391703083603867
-0.413189335970266
-0.497078904357635
-0.222503086252323
-0.344085987577949
-0.250726678899678
-0.458765134298165
-0.411805341728924
-0.472562643760762
-0.51638336730423
-0.337885631375461
-0.459066874364755
-0.251044399720079
-0.328033588300519
-0.421517834894194
-0.471656148497172
-0.344013619375373
-0.259147785073778
-0.382528333027657
-0.459958225165453
-0.439331778555492
-0.41580264170593
-0.361982471023439
-0.290129702989388
-0.414732598547683
-0.471406652495874
-0.291648859680289
-0.408238136907357
-0.35938997964912
-0.455472976265543
-0.31400688299967
-0.349336038193231
-0.429864160899733
-0.39857283671382
-0.469001765252725
-0.289188185924007
-0.321473405741
-0.354772361506645
-0.504736096334985
-0.353383038961721
-0.169727571186376
-0.323466763807057
-0.223521916436751
-0.423994925267998
-0.296765261811072
-0.0225455360540501
-0.325664004895623
-0.332654915627983
-0.406796998085632
-0.305315162811034
-0.348541668369381
-0.297975447517985
-0.311840248673264
-0.121942106010526
-0.348335857066911
-0.164818464259789
-0.342353597018783
-0.373995030298891
-0.289733764240879
-0.298812432851309
-0.262333580240247
-0.296769734591862
-0.295901740958062
-0.303219318155133
-0.351181789136595
-0.182490165257248
-0.235254466378538
-0.317154147231078
-0.368259075073303
-0.379909396873083
-0.325831883919968
-0.311589720353044
-0.343100103760203
-0.414593213663485
-0.16010304593614
-0.263167663797415
-0.264874263748472
-0.227249588217162
-0.269618432756523
-0.200360090303883
-0.285243327529996
-0.17866216202676
-0.226177857602957
-0.278505434880934
-0.246008854564861
-0.211067714634964
-0.197203079095123
-0.263291386602778
-0.327384689820977
-0.187740712839401
-0.220387728779024
-0.345068926589571
-0.330272212488148
-0.118546848689414
-0.222084935435367
-0.141240120705455
-0.230746114183023
-0.203493221014362
-0.193129279828305
-0.286800546352847
-0.353045860259469
-0.27871164725019
-0.266938592503352
-0.228955690473235
-0.157390777777435
-0.192796711296617
-0.147775705530309
-0.304089355917748
-0.30966904315346
-0.159868458901881
-0.302646451671553
-0.070759271634831
-0.20939503947149
-0.284336946855605
-0.19063411291021
-0.134800117576869
-0.197679808213159
-0.19868606547941
-0.239052740521346
-0.259534036903679
-0.165403679728079
-0.392875554522826
-0.0771642752314181
-0.187206897979142
-0.258819464390364
-0.167105942838267
-0.0376627226358858
-0.250032344699836
-0.171925156250298
-0.133433903087276
-0.238179016093451
-0.430488526427595
-0.000685287874002466
-0.268649812757191
-0.186714293270732
-0.167067781076059
-0.136947334689166
-0.0801533106387247
-0.299367968404453
-0.165950691557825
-0.137209033985809
-0.119803305633068
-0.253000856921103
-0.128842257304983
0.0320620728525904
-0.254004868436811
-0.19504935033647
-0.276000432407531
-0.108427567200083
-0.167550811662613
-0.145794722355048
-0.0784012645903479
-0.12364871889581
-0.119636459795302
-0.0431223627532792
-0.144708881628275
-0.00267789597541418
-0.0495636006407647
-0.0407992656347521
-0.158072043545901
-0.1557177825754
-0.271688619877295
-0.137323171271234
-0.115865276824171
-0.115710949973452
-0.0547370280745896
-0.0760522039318986
-0.0713501233092014
-0.0718821648499278
-0.0890270139195406
-0.0948782711303919
-0.0796243282498416
0.152347389264876
-0.145666886347826
-0.143505471757957
-0.0635921237488217
-0.0786676759785029
-0.0313213865404628
0.0170137062699526
-0.134035005348685
-0.0451569850383014
0.00569173717896728
-0.233532323557675
0.0399639571946504
-0.0486776103793018
-0.0268078540859107
-0.0820874872807354
-0.132790068949752
0.00499093420823087
-0.196863296516199
0.130210235639478
0.0695596569753618
-0.15004495798169
-0.0839604402071576
0.0580127964520014
-0.113114313280802
0.0505503040323262
0.0106811263059574
-0.15799397984023
-0.0164334665228453
-0.0404528099120106
-0.0461990153390994
0.0833681407154779
-0.105810256108127
0.0622875764537364
0.0364449255881774
-0.227913136088923
0.0196969914432729
-0.0725884817528557
0.0433846721797556
0.0488392004152672
0.0664206736652744
0.115121991187979
0.0354221864629481
-0.020046879164955
0.0232927532907891
-0.0391895718299413
-0.0261608875459627
0.0456284608766883
-0.0455198727511134
-0.0393081427878592
-0.0500885431793602
0.0150918323672249
0.101128869623557
0.0147692597955229
-0.0229855992146955
-0.021572361548496
0.208861433309746
0.0379576028037214
-0.0254458669086228
0.035037953261578
-0.126758554732529
0.0581878133376096
0.0199453343649153
0.0286130778978741
-0.0033373541291705
0.112117984736897
0.263096911745012
0.0799016712323487
0.0730853117472322
0.0206066837811851
0.238642368621898
0.109362009260366
0.0659598493170358
0.138121095666282
0.103340371139252
0.0582676793590264
0.125047032550183
0.103005068987381
0.0211497063571202
-0.0517009886252528
0.00955009123705744
0.063975519675454
0.106614807290398
0.12171256180357
0.113204257533393
0.0567305797541649
0.174088921178486
-0.0375308742930737
0.0683975022499092
-0.0884815045306543
0.254882175875674
0.105115948445503
0.0133640520772562
0.170826837800256
0.181693419272341
-0.0475252258321348
-0.0351879991923598
0.0952401001621069
0.0580932900514526
0.17271282503837
0.0863452835726851
0.214389563062655
0.0589387393663321
0.05571124071759
-0.0054301670916658
0.138249559548505
0.0814264677434752
0.163490892414398
0.144865646908003
0.181987178333033
0.0899445965234733
0.215090859880655
0.241188997310488
0.262780547660554
0.136623857491832
0.0501215978439043
0.25106066377921
0.257381460616877
0.0994593932860948
0.164539279768332
0.29624530843876
-0.0545112647346361
0.0384836877492953
0.192801042510606
0.117163517115958
0.210758567913339
0.0877320358058838
0.0545412213681269
0.155831830321488
0.232207182769372
0.122836396443851
0.237090000920201
0.0765149848787914
0.185583447721868
0.152299865704454
0.321288208828697
0.285444004704553
0.364781775603588
0.111297302175543
0.140412078192686
0.118405179645595
0.168429883329004
0.124772440454176
0.242265122462588
0.145667102499243
0.366364916192541
0.185398328319247
0.294594790639275
0.252791853945208
0.213173239717833
0.249193629346271
0.418574738125787
0.0256313577280554
0.20733830739541
0.334585258864682
0.349872223694427
0.148260938249076
0.107470006722001
0.309871215608484
0.286034765771713
0.192895019630954
0.162191455282514
0.388273192429223
0.290724764896651
0.147353019006965
0.276178925272904
0.343325071462587
0.2045155747284
0.215051617560184
0.160590529986015
0.419704890458016
0.248574425772628
0.137773345207378
0.34921274119253
0.332524169960781
0.276882272843996
0.291237783149976
0.226053566887333
0.194043222992381
0.314127425254502
0.230765919335178
0.148371028791471
0.168261427035006
0.258120093794411
0.281085531581644
0.444021996685003
0.338319567566988
0.191111954471175
0.321281041135041
0.164456445309761
0.279325099787864
0.327262121386462
0.311973734383176
0.270767496822805
0.164902092269417
0.398125642547627
0.39998921411937
0.316428325317725
0.336339006165867
0.281617239640663
0.283624261266082
0.306529217647089
0.3285710914905
0.364996069617103
0.171200124733314
0.404852553684714
0.270464402302416
0.351682520151717
0.213570176552489
0.258038874878632
0.261219328117249
0.443989771548815
0.423563729075544
0.244731388578515
0.387331070665717
0.278689143746767
0.414124563057647
0.358150756079479
0.496957099517391
0.42549531223598
0.291452141385227
0.276126643421674
0.31946850125093
0.468797528877288
0.45538427851849
0.377920270850361
0.158452565123949
0.471283030626352
0.318938307760134
0.378492681814006
0.310517421317118
0.42605414035443
0.28792993334269
0.408625379839073
0.368958300151247
0.409593823305448
0.401928699496723
0.484684698144135
0.525982499705264
0.327233557927137
0.424122877531532
0.505754527992933
0.41603324322035
0.473327376053953
0.446614099024305
0.540338409034733
0.345403951387726
0.327694836824016
0.338855620941086
0.433564177750722
0.439338626754533
0.419786009970216
0.426078915632746
0.429867384010033
0.300659284920566
0.400956465088679
0.457561948666672
0.41785629826287
0.346510841390468
0.530643606952922
0.435807238512098
0.338812932019597
0.499272719110247
0.54700496230583
0.459938645239942
0.384077591629234
0.48203076470169
0.46125322338074
0.590743899210587
0.574811973645664
0.439216784017435
0.397030238460638
0.455145988226303
0.412767902959789
0.351586871293709
0.45877935999766
0.411619726447424
0.663341634523991
0.238279292734293
0.409861460730595
0.497666887637205
0.41141080587306
0.377232412884269
0.420127101298625
0.460092651779476
0.441489608174524
0.625932032419483
0.55069929106489
0.427784793013027
0.557603921295368
0.502135465987632
0.392201034090633
0.620161291058123
0.47446674286605
0.430319631679679
0.651305706112953
0.607058693630836
0.563365172669526
0.471008437495357
0.550205793731869
0.581561559568277
0.524899711315968
0.467197998950027
0.589396644388247
0.450419264324003
0.365882566061213
0.552123526615284
0.492284539513
0.422872235894988
0.616829119170002
0.369280693291375
0.563804323075762
0.500896341370287
0.585329435325401
0.50898482466183
0.521467788811316
0.503001068721655
0.363842681382903
0.594935840950459
0.682618112073519
0.625370378339305
0.552705064461289
0.650162827850451
0.514104366622403
0.583832207274405
0.596643646179686
0.50051982962839
0.581826889452112
0.579118629073802
0.749072401589047
0.642855384015295
0.641728907922865
0.609475704968205
0.52709175231409
0.742085857884498
0.564161474137436
0.508632772244998
0.344781027414494
0.578512150822236
0.626667203722284
0.561043881918847
0.561761436094156
0.570960024301636
0.597235106747097
0.687078093107218
0.594125269345226
0.546709530893718
0.70167871210706
0.654574833249025
0.447273677740014
0.731698310121843
0.721321763604554
0.629677560833396
0.47401148978921
0.677373878420409
0.704322423121424
0.450768662599752
0.515129953909712
0.533838054672631
0.779212259887842
0.813809246947311
0.696500971507942
0.649746443704245
0.538266532871693
0.681568695885196
0.591632466202407
0.67896289286479
0.488598575152725
0.704976249886092
0.637871713225099
0.60120127208737
0.84307078186747
0.832888084337661
0.720494883919692
0.707745287399477
0.541542305326172
0.705994819154319
0.732817578104396
0.654095151164252
0.609122519375032
0.533188631443385
0.602243939159813
0.779378180109016
0.707735391959599
0.622463235449318
0.666630764277659
0.656941579789384
0.71755093113951
0.576079397916379
0.735579087457322
0.697111437273488
0.79944412456661
0.657292454364946
0.73662129658883
0.772397128123532
0.84233500306641
0.64279403048306
0.806346119578665
0.651316759573875
0.790969690243802
0.791103033470653
0.707269233483649
0.63451414981236
0.709075796310415
0.763771722035535
0.697221989490231
0.774370576173478
0.634275742026068
0.846329282633592
0.693488297939946
0.683858748725327
0.749435768228284
0.595448457674938
0.793565200050337
0.556864914795723
0.717161584276459
0.880751976615753
0.691545581961838
0.742787476069238
0.651715787502552
0.762410796180471
0.715378294560536
0.711458233334929
0.780527183906596
0.78908271084905
0.767923953986252
0.614523922673599
0.799765863081556
0.805651879506168
0.690750591460539
0.714549621725843
0.795257418898417
0.832280534017161
0.850334760093058
0.72189867399018
0.880485747989797
0.78435824363149
0.878936666956302
0.559006691505672
0.789217293679086
0.881125615445201
0.674887655984514
0.777625582612021
0.743926639047693
0.890011725304044
0.819331617766484
0.760845626769595
0.879873359067288
0.811016135508698
0.768254358346266
0.763196242695644
0.881138908999056
0.817058211281804
0.876041631947499
0.866833024388867
0.826699482885359
0.82367950864361
0.927898107530211
0.752316624099249
0.799398830256618
0.751423132114775
0.734518650584833
0.989625429647919
0.90018197348597
0.852156766956581
0.928689332560311
0.972200792845125
0.779096131786702
0.848554024079679
0.909664088440159
0.903331433807797
0.753698793012755
0.851281974866034
0.982788113674175
1.00742144722951
0.807374441827086
0.86598505875036
0.920533953659071
0.940367233295446
0.898032859123458
0.910332892093933
0.795799511868594
0.956991002147618
0.945872891755853
0.931620341545541
0.816869160732693
0.796712043133572
1.01541998965079
0.844709012700579
0.813257802821098
0.984832201090156
0.787137810565053
0.845979555766537
0.92157094734137
1.07990563637877
0.953577840493804
0.943773223086855
1.02653939210449
0.93357826405664
0.924222391605835
0.918517098802924
0.872620990818991
0.976545952032407
1.04108173806959
0.95602048254279
0.880382485407482
0.97750107034165
0.933261522129006
0.913716634967945
0.910800026303396
0.874442329921525
0.900333137098884
0.872498643874993
1.12939943327564
1.00638068940858
0.871665419633615
0.936430091634462
0.972934172281397
0.913303048507138
1.01753774906539
0.896129729789454
0.928497180582231
1.04745297307301
0.972929770468915
0.943443149466626
0.939605304781839
0.898326414245101
1.03528427509104
0.995479847423774
0.992497834980068
0.887954391852159
1.01104300354003
1.01821735563932
0.949382339092749
1.00982313158903
0.92272518109382
1.04536520971467
0.879229219138287
1.06123878251125
0.82308368263559
