-1.09548907514133
-1.10373846752519
-1.0323391743726
-1.06895432204124
-0.96294350307631
-1.18277519528871
-1.0675731828008
-0.916160663375629
-1.02046288556499
-0.821015079831746
-0.915513711857012
-1.09763406981063
-1.00062067380707
-1.11515597784788
-0.955100734638185
-1.0374838170246
-1.02025962206337
-0.845417835662518
-0.923601652842865
-0.902587640977213
-0.935675512250606
-0.855090521120552
-1.0063115860494
-1.00111008058246
-0.986470286795093
-1.0426810621926
-0.890235468093824
-0.869970475820322
-0.823880216844692
-0.899708140138504
-0.853330921640399
-0.982672933699917
-1.01027167655618
-0.832427196925766
-0.912117421550481
-0.928851056016796
-0.940133499296893
-0.997771109016299
-0.849579446202949
-0.957300634455646
-0.942744114652598
-0.916752247440908
-0.946341892506316
-1.07757165036928
-0.736676346954908
-0.989964463806915
-0.89514414897896
-0.916876485011281
-0.917626444396445
-1.03283496706209
-0.722439304853547
-0.916997119632053
-0.87405595114049
-0.906741897196787
-0.887191711389782
-0.817756016634126
-0.906985964809966
-0.71886462606309
-1.01595684829862
-0.835353277988117
-0.925028382746035
-0.792821361665012
-0.826988903789504
-0.873147362683126
-0.731092507076585
-0.85551074688641
-0.92138677437556
-0.791922391890516
-0.796715160359452
-0.791146281160402
-0.825225386146267
-0.824320341270777
-0.927251881877129
-0.825361936758444
-0.865638521338987
-0.839564041118229
-0.872633503633367
-0.74825366077166
-0.878833076083627
-0.868731058111667
-0.941800004116913
-0.91915690182082
-0.850820283092354
-0.877331509453498
-0.678344614953513
-0.942425903178981
-0.817643428667704
-0.854466345520836
-0.915122485617979
-0.804090527898013
-0.842737773714384
-0.912001473969333
-0.917174325144112
-0.647432157705483
-0.805842232248185
-0.863969585290006
-0.743026367942161
-0.844024005414616
-0.868894134190441
-0.786395943361815
-0.93691842649239
-0.806044324629195
-0.748731286246646
-0.914027704518761
-0.734318861871482
-0.849850387414127
-0.875353715532213
-0.812270197124401
-0.752298413473726
-0.776918826166228
-0.729613594353845
-0.749411097558728
-0.662269823975279
-0.795885607403376
-0.737088806749017
-0.786871581221147
-0.811066979009926
-0.711535296872496
-0.666364137709242
-0.768522478373543
-0.69931230219225
-0.910065308101204
-0.666235143735122
-0.705168496642802
-0.685085837674803
-0.840535979551718
-0.768611063090823
-0.728078751507723
-0.834740298870553
-0.778408014257551
-0.669489622444017
-0.815210912107904
-0.729961488696239
-0.635244392459572
-0.715167504070101
-0.74497881265321
-0.758535475146548
-0.865475683265308
-0.729952039458664
-0.835328443065154
-0.836897295012749
-0.630055159714201
-0.646522620022957
-0.758637823690024
-0.622784336401796
-0.698351113561605
-0.541084556334298
-0.430094998271287
-0.672169251834201
-0.674765156268517
-0.637939689474892
-0.669088175146166
-0.727589963179731
-0.502216689350909
-0.579654055027995
-0.532137165543098
-0.674066892373199
-0.4513671772923
-0.752993683612659
-0.740293718336875
-0.579301984675244
-0.593983962978122
-0.594097536557807
-0.618993027405855
-0.682479452902949
-0.684129131354397
-0.754390083854534
-0.680378790416121
-0.629789720915066
-0.614615648632834
-0.548677070015899
-0.641056677523137
-0.62322364198706
-0.611853910522476
-0.594237880572632
-0.694647805162015
-0.678180095138558
-0.667105060355999
-0.517840401419492
-0.688120397417122
-0.65724548496337
-0.511050888477359
-0.67493628084698
-0.663559055876204
-0.515356929914669
-0.492740411462164
-0.698837121302272
-0.719919928142411
-0.605246621526223
-0.675105154155161
-0.659823557614001
-0.547681537321839
-0.640395599421912
-0.718166735537247
-0.643162978470843
-0.684732706660935
-0.633952197736257
-0.820945064454189
-0.53603623125835
-0.572211372239086
-0.486317698666777
-0.649350832714846
-0.466266927332983
-0.582247131749354
-0.684149633773206
-0.550856922930323
-0.614933212876876
-0.522591724605343
-0.587310804060216
-0.505321685613237
-0.527166246365742
-0.562719484366155
-0.637852270152225
-0.407707616297962
-0.43229350680236
-0.651934173664206
-0.650662410171612
-0.706056920084794
-0.538339456233249
-0.521232007746892
-0.593113328384809
-0.426043605462791
-0.486844130465205
-0.670233212335234
-0.442566101635792
-0.721960184365848
-0.419819017081764
-0.60137466601996
-0.605529829031978
-0.512700663578643
-0.450670112220675
-0.573850376764903
-0.550206943040249
-0.672973167740624
-0.659248823135937
-0.608412714932877
-0.46146538848315
-0.466511886689491
-0.556014600191419
-0.334248624264978
-0.451994990396926
-0.619945563283992
-0.436588057671058
-0.435661562704424
-0.544736380777195
-0.537988687519737
-0.476837045648154
-0.491456647761947
-0.39181629018012
-0.519276710960936
-0.431016116478375
-0.448806233237271
-0.470576888101864
-0.606347692555581
-0.64575138805151
-0.510243148729545
-0.530030062086122
-0.448263787072721
-0.438802030094803
-0.519772469299874
-0.462923892091524
-0.568122176287318
-0.488904194216527
-0.528337564084953
-0.450338241011346
-0.322556681798665
-0.573799188078225
-0.422668411788315
-0.588069180874746
-0.625116888224217
-0.314971756297154
-0.499160579247304
-0.481680597797053
-0.431410418257996
-0.400322410714622
-0.454411517267118
-0.517797005120001
-0.397833806386752
-0.492262655319959
-0.416343433247818
-0.501077995736797
-0.386657529198576
-0.311068300232711
-0.487293676698195
-0.364848435259534
-0.490196757227137
-0.418296995419397
-0.40090078158344
-0.488720690945094
-0.347783097739801
-0.411491211528337
-0.345932573830777
-0.438968708455786
-0.409075089584527
-0.536263058211674
-0.620190871484344
-0.515080177963942
-0.392541107088967
-0.312432505705319
-0.451774097303091
-0.415831681898373
-0.455159787336579
-0.344780398079949
-0.374251468134434
-0.409638295971191
-0.361014423452092
-0.463384151523265
-0.435829008935538
-0.311065339207033
-0.340242786772805
-0.32808506230054
-0.434032703735038
-0.441239769193425
-0.376132521285004
-0.306010120920324
-0.407079021940396
-0.206501574105393
-0.348677216117501
-0.233930242715133
-0.35332229402242
-0.334370839347908
-0.256264367413394
-0.386349805029929
-0.173429058456798
-0.312611421172705
-0.384359624959212
-0.321690307607059
-0.233322228279009
-0.225276871719083
-0.344646874087992
-0.237426236483461
-0.31689018235588
-0.269126336727144
-0.343919544152308
-0.357003551520493
-0.469710738025083
-0.338457310891668
-0.195793399968589
-0.406962161202476
-0.461085697397801
-0.218529814945937
-0.436634743357882
-0.273546505039739
-0.295622873691148
-0.307640592309408
-0.353239315541886
-0.207423549682689
-0.279453908409039
-0.268615859422493
-0.403011732911204
-0.259946806671364
-0.268284213025331
-0.346746188955716
-0.373133014897208
-0.454428853926723
-0.157941439375957
-0.262901110717859
-0.287506983835671
-0.194675277426797
-0.278199957806713
-0.161999504420633
-0.266774207921414
-0.130300003732411
-0.328969533116135
-0.351150494774806
-0.297497987444772
-0.320881262815947
-0.0818005917386345
-0.256293714008278
-0.226377532773944
-0.273987009878324
-0.278073740854269
-0.268238814007981
-0.0924261747167378
-0.316333044925867
-0.147377894365184
-0.512048604000117
-0.223753729242777
-0.0928072082669079
-0.0606320554605821
-0.392370490780241
-0.279876628464228
-0.0323641096174147
-0.344132546169322
-0.198684038470302
-0.284538033907927
-0.0700989758278339
-0.253259322182233
-0.260125316012258
-0.198164565529201
-0.18091912388999
-0.165738335991033
-0.071097716188765
-0.281393398030534
-0.257747219673448
-0.229477400908613
-0.166379478868763
-0.201304468391754
-0.159497776662162
-0.207589207796725
-0.169832664136924
-0.1304891430214
-0.147581549702847
-0.205250750029528
-0.125478174390101
-0.0780964165347321
-0.222779976037011
-0.311879101194051
-0.173510475321176
-0.0216160193408177
-0.248207621807838
-0.323119616105095
-0.201206543655161
-0.0939435378779689
-0.163261741164391
-0.21102938919325
-0.122493178612741
-0.152640127428163
-0.210086738936286
-0.0693629985609591
-0.227223826683856
-0.0394680016721759
-0.250923331226013
-0.110353671748756
-0.306870396997633
-0.176477412600641
-0.110638574157759
-0.203023989211041
-0.00776553663662373
-0.134388479252709
-0.151178451861605
-0.377074188955447
-0.124052205842789
-0.0421127634720233
-0.223512268174155
-0.00517373715360479
-0.24599356383531
-0.0550158448061564
-0.120170089415612
-0.287651452370758
0.0572097509825335
0.0325281886163079
-0.153089041815552
-0.0793383504160203
-0.266103151589765
-0.0360629149588086
-0.133642641033114
-0.165893807107607
-0.249441387283764
-0.117526052160804
-0.13275356077939
-0.121860968504712
0.0262180840792535
-0.0347035431845447
-0.106772311751906
-0.115213184749314
-0.0523604032635913
-0.0264897949959167
-0.0961353861004814
-0.0948542408630603
-0.140688627254208
-0.0326211700206295
-0.138041877135066
-0.0651758581996605
-0.0689848342202085
0.0443188469789112
-0.0108891823668987
0.0681165849135722
-0.105662552574653
0.110969170941482
-0.0531094231648027
-0.132817429711776
-0.0230976008020715
0.00406226959503017
-0.137717369815252
0.0125954840655517
-0.0412422189830571
-0.0151983212962805
0.024409841043713
0.00480125096457188
-0.0234623329644809
-0.151827780194243
-0.140183811462943
-0.0721604675625132
-0.00930710980413983
0.00671449319212622
-0.102742173322514
-0.0808490561782809
-0.111249144194166
-0.0314170001864575
-0.0438909869803324
-0.13366482850553
-0.0178855211515679
-0.015115186167594
-0.00308579317739776
-0.0184012252884158
-0.0516522660603053
0.0333795680299831
-0.0656920491704123
0.0434740993982666
0.00293901600239578
0.0128734534395593
0.00537255624842614
-0.0153657881557798
0.0453585343569872
-0.0491598786550318
-0.113629942650932
0.184266681640005
-0.00258938578036274
0.0629859011676798
0.0835181757577507
0.0561743344031949
0.17741588062749
-0.000640943780127866
-0.0482817762912761
-0.110937284797649
0.0346207486868022
-0.153829287267449
0.00700214986400053
0.0973671630259465
-0.00249078804430051
-0.035079230195902
-0.00760712379650091
0.0934930682710517
0.0325359816565971
0.137536163077532
-0.0361712897503475
-0.0493139711767514
0.125259987776378
0.113219795732465
-0.0429137603951696
0.0340772750615204
0.030119942667962
0.108399596891675
0.051427371711762
0.104148216376581
0.110943718531225
-0.102242529123297
0.0231200448760709
0.131818551506659
0.114750312629896
0.0275369067334753
0.109440820209489
0.1462556586642
0.0885929188511273
0.142629442727669
0.126144360718462
0.0950362926089514
0.125492768744534
0.052295476181115
0.158282342479129
-0.0272297409581616
0.0272873100334595
-0.0547834011792549
0.0877821694979121
0.030347112590357
0.114897221577191
0.126849005288395
0.0956582614308425
0.137414766690483
0.0304215671474527
0.174059815116574
-0.0441591492059641
0.160433978710353
0.0987850460576179
0.162355143885323
0.0752907387909581
0.13139348165231
0.115188201533086
0.199688191406465
0.22223924545221
0.188730261289344
0.2135889331624
0.138302406552957
0.162896256802178
0.29254836032725
0.0169766763690902
0.123818602679425
0.188564480581458
0.2449078627318
0.283351916450066
-0.00023551982019797
0.104371646963062
0.234843499048938
0.188485182792013
0.195060127412002
0.046593926331847
0.0643331463946933
0.180047016529341
0.282198767149191
0.100867574216898
0.206730989323144
0.139412017354317
0.204586221995923
0.0453217493511309
0.131974008927088
0.152601935125661
0.32550689162503
0.348843411765003
0.0180459940816535
0.13068045572756
0.309975571698938
0.134186273053037
0.170538287339482
0.182734115277854
0.204162314780646
0.209717521126955
0.110844877188903
0.325716085213083
0.144614713836785
0.216985478372797
0.343244663530846
0.18246927370712
0.372466859734501
0.373074779504715
0.201860128296473
0.185374535989341
0.327070798199068
0.420794158738293
0.206980961542078
0.370720041153142
0.252336138829304
0.0668945846361244
0.200563758499413
0.291808162064472
0.121763787214971
0.26625483196867
0.342045370918046
0.402611847608723
0.251668177294907
0.254438207098298
0.164517799771394
0.29058044193199
0.24664851950981
0.2008012504012
0.188353274470782
0.318669997654237
0.240684755851144
0.44845653967962
0.297720756847998
0.356247249118389
0.180815122825602
0.30504562565107
0.291968391568783
0.296150821978178
0.263910576687458
0.218204296509999
0.233710790309854
0.291489822660154
0.302731839364735
0.371520948854542
0.237759426719218
0.237060533645437
0.29169945651948
0.290009480148976
0.392880614348629
0.305919015587356
0.357851056811306
0.39360166690321
0.294225567536586
0.315022014735372
0.285500749380715
0.298354219727663
0.391007021189664
0.327657429420684
0.224595948119926
0.372563240744197
0.465914489092554
0.453533120511629
0.243511421361421
0.329130935325778
0.235102327073155
0.331033628883574
0.319071242020716
0.45560248737642
0.190987685507342
0.38993884471967
0.23675846263236
0.301544499258498
0.24569955477691
0.338049427236286
0.34801064965257
0.380438701866331
0.416176291123185
0.388670099210903
0.398696915962659
0.431508135269788
0.291558588543976
0.475641272199927
0.332877891263442
0.355577937717547
0.478216230727028
0.435205001232375
0.297945764222363
0.409143150113361
0.33131576979507
0.382868417766395
0.412818579511604
0.482419665712057
0.374645713699831
0.368773621262444
0.520842304873941
0.372910684724116
0.405988339534487
0.448226910541449
0.316989723465607
0.329304417716368
0.38476875307108
0.477771284541714
0.454519888795278
0.455734688389855
0.442840928112873
0.461038820007345
0.537409831748829
0.415702273539965
0.382277997490388
0.519593949041142
0.365566650566774
0.538244121605664
0.516255872378635
0.451361909269867
0.588658823579374
0.357598131020212
0.368304510254584
0.247470499849172
0.454810266473084
0.35614585473731
0.4034225192447
0.474988309557459
0.565761991879916
0.472435707012667
0.402313736084546
0.449279267595253
0.541627133783935
0.488331179139713
0.526517122771656
0.487310173449981
0.472060737870224
0.545622077339993
0.623650718396026
0.434522865667865
0.602229374997319
0.493774469314829
0.519937635043746
0.536486482382891
0.463562222301135
0.500242137233922
0.55959913608349
0.54194994705971
0.581897832692842
0.404004060701505
0.500025706053834
0.519553709815266
0.422838256183429
0.524957780741868
0.438585406304514
0.579949775699678
0.554756149842066
0.652790774480834
0.554018129481654
0.568582088722812
0.431413592199502
0.486871113092578
0.357700318897345
0.505271358274952
0.613012668801826
0.532364327018329
0.685568746381868
0.401046750607336
0.431246253910465
0.535635184346729
0.629841273261597
0.415378567544322
0.53811400070257
0.505002011854934
0.4771871366007
0.543635820654111
0.558218738439773
0.565344323810498
0.606005043074798
0.574434857849551
0.612357661249691
0.583040691711566
0.590134731885157
0.543523799793741
0.606931981204484
0.613792456638512
0.490768037198099
0.748634502360541
0.595415398300551
0.486582804083813
0.556369310627076
0.551383555607147
0.561608980167889
0.644121544712376
0.767767467159086
0.535900336448007
0.562838038907452
0.540706271767605
0.516236194004722
0.546532834093696
0.518816577532389
0.675745731866273
0.574217260654714
0.716667535051056
0.588120626670088
0.575380349636496
0.73104875699401
0.501628873317276
0.599669644927078
0.501719161742116
0.505865600079665
0.563948949641934
0.537516929008169
0.63952248832887
0.747572581183968
0.721715111347393
0.688282309344635
0.664434733370981
0.609500583708402
0.583263052060951
0.723866513957231
0.549023285242462
0.583437968507899
0.693607988448019
0.597188995277315
0.578662895243815
0.62128719560658
0.725577071498077
0.861201911007978
0.641178965792522
0.680485607612511
0.69156747658777
0.729622799535162
0.576563833453215
0.712771007753765
0.580473896913827
0.694050354592745
0.598197168698619
0.654478432236369
0.647306378954738
0.674236155218924
0.874517865295685
0.539189346754291
0.656205177810686
0.689543411188131
0.776443906514203
0.842546740056709
0.628704612282521
0.708888240661652
0.68758066357421
0.843083347388986
0.706942852816486
0.828073673226531
0.766355392690497
0.705244276268324
0.677080150657927
0.831405756481366
0.735857979129843
0.843191663816078
0.711773694553175
0.738061473963671
0.593909621535428
0.662573586654102
0.75291374245292
0.780087321544483
0.712477379403045
0.82178472886567
0.681121677723329
0.737315006691247
0.778938393738469
0.645370988398997
0.75305185601097
0.623380237232858
0.771282792513316
0.778486960733751
0.687877292556606
0.664760758946465
0.703339620393526
0.657329500581523
0.719509694099977
0.668601111314424
0.653009794956182
0.790114439614812
0.741718320736241
0.739459324665983
0.754279616884961
0.666158306638905
0.654577297831824
0.709490683794688
0.886973234015432
0.860465715313312
0.730640769970141
0.761975920550346
1.00344243767376
0.790965032730434
0.73032775367257
0.667732689546312
0.729215857975331
0.848344395405215
0.859209671482721
0.755101566651348
0.874713433149486
0.785883717960737
0.726526226439389
0.744693385954911
0.815338443351073
0.659077286058293
0.860274224285905
0.598591393859716
0.869360995719549
0.769511231129033
0.967042899423873
0.939933272893535
0.924841269210808
0.874846520704603
0.768277499031412
0.865279181287308
0.729345869982776
0.866781255417533
0.775183557221626
0.80658596283424
0.883846919115871
0.820849748342805
0.686152565088226
0.966706068213241
0.845634788380129
0.898651301927626
0.834537915415428
0.889407742571874
0.878282840820966
0.931576827423775
0.934473052569404
0.800783162207802
0.878551819276283
0.921835069111377
0.891094645110644
0.867209827777343
0.96561011843259
0.935150711871055
0.800334155224358
0.912468702110963
0.843933989922005
0.892766868332937
1.05385854135859
0.826058370467046
0.815396350670757
1.00807763808725
0.929711668942078
0.913433190181398
0.959930833045794
0.955288428500544
0.971407344912484
0.840081236920768
1.02644597444187
0.881002578386567
0.891670660782464
1.02898991201757
0.894876652570983
0.96375782443512
0.891647882223247
0.778279696058768
1.01750473661352
0.89837493085594
1.30014049968128
0.884673070975399
1.03489648937461
1.07866147306147
0.99628485822885
0.883150500745405
0.944165330840809
0.855033544828942
0.877635043008121
0.827329701365771
1.04914237075143
1.18037529849053
0.974124073177608
0.960783591288707
1.0376904203642
0.93295332398378
0.89758651359863
0.991453489845421
1.06527986056016
1.02925464853184
1.00786621602768
0.939394897230299
0.941605462504752
1.0557261320307
0.884945106594267
1.00085911325428
0.927344886006607
0.888616800200562
1.008243787547
0.76426892682378
0.873451878875749
1.05149723502222
0.960895213105799
1.11869095697116
0.95757131392921
0.931108957569795
