-1.03037585417582
-0.989685021287429
-0.872253349572945
-0.932604759024174
-1.07513706796096
-0.879564157740921
-0.905226208304656
-1.08464745495024
-1.03438975751376
-0.903086174830961
-0.818354876687111
-1.13636931863754
-0.999421163675588
-1.03043227722872
-0.884735935099775
-0.962850858511307
-1.18029225081091
-0.958684117446222
-0.956391797320788
-0.832144914696616
-1.00516410099261
-0.865676343312441
-0.914077111945419
-1.0148566441301
-1.05220797082787
-1.12295181820939
-0.936464781499379
-1.14450924914302
-0.935425079325973
-0.872969242590093
-0.990146956295574
-1.05537742699502
-1.03528077302213
-0.848549518564647
-0.949828619831264
-0.994709601119349
-1.07707058437556
-0.888180307300706
-0.926530071981576
-0.946182821235078
-0.905420501313856
-0.881761392316073
-0.830574436572195
-0.864692683626937
-0.917374084492413
-0.949919185577375
-0.973105484115755
-0.929473502351522
-1.01794242677087
-1.03383470713254
-1.00325050624266
-0.897336085802873
-0.905113048214143
-0.888649044407361
-0.91520649812197
-0.882366620851924
-0.873237282019475
-1.0117191898729
-0.783758962632872
-0.914330618734722
-1.05824153674878
-1.02078029391055
-0.733353363428832
-0.851968403372034
-0.748755732235921
-0.807803443701356
-0.76587734410034
-0.735207996814437
-0.851735032634935
-0.902620080299155
-0.926209307160314
-0.880606936450864
-0.84389805376226
-0.859921379606842
-0.881313498579012
-1.03322077204645
-0.747423141610921
-0.837705538527949
-0.962607689905284
-0.723846832104192
-0.874209866042969
-0.807556641459528
-0.77710621094938
-0.784821909703097
-0.822555898735355
-0.859607019583476
-0.811169590210792
-0.807034114456712
-0.874172985062054
-0.822254450837837
-0.863376226139751
-0.868729032960931
-0.76794523329265
-0.737860988433541
-0.750429100444457
-0.843692069660674
-0.866536862649909
-0.74213245366057
-0.793916494050706
-0.854645662590991
-0.944455460910991
-0.758509749377508
-0.830499012546242
-0.945692517660946
-0.792951707406835
-0.832617537053975
-0.817473862681926
-0.751268068299507
-0.818691060325516
-0.902217044035004
-0.748341599323493
-0.696206301014541
-0.783545959081324
-0.76560514721333
-0.755780403788953
-0.707264981310328
-0.696258114504039
-0.844186303530664
-0.887560050287673
-0.778560766723864
-0.72977078404714
-0.658024539209513
-0.777439552291345
-0.698254321752023
-0.732719859881834
-0.591304967964795
-0.595458070311777
-0.79336083490274
-0.731278137594621
-0.769865321924026
-0.691489413123674
-0.696606210099374
-0.800288082185837
-0.744261928546632
-0.646556261862838
-0.832431222769429
-0.799426419879735
-0.812079905779716
-0.725560551920173
-0.678450896459835
-0.751058220964833
-0.836340628329246
-0.743823215299489
-0.800881620243873
-0.746433267988243
-0.804722319659347
-0.691905720175031
-0.642000621577665
-0.519952183441612
-0.725047370038734
-0.700805466995869
-0.696100837458135
-0.725933164484976
-0.636751942365212
-0.589689171109674
-0.60785031579887
-0.752957419797008
-0.730558117441924
-0.71150309851876
-0.744715938540284
-0.862186310265889
-0.528146499059975
-0.715453265313975
-0.747105596069036
-0.712794871096614
-0.63725617370927
-0.707164504165683
-0.658101847495425
-0.72001989500231
-0.665116953303582
-0.673058678043504
-0.594241345483284
-0.602050144053534
-0.632373966974143
-0.670669533334876
-0.547460520325382
-0.867055801575088
-0.689251041119006
-0.736314899265193
-0.675286611779019
-0.639153171487876
-0.648374041163494
-0.653487619742836
-0.671837532689429
-0.542785917839734
-0.735937962305469
-0.551971099946629
-0.495783075539153
-0.612245243814231
-0.569970073680287
-0.55470931861527
-0.658363114201165
-0.635307276655063
-0.647595515964778
-0.635628633138669
-0.695301673780709
-0.671871654347479
-0.632768826399944
-0.571708464319127
-0.570917912837353
-0.678397484696637
-0.617919989936446
-0.697705745686017
-0.544154059635237
-0.588608924445589
-0.623030618598299
-0.550071999088693
-0.645229298170502
-0.735252789441647
-0.734716846075447
-0.646994780406439
-0.662208019030242
-0.640765965068712
-0.448371225715992
-0.489914110979366
-0.65300825454342
-0.464957015655936
-0.606995604195262
-0.420846306027568
-0.723613615947651
-0.649328435400268
-0.538661270732663
-0.610692416241984
-0.453254050018007
-0.494165734012574
-0.606755622254843
-0.592789556681534
-0.485361910221398
-0.357165768911412
-0.551225992874392
-0.425562109807534
-0.511133973796459
-0.67798961764342
-0.406622925795974
-0.429670463661963
-0.557599584189989
-0.346461522979049
-0.731525388816424
-0.55750539295899
-0.612659753115407
-0.561140774304604
-0.503783542790945
-0.560807399080566
-0.397892551013025
-0.524806752750635
-0.514046704420634
-0.567723581457562
-0.489143213092263
-0.667763315535871
-0.647121450519414
-0.527219938783456
-0.486622627045344
-0.62421421093567
-0.44206916558183
-0.452778335045287
-0.535351862940612
-0.648315978467669
-0.44930251070412
-0.49833761388364
-0.480216730720316
-0.597140042612356
-0.45168615418617
-0.287545285748113
-0.664268401622787
-0.462610595815431
-0.563087180355602
-0.403238353430724
-0.51702105467086
-0.469017483755325
-0.538585084516015
-0.455876530239742
-0.293544803168518
-0.597087700619403
-0.533884214558959
-0.477225379122007
-0.536828867471976
-0.416640758277368
-0.553860682619263
-0.491247812789945
-0.492375655671973
-0.614524206206982
-0.546276245193022
-0.343170613275133
-0.475381378948714
-0.37718614158611
-0.415985841061842
-0.305259758983937
-0.603717691321756
-0.52450599667954
-0.393916398465479
-0.397637769985918
-0.486003321038997
-0.225715314680215
-0.358333918769947
-0.256479461578544
-0.427685384837135
-0.418129678697621
-0.445736139597321
-0.508564499953346
-0.329963006979747
-0.467566987321928
-0.280480199168828
-0.332538300690462
-0.434505780849741
-0.472589769820887
-0.352219690631365
-0.246714320849761
-0.397914451871073
-0.430550250072114
-0.45450029453238
-0.418369981755346
-0.362034637081014
-0.278528938083766
-0.424601495376936
-0.475566686601122
-0.307615646527236
-0.388337957943574
-0.359816236343509
-0.445227278784417
-0.324497655659755
-0.348340385442438
-0.4369295338447
-0.404252500875724
-0.465721080968498
-0.296757455814483
-0.312034141621817
-0.371889671538183
-0.510524710505378
-0.343071292204382
-0.173853957198316
-0.310198713307371
-0.227992759147195
-0.440356202597721
-0.301279171156313
-0.0327601355445846
-0.332205950314531
-0.330184415559379
-0.391149300495629
-0.296968050676257
-0.360618579621132
-0.300305987711966
-0.305439813687564
-0.145633686834768
-0.322383445492097
-0.174764106617969
-0.342929361670646
-0.38137581280828
-0.269728123420571
-0.296750194567149
-0.269260627064524
-0.289825762396644
-0.289605576851852
-0.274339560360694
-0.359350211746455
-0.187736077138641
-0.22955772680669
-0.318672428854967
-0.358702544174035
-0.369028001248489
-0.308803015596117
-0.301988776433104
-0.33245734128011
-0.445184939021808
-0.149566207885008
-0.262760876125253
-0.255797179009581
-0.207336622132609
-0.284310959262587
-0.20055209579307
-0.293967567622528
-0.186117062133327
-0.214106745006829
-0.28846642044725
-0.245825975816076
-0.218736933908049
-0.203504609161761
-0.268942404146499
-0.360449779771456
-0.187072627828621
-0.228530093853673
-0.338441076554685
-0.342347294611438
-0.11902833871731
-0.21038083799928
-0.126957478767662
-0.244636923441955
-0.195905165902494
-0.17604243107262
-0.256270892330424
-0.336737661289065
-0.275650585876761
-0.264188115611738
-0.23698186478858
-0.144688341781067
-0.182534306850816
-0.155752751428355
-0.292629792808111
-0.291905769078401
-0.183984558494905
-0.29697553605729
-0.075174806496933
-0.203536040211408
-0.2927090626192
-0.197680913278403
-0.149022781943587
-0.209109956939987
-0.212400036152828
-0.257171551265968
-0.278078526977842
-0.164137322892248
-0.399014489318526
-0.0539210891420497
-0.201657026629752
-0.272354021822564
-0.155742851013122
-0.0213859595662273
-0.25867995189105
-0.150580829425639
-0.160133583932877
-0.234237059401468
-0.408380434851037
-0.012447911332523
-0.260187489016932
-0.171748147061667
-0.171339883403119
-0.13531279214281
-0.0719013372725007
-0.292907917339829
-0.167675522690294
-0.132124151077005
-0.115858085067383
-0.272767445336073
-0.124654924572107
0.0362875503768804
-0.24680242709001
-0.205807678285525
-0.28353616200684
-0.135238580267603
-0.170090416394293
-0.151939602484393
-0.0782031918867367
-0.135572750680637
-0.132688215469756
-0.0483961823902026
-0.113306127697919
0.0272785352290856
-0.0400755321728381
-0.0491055578264157
-0.14839517640915
-0.174995954179802
-0.273088270668366
-0.124396860018689
-0.108092447467737
-0.120928314623968
-0.068642936103597
-0.0797553417187585
-0.0669042616085469
-0.0815114201295224
-0.103269165380565
-0.0800946875550942
-0.0704874450285755
0.113564588698489
-0.155010909394991
-0.141021610207075
-0.0517182680470175
-0.0658543828410435
-0.0380654494401238
0.0366968492821803
-0.151568623799781
-0.0570043233038301
0.0173705959370875
-0.235421679479292
0.0595656232546731
-0.0641255890195246
-0.036896874812082
-0.0824070231842273
-0.122429692811722
0.001125629143717
-0.19042728815337
0.128601539805598
0.0595899591348183
-0.150546287395142
-0.0976302251009293
0.059749027987452
-0.124555006291425
0.0278975030676262
0.0105075369036487
-0.162236104538817
-0.0557047943676354
-0.0316896385263912
-0.0259599581710318
0.0758691590491863
-0.0979706894108385
0.0666892990749333
0.0318297707342477
-0.223267443265375
0.0320428439735301
-0.0706958043215854
0.0397221650119181
0.0680233039670334
0.0525204099428118
0.107514617181067
0.0620302183464421
-0.0139187878494412
0.0229951042863927
-0.0461470418337825
-0.0235111129054646
0.0400342727177082
-0.041448441155338
-0.041014524151339
-0.0675476837613068
-0.000954890879354132
0.0805461164156127
0.00881628976609572
0.00634925778889643
-0.0400832784448522
0.195380696901457
0.0497163840047448
-0.0155464804176062
0.0228050404516181
-0.141423768220145
0.0449995468590239
0.00941657586248146
0.0285503156209829
0.015328656989622
0.106787924449544
0.274368383151293
0.0803107792906147
0.0822447685763136
0.0139010842640827
0.229549363012095
0.100264618572826
0.0404105492856624
0.133353952441452
0.085262864880404
0.0858593603973175
0.130454195453629
0.104333650802132
0.0211742617406607
-0.0492287118227856
0.00999600939943629
0.0642490828712973
0.116714318782099
0.133801982619297
0.10948251006342
0.0625900911319302
0.172607352413056
-0.0305136845591969
0.0622664003414856
-0.101180391605212
0.231103884470014
0.094535025123976
-0.00165716150757994
0.166125968421792
0.176732100929915
-0.0856105191535873
-0.0202234650294766
0.0942626947280364
0.0660399771958999
0.173794870344639
0.0945615099775394
0.231682666113665
0.0550026035099587
0.0656473719335385
0.00507116102542066
0.120085290711907
0.0826845890977167
0.157487825949071
0.152255523920661
0.198710096486657
0.107130668844131
0.219066288853052
0.208307815917868
0.257488569862029
0.161209565672415
0.0389659642096155
0.238839172541085
0.268617858295205
0.0890156628583878
0.179583837270306
0.293413082687158
-0.0580034267484494
0.0207691361154485
0.188259626703404
0.113117652199069
0.19438925366774
0.0838722901227585
0.0756608500793528
0.154439893490066
0.230754458614614
0.118554030813841
0.249478710802836
0.0653647852537963
0.18041095544519
0.12358004855176
0.314718003599328
0.286077341867001
0.352657716706422
0.106156639484832
0.134735729996648
0.122750397241854
0.159928890978034
0.117456222961885
0.262680149246608
0.155494498791263
0.371571159576346
0.188891537177467
0.303850276408387
0.253476271133954
0.225605632558383
0.258213301336464
0.432756364958302
0.0297980939935726
0.225369067446087
0.328118336274976
0.376764269798714
0.134396708271032
0.099715727592703
0.319926849470117
0.283422057169648
0.224768154030986
0.151358309992861
0.378031722495214
0.29185069847232
0.15415355514033
0.259322138028025
0.333052873821834
0.20731361928022
0.227644769422127
0.192959384336618
0.431248404561931
0.249896312246779
0.135708100988812
0.348616210855137
0.313259278093932
0.27906878751217
0.292529680554854
0.221536020230008
0.200831085781157
0.297526891835956
0.23655730368219
0.176090211143272
0.172783231107884
0.246907749854825
0.282437000006191
0.460073858839152
0.356255782225015
0.179148915468729
0.331922087616602
0.174871523886824
0.259917454644914
0.34578688458537
0.349213682193207
0.264813666274058
0.148242356872639
0.393220068751233
0.412393870292861
0.31813147766075
0.318440777045653
0.289401302252395
0.260674367085952
0.325182540301498
0.337134821641727
0.3642006269876
0.186717429391305
0.392691450342813
0.268064948829557
0.345547013366952
0.202372376881606
0.26442263250996
0.272162477523208
0.452084414988572
0.407227235163481
0.234740929904653
0.385695855957361
0.287355760957519
0.409297289712273
0.360181565732519
0.508744959599809
0.448224548649187
0.298640361606439
0.272183395976876
0.315268156009867
0.47056848775725
0.447116802482613
0.367152410751888
0.145458329558424
0.481290964202699
0.307522901906541
0.375894909012049
0.30693285656208
0.436985224239573
0.278413393686094
0.408014613621854
0.345535967247347
0.409971258009498
0.409388283314743
0.470104234254593
0.50611477999394
0.321707217152739
0.425712952505886
0.489754343586405
0.438282878863236
0.452179223309442
0.462451041947649
0.542238567708431
0.36230646840305
0.308997144726321
0.344568169299522
0.416707237712534
0.427033448712215
0.43071283830807
0.411221445060235
0.449037823825517
0.321201060712461
0.398501805886822
0.443727836158103
0.398693970652434
0.339530851046714
0.534203529418148
0.441469584840671
0.344967799422415
0.49275004917041
0.539021747609645
0.495869053631686
0.381828092351217
0.460930180755109
0.455594950329043
0.588125054761271
0.563412464882464
0.463429450211451
0.376604568289002
0.47600115787828
0.400745418490288
0.345122960154335
0.454101634248608
0.421962749893322
0.639802798250379
0.235945814306601
0.396925710491018
0.514434666369231
0.394426009871769
0.399186410830236
0.450180426998222
0.443035166815626
0.423314763816849
0.622162050649434
0.538581316393674
0.420589934203113
0.538764144302391
0.485505900083594
0.382478055797726
0.609724586802387
0.4818738744305
0.430597597428681
0.646740460512561
0.594093694031039
0.565592103450521
0.464779054288212
0.549664800420591
0.585481802120856
0.525365234277011
0.462287128225615
0.57594248620583
0.451156904720045
0.389177090207491
0.574023352723184
0.503693114601869
0.435841291937012
0.632583395211452
0.369827544900929
0.57205605655576
0.518025148562339
0.598962681567532
0.541311285005813
0.529246877423759
0.499207470420532
0.366462216259601
0.606128515215003
0.664954127754131
0.624392286401037
0.559214404117749
0.645630976812997
0.518894571303392
0.55959470698236
0.61552849773668
0.509747693889278
0.572152150367753
0.572623425385918
0.743161452225524
0.63794605683438
0.631106019980992
0.59304724938584
0.509482182917141
0.779780987399316
0.559452601656254
0.487307725223544
0.358744490227691
0.582329046441891
0.639960450368431
0.556521750715309
0.58772287033744
0.593445192215033
0.612224558723275
0.690247981706712
0.589866770674512
0.543619036155061
0.686105245516508
0.675003473467155
0.432030114166528
0.734505877846495
0.711662423875151
0.632295937355671
0.450015027696706
0.674643792658537
0.696684928184545
0.45484594244489
0.506289960211305
0.545127247465963
0.766960058301132
0.80114659908242
0.693092344174958
0.653367285331655
0.543947075715728
0.671294884776665
0.584838535674226
0.671351862841887
0.497107678226369
0.683441823002132
0.606347199141784
0.599029331645691
0.826416620874543
0.815701750060901
0.728646046995843
0.720709912999787
0.543801949049381
0.684564608519972
0.715937260860989
0.669698937315906
0.618163698790009
0.514816793165156
0.595369014745936
0.77456512024798
0.706785426048292
0.635611211489447
0.663192316506471
0.668641640848364
0.729579407487505
0.570997694628721
0.735187645113443
0.68659188869996
0.81609683350589
0.660430260049737
0.722725079975761
0.786724105417551
0.826889167898564
0.646376778142172
0.809436556044407
0.650831136538353
0.779504776537192
0.792457915662854
0.67932774386247
0.656401801697964
0.690954651119132
0.775729410518797
0.675088170450982
0.752096526569349
0.625160756146289
0.839355289533123
0.700685943321175
0.680436883250814
0.730061374172746
0.586070118711124
0.783961298100096
0.578308487242816
0.716413424952766
0.894398343321629
0.696906393237184
0.756525704005435
0.656668649348707
0.764794432926778
0.712773730217802
0.703616444563571
0.785335505995319
0.798964543544104
0.800986468642516
0.623170546256401
0.820151152961773
0.7985265871117
0.691465380450857
0.705797932445576
0.797271454770047
0.808184920516768
0.870781565767875
0.719115635473008
0.878548598276225
0.790136274112607
0.868957494086319
0.564528857018897
0.798492418716073
0.89060400307012
0.679254260361098
0.769846541730836
0.726339128643995
0.884496442006656
0.832166921435972
0.753541702538792
0.865880129510729
0.819324451213237
0.767210856195733
0.785132659452504
0.89081114398768
0.819116153770923
0.874323105126108
0.868904572286865
0.839642934891214
0.832623615459744
0.902445690606667
0.777568683875879
0.779806303840376
0.745325889587433
0.719870705172006
0.970984045502685
0.90113664672305
0.853378900015171
0.943875520433653
0.944863299635743
0.750467119107903
0.816974918792588
0.908259154538557
0.899034986714622
0.735498719571308
0.861345961666813
1.00273530233852
0.998615061415481
0.793945952625272
0.869433061704508
0.931001434944336
0.945866915909698
0.900041451985594
0.900088169342677
0.782418146369255
0.978711053638884
0.954509473637
0.920001243742923
0.844630154028406
0.810228114573543
1.01921289946982
0.838654690872212
0.790106605065665
0.999144931188716
0.768267848838656
0.849094421762408
0.917153635615911
1.08518864995644
0.943217195146512
0.934071112718256
1.01053062483121
0.92683088995196
0.9122011263516
0.93827726774805
0.851976396614803
0.996607102144027
1.04938474961164
0.960459730155179
0.880007616987259
0.970952607110767
0.924450625799542
0.907572317723247
0.909407110679608
0.867390815475057
0.905694730925568
0.854368646301639
1.11450878201017
1.02565210541068
0.877766799298741
0.939279801308466
0.96773362186161
0.913069459506966
1.01025045918486
0.909155355818834
0.938701709147699
1.08216033035819
0.963266325530079
0.933410527823698
0.939302780087091
0.869003582763634
1.02451575600396
0.963599172019853
0.986500104023135
0.893989660674384
1.02146850699543
1.02430668112635
0.95004993658784
1.00151702780067
0.921479926574879
1.03718703729088
0.887292169128124
1.05950366000467
0.814919092656504
