-1.02680614576941
-0.763529216942268
-0.982757147664855
-0.835855530458652
-0.960146496137772
-0.924030537839368
-0.850892351069963
-0.908136276304561
-1.00913217268672
-0.928724438097222
-0.841255131930301
-0.889314646283644
-1.05110806601369
-0.973687799442333
-0.936437958339502
-1.00193564114477
-0.858476949068307
-1.0418623897648
-0.884158773661635
-0.910031662498784
-0.912374723115515
-1.06603675220773
-0.87270304422373
-0.793854149194283
-0.93527569383041
-0.98264094901178
-0.890133987010959
-1.00895673704603
-0.756246143495137
-0.923656977805802
-0.861950178716053
-1.03918360473957
-0.997054688501738
-0.828403126227201
-1.08274964379718
-0.891767637912479
-0.978152090863707
-0.842932559075441
-0.93253911199408
-0.96535838163268
-0.817079097636824
-0.924569813693411
-0.948917772038443
-1.06343103185603
-0.944109492650954
-0.999142102543705
-0.850826160733808
-0.933209462844951
-0.897552202830002
-0.902695590782537
-0.945469090714686
-0.814851938833327
-0.915301393036086
-0.703858180279826
-0.960985457064643
-0.757104679936082
-1.10280024794749
-0.918680949668054
-1.03986324976234
-0.856400165440882
-0.908775934112138
-0.806580779931492
-0.828014083007243
-0.87074380343298
-0.819022196262873
-0.982183700882819
-0.818934132680796
-0.867757348943683
-0.80817175175427
-0.731443618906189
-0.880038778963829
-0.807360074125606
-0.786087862004808
-0.87925751342354
-0.919083908209772
-0.884067050375092
-0.883222132280769
-0.830895025783146
-0.841293790884256
-0.983743419425353
-0.719235272646759
-0.820966780667182
-0.915686033064257
-0.902134764188962
-0.938915790491177
-0.785796426801429
-0.799276665056372
-0.974639759156228
-0.95855987556047
-0.775760122459029
-0.897018797184637
-0.831130805598697
-0.955557585584045
-0.728644923683612
-0.831709800051055
-0.984998730327457
-0.831238901829493
-0.787937357155371
-0.840535920549901
-0.755452108036356
-0.831589429897384
-0.811528429177748
-0.678018531368471
-0.76586047256362
-0.895726609972703
-0.851808247581465
-0.8441497184754
-0.81981068435157
-0.693418462749408
-0.804500039805151
-0.740607260762685
-0.802198114076888
-0.823282594247686
-0.766606050084351
-0.841236845715639
-0.717030193508006
-0.679419931791723
-0.753877935368591
-0.83652602076911
-0.763652529938364
-0.882419921530088
-0.691921008086767
-0.743816660283229
-0.767346473378495
-0.826443387226883
-0.71915560511687
-0.723502607871467
-0.726735420793174
-0.696467458690282
-0.578096685780249
-0.799079156434026
-0.909362296861295
-0.64661282659428
-0.80152536999228
-0.616652119790507
-0.700904240835693
-0.699679947033718
-0.511171568363026
-0.660254041831695
-0.635014652637498
-0.722694415931746
-0.660581405646793
-0.543179968338306
-0.669981642404266
-0.738855590052355
-0.685609205617203
-0.709980017371362
-0.562324521604639
-0.716065865285195
-0.674348693029923
-0.699242840614148
-0.902823457592679
-0.759071270995181
-0.635330847595206
-0.645725751876191
-0.669384784224586
-0.657785894543809
-0.649665616006547
-0.780463157160085
-0.664812430731055
-0.629319220502861
-0.580551111759258
-0.701350095473256
-0.662316270094638
-0.608097389233886
-0.600258250728051
-0.64945414337732
-0.446430342493621
-0.591161782330327
-0.582677995570123
-0.582218697204144
-0.563671344516751
-0.669743641019501
-0.539424536127124
-0.775931032219849
-0.603670740427798
-0.704478533002061
-0.530263056117886
-0.563422400273309
-0.707152315170944
-0.554663840911638
-0.546219285543065
-0.67065050351511
-0.51903798545807
-0.52534389721686
-0.809765171378644
-0.687897413591072
-0.53573004074632
-0.633141749096533
-0.515312369433086
-0.635215578077194
-0.603915818570753
-0.644068506319936
-0.767311015319124
-0.679649669295101
-0.71910715511451
-0.540280096236813
-0.763644563560132
-0.668206155669223
-0.642413218487194
-0.750258340575174
-0.679922731882163
-0.534800460194899
-0.517328717894899
-0.699673826872417
-0.605748635874429
-0.591488844347083
-0.602658049446992
-0.54204215670544
-0.651509440863099
-0.625798162816717
-0.500988712489171
-0.458568869830563
-0.486978923448504
-0.533832873976398
-0.54360901778077
-0.613843538631914
-0.452722982663609
-0.554881224285357
-0.518313512704054
-0.624339262231462
-0.511857601369612
-0.575517055138239
-0.496383565972834
-0.684715023433104
-0.506773680122391
-0.519045712257744
-0.544222243832845
-0.514716622606327
-0.650256944826414
-0.598154507718991
-0.588431169516607
-0.52328969084824
-0.712976586305146
-0.535808270400611
-0.497569855945362
-0.576338243256322
-0.410344804366672
-0.554858322384046
-0.639178994839473
-0.488582596435073
-0.561850535078945
-0.476410967895796
-0.572847945463408
-0.497484871198721
-0.437663271997847
-0.437732002377029
-0.629821552757979
-0.394539305014504
-0.576588924250162
-0.493389721849348
-0.563606136905013
-0.380820656311189
-0.541183142709278
-0.344942819875439
-0.357154181965129
-0.432568148077084
-0.520513139392054
-0.528458978538305
-0.396724729218578
-0.468242629697737
-0.448479624056087
-0.487018409981511
-0.424836613091881
-0.458249593605283
-0.605995174401793
-0.35466702036856
-0.476136675053837
-0.380250178172421
-0.516690653642012
-0.470193431398298
-0.324042269642041
-0.45774210195562
-0.48942340334708
-0.575953659514481
-0.474430967798347
-0.416180058808729
-0.479266727951217
-0.307962831287554
-0.383580904139213
-0.517431993333515
-0.466749947460032
-0.379780186472882
-0.319388783251147
-0.262032770213412
-0.287563091163621
-0.390331591476803
-0.361593473277119
-0.347468400670184
-0.326249926735455
-0.296854952816936
-0.460683007683863
-0.404372749503451
-0.425614257938485
-0.332721074829455
-0.456273881025121
-0.523028943236028
-0.352167876209554
-0.195838980351228
-0.415768125110031
-0.346744552265947
-0.36613761100602
-0.378738798227786
-0.470654418842539
-0.37412927542742
-0.455790018296065
-0.450416826730072
-0.528310465232076
-0.366416231428964
-0.424953405840116
-0.33766999154147
-0.445201996525752
-0.421612887213344
-0.415643800778191
-0.389331803281019
-0.375081726923831
-0.513096879941665
-0.318408738371884
-0.369061753408838
-0.387458315814449
-0.339823511677707
-0.495238163343267
-0.389231861517614
-0.241492131900848
-0.339479962201914
-0.38398173529834
-0.296686612808423
-0.357287494190747
-0.473466435163547
-0.339980361038662
-0.324871143961899
-0.296513964739969
-0.254602924679142
-0.41206309448579
-0.393078585012454
-0.309986522220638
-0.374229797652866
-0.307209062038095
-0.2518307738407
-0.318521300485692
-0.348017700487812
-0.438349386532546
-0.219254369077127
-0.188525299133555
-0.250994269379945
-0.29301992274466
-0.349047804560644
-0.233434071572022
-0.253087258242951
-0.452539073951899
-0.19356891187995
-0.279975839609725
-0.423468649174268
-0.309312516626093
-0.315911521918241
-0.229944104478573
-0.267158529733087
-0.265614556705107
-0.2837219621711
-0.389731852388435
-0.251678899238173
-0.186495603241249
-0.329473685519444
-0.289662772731881
-0.36126563171878
-0.239919405871835
-0.348744108512324
-0.383179645370285
-0.296995462200768
-0.0950835273594672
-0.303271176108523
-0.206870810426707
-0.294952127273471
-0.215785146438791
-0.278477225806825
-0.296608719169265
-0.222752270907812
-0.186870795355085
-0.147994053232462
-0.278912931028375
-0.407211733118599
-0.13702561693753
-0.242197131728615
-0.252020762597387
-0.191194286833899
-0.334770476793562
-0.177827844402751
-0.0922686772411582
-0.381380804306999
-0.23289967738854
-0.216491906358569
-0.112804638120549
-0.2344278491703
-0.285390433067833
-0.254713195735912
-0.41949625969417
-0.16124005682803
-0.265002192286781
-0.139857928397583
-0.22903489954739
-0.276868717661748
-0.172220437521149
-0.254644694752412
-0.263402358145485
-0.135843989587121
-0.11005932940533
-0.267351477444083
-0.102832648297819
-0.178396822164013
-0.0834083082745371
-0.144615188229157
-0.134217328029527
-0.298497640969958
-0.192728919968412
-0.265672473045926
-0.243071932105023
-0.0844706429125933
-0.183153071155889
-0.126606324654203
-0.124537505015282
-0.209259390279982
-0.05606525193849
-0.197425495752522
-0.227771644810412
-0.0811710483948408
-0.157441079489696
-0.0279043538872066
0.0545695176811368
-0.0863287589991724
-0.146737699115356
-0.114913206800745
-0.181375642692941
-0.0593277102293758
-0.125255636836285
-0.133925360576438
-0.127390688677432
-0.114348754543146
-0.0651411914858155
-0.151127128379704
-0.285258818419206
-0.197094661934996
-0.127097402116859
-0.0467076556665909
-0.0708145137953557
-0.238795545900665
-0.0509650636241335
-0.0757738920787145
0.0243145272443748
-0.226755229899729
-0.225199742484329
-0.0419482704262088
-0.102241273417242
-0.0891512822958434
-0.131186079698704
-0.0869934715125026
-0.148329657287665
-0.038468101800661
-0.223450046153583
-0.115200319754502
-0.110802309291921
0.0520402748401743
0.00591680494262415
-0.152965936513465
-0.0987352853700436
-0.173267108114838
-0.105513536486806
-0.257929751933549
-0.077351770941079
-0.0129070627920851
0.0510402198881653
-0.0369757548121293
0.0793548171665172
-0.167382839017927
0.0202562174634423
-0.0121163065835348
-0.176917548052273
-0.191584335760637
-0.190377122622576
-0.0307713660060458
-0.128810918170953
-0.0507897790043593
0.00920686294229998
-0.000610860290217332
-0.0753518957527987
-0.149703190119833
-0.0335750387062174
0.0328067347153934
-0.139651587127036
-0.108124600314934
-0.082839881160146
-0.0995749825914861
-0.00791671202463793
-0.0441679084391245
-0.0815747481154036
-0.0670836301683726
0.0259485455084769
-0.047329075681131
-0.00283466263473807
0.144188852536116
0.0576662042691367
0.0903426129248764
0.0633179428843416
0.294844684047463
-0.0619437188980895
-0.020386026217577
0.0482062659223956
0.0267195125102948
0.0504743239165214
-0.02238020421784
-0.0182265775426762
0.120831002552721
-0.044505390306496
0.0562936228811104
0.000721539579631649
0.0583970134365412
0.0139432576805455
-0.0307013443324817
-0.0685005677465661
0.0972263705536365
0.019119453218173
0.000150834649546824
-0.0457662547966474
0.0809443920573244
-0.0111178813573395
0.0624182153801353
0.0448780657321313
0.0111209513000804
-0.0693896163908924
0.0713218920398771
-0.0513458555611172
-0.0597087281682877
0.112070530413506
0.0258732867607002
0.290168735337919
-0.00576436743442765
-0.0205937982424419
0.0953404924614549
-0.0150931534518816
0.016841644688146
0.154502119828422
0.104263344585117
-0.0388895282726997
0.210198937176012
-0.0196881921936712
0.0377957330508545
-0.0107013610728711
-0.0239752129399229
-0.103075107286639
0.0257252173248523
0.0197409040563549
0.145093324459924
0.0202614184165094
0.0164713520719602
0.0199705012443256
0.0989556637238411
-0.04290775539677
0.0931343537779982
0.10678136130524
0.132055155884508
0.125354685274267
0.105803560032831
0.0423549008297512
0.131668939227108
0.140833619848442
0.0477324194010334
0.287997287529423
0.149745660367296
0.115288470233444
0.200507715538741
0.193901735398857
0.255291205773905
0.154166399352276
0.245756010120132
0.272173231234892
0.131623397370408
0.222008380840377
0.127171808714544
0.0929364494482969
0.0806295949614153
0.242098094317706
0.165918759106934
0.0361618309953664
0.168361859321745
0.046706449689567
0.098925671657553
0.203491323321839
0.186394589202369
0.151103080933769
0.0687126256350317
0.06884140567179
0.104022039314065
0.180274291490167
0.212351635902905
0.0569365370008191
0.0922765613552723
0.216401114031616
0.34224634139713
0.202960247168219
0.173036713752166
0.211047838817593
-0.000110631109163387
0.243510019144853
0.19346915045683
0.362059701868293
0.253547062259864
0.340139889827338
0.206863868077467
0.325846280778651
0.215156075402761
0.0815230615988857
0.241056702955179
0.284016851008549
0.132954028180138
0.217473377959072
0.140738824411183
0.264142504282881
0.204197067425971
0.389857683530901
0.384012377387797
0.0719929360334866
0.379978268983163
0.264086329399253
0.148521199070966
0.302526515085321
0.329440405902415
0.126576722914316
0.21447336007772
0.160979852664717
0.190196315999566
0.134691381569669
0.26147076193486
0.364721991761565
0.288746329468523
0.331111346335419
0.274859300967296
0.184572154935425
0.276128042882281
0.173160643301121
0.230461223952002
0.165461406980219
0.432970369674135
0.301081314457364
0.156648875484194
0.29359258110656
0.338105645258935
0.237738064195558
0.256254847198849
0.364212777511294
0.128979305114545
0.185516841645586
0.419789651958484
0.322837596058616
0.480938205503294
0.348887973920433
0.387452854797229
0.359209683803932
0.29358824916467
0.290530607874223
0.274021905143678
0.353215875827946
0.481467236199682
0.279254948079327
0.371695785077543
0.356566130871266
0.356041605695003
0.405075269583964
0.335447505263286
0.191237818615576
0.437686616525974
0.355636666535902
0.142917713335155
0.54055450314183
0.380046131098462
0.344038458575494
0.342065461380782
0.345878651001324
0.468887167535566
0.399362874453859
0.508496212914693
0.349717757747217
0.391073654918438
0.433124328087988
0.41674445193915
0.443983326559256
0.41899541568941
0.477129543420007
0.449937835357644
0.421639527831392
0.372124749363939
0.259995929482759
0.396157748538445
0.314988287056592
0.375652277068827
0.316090870209103
0.444515519157888
0.264138610997013
0.425172340218128
0.448536568975539
0.444785459957714
0.423843874166041
0.408858890070644
0.278008040933672
0.381221464220685
0.314769238770616
0.472564214467645
0.486877769892089
0.459967823002718
0.441099666807734
0.546775951998192
0.458034020866192
0.426378857908714
0.510814439310494
0.535469359369463
0.498432982803579
0.396660649633168
0.502080979128254
0.339843166383913
0.356943630365782
0.437717270397659
0.442004856398132
0.544059902577863
0.412319870501832
0.442316012282303
0.44561195213021
0.405906709832112
0.449447810716004
0.403574374135819
0.413294952525979
0.556458721438655
0.579522399444588
0.494017457920709
0.427376178598115
0.456383709625354
0.524073553125859
0.386011536003054
0.503781131330737
0.34948798084935
0.544286568237486
0.523597464397496
0.482686534476049
0.373655755755782
0.547130487004065
0.3936638327236
0.640344937529377
0.68437187821376
0.709486434021505
0.398559261362351
0.388124841957982
0.578082220293361
0.4477209837063
0.443784721193737
0.541821145886745
0.369916320508341
0.418039329227365
0.530601869549642
0.431642151623764
0.484611700315417
0.353787342719372
0.493100559637662
0.577850075389276
0.498437600348106
0.39193641358089
0.511756710621556
0.563005215574526
0.426475875895539
0.390010280199402
0.385129563869639
0.574515980586734
0.469375766952139
0.565659041805646
0.551668412030373
0.55564570147628
0.406534149412677
0.439612440730632
0.699740275755297
0.576867013458756
0.607329868984255
0.509759261273204
0.455828579753175
0.701496905075483
0.588797347116552
0.600760194394194
0.368445282126341
0.70345909601665
0.500299428200569
0.617796755317883
0.61795198589995
0.563212875341245
0.507078178639338
0.525196575431084
0.427679963374462
0.651107152567369
0.678709732583353
0.643161062694064
0.552030076957356
0.534189537235066
0.397508755809171
0.592131840739209
0.531533555514265
0.650061251149507
0.603430542288718
0.647333918425901
0.683718471134695
0.648992882674833
0.485220801388594
0.742975560523785
0.734157570650268
0.629989812935793
0.457624999643628
0.731477487571098
0.67884166946751
0.548982137614683
0.726254648152281
0.569914243260354
0.428253589587311
0.560536837080627
0.517628633530842
0.570787573289998
0.638709963514875
0.695762659552943
0.536346454372423
0.663790069059783
0.470231131872458
0.669312639068791
0.69577504411578
0.562483056365918
0.674831531365443
0.578154388435841
0.818901953757492
0.730532876655454
0.733688318160735
0.66234463273672
0.689491318044443
0.556298063019392
0.6984139540124
0.633678222223794
0.392817785636827
0.728063192661798
0.609704725757492
0.635229226511231
0.552515298253133
0.616172900115833
0.730485729224104
0.76030464646773
0.534163068343278
0.666581038227801
0.669943914496708
0.746148231589325
0.624385496004012
0.659201340560041
0.569224527110314
0.784386240361215
0.827539329366708
0.862662536388479
0.711779086523819
0.821262816804682
0.64976047847673
0.82125354044558
0.678238676661708
0.696864424037574
0.772307649408892
0.718926323009991
0.646352886400979
0.762357422917729
0.726786319466546
0.715920887846613
0.647466053851632
0.674853325081951
0.776096687734224
0.870016380028472
0.791961771357518
0.972215342163888
0.870503406674017
0.770787178557588
0.792293306359697
0.837291576478159
0.760367550388331
0.87507196381014
0.870480024373202
0.697381220212735
0.648773956097833
0.858963913460947
0.867630261460358
0.696827059949195
0.782110201290499
0.776873230819364
0.813283090149808
0.865987612798272
0.583469658016938
0.556072390262943
0.78544041238356
0.742109473505799
0.804094546820174
0.739369733673459
0.712088910925864
0.799395571448835
0.726566936499628
0.646997474450957
0.835235287778864
0.761747390181901
0.731376711861607
0.834876516583669
0.760614691338416
0.76115973933612
0.813360529925786
0.9034812711521
0.86703295510783
0.833097758150549
0.81488692938754
0.766527456530319
0.95574952234532
0.825376517320447
0.825733650203752
0.850456487589722
0.668185498546972
0.788974576393892
0.889677640324432
0.844516126245182
0.825992538659253
0.764497645705006
0.813090775643541
0.764075088052551
0.776324222185535
0.851920979788082
0.691229437561993
0.804290160874175
0.781763829298609
0.741366966660425
0.91881349779099
0.761789732910669
0.822074897598946
0.972724257380446
0.932905228205212
0.922771320176351
0.814066750897189
0.917663786904101
0.884595588466393
0.861529413911009
0.814247151925679
0.831306701616248
1.03632629103735
0.916655253107397
0.811322736771872
0.853767719330657
0.941942774181184
0.973228760479288
0.937635048082027
0.919608667001128
0.792918370433628
0.921086024814401
0.969971139641711
0.859350868719583
0.904370206571671
0.914758311059291
0.933873834622653
0.833460990848963
0.967127398891696
0.890647502318952
0.8204493425622
1.02860045908664
0.933575535246337
0.875782371867754
0.952877104276299
0.842521688640255
0.924504434560389
0.849184933294332
0.943039574629608
0.988564733737862
0.976395240703813
0.988691922495418
1.02163345324308
0.917729474568716
0.940856227186655
0.790783314538996
0.957088702375034
1.00034674985747
0.951906077776629
1.00307775844666
0.965475449052914
0.919493122663709
0.970711658756453
0.958649029328985
0.932522472315877
0.950618499786212
0.978109666856993
0.968120016730926
0.912837708962112
0.963940575543822
0.987293035776271
1.10625944069995
1.09305829563328
0.862230185641455
1.0864236857754
1.07817059053795
0.994571960404879
1.11508297702844
0.985248840635877
0.984891339897316
0.988887425213824
0.752283555944039
