-1.04157238115827
-0.955797344016814
-0.88511494850912
-0.950569799980882
-1.08430458692758
-0.877229038432945
-0.905976257074066
-1.0821612237561
-1.04287290937787
-0.875434165823237
-0.818622448924272
-1.12177932350942
-1.00987828572248
-1.03502589326807
-0.885479228091393
-0.957045847348695
-1.17678788543522
-0.968244552837358
-0.942930604916815
-0.831420952150006
-1.01611042059805
-0.864649027022276
-0.943031589920154
-1.0221613401032
-1.0375331234869
-1.1101976143563
-0.917538887619825
-1.1305836643377
-0.945144899363552
-0.85470783237987
-0.995372494789481
-1.05836950247125
-1.04224016114429
-0.854575578297565
-0.953859037990595
-0.98539205549802
-1.07846750673192
-0.910506385316535
-0.919721540931427
-0.950443163326124
-0.897498230120633
-0.876737431763064
-0.835651749677898
-0.851489475296209
-0.932050334088386
-0.96416712687346
-1.00473029703639
-0.897367571495932
-1.01782587718706
-1.03985394713312
-1.00600708235591
-0.882713887972284
-0.895307367364389
-0.866666915629943
-0.92036230558033
-0.883684271979474
-0.858524909694587
-0.989293946369444
-0.767163208351675
-0.921859777240954
-1.08734437319986
-1.00748745439541
-0.73512208204126
-0.847370214221124
-0.771811072244545
-0.811011529971508
-0.772323229281431
-0.753188694571549
-0.858364855044699
-0.91575075577776
-0.943284706669948
-0.89481780847461
-0.860551574177608
-0.861603794232525
-0.869577242018546
-1.02135469746333
-0.753596876129976
-0.841375681506424
-0.98243158916298
-0.707314030950026
-0.866564449908669
-0.800955849126312
-0.781138264646446
-0.79001337487803
-0.846495826718889
-0.838063487327695
-0.827125084708379
-0.809722995955681
-0.845462960675679
-0.827142168597177
-0.894468093383128
-0.87001487391438
-0.748049747661754
-0.727435542293192
-0.770970415367237
-0.836075327917792
-0.85656609217413
-0.74760224592968
-0.795200916523958
-0.869408982102259
-0.919236179964846
-0.759293919703514
-0.823678690993725
-0.97941007147685
-0.797626392996358
-0.838079879648793
-0.811865433132254
-0.756951476146962
-0.813321588072396
-0.907085312454244
-0.721669179996771
-0.706986643690053
-0.790715928878479
-0.770195620951727
-0.739103337110324
-0.695089084416873
-0.71261004395053
-0.83797969402942
-0.861465675675503
-0.78709203742314
-0.7374934894989
-0.662646228376298
-0.781581108968497
-0.687514836423324
-0.743490604111962
-0.576360576605686
-0.607399374197719
-0.759949103061485
-0.714599780776474
-0.784043618455173
-0.715751028253828
-0.70361781435419
-0.812843079604908
-0.754225680850043
-0.631795448631835
-0.830813595564442
-0.79331715570442
-0.838805662521657
-0.723580820345108
-0.684160607546426
-0.740098943159045
-0.859040722655461
-0.74966085023086
-0.802319444035881
-0.751201488569915
-0.797657735348251
-0.709955497182473
-0.668626525504527
-0.520345300907925
-0.711639036785051
-0.701049470620577
-0.693131487974081
-0.723357307900306
-0.631883221349254
-0.612083129395789
-0.620618979797058
-0.738806292982746
-0.741978958089076
-0.675228265344071
-0.750245377374569
-0.881444949752652
-0.52253194549174
-0.727302026325498
-0.733767498652958
-0.714466407650174
-0.66030626386019
-0.702931731648032
-0.654952041927832
-0.725224028144063
-0.671740601364051
-0.682283850941734
-0.595757234167314
-0.605552816745259
-0.632618475883284
-0.684054403647461
-0.546520062598189
-0.862004241640918
-0.694048236912774
-0.721474230860197
-0.641936766824503
-0.65795770170674
-0.652450737844406
-0.653481307974607
-0.686135064211578
-0.516989853316145
-0.713953349669198
-0.570769880687783
-0.456507565064455
-0.596128385603062
-0.552938488635143
-0.572679654150772
-0.651965814079719
-0.616427408216955
-0.654794804487144
-0.642309883923595
-0.693025009403823
-0.671093245533458
-0.62813003980385
-0.557923879279125
-0.579715787615857
-0.651267254919991
-0.624858022264205
-0.708640760896779
-0.55122396112809
-0.594363620976241
-0.597442595424216
-0.531700396562415
-0.646105894435687
-0.725235248948062
-0.738212003638184
-0.640245038449125
-0.658181438432509
-0.647999787806598
-0.451046933556553
-0.469801459636214
-0.659725891682281
-0.453525684729564
-0.61130671622652
-0.430959295661762
-0.727374084756776
-0.649896354421424
-0.569012354472433
-0.589925993245262
-0.469993697801761
-0.508215579609778
-0.600698729416329
-0.589915674826655
-0.486719505551294
-0.352859015743342
-0.553506179010188
-0.403842951481075
-0.490039095188039
-0.676500540271116
-0.423354005646043
-0.441421337524634
-0.559415606941681
-0.350278876197913
-0.737941320842385
-0.551581978286558
-0.637215954546171
-0.575425861229633
-0.508132991329742
-0.565780745318628
-0.383879906310254
-0.519576998154675
-0.517140306585705
-0.554837374713026
-0.468626298627238
-0.665481659909333
-0.636753908715266
-0.520765469226989
-0.482848698918713
-0.621057277439226
-0.446060862741396
-0.467333658539577
-0.537501345322881
-0.6362359302538
-0.435138285624251
-0.476575289429576
-0.478929702563689
-0.568737513552382
-0.462979222574733
-0.274059356446739
-0.662201857061422
-0.458885227182294
-0.584961625002842
-0.393529637006937
-0.495525311414939
-0.470845633462783
-0.536781889997267
-0.449194443273483
-0.291752957746341
-0.606732397510241
-0.528726284598048
-0.465841428565794
-0.554224874286902
-0.408000313509093
-0.536958694657358
-0.492181997533224
-0.470672946422604
-0.605407497405841
-0.54373817835179
-0.358387576563848
-0.465489070188262
-0.362688167922039
-0.415913197662817
-0.304342108243182
-0.616901729173775
-0.504047012941769
-0.391723965738188
-0.408313874725967
-0.495441798635258
-0.243512304421436
-0.358235326486468
-0.263296273801016
-0.448946439594877
-0.410042034916735
-0.473775706923392
-0.520041140187874
-0.345081587440728
-0.467293579050331
-0.244863833524331
-0.330829498625889
-0.434608804424509
-0.470077048236632
-0.370768774608611
-0.238713389970307
-0.388435057699975
-0.430469774161943
-0.473008651876089
-0.420539052280259
-0.359373674342671
-0.309156949930469
-0.412926076359673
-0.466942608952395
-0.299672818705784
-0.377472288572422
-0.33741841220526
-0.4631122068784
-0.302055123425536
-0.368361711044909
-0.441946529159248
-0.420454965220854
-0.467604937661547
-0.297884442781673
-0.317653831220572
-0.370008823139227
-0.508355412596345
-0.349370393167224
-0.17715301394763
-0.310145686526334
-0.231627416141929
-0.436917970715352
-0.276646997067109
-0.0358424354115867
-0.349705248582181
-0.349573638111513
-0.387997480399318
-0.305974351102202
-0.340528169514371
-0.315395679420882
-0.278336009972653
-0.115962060298189
-0.349271650409074
-0.158333993673462
-0.336540965479567
-0.381649017408455
-0.266372778242995
-0.295224313567535
-0.249228135512188
-0.288367401947473
-0.280468693248573
-0.28019994277035
-0.360159451661309
-0.177111902623662
-0.24303770971329
-0.340304806187466
-0.362386780141049
-0.364659985938745
-0.305960528056653
-0.321009240708332
-0.341908701915817
-0.42136162236483
-0.157827647843294
-0.270676345056313
-0.258824925398552
-0.22239393944811
-0.295609298414643
-0.207041623493649
-0.284777261673369
-0.17333943821925
-0.241520423787694
-0.287486364582306
-0.240592445820701
-0.215092755843938
-0.211945798863581
-0.270499110972688
-0.326208000886677
-0.179667353478557
-0.233769415583144
-0.321264854690615
-0.332944486254172
-0.106210105559577
-0.204001187054465
-0.130426514033816
-0.237737393229522
-0.196077753453009
-0.193335167723031
-0.26204008435644
-0.345427535849549
-0.261892758552937
-0.2617378873165
-0.234006580616801
-0.139543785661897
-0.164951307606319
-0.142244475159601
-0.29231632493175
-0.310633002879045
-0.165498397815951
-0.284326837810051
-0.0863571798219999
-0.198418633769772
-0.27915730631601
-0.210105791775299
-0.151882965715528
-0.203396282526883
-0.208859060224731
-0.2389418693513
-0.267036344695252
-0.161840202100602
-0.401659544777817
-0.0758933189641589
-0.206690293903401
-0.270795832170864
-0.1714734036948
-0.0338528631209954
-0.263945381729751
-0.175478602062598
-0.150014118428569
-0.229995851664678
-0.426946068747835
0.00220046572412916
-0.282589746506771
-0.185882891157775
-0.162359500668838
-0.134276963541419
-0.0734222337730248
-0.310836687840263
-0.188984782567257
-0.136944920192379
-0.11032170702658
-0.280361616966608
-0.132124830313418
0.0346407395662773
-0.238659723972808
-0.195798049038592
-0.282884275277458
-0.119653372774533
-0.161642917570374
-0.153355500004507
-0.096232972974398
-0.121137768097116
-0.137216427733844
-0.0370110100519872
-0.139728312669621
0.0197660472040238
-0.061119176766152
-0.0341739485870438
-0.163049554805346
-0.143948841466836
-0.262848913364615
-0.134241768386489
-0.0946815664132902
-0.112867038406107
-0.0551142455038342
-0.0860357806723255
-0.0804108759082594
-0.0689026095331516
-0.0868883132684591
-0.0840046645939264
-0.0827737358286484
0.144961002105409
-0.158175745129467
-0.141777130381239
-0.0719972749349515
-0.0968379101185744
-0.0567226482933459
0.0362275775397015
-0.121860918863592
-0.0573312549207693
0.0193150766134053
-0.230533302399307
0.0455373421835563
-0.0644581481757633
-0.0399881031365468
-0.0738792571623405
-0.127190020343108
-0.0040369664793959
-0.191084234673166
0.115872600651701
0.0582338485070359
-0.160284507133334
-0.0815194970057408
0.0622093745862073
-0.101420313667155
0.0278127968448319
0.00621641163556651
-0.154643104139054
-0.0635725094737841
-0.0402971020045729
-0.0392500573778995
0.0676771745576909
-0.0935721810758642
0.0745081716169691
0.037865821839575
-0.221711727553853
0.0165712205819396
-0.0799452931463688
0.0348153816153813
0.0543086828081392
0.0538825889021302
0.128078798692501
0.0262883625156604
-0.0259917968866296
0.0389722453986611
-0.0453232672712137
-0.030927626281295
0.0450554828233828
-0.0451159193588011
-0.0305942277634405
-0.0500108084199866
0.0281510946268916
0.0728593370137188
0.00549793188556982
0.016140734147277
-0.0233290893310424
0.213333513064036
0.0512091640372803
-0.0167082856569629
0.0268496566570919
-0.135943722937665
0.0497886651369369
0.0212624525919074
0.0527867973680427
-0.01511279221888
0.100077074055361
0.270125867595037
0.0847829403921481
0.0810236687112266
0.0152492403990197
0.204460670392888
0.113390528940982
0.0793620618662728
0.137319610996726
0.101589110246493
0.0826568888156358
0.121626419140838
0.103261937090413
0.0106528047922791
-0.0553343669829002
0.0219906576104702
0.0694055584116659
0.101152843389468
0.130969858988632
0.112211680756744
0.0754688850788191
0.181784238993914
-0.0251618183299765
0.0637727913221584
-0.0914193397934902
0.231679114609359
0.118705650706956
2.93612243244675e-05
0.166248125539388
0.180753247012007
-0.0655213507961972
-0.0386756749744042
0.0908475265815123
0.0532572073411219
0.191056046039712
0.0970913868994778
0.195932864198228
0.0686609494415004
0.0485116463389259
-0.0143609206333174
0.126908481695309
0.0881467247946181
0.148354052729453
0.159723603804038
0.202730875488686
0.10044601233076
0.202706197437445
0.239133439195875
0.271521997936221
0.140706843150731
0.0407321034657464
0.272835840954997
0.263432168835343
0.102715444425564
0.168659259443061
0.302608302566327
-0.0506466763903463
0.0267651404549857
0.193046004291746
0.111943777026274
0.195140463277116
0.0791302104390428
0.0609170887688127
0.138376387563393
0.212668011863154
0.125945705471267
0.239173583412104
0.0830623245595747
0.183759738294785
0.10596727697236
0.327141767969924
0.272997661369158
0.349522762451664
0.101352683847044
0.144970655047389
0.126169021947653
0.167115800008269
0.117702626646811
0.267245483893394
0.150554428090072
0.371559651972402
0.189774465180018
0.274161719630333
0.23710260438344
0.223975942451983
0.251608595335377
0.435398014104784
0.0271545064789177
0.21541481323216
0.323203331638746
0.377185692575065
0.137187013727244
0.090435860052337
0.31996664849137
0.290276734756699
0.205547165660299
0.178987938229807
0.390867033701783
0.297738375644496
0.153164964922261
0.271009871902892
0.322080200702054
0.204853234167845
0.21076125276281
0.193159291788798
0.424523508022945
0.238022715210923
0.153041234864985
0.350087891333078
0.308498697393078
0.270756528026149
0.277054677940362
0.195720570389322
0.189863447417735
0.313838124657549
0.226336367288593
0.174337508300714
0.175341492854193
0.239056019693642
0.2968805129425
0.453186867525369
0.360493634066495
0.175684509886872
0.344583442358572
0.163775400696196
0.258402009404413
0.349820545546131
0.330114614765668
0.28290226937166
0.140004561650861
0.383446464713357
0.393081022303693
0.306082631847836
0.331937114039295
0.269969725320471
0.284661271561295
0.300857886701009
0.338456686825171
0.363212313454339
0.174379625446761
0.399721793445277
0.274394284792031
0.351316261891515
0.195384219660645
0.283488892378506
0.275689107767275
0.44393284078638
0.408377504867442
0.247601688805709
0.382989244473207
0.306600921294267
0.401156219929011
0.364668724133682
0.505586387958505
0.421646410178308
0.299804394776017
0.26264313486808
0.327645120040426
0.479401325344052
0.461475064583765
0.387226926392812
0.122867735559921
0.452771738105468
0.306361742762825
0.385329331758905
0.311388349832529
0.421408653600721
0.301512734267695
0.41752462899891
0.35814502129921
0.381234387949869
0.411694133920452
0.481821912661939
0.528785659345346
0.329065957148042
0.432001720405476
0.496186947803366
0.437830372238988
0.440737746655909
0.447620842625129
0.525577077930962
0.353188549053159
0.313980176080463
0.328855176744424
0.426945934170345
0.441430246913571
0.427587827437715
0.414402334924952
0.456839225837009
0.323367670719953
0.400207414328068
0.427659445706161
0.425259861914105
0.343592181602358
0.531501360741295
0.44538843485403
0.357186271435606
0.487244545769809
0.537669819716923
0.489265762165609
0.369689888721102
0.471270766317982
0.452276148323678
0.586061336728258
0.581033883239478
0.464520205783246
0.388102618325198
0.46394849079997
0.40481168315857
0.34690488459782
0.440273836999806
0.438918885010762
0.646804319987665
0.249032922168952
0.415759286893405
0.534934249378816
0.396833449310095
0.402010716301651
0.429747407119344
0.447711594452918
0.420973371535299
0.623184581868491
0.547120314488389
0.421819399655444
0.546397676578681
0.489032795896028
0.408679455485438
0.597737733262565
0.475415130546037
0.437625836113583
0.659392532319624
0.589799422435431
0.547518441785864
0.472925345986688
0.557454882740767
0.587804632115908
0.555293455459875
0.481286965596194
0.580192655545601
0.45909799538564
0.387105201561056
0.571944456142833
0.495910368793572
0.439198459008602
0.64873986237895
0.381782034065169
0.553320939969028
0.510100317837452
0.599862002294058
0.549458760607258
0.538142356154511
0.506562625108671
0.378821223296536
0.617686760707028
0.675611408807887
0.613123412931433
0.566921172850191
0.641978077524959
0.514816824039264
0.585126474781746
0.591601067369231
0.502731983875269
0.549638703917972
0.590595785514434
0.724776079609619
0.646921652867353
0.64965520378909
0.624141577646036
0.520146058945206
0.746686934223373
0.549160083372099
0.491720220683063
0.369090482482317
0.595015752305313
0.624053353332084
0.550609401847402
0.586786766910277
0.5972923643464
0.601210366037014
0.706934014103445
0.600502846568901
0.554124683046885
0.696536362485874
0.652257886243605
0.424612051761913
0.726810847018945
0.716376081188517
0.638459155618652
0.491839368379464
0.670411069937891
0.69594150837518
0.452441939971555
0.512891958498538
0.540015462674377
0.770125079914078
0.805851393736242
0.693697560194218
0.647769176795379
0.529259215328067
0.669536756745234
0.57741995720965
0.671650080796264
0.532297742523709
0.687841918390681
0.61191030979014
0.608614763573171
0.845211101909176
0.821033575759791
0.744482444193217
0.706237046558653
0.547649498752342
0.704081662907521
0.747603010971288
0.706380230248684
0.623273791216404
0.503953988747092
0.59795185197072
0.783947189023
0.690986889635618
0.638945028371923
0.649192074959174
0.667122454112188
0.738842438770435
0.59501610138389
0.741571809057546
0.683777296015328
0.786042456866472
0.651097243113327
0.752802395116637
0.779521660313727
0.827992294561145
0.635070549102097
0.810390216713196
0.640329686575702
0.776511014329614
0.788023653372019
0.691980045554749
0.660064383883665
0.715034136386995
0.775195837868457
0.701079465387426
0.754562655940886
0.632496300038818
0.857175610567686
0.686898450824517
0.682793741397311
0.739559754620032
0.596240924973814
0.783513492539004
0.562494158297353
0.704807358619086
0.889761173816949
0.723685315197492
0.760945302437052
0.66486225203532
0.771467284429483
0.726794793100205
0.709532149401896
0.79471192567324
0.806319835591138
0.796128689040944
0.611764861194641
0.829154348939101
0.801786289762549
0.686635866285018
0.703845502497015
0.785725544370675
0.83593528634456
0.849339963199639
0.701860006160729
0.896448968471422
0.810639154736193
0.890194494072445
0.55734872030942
0.75819499216065
0.875869549249396
0.692631118649343
0.773810273202412
0.724463127319801
0.876179382926073
0.826397098882894
0.776257426360961
0.870206766835845
0.809074445848898
0.774509783858065
0.764111009925183
0.879064590225842
0.825586457468954
0.873442186339533
0.85104283775851
0.820959025821178
0.794032594297424
0.903776241461646
0.752727713969314
0.781154075403529
0.773336594098738
0.721211265781966
0.988449891745779
0.90141969481914
0.845657341064316
0.92560136279613
0.950705917201355
0.757400061611402
0.840741736468764
0.912523057217369
0.92815471623108
0.744770715681728
0.862682879837132
0.995289073780123
0.983387618147646
0.806830426281684
0.878236534963066
0.923739752825518
0.933779284667086
0.897322014918551
0.905471422648396
0.789464367282956
0.950761968499701
0.962637254009531
0.914868493236337
0.839421630577895
0.776274536877944
1.03372037802708
0.825901611241395
0.789735007760388
0.992382654208348
0.775498676513525
0.834060579203344
0.895039372387803
1.08043663565281
0.953958881787954
0.948599382303596
1.00581774834282
0.914323823668261
0.924960092039451
0.924704493773118
0.872359383492571
0.981104414318574
1.04668928035499
0.937989893783716
0.88150489579085
0.988405987716929
0.951215585013645
0.903544252161977
0.923800369959944
0.861408171733239
0.898020001713054
0.884990862929492
1.12400748466012
0.989116771684713
0.855517168405161
0.933503408091933
0.974093183364155
0.901633327292589
1.01211700087292
0.910457099068024
0.918271537587336
1.06045021158501
0.963335915478955
0.936149063035006
0.962878487740494
0.870187375421122
1.02690615939087
0.988865963439176
0.978687240960306
0.892793300280201
1.00379599985216
1.02758229129298
0.944415530775082
1.00172008417752
0.919232685869694
1.04981024141739
0.881253039199413
1.06898456348693
0.818616535089447
