-1.03906872196987
-0.975161905869839
-0.894482773166541
-0.937614876525488
-1.07733422207841
-0.880835709136402
-0.898823191250426
-1.0756639167085
-1.03800221522907
-0.889612585560906
-0.836918863649462
-1.11340166181125
-1.00709942632051
-1.05501026985624
-0.860988405270428
-0.966556956667339
-1.17407648535087
-0.965826555792545
-0.958370629189195
-0.842474606880212
-0.986704330913142
-0.877812119277276
-0.931697677864011
-1.00696172455939
-1.03239284738476
-1.12381230904119
-0.925624492453617
-1.13150568559216
-0.948712565330501
-0.851314782115649
-0.977364714199993
-1.07402154874814
-1.04528602569568
-0.862219567881107
-0.948412442036614
-0.998124336042879
-1.08480797449548
-0.892881523523488
-0.927980843458572
-0.957544768637815
-0.919035505136168
-0.894937859871385
-0.824986256482404
-0.869476797346099
-0.940416129901862
-0.934842877158752
-0.977565046139247
-0.906634629956625
-1.02760908693579
-1.03828779381181
-1.0185604178602
-0.8527942125302
-0.90207625965685
-0.881518717554775
-0.922850952885708
-0.888310212161498
-0.884360755499118
-0.996800630454485
-0.769577501036643
-0.928341634392488
-1.078179969309
-1.00949707268729
-0.70429521200869
-0.851425738744964
-0.773616548677324
-0.810057872978113
-0.777036284434342
-0.740359423024165
-0.846137864233745
-0.92712352740521
-0.931650762386313
-0.882296395989024
-0.854482393309284
-0.852994586671597
-0.884750742536671
-1.03815734661058
-0.753669863019919
-0.851302607810875
-0.977158717039403
-0.725676249964685
-0.865787962031722
-0.811956627382845
-0.772598163501958
-0.782698874057965
-0.822119834902246
-0.851368716101745
-0.819622185297217
-0.819800736150967
-0.855854658714977
-0.802220531943884
-0.875349156424364
-0.865871520806185
-0.750177701584227
-0.740578925423666
-0.77334179601083
-0.82707222156909
-0.841166917625467
-0.766269717212524
-0.785805798884905
-0.853025274429582
-0.92574121694637
-0.754904842009909
-0.825247028427567
-0.949729290740932
-0.795980574599968
-0.847317542375777
-0.810613248196343
-0.746767945722304
-0.793882555494243
-0.89182719450133
-0.736722623684755
-0.696296494141078
-0.781287706116343
-0.763954318337152
-0.754036290877686
-0.685566373001491
-0.697288253046402
-0.849715960950863
-0.863086345004661
-0.792433165198224
-0.722252511429349
-0.652074341521762
-0.812461647034041
-0.691895206800778
-0.731848886501366
-0.592738978374498
-0.604267895821696
-0.796405270081647
-0.71567595621239
-0.746526962311278
-0.693174552595885
-0.701012017350324
-0.802247843502442
-0.740729903641587
-0.63982663873765
-0.806527910995183
-0.787354529256473
-0.827071460660293
-0.739559631143016
-0.678842421619922
-0.734568175925275
-0.864614862144535
-0.762441717905068
-0.809793405427174
-0.736970426706529
-0.803670418743766
-0.693327154513143
-0.68048123708756
-0.524099758024415
-0.702219794928956
-0.705814840367286
-0.687046435919944
-0.705285669734247
-0.640170745326954
-0.609777370493111
-0.621643446723482
-0.748743750215874
-0.725502586615306
-0.700721316845589
-0.735240834389097
-0.856393852005713
-0.529196407799984
-0.730867146407059
-0.747566802515133
-0.731204876726644
-0.614312583265334
-0.700908504120665
-0.657791163542248
-0.720251638425525
-0.66581867522067
-0.674018572436908
-0.582702739436554
-0.59056026752504
-0.62764536972937
-0.697629061574051
-0.551520434271595
-0.860415236210505
-0.681144635017037
-0.745146311200353
-0.668303429389837
-0.648287905822662
-0.632931713808177
-0.652384648003529
-0.696364079002566
-0.529853708393508
-0.709793361270192
-0.57541385875799
-0.475369758897853
-0.593895558927849
-0.558710420592561
-0.561626557615891
-0.663847457270534
-0.632203295135002
-0.652193862820756
-0.645614891116222
-0.676990158422267
-0.684388782620891
-0.647206775308506
-0.555099801829852
-0.58746936205035
-0.673655043082476
-0.600746513259102
-0.697983267137191
-0.546457709543887
-0.60139572931347
-0.606466967847917
-0.527569140233251
-0.633139443018315
-0.746186079451277
-0.729806840180193
-0.625976350549992
-0.684444880041809
-0.636897148756461
-0.469340957244339
-0.446056464186648
-0.642361842416533
-0.450286309461702
-0.613086074226085
-0.420376406898459
-0.702381721315216
-0.639415649115032
-0.543746636083293
-0.57992572859232
-0.466222982106465
-0.496840980313096
-0.631254657268643
-0.56797496490058
-0.486486132511597
-0.342141562205803
-0.567413908518488
-0.425898080759572
-0.525708914174051
-0.669527544588266
-0.423037955182379
-0.434912628266738
-0.550312256985596
-0.348146005042185
-0.753711926216907
-0.574170046910828
-0.65791297445154
-0.551789173804724
-0.511363030181774
-0.575727426033825
-0.398051013866892
-0.540667391935766
-0.530637051168843
-0.573556768303382
-0.479207497279896
-0.657073503441739
-0.634993947721297
-0.519487016297665
-0.489870134338607
-0.623114941525807
-0.426014778577412
-0.47132496773033
-0.529902432344304
-0.628108755275418
-0.44375094700639
-0.491371699898811
-0.486949222346537
-0.570970686744317
-0.443275454963628
-0.295920152217556
-0.661657290021659
-0.46368644348038
-0.572840690888759
-0.384727058683966
-0.503101109538311
-0.479449693010022
-0.533507474445016
-0.428662730768676
-0.300988143620704
-0.613644218314202
-0.530636709606427
-0.452056156139081
-0.54966877972037
-0.417887598825118
-0.562077944366851
-0.476324697213921
-0.479186712842994
-0.615589475749196
-0.54344464431578
-0.351195671526883
-0.478030078144312
-0.379147791804977
-0.413517218457941
-0.307582179095581
-0.583497386449552
-0.532315776065327
-0.383378274072952
-0.409896188720684
-0.499206302043021
-0.220451184190709
-0.355627254687287
-0.246946845368664
-0.440379225911179
-0.424562242373409
-0.473605873934908
-0.532642200384045
-0.33088563024656
-0.469619997443735
-0.253927245144469
-0.337732125379436
-0.430530516475658
-0.479725080679737
-0.359506261329924
-0.243361945160558
-0.385909601324361
-0.466680067133743
-0.456476653438624
-0.421879300678141
-0.358766749721115
-0.308571604905467
-0.405202698959387
-0.471211862441602
-0.315748934805757
-0.397176743379793
-0.360119869507072
-0.438633909859038
-0.320285394121012
-0.37762555443497
-0.438568380109698
-0.39793553462155
-0.459809491427013
-0.313659781134816
-0.309215765413811
-0.393413287376288
-0.496774938961198
-0.354439826948656
-0.16145107464253
-0.298234483507883
-0.216006064854451
-0.442060291523799
-0.285666328214738
-0.02770504340897
-0.344485130406776
-0.343872243201924
-0.396552867991452
-0.309612924554827
-0.358024647381928
-0.309539693369841
-0.311244398467052
-0.121661884312582
-0.329709419696155
-0.169498041987067
-0.35043434814386
-0.372242161929041
-0.257210204153685
-0.298940741024699
-0.252260017053177
-0.305238392761432
-0.289706527966227
-0.278464981104459
-0.355700465294969
-0.180775222305904
-0.246538393838015
-0.332214048463633
-0.36186572359975
-0.352309170276852
-0.293608608554049
-0.314423144497899
-0.342279417844576
-0.436688226118183
-0.1664695559734
-0.26420938130446
-0.249368236835269
-0.240430312002458
-0.290699180432521
-0.211929014853148
-0.29093777632553
-0.163265528434079
-0.23076775812695
-0.261613658294665
-0.252397969461027
-0.218689683603487
-0.178362179119397
-0.275814097071234
-0.331517539650974
-0.186879698715309
-0.236085511303857
-0.314905441423355
-0.317007646640152
-0.0981158910694238
-0.233191548362836
-0.137743637261152
-0.232610502871909
-0.208069954763618
-0.184415645498761
-0.284698409726299
-0.346552661614371
-0.266758849608727
-0.255922001019692
-0.227981804255051
-0.137827323482341
-0.189767671555989
-0.159728275992265
-0.298826778028838
-0.303905612642243
-0.177689776540091
-0.292840006199324
-0.0795863106298001
-0.215536380052164
-0.280397868528335
-0.184603924925828
-0.131307238005861
-0.215366029328924
-0.215939968453625
-0.26512005087646
-0.274892941590908
-0.183778728054477
-0.384387208740368
-0.0811831675420966
-0.187537357478101
-0.265493014442679
-0.155947311981484
-0.030868480314416
-0.251371199642331
-0.156041337393535
-0.14999719870953
-0.224959940087541
-0.429904689803771
0.0199203208337526
-0.257371920782353
-0.176611359521231
-0.15418724748059
-0.157769264424516
-0.0789596015750295
-0.305511260361714
-0.181924390876767
-0.141872403829269
-0.103343819817811
-0.258536388322269
-0.146768423688829
0.0151235088943887
-0.265356548166246
-0.200447674531779
-0.291464825256747
-0.114640281355127
-0.18077474410183
-0.154253629598361
-0.0765286956944034
-0.122262428734409
-0.131654095517873
-0.0456520522698581
-0.132490486303187
0.0101517372324156
-0.0474473544130306
-0.0474681925381533
-0.137690918175992
-0.165936743106576
-0.285929538049555
-0.111439514958224
-0.104744398078358
-0.107031528014653
-0.0511760072257653
-0.081633884936163
-0.0826823456210407
-0.0721177492688075
-0.0866887112147622
-0.0767692133639392
-0.0622369701347479
0.138013526296202
-0.156417685956411
-0.123340613062413
-0.0532521084076582
-0.0834660645856185
-0.0309971829421168
0.0293435239569857
-0.136919685079332
-0.0461607262963696
0.0228152554061437
-0.2205164793163
0.0437436354222163
-0.080059630316618
-0.0384794608429995
-0.0877602612038959
-0.109701362887161
-0.00673953623897351
-0.187854966853829
0.134952069548796
0.045488511268994
-0.168109950225521
-0.0846645060228796
0.0612412240327755
-0.11106925758171
0.0432436086561608
0.00153686788578487
-0.149672679599972
-0.0297746150148986
-0.0433112838307831
-0.0451651431787429
0.0730196442355383
-0.120480450202911
0.0784751792646651
0.0617562223744793
-0.195522820371835
0.0147975687886322
-0.0639950509205734
0.0291750962486675
0.0459808307458591
0.0725348650488807
0.119879488974817
0.0485505154685073
-0.0328557694261801
0.0244051860968159
-0.053530251237839
-0.0237451565484477
0.0452250838617417
-0.0411002349103184
-0.0210358253017904
-0.0612563977626517
-0.00192159161923657
0.0823450293192165
0.00160043572352583
0.00460853925071954
-0.00584981707396414
0.205671256711153
0.051530391010299
-0.00833459869224774
0.0124554721019305
-0.136024162855555
0.023788305342279
0.022801704095754
0.0348676993065182
0.00110380087061381
0.128438624011341
0.262588478856548
0.0774743534924296
0.0648204713460043
0.0109205515077326
0.220143758160373
0.117375921252982
0.0623180824883892
0.144623985659495
0.103864446949304
0.066968191924369
0.121621396833127
0.0990902396529075
0.0397152091537496
-0.0555776319134371
0.0101158148920891
0.0386049921673277
0.0981787917616884
0.146966664881676
0.101568684051204
0.0793862464139185
0.169970913782245
-0.0302318601015373
0.0597464960328096
-0.100720624562293
0.229884374721848
0.114052773838644
0.0106336506311081
0.15885082128576
0.193135711611174
-0.0655276417982214
-0.0348804756238448
0.0905492028631274
0.0539592661431019
0.18682212335073
0.0943644046253988
0.218018511713477
0.0447567016821185
0.0660549833502804
0.00300508571881467
0.119604229132498
0.0895539216786771
0.161981066137445
0.161127785084437
0.186560156184595
0.105898938912936
0.202701099404088
0.232529001018553
0.29191030826285
0.143683245583309
0.0562430934293977
0.272076388943511
0.28652031720403
0.116776615652076
0.167830587988209
0.275417721732044
-0.0686018232950825
0.0309009536224986
0.185665404424897
0.110634455502747
0.191397777385125
0.0798294623013497
0.0484259583559567
0.152054351765804
0.23751083222078
0.105940535510815
0.245483414207891
0.0523768482861529
0.19575625264752
0.132588558913468
0.329385758111214
0.2833779032221
0.368225257220371
0.0928970230300006
0.127468320707003
0.118253284183153
0.171591782121612
0.119778397413619
0.261875400263861
0.165652200633235
0.369461036255087
0.187234230823136
0.298687501770472
0.235298916051318
0.232081664580845
0.254067549642189
0.408094760668471
0.0250119890781151
0.194919753687987
0.353134847687629
0.357878619979441
0.12918248977683
0.107836553892514
0.324534098447697
0.267997569510815
0.19219209972767
0.163057249997693
0.369711473979475
0.305782200565543
0.156012342816826
0.266907495876188
0.326933489445523
0.1940126962199
0.219281423066167
0.183973103599164
0.42306855690067
0.246509734031547
0.141510180926193
0.334370789035561
0.312538396235443
0.265268448433927
0.283971950442695
0.226723483659254
0.196733641921111
0.299799372623742
0.239149262205537
0.161689015405745
0.166489791137844
0.232567382931107
0.291953347473257
0.441172367022221
0.344467234462434
0.184112042167354
0.306105394857021
0.154298944868806
0.279149557136272
0.343509112655224
0.297064493991056
0.300204116560719
0.14729079987266
0.403567310003359
0.40746238700667
0.303212396392743
0.359584205612574
0.252370960472204
0.283185570614252
0.311664317535787
0.355448974437095
0.358986421777404
0.167233889643382
0.3839467722287
0.277723584362855
0.330520596227999
0.219582628886977
0.287904117922166
0.275916284377111
0.430073331236048
0.412524809704771
0.253457980008069
0.377709727570746
0.302368352626673
0.428016565349899
0.396907284792336
0.511611225002235
0.430931223973347
0.289164563347296
0.283744374454042
0.318302102199342
0.477947117136709
0.464132802907664
0.383546859353806
0.16737388472866
0.467392027531873
0.301751396626271
0.386264040396079
0.312344433067343
0.426341341647862
0.293230175066524
0.425018478031297
0.346332971477909
0.410046543083773
0.387170952017194
0.485272164179448
0.518355863847969
0.322486992485149
0.422723209164928
0.501166393770191
0.417745778873674
0.457932932293404
0.455765451493119
0.550993003818675
0.360145785343204
0.311629189606578
0.349292324948256
0.405693787138829
0.423855833563232
0.419100779691343
0.398805239872962
0.424673214177506
0.310425739681299
0.392514569299391
0.458041722156815
0.425699016937993
0.352748689840559
0.552748782604252
0.431463944714408
0.363461779637938
0.482850095030424
0.537466936489635
0.468201676379774
0.350400439144668
0.446352455757445
0.46107744986928
0.598295980416196
0.572423376891487
0.481465164990145
0.411429617285222
0.466127859333299
0.407814705204396
0.35105693128609
0.471716277144795
0.436523002783438
0.638271243854911
0.261209031422794
0.414362349035617
0.526878019717951
0.392158357087579
0.388593762179748
0.426428432620751
0.431363320063642
0.427679919042221
0.633353817614067
0.538147482377453
0.414754784581591
0.544158332343677
0.499364487690784
0.386650224715337
0.619533293776988
0.475499297961844
0.427649961705571
0.667995441623585
0.583494950483283
0.553201141087982
0.461665762714626
0.542786423766203
0.573396530779394
0.525508779125887
0.458626783680846
0.581449866830727
0.47385005207479
0.371913583194755
0.56864498377289
0.49184393301332
0.436416783613859
0.628022410936309
0.388877660476623
0.558239790810707
0.506537457578386
0.586188884462723
0.536887670114101
0.525643698641377
0.490439101742386
0.358106631604159
0.603692779913905
0.673563832852769
0.604783410313639
0.55081184559985
0.638957961525952
0.491510663084559
0.583918955166224
0.585285162677373
0.524782192694685
0.557046516138494
0.605133188591868
0.756730744923204
0.646770438892809
0.631809695128394
0.621535323804584
0.514574984135596
0.775859804056252
0.572951242959279
0.496121357704134
0.373320381676016
0.570741837785448
0.642846845697403
0.563941861303449
0.576231575098301
0.589790053240382
0.599932589969736
0.687205506173809
0.601267639995837
0.535760891540467
0.67746573695605
0.662198720404632
0.436218220042055
0.747120791530884
0.720461510955266
0.631792061188664
0.478083941010914
0.669859405726313
0.712873472717941
0.458631893084164
0.527377255032224
0.556632087545693
0.78106205693642
0.818193900241575
0.711152815093536
0.662796373943675
0.543927834335164
0.662563514545258
0.588307897024712
0.671161408705922
0.511518984381475
0.690134747389967
0.628345724194528
0.602826697908803
0.831752978001404
0.824331595292326
0.712475509885162
0.724073430150176
0.540008228385926
0.689850350521657
0.723728707234495
0.683232327733247
0.625123441638477
0.509191201194321
0.583229966496993
0.789187260974565
0.702581931779281
0.646631129903439
0.651848483513065
0.654420874256828
0.725640794114662
0.581957857897894
0.731633633888795
0.663334565706316
0.788739870963941
0.671342310317728
0.738801971369663
0.774382556808648
0.852365449370271
0.65264489920177
0.810612887384593
0.654976026122485
0.795183761114022
0.791258535649837
0.694147292333797
0.665387146032191
0.695475606333526
0.757865528658565
0.686088343594379
0.782014097937179
0.619868245001037
0.841517711921034
0.687845841432266
0.667903224134749
0.74129970216617
0.586505458814125
0.769333277590106
0.579405461000786
0.719740304751697
0.869812491004835
0.709753041531471
0.757294870722796
0.673037084052668
0.781888390112113
0.742782342535258
0.720844977498408
0.806886558868332
0.791063553376527
0.802446976868617
0.618280366245565
0.807988762462843
0.823484891956134
0.686137041574823
0.68614702584466
0.787824049724029
0.827738411351375
0.860408179206214
0.721506575364395
0.888561180758403
0.797939155949956
0.890450436939273
0.569299051805402
0.784829984831403
0.877384363235378
0.688097668741859
0.771765683756607
0.745536960943023
0.897335994581069
0.829907603281374
0.757136346239013
0.863372107170074
0.808835999996248
0.779705530158426
0.75969942512068
0.890231855382085
0.81951106180453
0.890712774717691
0.869279029944184
0.830288138861222
0.836064425289566
0.924595062086482
0.764441044584816
0.789356439812427
0.767750006474158
0.727014454797297
0.983279107321346
0.899106691768471
0.846256453429566
0.937001098520445
0.964107366866477
0.756399115485165
0.825479908952098
0.903586315434916
0.904186297556319
0.756248213686657
0.880813426195716
1.01530383138738
0.987746396316892
0.782211034284892
0.853209579833022
0.937718959118248
0.939036231386155
0.911030080464222
0.916516775560435
0.789673640413793
0.969435935187212
0.942839045182847
0.921575157706609
0.833709129555799
0.787977804233129
1.01281636618513
0.842882452298455
0.800550036195388
0.975218937634351
0.767184833682885
0.822714516131221
0.912680781823412
1.0946617417167
0.948659868156553
0.93793219195738
0.994954992681271
0.916361857878943
0.920091070627313
0.930322886968525
0.875834727873917
0.976771974403241
1.04194255264161
0.943119755055356
0.862813206294793
0.961634096278593
0.928528301200958
0.918993619907543
0.915986273763638
0.881278597393437
0.911310232346601
0.880083360373504
1.13313784882851
1.01941793622197
0.877333751646182
0.94218364335127
0.970638737362498
0.902328446491497
1.00309172111059
0.91272520288133
0.9448829871252
1.05826182421829
0.978250623383384
0.951869849966343
0.946786137479001
0.890401844747705
1.01871425311523
0.974024315711903
0.962786600645018
0.871787430791263
1.00632825341374
1.02745503908632
0.956186159405358
0.999598215630172
0.911101289739663
1.02929030241774
0.881370752641981
1.07461288934722
0.810806853705152
