-1.04618347856813
-0.76892145595561
-0.961555946352667
-0.841347666835603
-0.972676105057985
-0.907714305535013
-0.87179549857229
-0.917624004492701
-1.02565842004389
-0.915756079752463
-0.832106994422815
-0.879251701768474
-1.04425778490162
-0.961709545630474
-0.920807866213913
-0.994514565312643
-0.865831544030571
-1.04666183270783
-0.885621426540681
-0.910761034150155
-0.91122648529455
-1.07646268221551
-0.849833694128685
-0.808164677014764
-0.933380755518764
-0.973864652368597
-0.876370308878614
-1.02010839213637
-0.744318436193994
-0.949104473788952
-0.875155145599773
-1.03312324846164
-0.968716162592151
-0.821641579950545
-1.08195041763128
-0.875943306399828
-0.988422471302023
-0.819425559221413
-0.930365642231514
-0.962612329738568
-0.812493949180205
-0.912163034014293
-0.94714594666166
-1.0668463921754
-0.928412716744829
-1.016604281424
-0.873630445511955
-0.943068934571577
-0.883596602528225
-0.92251578837956
-0.940507240235283
-0.818447089202284
-0.913033084486175
-0.708822237192094
-0.951889286756106
-0.742344010004469
-1.07824070767508
-0.916431582638257
-1.04148584584373
-0.880066677137742
-0.907007129559523
-0.804688201430742
-0.835647447171509
-0.859958241212989
-0.813469387332587
-0.98284756351257
-0.818474785040379
-0.86242457517965
-0.796917681497241
-0.737198551059902
-0.898275061718373
-0.804110857206514
-0.7749490270674
-0.862494359172951
-0.9002635721278
-0.873409037660025
-0.883115070930955
-0.792003032032601
-0.835497514784702
-0.961533358841538
-0.705302595687179
-0.808839452058141
-0.911921732107146
-0.922862750386303
-0.928486532266644
-0.793352081869317
-0.815822164907598
-0.992461679634682
-0.972549211784102
-0.739811786631182
-0.897008455869311
-0.830688634233139
-0.94520089931045
-0.751260975184167
-0.829943951579799
-0.969118347337521
-0.8236990916714
-0.768155519852235
-0.849976251363503
-0.737445857983431
-0.827368132501802
-0.809600430746282
-0.678428343177884
-0.800360697445041
-0.894024760962736
-0.843071038649164
-0.856997171123852
-0.809694466786464
-0.713608111261123
-0.821754867900307
-0.726166626100668
-0.795607463741811
-0.829292311855663
-0.775390606855477
-0.831113557997541
-0.705970983655882
-0.68095554503606
-0.760845938798858
-0.843543961060077
-0.743796910055555
-0.894303894789614
-0.695249092319569
-0.737801879948479
-0.756881739181326
-0.833964399199017
-0.695527835211233
-0.716099192736592
-0.718405065185433
-0.702078879412781
-0.590715808000006
-0.812200656391186
-0.916777392894906
-0.675029928452443
-0.791485932139046
-0.610759398007951
-0.707471657195337
-0.703486156839527
-0.501541609893591
-0.654655280539093
-0.620242804030083
-0.736570574691287
-0.672933397625714
-0.52358289819125
-0.690756295363486
-0.759814471368354
-0.702853429780984
-0.71330470095735
-0.577309819621185
-0.715775561148376
-0.671901171882674
-0.701331503316232
-0.893998786039461
-0.75476635037238
-0.649985638512424
-0.621238725201484
-0.678971133843841
-0.678077253757877
-0.641889906634915
-0.767268646484602
-0.661711822100283
-0.606280256464907
-0.570380854026546
-0.7191869005907
-0.634795224741627
-0.587495921951522
-0.598147497472371
-0.660675584808826
-0.437608208889637
-0.602401540138612
-0.623955777135033
-0.567901692452972
-0.577747386303744
-0.661441882820907
-0.544743747809057
-0.773560931989966
-0.635022682814425
-0.717421990209153
-0.511490526649421
-0.547367164004352
-0.705672948359038
-0.558674727282935
-0.536434120224787
-0.678464826083164
-0.490392734088265
-0.523278479065568
-0.840206784293373
-0.676915856049231
-0.532619127117118
-0.612880748059304
-0.522140933285347
-0.620534772313833
-0.5963744075241
-0.650921904376386
-0.743374887148914
-0.661828254034541
-0.716687992225589
-0.526546631396845
-0.778882637021334
-0.672387062454082
-0.640504208479476
-0.740342276400015
-0.686580985190674
-0.537772735153423
-0.518651585280331
-0.718415601003634
-0.607418784363651
-0.593913771499457
-0.60954733745538
-0.540680292773033
-0.66067147501706
-0.624292880107369
-0.502183957160942
-0.464759801200191
-0.500508677660625
-0.534199650197165
-0.535451127549953
-0.611616973127225
-0.442899921040264
-0.529789574294039
-0.51897745792976
-0.641488078827779
-0.512531361588417
-0.568176664295937
-0.496167285670946
-0.687157606533907
-0.491638031648473
-0.514134358749454
-0.552449937805027
-0.525005612430685
-0.665405800609183
-0.589832639319213
-0.562568648726597
-0.548756839672298
-0.713287019298056
-0.511456969963917
-0.481851071382268
-0.587691529715813
-0.414896692251172
-0.546400331018998
-0.64086615438505
-0.48087613068337
-0.550794523575822
-0.458334342990994
-0.596547619927779
-0.48929921567847
-0.45111083789276
-0.424026785771028
-0.632311271142034
-0.403008546957231
-0.599997850052389
-0.479006871181026
-0.5602733652128
-0.378628588084221
-0.548705955130042
-0.355306987251895
-0.379251682695385
-0.446836376940249
-0.512149775471745
-0.529238629799486
-0.376876626170226
-0.474017536835072
-0.45217607237099
-0.492847313897012
-0.421919937506062
-0.460759692302623
-0.606548989438747
-0.34164724419341
-0.481468115284485
-0.372745608908191
-0.513901457056136
-0.456742531096059
-0.319705655222687
-0.454957514659965
-0.485691930661772
-0.579685200856583
-0.442095773360178
-0.414823517206417
-0.466481973709123
-0.310438439747086
-0.409099484434597
-0.512126037724877
-0.460784992076344
-0.379757848945526
-0.33942064757652
-0.267898014014822
-0.283962020807117
-0.406015532716497
-0.389450866601001
-0.349426460568234
-0.327297017123055
-0.306797280915826
-0.441417183944647
-0.391869182313712
-0.413532077096648
-0.346182121381195
-0.446249104412725
-0.520321470503671
-0.337812196941474
-0.2131575363592
-0.416421043152015
-0.353807881672918
-0.368422792990323
-0.366591971107304
-0.453100823686234
-0.360035684322224
-0.454523131639196
-0.444103028148214
-0.525546674551901
-0.343746061629316
-0.420898111161537
-0.336159150141251
-0.437174011054563
-0.424798455770152
-0.4188320538569
-0.396468267897026
-0.365372531850306
-0.514505360495193
-0.322423926508868
-0.359022865702177
-0.393391931693459
-0.348955583075525
-0.528926084296563
-0.401151161143109
-0.247252885206278
-0.345557603403462
-0.378713265408976
-0.310987899911125
-0.365593105766231
-0.491822091429469
-0.321995382254293
-0.335413853905794
-0.289711619532945
-0.217790386622813
-0.425862912457914
-0.382573350306029
-0.32961586492027
-0.383291501520241
-0.30657785871316
-0.242401432533447
-0.327204643721483
-0.326402194921134
-0.444851231788327
-0.204198694751552
-0.182376625894796
-0.246614178001185
-0.285713539708364
-0.326178602981378
-0.198349905116085
-0.270163438146535
-0.446059788535738
-0.186782344072561
-0.277596557326382
-0.429764898305141
-0.324190217195121
-0.319711398691548
-0.221238085765243
-0.250802934599082
-0.278958750313227
-0.276111604527556
-0.423732379906143
-0.262605357689935
-0.190304152196383
-0.325053374472667
-0.286217138575616
-0.361769200045729
-0.237640774043486
-0.341570859286691
-0.405861562459429
-0.299943150573041
-0.0993207212776418
-0.317909804266413
-0.203478654356336
-0.27446744091608
-0.211058686842458
-0.314218127983806
-0.273150097075407
-0.218010984902724
-0.187753978020375
-0.164360274183791
-0.268815788419408
-0.381045989623545
-0.166378492160022
-0.222202617796786
-0.244797263632899
-0.209321815407417
-0.358600371095018
-0.159669252781285
-0.0890916074347486
-0.375908916428248
-0.236946371500507
-0.219105116610166
-0.136075326385243
-0.227531288457272
-0.281432560803065
-0.253078563109273
-0.389284337127396
-0.15091127008212
-0.268549717536449
-0.146075296108559
-0.219875164250386
-0.273707530299319
-0.197574991474669
-0.242789090291188
-0.265401374031512
-0.146669266965166
-0.117895003694531
-0.251261183449715
-0.117920907373459
-0.178709002954946
-0.0717916181637278
-0.154132948090668
-0.15317535540512
-0.282765587242523
-0.176735409877027
-0.266235662531489
-0.244848015754666
-0.0885658773045155
-0.159959777510006
-0.108008656591627
-0.0861410143678852
-0.211856436515886
-0.0620771108262083
-0.199916439590016
-0.221913332515319
-0.078823091411875
-0.154718243358151
-0.0393807304166463
0.0445769191763442
-0.0885691232835724
-0.148745852424932
-0.108411437575184
-0.200103959125764
-0.0596439237576885
-0.102540915797541
-0.143056046476786
-0.120379773919846
-0.121889227935913
-0.0713730956774502
-0.142851397856123
-0.297125395837945
-0.198766188632894
-0.120043110721517
-0.0757018843173042
-0.0559722380848819
-0.251600281108773
-0.0758800396832175
-0.0842799663843578
0.0295982195274006
-0.220655477765577
-0.22587360420398
-0.0326640914060247
-0.0949836960262686
-0.0659554390828623
-0.148676081341935
-0.0951011667633878
-0.127352229542689
-0.0403186745376393
-0.209654467078466
-0.133436365129251
-0.0964784140813427
0.0400940395545161
-0.00323041710223681
-0.158524614772268
-0.114250863519849
-0.170609080675821
-0.099937332154051
-0.263103804700598
-0.0781623750370014
0.000764299903484996
0.0458032762545468
-0.0476318378019351
0.0362475606151693
-0.173046861859497
0.0279145592207237
-0.0213816836425769
-0.172737210376068
-0.189072441344795
-0.218255312415974
-0.027717074310756
-0.125403413167231
-0.0487021140437832
0.0315639755221653
-0.00010815176732687
-0.0573228644748775
-0.151813514327334
-0.0414199841608042
0.0276562820289962
-0.142176045305976
-0.0697694029904675
-0.0828955175891082
-0.114639320441104
-0.0149870918423782
-0.0457220476899942
-0.0692380401532957
-0.0392298883960141
0.0143688225081642
-0.057830642936922
-0.00056767809281003
0.12798320090518
0.0438611552481402
0.104189763501685
0.072068578263449
0.283286376859651
-0.0684531114403006
-0.0236585078743385
0.0541281219635298
0.00930896254732099
0.032051133341939
-0.0255379565164679
-0.0341287829001368
0.114954492453554
-0.0449560048128264
0.0586568824861517
-0.000896539182290341
0.0622694167004776
0.0258344273760025
-0.024838297161834
-0.0591586217010062
0.119211561663258
0.0265321638219107
-0.0220273767708703
-0.0340703005647028
0.0658546633646972
-0.0118989183207509
0.0565315289295626
0.0498156134283401
0.0105050673143896
-0.06662404507178
0.0665346145248536
-0.0316998263301009
-0.0573821733731766
0.0574758132663726
0.0379665322898528
0.312218473972757
0.0045717496814682
-0.0232755034110713
0.0860709234850637
-0.0162101289369909
0.0245739614632036
0.164741708388867
0.105874041708878
-0.0336617460187035
0.163318273852047
-0.00901685265284475
0.0508614472180722
-0.00809640660419092
-0.00681677211930995
-0.123289950577279
0.0331582681416021
0.0168784925596334
0.169420512250276
-0.00333246772078545
0.0102809604271302
0.0107567222170856
0.0888993446408306
-0.0388668705932418
0.0720764649625834
0.0985317580932393
0.151872679565145
0.12633358048456
0.0864451553776097
0.0329745734682929
0.142413691672844
0.123641973123265
0.0396904573195864
0.293142149747122
0.129466628652816
0.0960425048243407
0.217598643369132
0.177998000690551
0.245691766836963
0.136508651371041
0.249408368724256
0.258875549012316
0.169465221144836
0.217583810995155
0.128349692771381
0.0946442099719061
0.090419195733257
0.225544619319774
0.174867651046952
0.0458797426901786
0.166614655912903
0.0592768200148864
0.0855617507763962
0.193689171996343
0.184904781376211
0.14984619969675
0.0771705573923399
0.0745077450465642
0.127557998496238
0.16966617156953
0.222852933052255
0.0663813598160882
0.109492613355183
0.216053272422951
0.349246181961166
0.204066597769378
0.187373687576055
0.203644676116869
-0.0119360558599633
0.258139644564845
0.198486683398799
0.342461407273305
0.24069684107334
0.33373010215951
0.193280789487749
0.327729625959717
0.235002834901541
0.0991685086704993
0.259134428199928
0.255609312505334
0.144621981415186
0.207452755341886
0.146985091622181
0.262467599481325
0.209009907211785
0.401853146296759
0.387513037812504
0.0902478255788633
0.406172285967303
0.252233638053616
0.151844363581686
0.310929393997747
0.336122203613275
0.0995678778458656
0.216719987248181
0.169984665713097
0.177023473396689
0.144134815899805
0.254450398905328
0.362470681992612
0.284424067770638
0.308882959174606
0.262283965171197
0.194868231128869
0.281014401335029
0.187551944972494
0.21594847397795
0.151634580521725
0.441063593920361
0.297620440217705
0.196945496783503
0.307199893650079
0.326989280266819
0.238965291381119
0.258784850037098
0.363384038677949
0.119864515242327
0.184732904467536
0.432405575159713
0.322601632975367
0.492666056446662
0.339652148646658
0.36525572785411
0.365533800389347
0.279337646228669
0.266407607671816
0.28470648644622
0.374665298130328
0.461534171854774
0.287827843167823
0.373205402473253
0.340654998972298
0.38494753165659
0.4131143745009
0.323674257862992
0.203249131610568
0.430879920526094
0.367910616444112
0.139603868574178
0.543788041786952
0.385794735501031
0.369222745593617
0.333869890962953
0.342001468855895
0.49863982801934
0.401232752815202
0.502002027835326
0.378120995992665
0.382414507898649
0.431522854624029
0.411670748096737
0.463801587899456
0.393297912308452
0.48910693243189
0.460365301889949
0.416744179423411
0.362720445886078
0.280700915543731
0.374825226012462
0.322144092147693
0.36480947466651
0.331306053948523
0.444664435633972
0.274186877554852
0.395494253219704
0.457580042481534
0.428013829927478
0.401456458139132
0.430475122842591
0.277022751938129
0.366797185052208
0.313241477062074
0.487478430945039
0.49296385561495
0.474037464154869
0.428870640234027
0.561670806356778
0.466874614304089
0.429789891218349
0.499186570087269
0.538534917131645
0.516157567833257
0.406500687143564
0.494570955505166
0.337976569186835
0.340744160357609
0.427555325063021
0.45534117137295
0.559787705676687
0.419548971792857
0.455601615459357
0.455509269115364
0.410148525421291
0.458947241161905
0.391194570765822
0.459078254706207
0.545418105753465
0.590584042206966
0.476325007845104
0.42381904579476
0.450053503124751
0.515801432939773
0.39640301617973
0.505852801323949
0.339156842853865
0.54491111691857
0.535981759977276
0.447606011925378
0.397303700983487
0.556624865281359
0.401973784773082
0.648197272730029
0.697181390624597
0.712160988066006
0.415430101099253
0.378789431699229
0.557547342222123
0.427234021015422
0.427688335219657
0.555741695415044
0.374915622391981
0.388975806399708
0.504370539500816
0.436510143816785
0.508079953062781
0.35433378671606
0.511405754135126
0.574724178123761
0.506621679676723
0.390753441260871
0.527310417661641
0.577284543151103
0.427068993030594
0.437977804308075
0.398159192439899
0.569728570694937
0.485805965471346
0.559029774801171
0.559835846165794
0.557590758483356
0.405655033846023
0.434682563910495
0.667746921514583
0.576427404615641
0.61635144881598
0.545959165461748
0.465196090118918
0.720443855852435
0.575420409980883
0.60881231604634
0.367032132654768
0.730718795873227
0.524303872916144
0.61419651191854
0.607242896028185
0.575469533912083
0.510672087889385
0.545692142556453
0.430438686391836
0.643577796505594
0.671756194430229
0.649711767302933
0.533308209312528
0.5303774150782
0.407084378661374
0.572092201022822
0.521480838540626
0.657407308867833
0.602328045984319
0.650666123448806
0.68880981695953
0.624818793389601
0.474365854084373
0.712818944161362
0.740653601633332
0.620147782996054
0.437890506969327
0.748231458452501
0.682916037124857
0.537270550784096
0.701347870344316
0.54930775622319
0.427793601402485
0.542707981615019
0.509612971583111
0.553878865064363
0.644723501951053
0.68830381352315
0.53873315336018
0.6868837868704
0.473625927372569
0.650175817713418
0.668450275524859
0.589342965205008
0.675097411234614
0.593111525467924
0.823072290410546
0.743435437682534
0.718971440538833
0.64708310278288
0.674134701786672
0.566720117299396
0.686995398580044
0.649556831647933
0.401396395829804
0.717678512129857
0.621993517390757
0.622626862234601
0.549290197209318
0.596099638293903
0.717766246996266
0.744256605224449
0.516594868729722
0.684236325158125
0.687309885682495
0.747154122599862
0.604543307369392
0.681035462975524
0.562943754707523
0.781913230844701
0.843778648981707
0.880330233503291
0.714525825833738
0.834117673513212
0.66469086133747
0.849964664277149
0.667164761342194
0.712513565444315
0.763043452752938
0.69959714411681
0.655901876157403
0.789162901443232
0.736862892944735
0.717938034418108
0.643607674589456
0.652364155190531
0.778441875404508
0.890458217914717
0.812418395660681
0.973740977786428
0.864506354872647
0.770545277043636
0.806801262857691
0.817613510558764
0.774769012864557
0.896065216995082
0.862775474987915
0.715750998174281
0.629307739409209
0.86645173806818
0.897480009140092
0.706934391085769
0.756696296105921
0.767946796106037
0.806692256707596
0.845782018955154
0.574927452517718
0.571570003458801
0.765695751276068
0.723202148417124
0.798196041225833
0.745527676110118
0.700778533242894
0.80678562593342
0.743052233000028
0.66470233129396
0.859041821345406
0.768638719836332
0.705710578941951
0.805558368120117
0.765670625394113
0.76844664732887
0.812211910305143
0.901437201159003
0.861181814197464
0.835721545007968
0.817164758490749
0.760021870552906
0.953240562693835
0.823888347168847
0.821382479313851
0.857457242133173
0.677703744452134
0.820417486995287
0.895951943014168
0.832560582387053
0.81414346470415
0.724190053647247
0.807785891185715
0.774800996115767
0.782935077923445
0.879942289161803
0.672382862454207
0.825688198891735
0.818706390044473
0.764778095461067
0.931683479976087
0.765182135639198
0.824247786218262
0.957330866791412
0.928137664334939
0.909454554483881
0.818916812570476
0.923977708646871
0.880920335984776
0.881350994425222
0.799466850890766
0.809296199189381
1.0392946337489
0.941251053885432
0.831755462255644
0.85529119274116
0.935832650954139
0.960990563805621
0.93002269980485
0.924094097476552
0.802499967789966
0.911671123464097
0.989731471599188
0.870894076425276
0.899340673326686
0.920731791155785
0.928379050390245
0.827432441444193
0.971178020420168
0.889813962798125
0.814327801497431
1.02987750540079
0.920576065422855
0.857934559132008
0.951126825739492
0.83420665792705
0.936862983117682
0.865551744335617
0.935764922883813
0.990577961385867
1.00533334678024
0.976005147356028
1.04111493897839
0.921900236527645
0.92562617558962
0.781264169971083
0.956577278987898
1.00020884910174
0.95434266644109
1.01961171252949
0.961151153865079
0.915490924113085
0.981773225437024
0.972351035136569
0.934625305567026
0.947889744520873
0.982515470681253
0.953117803045716
0.921157117087469
0.957613016292172
0.99145211882456
1.1055974011431
1.11809139068612
0.85471283259551
1.08645001043337
1.0573482848752
0.996052078704623
1.12166234944555
0.990887299697233
0.974042876757542
0.973836220419402
0.758286572652414
