-0.999988563073399
-0.86840708149041
-0.901890258596887
-0.927082014117784
-0.773437111775184
-0.966878052785477
-0.967817553846096
-0.936500984703278
-0.987406483006913
-0.914822608369338
-0.857109542728936
-0.898705251842769
-0.872511313945894
-1.05698113062202
-0.913090010452192
-0.909623114280674
-1.02825324279633
-0.924131738958583
-0.864890033971102
-1.08817519577103
-0.947180856292869
-0.939199812578296
-0.799107296398835
-0.925312190529859
-0.902827507383045
-0.999968750585307
-0.928897106151048
-0.913667735342465
-0.908195652283798
-0.894207116218434
-0.952915292826268
-1.14157423719136
-0.992975706746692
-0.95008741554302
-0.969503881080463
-0.973903800028549
-0.893497063085612
-0.881402276120368
-1.09412105215115
-0.917650200368644
-0.969458186575329
-0.813419396491906
-0.857804039883625
-0.875908669074626
-0.849848733489658
-1.00032146532084
-0.973468648262798
-1.04323584685719
-0.920960537005457
-0.846618969350184
-0.906925144893752
-0.912183970995466
-1.03561267877046
-0.935621030380407
-0.684696517937366
-0.789262793978503
-0.999653368950396
-0.863807809368688
-0.903768202258468
-0.781875709620857
-0.801742368922469
-0.969243190485786
-0.696125656062452
-1.00423952456463
-1.00711857344138
-0.77863027227735
-0.796638446556158
-0.886808079291807
-0.870340537316658
-0.860113513234241
-0.816593473935414
-1.06773129826357
-0.965307919072637
-0.837909917609489
-0.894008766714241
-0.758861715912228
-1.04528050636963
-0.764114889508224
-0.781494207039467
-0.728558408625484
-0.792023099914199
-0.954270517702992
-0.739234521021406
-0.78287026454537
-0.909739173169378
-0.867272784852499
-0.669735566536457
-0.838716204172841
-0.784517886587515
-0.791805992415114
-0.948518903141599
-0.605930672218527
-0.812196020183638
-0.828696689958803
-0.719262956111213
-0.808810962415218
-0.864084149058651
-0.898781782744223
-0.868627314922018
-0.607321374295042
-0.889898058414023
-0.707481729294444
-0.703941968608021
-0.733032238181211
-0.978834582758667
-0.914476263360517
-0.803499444133775
-0.672143352203214
-0.735329896524591
-0.886394149095071
-0.628557482880933
-0.714521043257969
-0.782994311314324
-0.772629357112248
-0.809022444914108
-0.774547591320559
-0.743142962458654
-0.760840626444681
-0.824047038449644
-0.861093421304606
-0.73017621744223
-0.789736822603433
-0.776651352236866
-0.948844039294454
-0.763827151262748
-0.806499203033258
-0.752203825586323
-0.758484282994444
-0.642342322019189
-0.824362488007073
-0.752585117709487
-0.615288639340166
-0.976339794723685
-0.721633193343986
-0.729019167188145
-0.836518187630091
-0.54944556552085
-0.663925989129505
-0.811178795955584
-0.698024141595237
-0.78887204684696
-0.733714606066306
-0.716212619245894
-0.74384436080468
-0.739234137407322
-0.742789683689221
-0.494618277814968
-0.70766469114621
-0.767470267021625
-0.686162878458545
-0.657647183646571
-0.579582385718446
-0.721867899866158
-0.855930742592397
-0.607331993774797
-0.638716229949449
-0.592252237814568
-0.626178409252273
-0.792309157569672
-0.730256651667598
-0.801526735129685
-0.638695028332218
-0.569649328018209
-0.601143667001643
-0.681366213972796
-0.676727673246992
-0.683910980323913
-0.690320873544949
-0.590781735779969
-0.649984710625714
-0.539985930354169
-0.627856892765379
-0.612551066600934
-0.656808005290459
-0.629973991883245
-0.745124864810787
-0.493839508608114
-0.598911693793715
-0.662737424050867
-0.525695901943433
-0.68197229927967
-0.653812039579087
-0.617211192343937
-0.6793571314931
-0.551734434809497
-0.678804765741171
-0.744229201693243
-0.429581155817525
-0.536030156307869
-0.56062768148153
-0.633380981023301
-0.655959341307165
-0.642459476300785
-0.628639144460373
-0.540120022074175
-0.701330338275003
-0.687317470748196
-0.615225414900046
-0.644945412541322
-0.67850183672421
-0.655259367475196
-0.543239714032482
-0.615175488197598
-0.440527134812519
-0.669026398279938
-0.623374201864034
-0.568704864240686
-0.688215418006765
-0.566079890965173
-0.554300942865713
-0.488331549076268
-0.424966976268362
-0.428764453746997
-0.528893028215148
-0.559181223224891
-0.72593936363451
-0.483633560219672
-0.50641337173299
-0.478088479956907
-0.648925693188534
-0.69291963705801
-0.489483868783825
-0.608290473164958
-0.580190363673983
-0.541399366290572
-0.564188474642667
-0.522748116464005
-0.630760438732182
-0.63883609264078
-0.539236160528567
-0.392611500257993
-0.510191350683174
-0.392055407822171
-0.557736062343875
-0.495847681802214
-0.563419291155891
-0.403544015611658
-0.709452109270841
-0.657678140509255
-0.521064402150085
-0.605681363646846
-0.537869374760814
-0.514913189414732
-0.488377828354601
-0.479222155921048
-0.561380210138517
-0.378565713912458
-0.526678929097464
-0.464706833349924
-0.351866330873322
-0.599106150678467
-0.431507095514778
-0.453144767258918
-0.415795002120727
-0.588173773931948
-0.510768145768288
-0.586875197137052
-0.444084448633533
-0.641704307848014
-0.587700367646163
-0.408996116157395
-0.443043345211875
-0.55612697221841
-0.417678963515262
-0.437037677648053
-0.543435734346041
-0.499871185365891
-0.382226455281128
-0.652237262747613
-0.517902875659417
-0.500472440174451
-0.422250168957561
-0.405505571869904
-0.429995030402246
-0.389794826206347
-0.407866911442435
-0.528903053551695
-0.426603136093701
-0.525288393223447
-0.654805465329821
-0.3843396350269
-0.495889393175621
-0.436516683501699
-0.392490779647679
-0.480809706587664
-0.519168459511151
-0.453011287448746
-0.437270192677764
-0.455176002258857
-0.584264124263644
-0.402101126765295
-0.388532104017012
-0.495773923746004
-0.448063008229334
-0.474621670789386
-0.323387023256685
-0.589713216405209
-0.262458656622266
-0.389119163672353
-0.482771541965454
-0.40618344248449
-0.43441416586493
-0.555507468666652
-0.338070780257645
-0.407575033874402
-0.421081112104985
-0.286859940113287
-0.56438212579451
-0.37470553024454
-0.412737542581092
-0.372797699254798
-0.407243642020653
-0.444517915334471
-0.362461323906013
-0.36682036099494
-0.383784453965972
-0.423030627063922
-0.40163802407659
-0.384356087186221
-0.32390580935043
-0.376186665394651
-0.404110928700864
-0.309363987229901
-0.372172153224021
-0.388199319335096
-0.56887040576325
-0.359868480462114
-0.274440164728502
-0.387111241249873
-0.314144717900615
-0.402096250557387
-0.397800318113215
-0.428152415362691
-0.440138815208068
-0.43584459287078
-0.442934106232539
-0.301979902595778
-0.314820636506075
-0.391638832860418
-0.430517678507782
-0.297345566246644
-0.181884975985657
-0.523975458125896
-0.255076153970613
-0.294767081998983
-0.197283869854511
-0.168009703771694
-0.273524077059831
-0.299275217098604
-0.331740894642568
-0.359042864089205
-0.36266179463352
-0.318291400302482
-0.172204474015311
-0.39042697921769
-0.481113961024177
-0.341417365628236
-0.315463958184181
-0.33358781766893
-0.394733113621565
-0.156750608719051
-0.396117877702652
-0.369081137496133
-0.370310783394534
-0.182751445083843
-0.311510922324103
-0.280286059490421
-0.289220784034152
-0.321238571821377
-0.307512147474827
-0.124456020146184
-0.308179016971623
-0.250850188368754
-0.314516156583803
-0.386181858376144
-0.240817912260512
-0.281113041794955
-0.289952397501643
-0.208194278880793
-0.296701734881719
-0.230950337673718
-0.0822977102053217
-0.0854228010647565
-0.156466080475288
-0.338950532254516
-0.228926739809159
-0.201822091927749
-0.201999613676651
-0.0711498772993542
-0.246364085225506
-0.211764564730541
-0.28091056976625
-0.207646974662133
-0.231682563104716
-0.227003236312991
-0.253506070540743
-0.230827078897775
-0.221882130525293
-0.23898275680569
-0.079164348677114
-0.284735890059924
-0.263847416417484
-0.190592886415773
-0.219390505397233
-0.225152551092112
-0.19525820864106
-0.142361925969197
-0.423141085756437
-0.222867596973462
-0.153972980861279
-0.145830506265532
-0.178775096564667
-0.252195440733308
-0.184607032653884
-0.152493717667179
-0.140778863869498
-0.223659021755585
-0.216585054009174
-0.140901051343309
-0.222992152652052
-0.224296092750774
-0.064818201117625
-0.0998200064449894
-0.143885786967177
-0.118220528145034
-0.193113566475396
0.0320365833116557
-0.249717256629014
-0.246953734126396
-0.135701418856807
-0.100600433108009
-0.233433458036607
-0.166312296095608
0.0831800173608766
-0.072954649493054
-0.20528574977362
-0.196919241248023
-0.147861051066927
-0.06168233027773
-0.162511327603001
-0.162829596636153
-0.202730654521169
-0.0372376140343583
-0.0197743271908766
-0.00160527525656457
-0.186126764962529
0.0215132378588764
0.0243632046274523
-0.103883222008226
-0.167066094228992
-0.158740149534125
-0.115065878369808
-0.0291573675749633
-0.0997625990850037
0.077689028612571
-0.129553800219579
-0.143540395326443
0.00185245990829234
-0.0420375113346242
-0.0651291588988646
-0.0307808289974415
-0.14393078685421
-0.197247015094502
-0.0725874086415909
-0.150058487663477
-0.0669873342672857
-0.0466488816833649
-0.21586584150737
-0.0674595763459754
-0.214151234011512
-0.0203856735733991
-0.0446286873237286
-0.0333251047668574
-0.146590177126089
-0.0336031967076097
0.0103403883360187
-0.0617192050718222
-0.0174946622484937
0.0912689049106607
0.0142818516471618
-0.0767004170971136
0.019123776807237
-0.124606523654585
0.00956256072100353
-0.0221509460404958
0.122401234932354
-0.176061303130135
0.0224285581598831
-0.0803645361556467
-0.0463444713955068
0.0347953779080291
0.0436779958490224
-0.0625173065955558
0.0160543497007302
0.0293189942248797
-0.0826987584301206
0.125145746850155
-0.0501967791315706
0.0847917851740339
-0.0269955055727624
-0.0174481610365041
-0.0376006816040544
0.142028248105154
0.0558460924262955
0.026338453282006
-0.199568712093555
-0.0451033444502802
0.0771526862408776
0.00673152287308631
-0.0565211668038651
0.0830844864242618
0.068134738492216
0.0818351595373407
0.130394860999735
0.00255102754219482
0.135187375720505
-0.0393928241131856
-0.0146859787601751
0.137979186463197
0.096961201923138
-0.0274878829239116
0.0463780465084314
0.169639510479888
0.0919535573925031
0.0401368663692392
0.133613646447996
0.0137433536129121
-0.0263020753756172
0.0114514630837879
0.078802575431423
0.0563240625321484
0.132128291270374
0.224981781865075
0.264830791627789
-0.0814273630621105
0.192187375171697
0.000465932620390669
0.00188006081999196
0.125462426113399
0.185704498643141
0.0239373650590469
0.221896806341795
0.0224931086651872
0.0413086258767794
-0.0750750373644922
0.153504398523964
0.182770792325462
0.124000039943451
0.0406660792466707
0.0855216623840561
-0.047559927129709
-0.0198742937081701
0.079556132993716
0.247631641540664
0.128945877896699
-0.0239101635109119
0.254194467426619
0.0776175237174757
0.0833174771038165
0.214518687172847
0.147657226051357
0.165087679163161
-0.0288734547324268
0.0226938046671494
0.032715019809311
0.217902903810445
0.0773835116054913
0.184116280345293
0.013479000968172
0.129112257739496
0.252237838586726
0.0813467448000125
0.0765833912751359
0.215699189184517
0.238901780844853
0.119322229827337
0.135887820257436
0.121196656488297
0.111302653497745
0.195636249713982
0.212639252817569
0.187828983650764
0.0841841433157341
0.133216633694139
0.0788088945853552
0.0908715331839677
0.179459949663625
0.273022453810498
0.207621066213566
0.203144687075922
0.0281735067690434
0.22384333822527
0.168419246353267
0.163778057165818
0.177504820006287
0.0652414338684004
0.220849983410222
0.216824630114903
0.308001023471574
0.270537964526489
0.256350015875862
0.172586578070655
0.14783556310785
0.151816780859931
0.123862748052901
0.301172289924029
0.168688052089189
0.314350580995788
0.340621330412737
0.375105882704403
0.158287382325353
0.20064796976033
0.255287689390283
0.217767930210588
0.108063539663773
0.229262738264237
0.199551658809005
0.075962062101119
0.279426952945187
0.129458327819915
0.145893719597239
0.256580744044217
0.247402623674084
0.302641835322434
0.388480350792265
0.111919200853466
0.327018185516713
0.297677321178009
0.183736690419767
0.12629190453167
0.204374546604236
0.263680820813859
0.256586009184769
0.33304956949789
0.207935798911827
0.271149138507788
0.397098990252986
0.271568541872087
0.134485228817203
0.193989443107549
0.195658724530273
0.297119835312494
0.252758390111689
0.355628653305512
0.21232291183846
0.300888783104456
0.281632546092503
0.123870475395961
0.262899905941075
0.327755816140722
0.344676011048115
0.149898347378127
0.278400370261796
0.239328268977497
0.448703766559215
0.350999792917947
0.370896662433398
0.533147419712699
0.372622720058327
0.302452377920155
0.241489526192196
0.350143417874547
0.452016781584155
0.287189679856887
0.164895108031866
0.391367171228275
0.398876623053548
0.366059109270595
0.337089013449091
0.234099370569856
0.255515229668531
0.379551740078814
0.32356903350202
0.269591477723235
0.315723280704902
0.498159353917381
0.465747681738266
0.257900890008576
0.271732730217684
0.3030701455281
0.2565405705754
0.345101475159639
0.229232864843098
0.434858323578488
0.356568422182005
0.330254443042622
0.434150449824094
0.432316647820714
0.423795832725438
0.464911151908886
0.504586039289793
0.464869773779761
0.278125816537267
0.367646576631834
0.381687215872412
0.43284144764273
0.359018366517618
0.234517295385669
0.29711817616172
0.435781601110966
0.378123834064241
0.455405147113111
0.474965089144229
0.435539511019163
0.36362902646008
0.437905893884394
0.269289235347662
0.440130243687162
0.374229140547845
0.60777594652226
0.547710169833433
0.382599676526278
0.269900887221245
0.362859772121427
0.458957703880226
0.405657945878224
0.412350627324072
0.392142748878343
0.479681243578528
0.584241182530703
0.477472605987659
0.51521904382819
0.416557760888483
0.270130883387455
0.545981135054369
0.52798320857775
0.476109506607856
0.440757443918722
0.288669609868953
0.302938029256464
0.398485341234021
0.501957037231005
0.447310180169079
0.440443806949406
0.344363016688894
0.382475673618336
0.465954783401093
0.548723210126727
0.495639997342419
0.324088553196079
0.497360696873383
0.393353902713488
0.384045670302992
0.39302205709647
0.54782754620655
0.538641247065324
0.296441565155415
0.381581955011115
0.515710276412201
0.556710933942419
0.470596672443727
0.510083832167718
0.420847629247959
0.456604928653842
0.619140582196702
0.380515360732
0.638076606341108
0.501652795845426
0.361620531910666
0.435240635152587
0.610167984822939
0.581378861754209
0.539689737413333
0.477459420827315
0.486040558967743
0.575974080976597
0.555937271112581
0.636045034098105
0.606539789051336
0.590539233641224
0.479371781359958
0.519333962056975
0.515475094811411
0.496052190252832
0.760480168602898
0.592528530586935
0.476665024099791
0.393882177244385
0.527296992590374
0.660512402912382
0.522302089621558
0.652863789998958
0.461813311859189
0.586353393773318
0.722957117166769
0.610063502361243
0.574218464113075
0.659684504356145
0.603489717498892
0.552665793956313
0.754990748628927
0.471065690828087
0.618692629446531
0.533769997113905
0.549627984648564
0.568692248485676
0.649374898068585
0.649831789402001
0.609578476665767
0.564730455296199
0.616870006906232
0.507597886016202
0.586505459814338
0.718255586419179
0.60749972685005
0.614449972125562
0.563445220764619
0.504485569132135
0.664016230053066
0.576409138744775
0.807627910782961
0.601581426687717
0.477693334093769
0.597225971658531
0.57761689608026
0.721954133050227
0.561205332159223
0.713325120618633
0.650688107849703
0.756901926445489
0.667968542948804
0.708656967963612
0.651853931113219
0.733020164337696
0.63754357316405
0.546749293465227
0.747661299822225
0.585016558493852
0.677635316305956
0.793901115752259
0.726903500420741
0.724958270547585
0.711054551600213
0.642942369860065
0.510200462858818
0.724415414992998
0.592240726267814
0.590833679884158
0.783450953209403
0.683368125356998
0.544236835589802
0.549837057869905
0.804631316837136
0.529447651627199
0.69830759005336
0.626546816023514
0.842839891927202
0.751582792035926
0.674168982108672
0.730924426485452
0.684369603033354
0.763602960570062
0.851205385694231
0.651654624550348
0.759819995085624
0.833611694530557
0.85783469072534
0.716539795649581
0.802192048690346
0.806342907746313
0.684501036944272
0.813444040873025
0.701171428388897
0.681992312698084
0.72600995696485
0.81240391877676
0.808590688399904
0.678338427991085
0.767949987125513
0.710683373307128
0.71387457090573
0.694912787501095
0.682134483333418
0.876454795682223
0.823712336299651
0.708547214629266
0.780473615005994
0.783649615828146
0.72044845012279
0.782345256194793
0.829822582628037
0.751192703338218
0.86918814905934
0.823526973850906
0.859554958514971
0.853375532030835
0.689857096305454
0.807368467269465
0.827658180068187
0.735553866412206
0.90761819184368
0.732188738446415
0.89608054602481
0.855762098364211
0.946136254587876
0.872886023536325
0.84927912027755
0.735842423690418
0.744334605978188
0.740847875284596
0.85942536465779
0.87914638629774
0.731333543316763
0.885337524776098
0.750605873265414
0.948847325047983
0.890765377816326
0.677871925531726
0.914328122944442
0.748986134095618
0.672990168858146
0.735783476047339
0.754511477265106
0.961857469177922
0.964790226870716
0.920413593150557
0.808337571165487
0.794284307026746
0.740485321844388
0.970517853769489
0.830697850228695
0.861145158366013
0.826910981921882
0.874362029936268
0.788671012966422
0.862088761876781
0.869841251991257
0.806981415514214
0.814777159171807
0.973625870695008
0.72226259438833
0.984543151316111
0.911717782104581
0.830328644235192
0.794809975715956
0.717694260449203
0.723212047519269
0.909955824252137
0.877568046542649
0.889718734859508
1.0137617901834
0.854047190631447
0.890824692176187
0.958494764219112
0.865497236995004
0.768562199880002
0.894492907016723
0.898689121117027
0.939916522366433
0.985881807359312
0.979802994609381
1.07383241311719
0.967527455818599
0.946108571057396
0.890660144599437
0.983024092132665
0.989181409068059
0.917610531616455
1.00970585028673
0.83917866999072
1.1466737197048
0.98264701877568
0.774439752341791
0.966968314173067
0.893235482337293
0.750072581448614
0.895794155643373
0.954697139459009
0.910122654210452
0.83756444164902
1.01683538467424
0.978152421751697
1.01254401389486
0.936401109607749
1.09324954334029
0.800450181231654
0.987455009556941
0.88963323366413
0.864995937789965
0.865848048599878
1.06897096327818
0.892977140820595
0.970312695832847
0.997348599940215
0.907619246972626
0.948985279905581
1.06275624384206
0.95728293880217
0.919951531299279
0.919769551767134
0.985151521140501
1.0732135664514
0.989704224406517
1.05825732220065
0.909929935937432
0.962926450929892
1.04146337034505
1.00576356515473
1.03619545632344
1.00132435906784
