-1.03843691185174
-0.766801462698624
-0.974755267445521
-0.849311316811211
-0.96617265410016
-0.91650916218757
-0.863265310959875
-0.901096948861888
-1.02244903456835
-0.945806905936056
-0.836856142692922
-0.892007526023978
-1.06835737674924
-0.956073027855656
-0.931931403150238
-0.999129752431635
-0.87124900421797
-1.05173989229062
-0.869826177505314
-0.919434249264164
-0.89701617192963
-1.09431703524177
-0.882283399561116
-0.819322229715305
-0.932168065114733
-0.984999459045513
-0.887979826640404
-1.01482480979302
-0.732664699887921
-0.924496184785265
-0.860841526126191
-1.04611477029126
-1.0086165966017
-0.816324448768896
-1.07146336786916
-0.86564642729393
-1.00361941487675
-0.829658570590749
-0.911560215129374
-0.9666343250619
-0.814337363371408
-0.908901564952853
-0.957488583466056
-1.04407319715582
-0.939694160781143
-1.01997525916321
-0.871693491297777
-0.91899775678748
-0.891323732574447
-0.894836261775758
-0.940545050771611
-0.811519620522712
-0.897117831048357
-0.68607056943484
-0.954203832130524
-0.746793812974192
-1.09117327754437
-0.928926095131769
-1.02760683103663
-0.870689528961938
-0.895038686104343
-0.796858064803214
-0.843448690099372
-0.880146687340605
-0.805815615897979
-0.969203688052915
-0.846538562006689
-0.874109378563219
-0.789747150751705
-0.733462121920436
-0.873138127770031
-0.796798609689882
-0.774042429631041
-0.877375357960666
-0.905574282299511
-0.876659035428212
-0.895974715119292
-0.810375515124459
-0.835410538571021
-0.968886782691567
-0.696926314917551
-0.819136465717949
-0.894051097663861
-0.906172381792398
-0.928968629918609
-0.781734067250473
-0.818636392961606
-1.00297468650766
-0.94999631101868
-0.764189745405116
-0.907579463843161
-0.810434341136977
-0.949252588153469
-0.764283586635792
-0.851810884375383
-0.978121849070729
-0.824076000728306
-0.766924261194993
-0.842647232779188
-0.780960553786383
-0.83997147405408
-0.790409866303062
-0.683345775635955
-0.796326913807193
-0.903400739183493
-0.826780718910369
-0.853563403079323
-0.802976681013598
-0.685335438509404
-0.804820488695715
-0.722905774197652
-0.762530016494141
-0.829223593209429
-0.783272436961682
-0.818332601406013
-0.72826976579502
-0.688920636469869
-0.754758184165394
-0.850334946532347
-0.765789176805849
-0.874510644110007
-0.692417198132499
-0.762237356455456
-0.769367130497328
-0.822871098384329
-0.704639068326502
-0.703889905976062
-0.70635493120077
-0.703649462400309
-0.573046884294979
-0.823446002291683
-0.922899207200809
-0.686785446006369
-0.795161897198477
-0.594973529364012
-0.723011424018027
-0.710978868917287
-0.503381302916991
-0.673266352707354
-0.634188697729916
-0.72828843405581
-0.690747543182393
-0.55534817904382
-0.685811866516003
-0.754425806337247
-0.699909161895007
-0.713660096582103
-0.565419648032013
-0.718547538633709
-0.682038030205182
-0.716824625550379
-0.891956363465812
-0.752931822035443
-0.636816050980268
-0.647136707777042
-0.667956330307103
-0.661474344339612
-0.651946982918968
-0.772435921409242
-0.655359592205564
-0.599190539090523
-0.589237515438043
-0.723457543584217
-0.644991168822869
-0.593198315100357
-0.610001238474456
-0.653245309290887
-0.474769907361732
-0.612189000103465
-0.596381464967066
-0.567407795775511
-0.586936720796272
-0.678705803724113
-0.540085656677134
-0.757176660609847
-0.635766238370308
-0.724887627536296
-0.509394392896528
-0.533175650061311
-0.691495292808118
-0.551821746482976
-0.529289624326477
-0.674975999621811
-0.521705352648254
-0.526821900539572
-0.837834639779232
-0.675143597087441
-0.532017052837838
-0.639736450181121
-0.538507275693609
-0.660213949207434
-0.597722228917685
-0.655713140100855
-0.738095173218003
-0.679870111624043
-0.715286626518455
-0.546738478471458
-0.781185550909549
-0.65306694459468
-0.64027055143804
-0.73599960495424
-0.68653985037351
-0.545124681160031
-0.513222538983901
-0.705329167808131
-0.61399544277386
-0.589237702836884
-0.610850396612623
-0.53308376446307
-0.63807011345976
-0.643801704865373
-0.491139348293096
-0.466676479736433
-0.48664738518976
-0.546888024159954
-0.541348451932895
-0.627157204594175
-0.464133896905701
-0.533104587893184
-0.490920259428243
-0.628672517595027
-0.515934436740935
-0.579234011872296
-0.507101400670822
-0.685455331307501
-0.500255942630716
-0.518832802678259
-0.549457065564737
-0.53488617075003
-0.649705691181396
-0.579871302296612
-0.597166918288943
-0.526701508344989
-0.728749291297609
-0.514326976865136
-0.499846378286429
-0.562216942987542
-0.393543161774534
-0.55088684542837
-0.652280609432138
-0.474389848445588
-0.563245625339766
-0.479689448227868
-0.584426574871886
-0.48834892552436
-0.45669677736924
-0.421799547018428
-0.644905727194316
-0.396323848686072
-0.569967111670187
-0.474781414605613
-0.560068778517352
-0.375563773894035
-0.555358135705784
-0.344058182610286
-0.358270315855949
-0.439506754991463
-0.505085295508874
-0.542396273562078
-0.387170484610969
-0.481289632369584
-0.448726843407849
-0.485897877069133
-0.402448429114978
-0.48330559054017
-0.608625304988627
-0.348535470453807
-0.48258837664597
-0.366848906055136
-0.554483935041324
-0.468667430514067
-0.33977768274418
-0.453356479699854
-0.467463305085726
-0.590810755263173
-0.446979827787877
-0.41273190690339
-0.477515025237004
-0.319926748573704
-0.384244313127016
-0.525474421754801
-0.465487361366725
-0.383379593895693
-0.324066816908329
-0.27328184456861
-0.289029458726503
-0.400563990767429
-0.374765368010847
-0.332992525995909
-0.325694302641616
-0.307744066720512
-0.439903665580893
-0.391524733507632
-0.422533823681479
-0.336393829555736
-0.445559907469746
-0.525380159354742
-0.36398395470557
-0.184673748187152
-0.422113655310482
-0.336328612494274
-0.364347570652527
-0.340216481047985
-0.454372920290577
-0.370052736692012
-0.442004807689357
-0.442482054774375
-0.514854502296607
-0.34234723570537
-0.415417877191054
-0.335587091727302
-0.442031898793055
-0.406939538600883
-0.406800528923392
-0.407896411915283
-0.366765106027407
-0.528338592827094
-0.322046394420932
-0.346445771459023
-0.382448779030161
-0.346641998139395
-0.502538834658541
-0.407855634723044
-0.226491345592374
-0.348480533652379
-0.374241926199961
-0.286259074255633
-0.374702483582594
-0.485547325268617
-0.328523422014087
-0.314447088327653
-0.29809505229234
-0.218646615123706
-0.43157037628548
-0.377235448496602
-0.316613028529534
-0.377223531504625
-0.311203812836856
-0.264466595354856
-0.338278128400996
-0.334487591216291
-0.457730991303554
-0.216429774596027
-0.166285199476506
-0.227876210910718
-0.29613406681571
-0.320732267925709
-0.209378348655991
-0.246564201179136
-0.433982439974615
-0.215218318491545
-0.279007705170061
-0.423743794017231
-0.332323720726277
-0.32084391380763
-0.231934547659487
-0.261575355548991
-0.278419896803473
-0.256950174383613
-0.419846055044378
-0.242060332508726
-0.189590410712148
-0.32443565734009
-0.262247773418205
-0.363087974140985
-0.244530319752031
-0.340061867769767
-0.392477358806224
-0.301254466079237
-0.102943675414524
-0.307613766722235
-0.183346494311317
-0.287480558526257
-0.204740538070371
-0.267508460969007
-0.265906139380088
-0.216831869117386
-0.1952497059322
-0.168674724006503
-0.263527424754168
-0.390553899983037
-0.158131059788507
-0.223489390620332
-0.237312668495042
-0.187887207504501
-0.362708163114715
-0.168334409408762
-0.0790866380615037
-0.385569422106495
-0.245051923128542
-0.220274375281361
-0.121538602725866
-0.226465929042954
-0.28263448152477
-0.240528470633458
-0.396316117381611
-0.144359542404617
-0.264542201402623
-0.166275415634416
-0.201326630308013
-0.267185484128524
-0.172628356998643
-0.249166699711438
-0.272887821001062
-0.136811381272291
-0.115787752926868
-0.263302128287375
-0.099087712208147
-0.196491054373848
-0.0826358772634585
-0.134765161022904
-0.128551962068386
-0.291964901495956
-0.172412032454783
-0.283595938420055
-0.257274472344653
-0.108110130540603
-0.156233285263978
-0.0912085459781791
-0.114895571767991
-0.188678337320733
-0.0712192434714672
-0.191390388774524
-0.21878604955984
-0.0897795155300173
-0.168300913353397
-0.0347294208560937
0.0357826723086313
-0.0834254242472626
-0.154225245888129
-0.138292968805688
-0.192410655520844
-0.0642522405464402
-0.110545605296083
-0.136040849972117
-0.131095775378427
-0.0994637882908783
-0.0619440303215026
-0.14549217367794
-0.276410239690028
-0.199710921673208
-0.116000062477101
-0.0676175103764593
-0.063499828751328
-0.264028811947579
-0.0472489528396461
-0.0906674882064912
0.0243474925177851
-0.201151010382483
-0.224754508880183
-0.0332848697735723
-0.0865652236946922
-0.0740222261315794
-0.138077664666731
-0.0769396705219021
-0.155948538219538
-0.0220709799371483
-0.205014520408303
-0.130286714696934
-0.0922922149852353
0.0383735543403554
-0.0064941505885836
-0.161821890744984
-0.0948606095520141
-0.176007983767922
-0.119335381626411
-0.259616625587157
-0.0775696383842073
-0.0190980505142765
0.0452585730644906
-0.0713210983947747
0.0564987124165909
-0.169873878080243
0.014756911051885
-0.0375425013479551
-0.172739190857065
-0.184008563839095
-0.202074248018554
-0.0188358357211434
-0.141079772282916
-0.0271908973271527
0.0308149321505728
0.00994096231891849
-0.0700399976726088
-0.145866168028782
-0.0294070153082216
0.0304383034282894
-0.155872714143563
-0.0629507125245565
-0.0960536494784442
-0.100074187581198
-0.0115865739669004
-0.0535364345516715
-0.0952762725691702
-0.0445884385760629
0.0123328411525004
-0.0608911302021013
-0.0123406955777725
0.136360240499417
0.0578584538053152
0.103963011448726
0.0848791652593549
0.299403384907531
-0.0773481857425365
-0.0172213476846492
0.0408271046023094
0.00676192195182808
0.0457191620566973
-0.0303102286914608
-0.0326481305498331
0.112798297033006
-0.0429156971589833
0.0755846950064817
-0.0163648255285804
0.0612610149537716
0.0273570706527598
-0.0156549391406992
-0.0605805405622686
0.0946951434531346
0.0281043278389803
0.000887186395192048
-0.0240853498157694
0.08160972456384
0.00302739966708927
0.0671545940419246
0.0617288778274918
0.0173835503631851
-0.0751145200841249
0.0555741494875089
-0.0405549106290718
-0.0671296772243484
0.0751842898610004
0.0363029905144101
0.300829692608071
-0.00296725624359568
-0.00245289064828846
0.0840812639446056
-0.0102491245980283
0.0244301278789415
0.170866197497295
0.121255965826808
-0.0220251392790821
0.174491727563711
-0.00273809285955927
0.0290995645472179
-0.0137369359185809
-0.0172273889944368
-0.109047262485327
0.0431064086430649
0.0159540759458655
0.159753003657062
0.0345846855641737
-0.0114743968046016
0.00614762759123969
0.0996931919267737
-0.0343963558238465
0.0923508984701187
0.0819841324413853
0.119497307757744
0.141534555359709
0.0992933123278623
0.0460056382928896
0.120605791196829
0.139920285414497
0.0628039108106293
0.2898704568947
0.163983247738369
0.132833251823189
0.227574486924196
0.165988297573553
0.273374399649068
0.12832136579045
0.232585648763976
0.259692878477894
0.141112258114952
0.241871756280125
0.117026939415642
0.0719835453470037
0.078461797954283
0.233848502536341
0.155239619933925
0.0357243140729478
0.172252479704756
0.036589601379654
0.0893467720154125
0.190753195732637
0.173946883655718
0.149672319044517
0.0753060076493117
0.0581664616353924
0.116226142728482
0.171433556307627
0.191618847935943
0.0608880667946546
0.099860685762955
0.228531781471514
0.325544035986271
0.223425653502331
0.184575037282502
0.226480920420684
-0.00339946971577097
0.258507310620046
0.205829722646674
0.333598825335535
0.228117972055583
0.334162646725855
0.188000466528773
0.322701101220381
0.218322764771896
0.0739296010691638
0.259998705994088
0.254425177708899
0.153901985647999
0.214467465339986
0.15366427450937
0.25206566450863
0.186724189453139
0.392488782707281
0.383601672261369
0.100275822650234
0.392905793912731
0.253928040053534
0.173038937537629
0.302786508905626
0.328060590870203
0.114122075763029
0.213661227961422
0.170194147213847
0.171867116291906
0.128803212566036
0.252961158026245
0.362749409195511
0.308088044265471
0.317138204255379
0.268058352754023
0.190460219456087
0.278125431893147
0.172796699103245
0.248905105960319
0.151247052195734
0.439273599517882
0.323393692582868
0.184616230645992
0.313268306182628
0.338894502796574
0.249999531519263
0.255040434952651
0.3816485879188
0.121502083672799
0.184368581657834
0.427394476194198
0.31592091274246
0.489452979521089
0.323674697864753
0.393815111672512
0.362007455560444
0.292721178109898
0.297693566114382
0.283718961278913
0.371311504470079
0.463566804792803
0.293174051385819
0.369277679391427
0.333371819657035
0.353337913568757
0.413426291074507
0.312907175812073
0.197255728295722
0.416283992529972
0.358425291187978
0.155435295911331
0.536520869985475
0.374859232319805
0.338499782979299
0.341177936634558
0.347343725751906
0.488247301322731
0.414165459607636
0.517317223890828
0.378699742606208
0.386408871811703
0.435954649019888
0.401866686336075
0.449727260530242
0.400068755838467
0.481452453887844
0.438533868374827
0.430327195977272
0.353988467140778
0.269287273301149
0.396961064279927
0.346300078020395
0.387695783311868
0.321762709273213
0.437684068154097
0.271958960400235
0.406325522010605
0.459360857967638
0.439496640936949
0.419642469179253
0.433029697792898
0.26627589528231
0.348935613514129
0.3153512356952
0.479486316163777
0.499105433936685
0.49060326490731
0.446885838226984
0.558032453494695
0.451287743240826
0.418003504129407
0.514412101837035
0.548312093267159
0.493317476893332
0.38398308138011
0.490184610283904
0.332388649799095
0.352136223247506
0.434830181901625
0.455976048250437
0.533030909137273
0.417015041469736
0.438274873605227
0.431563283922599
0.421761224036598
0.469832519864122
0.420239949043835
0.438024405336475
0.552473681785974
0.575358213782591
0.482346088042762
0.42967446913096
0.451387584496031
0.515839681503048
0.390166657487209
0.507499221613342
0.32495076949081
0.550386312100305
0.538131655123538
0.484501092436973
0.381019395170476
0.566557627774884
0.389235158825673
0.643380113702506
0.695069444541017
0.735398120012852
0.399059916500756
0.379666371052702
0.579964421504427
0.451457077471771
0.448059102392011
0.537215165390925
0.348649790934636
0.398698155611995
0.5188251815719
0.451665467450464
0.488494276803017
0.361140349407587
0.489418316603623
0.589619817287527
0.508830312757995
0.37549568208106
0.515030477730331
0.569003028813676
0.432329510168678
0.409005223876043
0.398700674992238
0.564710824623563
0.48945945825323
0.560931423368063
0.567241553310872
0.562103822137056
0.399493074119104
0.459732159306398
0.671289956059297
0.567345974052954
0.604804400805377
0.546569678473109
0.487526810215118
0.695648348462459
0.560033986740103
0.604495951037283
0.361595701697665
0.709062789813152
0.503025162218485
0.628745078097643
0.63123786869643
0.570980258768579
0.50002005113947
0.550762392266848
0.444224000131348
0.622817741609043
0.677992190751469
0.667522626878135
0.532664267897423
0.535932120177941
0.397455396166344
0.595332683728552
0.52949126017288
0.646678515924832
0.586095681145291
0.65091522970381
0.667305677281762
0.638150067026914
0.482411916145979
0.732516250133112
0.744720837124669
0.611317186670856
0.433157919927776
0.75289277778134
0.687615028285414
0.538127715297392
0.709942107305101
0.576048551630996
0.421417139755843
0.552926441133366
0.519149568527766
0.561413114664856
0.662455287623603
0.70469315143772
0.521336278661442
0.681486514272939
0.472935908246898
0.692522065242742
0.678678898925346
0.590452685293758
0.669792134130345
0.576267290367675
0.798682069543929
0.748613027334902
0.729760601354628
0.643420344970497
0.677632492425549
0.575503986074984
0.706170144194881
0.633307623535797
0.390505707863648
0.729015317001932
0.623311985025587
0.616262435302784
0.563463834297037
0.612867281332436
0.722655132455566
0.747560589196817
0.546766600037971
0.684431476155983
0.678283572359901
0.754300705774171
0.614934194467407
0.670372446131856
0.568916669896598
0.797031544671829
0.825888950719856
0.872338617342174
0.694906205316679
0.809759326091878
0.661453893949082
0.840787136288741
0.674786228173874
0.710845562585668
0.780829195361359
0.716480788820157
0.677072486001783
0.759995424340755
0.728105871664909
0.708384061523244
0.651020686333139
0.664075259762536
0.750613784745425
0.885529314606076
0.817832129327053
0.968143080041584
0.880538281427663
0.768090510684419
0.800946737531051
0.817136016488582
0.752363432720235
0.8973260996865
0.865213232670549
0.727216782694744
0.643822839501262
0.8543414977546
0.887575471199074
0.693537531576629
0.759127791260479
0.763210856469784
0.831850748147989
0.865186562637064
0.579124853237406
0.564191502228419
0.778043877472573
0.744976277599329
0.806307280188877
0.726095394283616
0.697050049418528
0.807480678027389
0.72126549598441
0.664230847663493
0.845066942605767
0.767573760124236
0.729763358505555
0.823171441986107
0.752136034882816
0.765117592225836
0.822395901148705
0.904417533308424
0.862825678544336
0.842883993258495
0.795758824829966
0.751395987302845
0.937041143845619
0.836808681979606
0.810084391973517
0.859088352006078
0.668696544216536
0.805098430436785
0.900439235225844
0.842334795437706
0.834777411163413
0.74034835133996
0.816106129541325
0.780925268305862
0.782156870699471
0.867411847080364
0.676022944331604
0.799250113612623
0.801053796367145
0.742816762927576
0.920021734379065
0.764093371059106
0.82314057641157
0.956944549035904
0.94184962364141
0.930570780754054
0.819904352625622
0.920088293304465
0.891873030555366
0.893012870742217
0.79183144329732
0.805841095427872
1.01471306333917
0.936252067865875
0.818079806564648
0.84420755631502
0.929803780494782
0.972390319263308
0.94764669924923
0.909568060561076
0.800904898025369
0.906535258202609
0.970304954953203
0.871279762754481
0.890487981603096
0.944721319655611
0.925517983580897
0.84148545782433
0.948582129837033
0.892025030069207
0.82407909242672
1.02853110262403
0.915774550180349
0.857627206209826
0.963020275875641
0.847227989250136
0.940650271447696
0.83338023172945
0.940186297633052
1.00456100856249
0.993426346165487
0.974316727430649
1.04182978196692
0.940180640993718
0.960756568541341
0.772574583450939
0.965731190306422
1.00625846752886
0.960912305380502
1.01289604813761
0.955511879657659
0.926293835365079
0.988141042028267
0.948929601702664
0.942471468785936
0.970769673394096
0.997184677720811
0.961655283628965
0.944606779063284
0.956147229501183
0.99935687563723
1.12149146099601
1.09538417509681
0.852356904133969
1.1030415222685
1.06366446516958
1.00138103481542
1.12636609025716
0.980100863061996
0.98577418599512
0.997035877948193
0.769544384874218
