-0.984605759898303
-0.865841904807002
-0.896869125010262
-0.903198859951668
-0.78731742436664
-0.978810315102329
-0.976546031001601
-0.95525194434603
-0.963499670463848
-0.93532968299393
-0.855911331724124
-0.911199667874847
-0.914670092257283
-1.0574846541171
-0.927075398322246
-0.906239770932139
-1.03823451420195
-0.920748734853015
-0.856958226745804
-1.11197747821369
-0.92870363260038
-0.937822688358135
-0.806642168736521
-0.949631727405746
-0.903472736650371
-0.970613826161397
-0.909003025674017
-0.918763123431701
-0.926275662684143
-0.873537704027359
-0.95867661381324
-1.13563067633042
-1.00391973508953
-0.937601339358398
-0.976461190801421
-1.00100434172925
-0.928441659055639
-0.86551298017166
-1.08371583551787
-0.917726919040285
-0.99281077488458
-0.835718219441602
-0.855511297851105
-0.865030501888343
-0.829109365893219
-1.00232378838462
-0.974311451040375
-1.04425046517242
-0.90318797523478
-0.850828431682742
-0.925316523251668
-0.92794062285279
-1.02744972849735
-0.922815605405927
-0.680625073723522
-0.783429637790654
-1.01402812788609
-0.863059593822265
-0.90611193192698
-0.780738578956362
-0.802609869387131
-0.956151915170971
-0.696643873934544
-0.992741300837958
-0.988143773224667
-0.793095306428033
-0.786529755998401
-0.882534005951303
-0.872112486669362
-0.866992688783936
-0.834771652230777
-1.03929644126472
-0.936438878691126
-0.824525888014718
-0.882425949661895
-0.765545023622161
-1.02209008554903
-0.764707885436929
-0.788610391936095
-0.759347910596488
-0.782458003970392
-0.936718493744232
-0.742463791980405
-0.773261670766046
-0.910829114567572
-0.868282300293991
-0.684011576855625
-0.804843176246129
-0.77373413947427
-0.803527510821361
-0.942081047502682
-0.574561120765528
-0.786482635961526
-0.836354932938418
-0.726845049333821
-0.811132443617366
-0.845245180635906
-0.875288401475808
-0.879625436954213
-0.590364369634855
-0.877817865786928
-0.722337007696752
-0.710928280444458
-0.75397333102731
-0.972313456915019
-0.921842753462188
-0.78545853783309
-0.684213704826784
-0.736258016759421
-0.905466682646388
-0.606005941335283
-0.688825620296666
-0.784251138856615
-0.807141206469728
-0.823988707903711
-0.772101009158374
-0.746198809545995
-0.75488780636364
-0.814186708310714
-0.857814927904235
-0.706173624464834
-0.792853084360369
-0.782358494658306
-0.95785184120481
-0.786636468659638
-0.797100638974195
-0.761678350746435
-0.758633925952968
-0.637265135409216
-0.798015331028297
-0.762489276086935
-0.646734798671305
-0.953824078469882
-0.730970606817383
-0.737939699652583
-0.823919841680565
-0.540258900397788
-0.659356616419216
-0.800102129167282
-0.695382341654254
-0.778685516246582
-0.73981484927098
-0.736017848059154
-0.723872074589099
-0.744168222382898
-0.732320170455267
-0.494855594644877
-0.708770898778867
-0.770728963941573
-0.692365686667199
-0.679153635722813
-0.566473858304008
-0.727045157693339
-0.869576920912962
-0.609431809952156
-0.635177627506819
-0.604502794112619
-0.629367555112154
-0.800793695081456
-0.738348270536222
-0.785631526654294
-0.644824398874681
-0.561459318284188
-0.591096207029854
-0.684673167254223
-0.691333440448549
-0.708577156126843
-0.689887211603136
-0.610690227010286
-0.682923635954916
-0.515430032453399
-0.639837119121244
-0.608846920651599
-0.683963567505595
-0.628612775203236
-0.751589547696051
-0.507045193881426
-0.617888457026822
-0.69161758094932
-0.536269747690245
-0.661846998959011
-0.643749810618941
-0.619864545679942
-0.690479969190739
-0.582500876563595
-0.688926436245565
-0.743515022154464
-0.430725656794113
-0.533052131922627
-0.547569561289051
-0.637440271338169
-0.658416107854758
-0.647559044357858
-0.621938007267365
-0.547438572755933
-0.699294422947696
-0.672754157729762
-0.617977474425437
-0.647125041466391
-0.691413656996473
-0.673643546694173
-0.523387491952967
-0.613903985642639
-0.442991731494759
-0.669461516726168
-0.639993591602308
-0.556104607874937
-0.671422988202593
-0.572445440828279
-0.549382845904569
-0.468574972186448
-0.412052724916063
-0.449654421371492
-0.533160560883209
-0.559569198071695
-0.720258589428156
-0.47509420169647
-0.493358197312038
-0.478146730599346
-0.662344544760627
-0.685798635319772
-0.503917599412926
-0.61946165136728
-0.591931088978556
-0.567701636187863
-0.566375593802133
-0.556580341637862
-0.634726943353087
-0.62032179879466
-0.569033479169792
-0.412105027622859
-0.513255598342184
-0.39221627738834
-0.529524357347351
-0.511396497431827
-0.564328343079371
-0.394433314042821
-0.703290787320636
-0.655970115884993
-0.530426336549335
-0.593609978330768
-0.55168462311652
-0.501393907886058
-0.482152729190015
-0.473946067896941
-0.557650432300588
-0.375737052122235
-0.524440956147183
-0.449770142181752
-0.349344934913648
-0.573044969319554
-0.444785465224105
-0.458760059095127
-0.407224952969752
-0.600904933432282
-0.525014532590987
-0.565707073218226
-0.456708196454014
-0.640888531392247
-0.581912534271231
-0.42328398607769
-0.432880566633956
-0.563577017165558
-0.424570066231815
-0.41246628925764
-0.536923281225948
-0.514612378999429
-0.381663096590909
-0.654770396982136
-0.524760782213891
-0.503290163540907
-0.424192928031113
-0.443007252859354
-0.415349153370611
-0.417197276826013
-0.423696801377039
-0.51552149071033
-0.407328575526409
-0.534745226004126
-0.638319753945884
-0.404156906189206
-0.478683651285286
-0.425719485277966
-0.382057254636623
-0.484280069160471
-0.519561239483462
-0.463846079214075
-0.439720780495369
-0.457097262212615
-0.569022193221479
-0.359833298038113
-0.421665005277853
-0.502366155928962
-0.464164443051028
-0.495719213582861
-0.3401988201007
-0.564704424198853
-0.252014586293959
-0.373895528274235
-0.463164044480165
-0.415332036586611
-0.442009848150676
-0.53967708861094
-0.346107534980126
-0.415061295893097
-0.43979495700424
-0.310566286753429
-0.563929517680447
-0.394718971040812
-0.391112971237325
-0.367442878137851
-0.413251858934678
-0.437347564639637
-0.341918731463011
-0.360783804431903
-0.379978354798296
-0.422616154733469
-0.391208455155579
-0.395045846711539
-0.353979736979608
-0.370937986616913
-0.398168957449499
-0.327273826051811
-0.352258179490554
-0.378102851382624
-0.586623102047257
-0.353078660584941
-0.262946422019933
-0.383061874330672
-0.303670838906177
-0.379809368169644
-0.400197850832433
-0.403542952475565
-0.410781618416516
-0.443075860886941
-0.458819644331011
-0.30907049114878
-0.306236591224521
-0.40443226242453
-0.427136745267166
-0.321873512523278
-0.185581219181163
-0.53543746509091
-0.252788321381697
-0.297133940248807
-0.221508598895523
-0.172047152955453
-0.270733127290823
-0.303206352696069
-0.336054130058006
-0.35105461430834
-0.34831540664183
-0.325913884061452
-0.157228712229277
-0.382303320439967
-0.471442781443046
-0.331108181215683
-0.298499154965761
-0.337862266103246
-0.403402708374158
-0.150306544842055
-0.376801777523885
-0.358249776214836
-0.376201408838591
-0.173811263916946
-0.306132240257525
-0.277572616907026
-0.270373955406786
-0.346316889637854
-0.290365911863097
-0.149844193108843
-0.298028580518427
-0.235526769214566
-0.322168111032886
-0.371104052453006
-0.2460612390041
-0.299436958078796
-0.288874767542085
-0.216041685876359
-0.33369131385908
-0.219839587374683
-0.0850677653842524
-0.0963259204225628
-0.150504604114615
-0.318147278651709
-0.229847417223549
-0.178388522440178
-0.204870614040877
-0.0774318867466286
-0.253022589153196
-0.216083884203646
-0.276547225449212
-0.229753434716409
-0.215182264716238
-0.234566961201509
-0.236817915906418
-0.215069065933369
-0.239509827189751
-0.23730651067745
-0.0665909941564482
-0.286818324707575
-0.236004528879267
-0.17985260002412
-0.22111905883124
-0.212750675218412
-0.189746996209888
-0.125977189624246
-0.423972906018662
-0.223201062592392
-0.166262706271787
-0.156468205883348
-0.165580742146168
-0.234399805817903
-0.198765225441262
-0.142847532070301
-0.122160308224174
-0.21535327015498
-0.219626829799511
-0.120967364227729
-0.203062660815337
-0.217878249558658
-0.066330322814224
-0.0922654146053203
-0.149897321971351
-0.122737601820031
-0.187025961740603
0.037548507581001
-0.264129851052427
-0.222823623581315
-0.139002825863957
-0.109360423076443
-0.213047965334859
-0.15760606587991
0.077661159695511
-0.0603509613411205
-0.19718881161942
-0.208224975880904
-0.149354507263768
-0.0558140426887017
-0.169086129569511
-0.161326279252641
-0.192407555398654
-0.0277691881242566
-0.0110699874783049
0.00635719733835837
-0.160635404108329
0.0116283025441455
0.0159899779310067
-0.0914830499377049
-0.176902924378422
-0.146346825545702
-0.124261461508501
-0.026297346505251
-0.105259738082295
0.0833182867587301
-0.141513072493188
-0.11167556663645
0.00608123376045994
-0.0416286649331565
-0.0782322340543424
-0.0460802130089412
-0.138100177523118
-0.201050122490153
-0.0774168085663639
-0.160589574656506
-0.0567502210938731
-0.0626372067774934
-0.218140554344328
-0.0496557192847948
-0.188803965030419
-0.0181279725388141
-0.0198015024565859
-0.0455639022109028
-0.136561694698784
-0.0387135559171001
0.043131209862228
-0.101722838221972
-0.0232750700729542
0.0845429762274126
0.00328702427809529
-0.0736365011838184
0.0288527832832789
-0.120172429749497
0.0326392314682601
-0.0186488429877976
0.122351813207751
-0.173533105997657
0.00713662005740192
-0.0624016282368622
-0.0637014561876796
0.0475319786069879
0.0262089805980956
-0.0635999796250808
0.0121899871550051
0.0634353386881692
-0.0978319701029521
0.123618785525638
-0.0347006686110166
0.0877731289565607
-0.0143529959333337
-0.0200508592696668
-0.0328017938514
0.144656592315198
0.0524656632979413
0.0299053310014463
-0.216275424635379
-0.0388298170706332
0.079158135251629
-0.00612470808796679
-0.0523267313202701
0.0823828579080047
0.0740122130301027
0.076981918566502
0.116558876600083
0.00738866137229163
0.121340132756911
-0.0402260814512682
-0.00962934422029388
0.128328093121184
0.0980641120501599
-0.0406718982596728
0.0450330120934483
0.182282767777385
0.0870717697776657
0.0771215226926403
0.143512980077878
0.00315198042844125
-0.0213813973403808
0.00918811251474472
0.0883824187051095
0.0643347361296059
0.138170747231058
0.228833607642221
0.246925482345122
-0.0954566809354922
0.192669283664328
-0.0396887672911084
-0.0139455700350213
0.12488754812343
0.184746521528025
0.00680723523363989
0.227060593516954
0.011883018659571
0.0375436528145666
-0.0727767114611492
0.172197825276602
0.175398187638559
0.117923235354371
0.0511455834064917
0.0923245882771509
-0.0556633944186029
-0.014228941959082
0.0671244135725478
0.252836828732371
0.139634382480408
-0.0132734966462146
0.271392243108875
0.0785239375462432
0.0895265801484351
0.236489211224702
0.132279277782583
0.158991371980919
-0.0347887705283412
0.0425397143988027
0.0245340538193261
0.226245268766955
0.0722940431940628
0.208355490970287
0.00909037589529698
0.140644571388638
0.242499930277545
0.0808453056453065
0.0840764494688363
0.214658370501075
0.229689528937905
0.126379041483581
0.145407322618435
0.141181920172044
0.110846639591573
0.188496371734089
0.233034165592228
0.199307930946362
0.0805398291182577
0.13963482066956
0.0743325938487501
0.0878434290701723
0.176538030846852
0.273260890638969
0.204364050989807
0.197582008598493
0.0295173589506985
0.232050892636337
0.19188181257181
0.151438213345942
0.158693743315198
0.082611979856201
0.204051605311621
0.224230402067619
0.319281297850095
0.262971864119212
0.261574250743859
0.147914698873959
0.133618641327598
0.14527342829888
0.126817464316548
0.287032352753268
0.185383039750614
0.321159368193547
0.330684902234514
0.399331799733857
0.128115445051206
0.203173923159625
0.266002523118629
0.231059784777803
0.0951936403126026
0.235971873071102
0.176472543760774
0.0634478968333231
0.277913264952838
0.120415569283195
0.158181256735374
0.25068999103706
0.275209575679425
0.307032501678462
0.411083117332142
0.108056836393648
0.32327644722424
0.293014180866013
0.19109704227256
0.1149798229775
0.199227625616475
0.235355524682917
0.244672821051723
0.311492590625638
0.226900394198989
0.277740916894901
0.396910478344966
0.271155714427131
0.157140887504608
0.20140685606241
0.182709393314745
0.322955866599837
0.243912201881416
0.378348211702836
0.216493121367335
0.301013825275583
0.309978700341489
0.122095528333791
0.255179342485559
0.293784078239862
0.337990545528111
0.144799822182151
0.2788194185301
0.244673160976498
0.467460597329667
0.347852493498408
0.384984622384323
0.521237989940664
0.366235313654091
0.311175660697542
0.245092622825473
0.351711812590726
0.487477621827358
0.269680272697914
0.190860630662321
0.401444563541941
0.424184923849826
0.35314674554581
0.353739613176088
0.2241252128436
0.243215897485251
0.35879854117086
0.331031874829899
0.285592870086878
0.333482835015041
0.491343849696791
0.480960770541108
0.270499656519225
0.276794594325066
0.300511304515574
0.269988805658028
0.358733547712004
0.221993993544657
0.439529586395245
0.362874077832901
0.353497964747942
0.436440928543415
0.438141614049625
0.409271522335649
0.475198821030516
0.524617351373996
0.429805252824335
0.310757798289142
0.365932206411571
0.382806806022541
0.443747409069852
0.336811932609196
0.224965534169952
0.314595335608343
0.436571219748531
0.383240367652166
0.441849701166695
0.43588888180496
0.448041171932075
0.353662398304075
0.44256901548533
0.255852666890552
0.430831074733482
0.381434526435668
0.597615927167419
0.547541837141967
0.377469920093876
0.269322686074518
0.371793162843996
0.452457770023612
0.433642590613228
0.409038331842865
0.416306237838121
0.494479652841981
0.578343173000586
0.453840624591376
0.547653998321015
0.43955584921063
0.271596129281575
0.544887600358501
0.542658933456209
0.470433697684142
0.439852283875307
0.290506122967877
0.29616185851495
0.404387582504873
0.48948888054981
0.439986059116309
0.450796004597041
0.344900075867085
0.362226016632083
0.456765605546067
0.548743671927196
0.501399911792275
0.326274800115964
0.494930483906201
0.373475681853577
0.377555256390557
0.392673001306096
0.541766739765247
0.57891803105754
0.269318682793597
0.3957943874648
0.541275144108374
0.542358303172985
0.47226886389603
0.516554601044754
0.431732475439115
0.462166324192283
0.609801228199789
0.365994846215032
0.630597163297066
0.516972409705108
0.356510227429307
0.461526974971158
0.618597179237992
0.585040555038818
0.534353929156444
0.500126374514844
0.484384700529383
0.622030074556586
0.539732236985876
0.638676048166885
0.58687157154761
0.611543440366075
0.472716008490403
0.523063653972778
0.501476244093011
0.503204978244655
0.776874545541965
0.593755960575871
0.48994647879044
0.403425656085058
0.539815885699622
0.658081766796045
0.540547608688356
0.642962445192556
0.448485116092324
0.590227945034076
0.740454503194937
0.602762131467323
0.596443733901419
0.673391800479945
0.623093193286029
0.569234259247947
0.768481529212226
0.492415341680533
0.623378511243289
0.521979207039444
0.574085281845293
0.539298896606832
0.661324097739013
0.643606954803412
0.615015137296943
0.536919295736549
0.595760245002694
0.486430368904639
0.602859052317526
0.716650461381945
0.614041626694414
0.616283484413983
0.561188032448827
0.484225895700565
0.646704631148415
0.567440809987284
0.829881805660438
0.632274719242661
0.503944237750657
0.60544557909176
0.581234435470358
0.722112451580818
0.581624006959938
0.726574891896932
0.670121295870271
0.764064382724623
0.68065301977761
0.729713217715237
0.663120342761591
0.724838269825432
0.639969715608236
0.539882945511621
0.729858580900509
0.591391066020686
0.683337813721445
0.784381429583228
0.756954699079077
0.718030918455163
0.718787207440362
0.619727544718923
0.514971244050982
0.735775159045714
0.581087610490544
0.601433454045746
0.824239252261455
0.687534244797615
0.525326328106516
0.550212010854501
0.779312718940902
0.537187124572482
0.702673875453953
0.613898061385255
0.852563378515277
0.750485583089733
0.694418203238456
0.711193422171517
0.691603189345546
0.771049077432632
0.829325171150396
0.642300438344802
0.742502276100403
0.838997784829125
0.868131151572135
0.730865891463606
0.787487155310049
0.817491299285789
0.688735337785186
0.813001111097874
0.71207958006272
0.683791042358105
0.712204022020688
0.812569079587862
0.807290988910208
0.654702206438226
0.764179217903238
0.732489067687205
0.713528686944223
0.684672940025098
0.67410518744212
0.888828566640785
0.802954693115419
0.716173343702937
0.784320588677409
0.788695639996962
0.718996631764914
0.779422677207763
0.81756857174089
0.758808927439215
0.859367455630994
0.819270117232872
0.871623807613525
0.871660975493492
0.669816660568645
0.797638686887863
0.808562905452742
0.75094155552092
0.880225302874053
0.736839864697829
0.890827958121117
0.8509802570568
0.956987576130833
0.878618708396604
0.837932681101822
0.73944316732297
0.736120709211297
0.752054845055774
0.868534815586803
0.871239508792352
0.751460026340815
0.894297454958279
0.763423323338293
0.936278443906806
0.906258859828453
0.718223250569044
0.904051942763648
0.749496653077223
0.679243542534511
0.728950349248735
0.740095365777741
0.955183376053783
0.967444653663881
0.928802145214664
0.791516896533116
0.789504494868952
0.73667999486362
0.973616198306904
0.818839897745574
0.866157502073578
0.833908666763469
0.848305601915292
0.786864220892004
0.879444105778931
0.852058953180815
0.81013434639
0.822177169103535
0.990895376263413
0.744993906125892
0.986660678361202
0.873444298830485
0.827479000178952
0.802240249085744
0.736294975908511
0.739837055478594
0.883504515973911
0.90190419793512
0.892345079441669
0.99203434536685
0.856314875221919
0.899837387456529
0.948566121907277
0.851793059653659
0.774830379207633
0.904845206161627
0.882540583712502
0.94245846872388
0.991742739161228
0.973410876569324
1.06668851355093
0.969185592872583
0.963768259060215
0.885163642532078
0.96227579779997
0.971017619730692
0.912045519650493
0.995233896313635
0.843265383443938
1.14981281750574
0.996243394315657
0.780785673700783
0.974785817416802
0.913348925436488
0.751333417703106
0.913634628910428
0.94952249652761
0.889442236651478
0.81794791329647
1.00038599202008
0.981356584667049
1.02596954382816
0.943064071719154
1.09176496362585
0.817510816328484
0.9975681869103
0.917603857884484
0.859121956017902
0.86103167984714
1.09424110849124
0.903437650227725
0.96599718927059
1.01765052998041
0.898885734050574
0.941447259894752
1.07419176570406
0.940484801478068
0.949143321469255
0.927587285996864
0.992306175542817
1.0815536338765
0.991255603402316
1.0307755039794
0.920215943784877
0.960581525024432
1.04834262217995
1.01490669231206
1.02774560184772
1.00808278933572
