-1.12902870781979
-1.11705675194462
-1.02523104472858
-1.05352715811876
-0.97406990253078
-1.18553452801681
-1.05178997921974
-0.928921318961032
-1.0135331246313
-0.828556970258865
-0.904853082691367
-1.08783218642216
-1.01254686609596
-1.10483074095943
-0.95190089240323
-1.05394840350972
-0.997069859951465
-0.852535254095836
-0.921336012272349
-0.871849322312125
-0.899481218434591
-0.87527645146564
-1.00928197638138
-1.00930123408126
-0.989126898643397
-1.05977195845467
-0.880775632883862
-0.893753786561062
-0.833100370276633
-0.868296111577242
-0.840620128699379
-1.01067845473869
-1.00678962808636
-0.8433339644448
-0.913450841229601
-0.920123602567605
-0.928531097334748
-0.994738868332252
-0.84461962813067
-0.947884904420743
-0.9296553587332
-0.929414894512092
-0.940758693372207
-1.08697887286707
-0.746448691206344
-0.974888981247483
-0.907189003177455
-0.894729060581868
-0.892923122556458
-1.03041029633345
-0.748674570336249
-0.915562836942382
-0.876451547952456
-0.900917491460935
-0.868633555664835
-0.841708893828169
-0.919666567692522
-0.726552100485199
-1.01089265973777
-0.838444952394278
-0.935097161746429
-0.820030863764184
-0.840446297577193
-0.875643236050262
-0.744000107131292
-0.858135131846837
-0.924532023350329
-0.818848152015256
-0.805673051195549
-0.771628978940725
-0.842296388247191
-0.805002393577578
-0.933786662995204
-0.802719364736763
-0.871013431813817
-0.836934947244769
-0.872856364423279
-0.76020386401074
-0.882268538754566
-0.85902659638474
-0.942625251754464
-0.936032453620321
-0.859359178313218
-0.886897720453191
-0.676935579422577
-0.951043141283582
-0.803661884120944
-0.870973474005102
-0.943432671804119
-0.815047398335136
-0.845674185045344
-0.897590142277001
-0.955564898079015
-0.635194761600563
-0.808554310980227
-0.880044684974659
-0.743060979809143
-0.823955596290611
-0.862720949657182
-0.789536177987765
-0.938240973149735
-0.794144544970358
-0.736897813927407
-0.913124231701535
-0.740871317597856
-0.849230843380812
-0.841475070082322
-0.818427735407302
-0.757571279188272
-0.763617029492504
-0.727810735445608
-0.764320746483415
-0.659093758526931
-0.808828200191363
-0.726805304081283
-0.808439843249836
-0.824346081279447
-0.714715434795048
-0.668702217207115
-0.764237189930217
-0.718628903976529
-0.907928617452323
-0.659459331915725
-0.724276621667576
-0.684436161676385
-0.842622442553093
-0.783919101604306
-0.731387386909461
-0.820109522883426
-0.773852817988815
-0.667015418706038
-0.82042952830564
-0.684296248250812
-0.619430899652246
-0.713840731643332
-0.700553160773129
-0.776158947516267
-0.856999723304742
-0.719755008673199
-0.837471191711282
-0.818274766084846
-0.641582441571192
-0.630723492229105
-0.737764850391041
-0.62099197193566
-0.684461607524824
-0.518859072643688
-0.410804920808505
-0.646227169867722
-0.678886672911275
-0.629322304462638
-0.66561380938945
-0.744543683686051
-0.516048755136846
-0.580781688921463
-0.545475793240262
-0.644543544476553
-0.460131688597805
-0.737804432232079
-0.747893629475217
-0.572433558961714
-0.609461993997855
-0.585605501287191
-0.631849122845454
-0.680089267488133
-0.697273468389614
-0.74098870274689
-0.70059858748159
-0.639628900339856
-0.635408486787366
-0.555971654171999
-0.649833982006088
-0.642174713227259
-0.605120976540616
-0.617900948291338
-0.695029502801381
-0.700892552435941
-0.656426444802429
-0.55740031169556
-0.70474072728577
-0.654680107085159
-0.500940739680169
-0.678965724982943
-0.65075315841028
-0.518503447951399
-0.502854717385284
-0.706288603687954
-0.722238180304578
-0.604382630468144
-0.671546237435528
-0.647173165618362
-0.52965284537418
-0.633915147739989
-0.705577475032132
-0.654444168152683
-0.695974513267728
-0.605387649318038
-0.810536535802947
-0.538257633034987
-0.558285453011966
-0.47553502703483
-0.654124231368327
-0.495694676353323
-0.585355841033265
-0.670682061332882
-0.554985880420248
-0.599651670214155
-0.55174117884964
-0.615603582800259
-0.491513307648718
-0.532857144045886
-0.575058054305664
-0.629558112152588
-0.398295613681953
-0.439721462761786
-0.648391940532
-0.656245263654035
-0.695327879688775
-0.553745761424881
-0.532136284955171
-0.593096531745501
-0.424176374496657
-0.450866636032775
-0.689675082225601
-0.456125646560237
-0.726622533973928
-0.408962718868328
-0.59673397130062
-0.597310354713717
-0.508124280575268
-0.443346866484036
-0.568283113423092
-0.553967596002409
-0.671337580787302
-0.650261393004711
-0.613100770643783
-0.473234934499401
-0.468509973539265
-0.562479905915361
-0.340135932037553
-0.457151366584556
-0.612780962988864
-0.430568430616615
-0.468608137286854
-0.562495656949503
-0.537254239786654
-0.480051813660689
-0.506741801958829
-0.398810982423831
-0.517186057864231
-0.435399989277796
-0.457307573876318
-0.475739544440367
-0.618397082036475
-0.623460313824237
-0.52237714364949
-0.532983540436699
-0.471009468077251
-0.422897962895627
-0.542829173781836
-0.46586551082003
-0.53710953675874
-0.471665197463167
-0.524835131110151
-0.448373246531766
-0.331480803410843
-0.564871251080046
-0.426492762553669
-0.587705804801072
-0.619617578701817
-0.319660553676389
-0.483156067397484
-0.445533870904599
-0.420727855666457
-0.41282573119554
-0.46120456520412
-0.528545846437749
-0.394041260809194
-0.502651015930586
-0.422566986449653
-0.506668230331897
-0.411845746186515
-0.314875333225003
-0.492991925322354
-0.378252643135384
-0.476200282321091
-0.414322973377815
-0.411870270612909
-0.517416851355026
-0.35717419921237
-0.440596063424718
-0.344138163647484
-0.429333834782798
-0.395457467314354
-0.538902011467142
-0.624204742903175
-0.528359270210854
-0.392011164242544
-0.310184431768389
-0.423533149839712
-0.426950232070661
-0.463849674083649
-0.346835812611168
-0.38121979793484
-0.411760367801654
-0.345503211482824
-0.44731501379546
-0.424441844715065
-0.332629603901943
-0.323556897898224
-0.351434383344037
-0.423196753044388
-0.459241569374743
-0.39698690603133
-0.317667559793067
-0.392513222649519
-0.223308937162976
-0.313710588623402
-0.238665076454859
-0.340879491459221
-0.33088817327058
-0.267204675149067
-0.398393437774611
-0.178648466209956
-0.320489605725647
-0.37580005352678
-0.320168060938401
-0.266479236199883
-0.226359230559575
-0.329687092522722
-0.240179369873362
-0.321137492826146
-0.273088324598686
-0.342790176691689
-0.35672326934345
-0.471731087946888
-0.331078146371155
-0.195820937485619
-0.422007260310209
-0.452514137022518
-0.221769961678326
-0.420925197662234
-0.255456909838231
-0.302023183769082
-0.312493216063293
-0.336292205186466
-0.22100621703914
-0.29505764116026
-0.280499276460266
-0.409520577303441
-0.245698660872528
-0.272809579763684
-0.346523073799038
-0.404739711726227
-0.467264533132099
-0.152782336469651
-0.282432152011866
-0.294037255082308
-0.190360036734024
-0.306989274548262
-0.152330723443079
-0.279916524912364
-0.131468347656775
-0.308153271564478
-0.362439640671716
-0.296117008644545
-0.311870421982876
-0.085231268910999
-0.243063058735073
-0.216562217953161
-0.274337604062886
-0.272648761663338
-0.292514002300439
-0.0780628033278838
-0.318101013856405
-0.136634858669892
-0.497998313830735
-0.254270456699704
-0.0919655729412745
-0.089187718288878
-0.399506666438319
-0.292803871618514
-0.0249785544521038
-0.333365428179131
-0.211395080141359
-0.250795571015076
-0.059766401948414
-0.233785406983165
-0.231903745439327
-0.201641841832185
-0.165017436025172
-0.167859481968899
-0.072597783019326
-0.269193416766412
-0.256935044923134
-0.235942919054955
-0.208219135462504
-0.209455029197686
-0.147335333782524
-0.208346085587256
-0.151788403578833
-0.158655238318879
-0.131603669698706
-0.226130985003318
-0.140850057597268
-0.081271829468196
-0.202428742397471
-0.290317245744212
-0.166297318489841
-0.0134517693991637
-0.251350856770124
-0.318255496890689
-0.207527416506146
-0.0998677713823563
-0.180854037760134
-0.208903904917665
-0.138848902046357
-0.15061446524884
-0.177925685637256
-0.0587908399430607
-0.209434461694728
-0.0631217878826145
-0.254148554427969
-0.133302588596513
-0.302811392777517
-0.203465758891938
-0.118028423608519
-0.216878958015279
-0.0227649520239271
-0.143052417649353
-0.151020493438079
-0.384022868585544
-0.118216636178385
-0.0196461987422015
-0.204488640458343
-0.007708386623668
-0.238623576412423
-0.0695314719849017
-0.121088810584814
-0.255552749791547
0.0444984445068418
0.0183597618142327
-0.152616409066278
-0.104588100787378
-0.279590460106519
-0.0496851416880894
-0.119313458197793
-0.160203466729358
-0.240294749804911
-0.110252815932453
-0.13449745620473
-0.113080827790695
0.0642001933831367
-0.0492459197383562
-0.08030268477002
-0.079328837532743
-0.0258516833341981
-0.0458795017723877
-0.084076142592462
-0.0747180501974751
-0.149803759299277
-0.0502173235210752
-0.130824366282573
-0.0488072125476079
-0.0854772117668929
0.0391565953634964
0.0121929345867247
0.0554488131659465
-0.112502816593509
0.117483001270148
-0.0591832414206536
-0.140746077315459
-0.0171513760101057
-0.00798033918791838
-0.145953393537599
0.0210943504732609
-0.0285785558513898
-0.00707126454789909
-0.00303695982509468
0.0132646321815138
-0.013986757691657
-0.147539219417768
-0.108656350550327
-0.0610704927627412
-0.0229075652344966
-0.00646255580353722
-0.0800607635342708
-0.0773227014070976
-0.0929478430907009
-0.0433476278835437
-0.0820792636889374
-0.123821150469147
0.00710657379756151
-0.0158112304809567
-0.00987771300662016
-0.0085649639349251
-0.0502310223397904
0.0211057587657381
-0.0865179957527991
0.0547255557496291
0.0424518136270694
-0.000836949100826091
0.00850349047504893
-0.0219398281050662
0.0393771566708647
-0.0372953309661188
-0.0984059427706341
0.181001065651391
0.00537961710476449
0.0578937524380196
0.0998116737325519
0.0579519839832583
0.174199513660474
-0.0104257916201804
-0.0436907464080549
-0.13068881830619
0.0439616543832317
-0.165802486593503
-0.015270456656798
0.0909498090194509
0.00366559677619149
-0.0522440349887176
-0.00589172951024349
0.0970840175127378
0.0451193806507857
0.13697735282783
-0.0314723330240487
-0.0635245939791566
0.14158317370183
0.105785803449969
-0.0293525934203369
0.0248994450845214
0.0169771697629988
0.109208708387063
0.0804264106043872
0.103526574903761
0.121414162310513
-0.10723054510996
0.00407359862099913
0.10291629874403
0.113225005835597
0.0185611023735553
0.114809033378944
0.120457192494098
0.0937317176573758
0.149831665351543
0.122636227250585
0.103598210355351
0.131240973098314
0.0522938507583146
0.164087231952011
-0.0177227932376879
0.0277148764740567
-0.0641112555895
0.100680596999334
0.0482573282612096
0.134737863753309
0.139804358493853
0.0974070347925114
0.136108883551331
0.0585733289655151
0.160072767378641
-0.0321572681781102
0.170917033995953
0.106145303985075
0.140628939767239
0.0549477160043167
0.109820356081981
0.109211244063522
0.186667739281542
0.236720879921716
0.181084654658794
0.206781780425221
0.125220419578192
0.148745677714997
0.283460924788176
0.0463688809040789
0.115967234601772
0.19683036662623
0.23012489687081
0.273043532266236
0.0188952627618151
0.106566634066301
0.241897545745194
0.207038928082998
0.177349893670725
0.0624110899492828
0.0451885785976371
0.166913107121065
0.278965804124929
0.1007669239198
0.23094188596056
0.136927722372357
0.207928034700849
0.053104972262703
0.119338888530997
0.173802394217654
0.307976844923855
0.34475355151884
0.0249681588831411
0.126443172195733
0.310363409600028
0.133547506591442
0.198191664110306
0.21182361817724
0.199809350497697
0.214455057970227
0.111507417757455
0.331575417087602
0.148586224641645
0.195612460826875
0.361774257013361
0.170479693223222
0.351639141722857
0.372239218814117
0.215146697754132
0.198508036221456
0.32767449442721
0.409582204379617
0.219009024544574
0.360709555511874
0.249048260478798
0.100873240068883
0.203284136552115
0.292421186204179
0.114507064608792
0.267845811593807
0.339742647529333
0.379298552483293
0.258082978280952
0.255664033619713
0.163683781765827
0.280649303326433
0.197341245644494
0.193266860364144
0.202419163857835
0.335229911613652
0.257394032871524
0.427305867068251
0.278595225544539
0.33989685458342
0.186611802962586
0.315157090417912
0.287116805579436
0.293973610697875
0.243662764860621
0.206411257666259
0.230894688037767
0.29409208048091
0.3126673085225
0.353453992846647
0.236187956925096
0.24195770050685
0.280267273575547
0.323563200949031
0.41487696592672
0.302544263527133
0.355980680017349
0.387257105042428
0.293615132446472
0.301971926504267
0.29511719240891
0.290443942054101
0.414151442092624
0.346081363168433
0.221562667017716
0.395205655276059
0.464545985232994
0.439467774390121
0.252048981874535
0.31771667105657
0.214660481954934
0.313269706181102
0.326396373358867
0.443019872860096
0.237428468442158
0.364016578133195
0.243896495647222
0.305598085293369
0.217381892049449
0.345420564247774
0.374572601528809
0.389870161630231
0.41022265184702
0.397732122984163
0.3887653248078
0.447621673114255
0.285435721867588
0.480690424105995
0.352570030860578
0.329517090008948
0.474830431835654
0.436654237706416
0.297569037221582
0.406299174734979
0.333201892945105
0.367469942383635
0.420923319870071
0.483406017444451
0.357612066677919
0.360969183533329
0.506617006421698
0.369147148878134
0.406342323459725
0.438505256705561
0.304448288426763
0.339389128951249
0.36732155405149
0.477202682852653
0.451776291374343
0.468564935412321
0.453851757935538
0.473475114196315
0.53287321709337
0.435298089291021
0.395552694096579
0.521280683968389
0.38128292696264
0.53556221862304
0.500630578212486
0.439396039532461
0.593900573504932
0.358148001881486
0.346450965632487
0.230043260101286
0.461054119693629
0.348803717848314
0.400451997353092
0.477173098315264
0.564531568444541
0.474861701775103
0.397035530669054
0.433551369166611
0.551730808581142
0.47272883015932
0.513425108439074
0.49022001262201
0.476444114134514
0.552060358747674
0.623830404596374
0.418428039118113
0.599527080585025
0.492514007698818
0.517778813826837
0.51196685114411
0.454921438377221
0.515747556401792
0.567904178760861
0.534318562485558
0.581819096133522
0.419797307432713
0.51932823710866
0.497571525069125
0.410325886451608
0.52615988213603
0.442908781993271
0.582496329814207
0.556451769297034
0.643047916307383
0.540203505979919
0.576194523323679
0.422469377317201
0.49484344677242
0.343990525259454
0.507424476475643
0.613250790502367
0.516810013448108
0.678716598325427
0.426785342185716
0.432550766020634
0.528770850685364
0.629076760310872
0.42670134975469
0.5302764471564
0.523455968378937
0.476474980436745
0.559453893799408
0.575869926107657
0.603799847075372
0.61112712349269
0.587261188541531
0.605445053770279
0.614525651252304
0.583534507176149
0.534255975200975
0.586109951186998
0.596281698917452
0.477620917697031
0.751531455514412
0.566241674059463
0.496277746097071
0.581699483234507
0.560510318876832
0.557111435150184
0.633850379866879
0.774448688952519
0.527912447130948
0.581445137206904
0.512374252621977
0.511557280906909
0.542016319701149
0.532552401939084
0.667152402199217
0.5708323071119
0.72096730319685
0.580994047716249
0.577077355559739
0.717664940979168
0.513611152540408
0.620672718666691
0.497431879991073
0.499745696242012
0.554318643931978
0.499779960322205
0.641678775906592
0.746852109893745
0.730340325006072
0.689706791619305
0.660152182227222
0.608565388106202
0.594755869242976
0.721704331910426
0.536027971809327
0.56475269711387
0.690007502362328
0.620755329346259
0.585543797018839
0.607761058085464
0.73964554841806
0.851756218735608
0.658992741064375
0.676575986163432
0.672022152981794
0.733966702388117
0.585233671859541
0.707006133854884
0.571488267039625
0.708979630781215
0.594252500808987
0.650921536591786
0.651911122476825
0.659917568054005
0.857860917086006
0.524562919579556
0.682509611035758
0.708778422204537
0.778270000652911
0.821781738353945
0.61751466342142
0.734931621364778
0.690031085503432
0.847910556538851
0.701950592764558
0.819694433402604
0.75423547906169
0.708377241468372
0.643166971304898
0.825698191009426
0.723883410656472
0.834482279338255
0.70087614109437
0.729444115824298
0.581718844664259
0.665105187153025
0.753114539314785
0.790837652138655
0.714020306852989
0.822673094611567
0.682929054207279
0.724551365372733
0.81181042244164
0.659972807952346
0.748159352946248
0.659611728004095
0.790509087016771
0.746935125230909
0.664724209765073
0.695643015952695
0.680425673122755
0.658443986734674
0.71360659811821
0.664016913645192
0.644250239678656
0.788187438796923
0.72924980169103
0.752343786956163
0.753167441490506
0.660718166544204
0.611672384275009
0.706932507184032
0.879396016885889
0.87128577138923
0.740354332729933
0.755594527771895
1.0132191945604
0.800634165759947
0.720222965713867
0.670965709622406
0.736719896007135
0.820473188776976
0.835429927361078
0.753046521566498
0.875902222019897
0.77929826813677
0.736883935520276
0.73920013406035
0.829712982195426
0.6549240575164
0.880158203478922
0.592874598888383
0.859347670641205
0.759517709877269
0.9391468374459
0.953021700446708
0.955199444774859
0.889397116385198
0.773764265371143
0.883968110569244
0.739125604006698
0.848641601860047
0.772410944079061
0.803242503719808
0.85615384832865
0.810152742796702
0.688971629584245
0.941824225738376
0.860275278167948
0.871497605629788
0.841246468675483
0.897742433334241
0.883423945832043
0.925269897730999
0.937011835814854
0.790941532412728
0.900149239094378
0.921597905434177
0.884934170670786
0.863025676555363
0.97176066010612
0.954665305209371
0.806599861466817
0.918360352170534
0.854361057008807
0.895657757990127
1.05413727061517
0.826499491854579
0.812085182008721
1.02957267312192
0.944951446650656
0.925490925620381
0.948022768977552
0.949347009975748
0.983221929048785
0.839787739200416
1.01728248702152
0.882406344042161
0.877873381673777
1.01286837399787
0.90048165076315
0.967836454835959
0.907185827849326
0.781341695888087
1.01302384848602
0.893430092744276
1.28955852760934
0.90008342291268
1.02904458880761
1.05849714618513
1.00580048104277
0.880040824671317
0.950986570467434
0.863477446750009
0.866902304190975
0.830628675949657
1.04806846365009
1.18484583158883
0.970828503215192
0.977179167846164
1.02399510246431
0.952968658200517
0.90227289839653
0.986915596609034
1.03057320457306
0.995236557958521
1.01272553538951
0.95746946910951
0.943868296344931
1.05817582245238
0.863524331069598
1.00820681778345
0.924875568228486
0.915577891593235
1.00615842879546
0.772651347381885
0.86290744030221
1.06927254497529
0.991484462525459
1.10072098864237
0.958886810579313
0.93051427948869
