-1.07473215287386
-1.03150616486661
-1.08787042772061
-1.06081853665193
-1.12099815371826
-0.879958764015464
-0.814289997989884
-1.07843338354614
-1.0007882924501
-1.06895426143259
-1.00480413976951
-0.954402257266634
-1.10020138442761
-1.07323241966809
-1.03579032771403
-1.03035351990165
-0.833545672954829
-0.986246133528753
-0.87524963804788
-0.873369450526542
-0.940080981393145
-0.96495927806723
-0.855382716826403
-0.876933010228797
-0.890585746619707
-1.06473330594131
-0.966472468894703
-0.936504012210681
-0.705900634095869
-0.882454958779599
-0.935815335785005
-0.801380619682754
-0.889551011825173
-0.976207044839632
-1.00077878817367
-0.884818479318689
-0.879682797917646
-0.865911696970008
-0.960129915426533
-0.845237653182388
-0.861932157312746
-0.995927332467933
-0.962224308937217
-0.928869618628411
-0.918759552152485
-0.829536100777006
-0.890821164857771
-0.953653157150791
-0.861417865532587
-0.99034246635449
-0.701086659977038
-0.970249688560487
-0.901697244713042
-0.802061241950881
-0.828762423050811
-1.04583262479961
-0.891496848534183
-1.06375458199292
-1.00945646401335
-1.14297942790648
-0.926166423718845
-0.885382641195114
-0.803614757232419
-0.865317124573839
-0.999818838618286
-0.907366017466586
-0.778427921219587
-0.950110529646479
-0.867501466374767
-0.871570145235519
-0.866895607981349
-0.772216969362085
-0.737561544172842
-1.06563264315883
-0.799436281458752
-0.736177518603381
-0.752209153928436
-0.897902335868668
-0.96061961877147
-0.577321371213415
-0.719516236748273
-1.02468245819293
-0.690947868323516
-0.824715271197264
-0.908049893031838
-0.854482096174888
-0.774803642798595
-0.733295555369532
-0.876772734447686
-0.721853150622967
-0.830592908918547
-0.820047528356246
-1.03603780040545
-0.741473058520256
-0.93903151943622
-0.749414839278206
-0.734310896879309
-0.660616236365646
-0.716173831368042
-0.940161440933701
-0.726662469134675
-0.83594940242688
-0.765231609996022
-0.68741899559736
-0.754964869259397
-0.733141022454633
-0.799557348134663
-0.847272163301905
-0.709597998725556
-0.721319993462791
-0.714484086525133
-0.85607366821988
-0.780351225425332
-0.665828431909381
-0.682033189380787
-0.720133875510036
-0.876786414203259
-0.809788503291749
-0.733889449167058
-0.855203448464684
-0.734852266509237
-0.798990534211785
-0.759041574576061
-0.731709315640151
-0.759524977365221
-0.657512027218379
-0.809340530458711
-0.839838968131726
-0.769814277940413
-0.589993842551738
-0.736703515173293
-0.691222614144368
-0.781764764586675
-0.600532671089087
-0.640064701640338
-0.745066097837893
-0.656141955960597
-0.732336644334906
-0.801258710510629
-0.770358971566376
-0.870273970309567
-0.624695354709168
-0.667492819844888
-0.506825805682581
-0.66585252615865
-0.724546075094363
-0.708646010530207
-0.724695733464665
-0.754942192795311
-0.675140387986382
-0.723167604906039
-0.535576321656828
-0.677577064391843
-0.640388834384891
-0.698296885668712
-0.756356532153744
-0.709761390985355
-0.52765783394311
-0.700625093688148
-0.800593193689896
-0.708190465329626
-0.820565523893489
-0.862121291825634
-0.819375163104897
-0.60542149593602
-0.517098686746763
-0.830444257543354
-0.685748221059405
-0.7136624463642
-0.732348469024685
-0.564411784718032
-0.713285835165728
-0.563842964774644
-0.66184708876811
-0.620271714429226
-0.596159042061978
-0.559757740254002
-0.683548695968036
-0.693064627531396
-0.686231983692425
-0.563148097883591
-0.498977756190422
-0.728153359102579
-0.55547961021993
-0.663047949006937
-0.707733879599683
-0.706571852346251
-0.606946582646791
-0.686728746490668
-0.661674390898665
-0.607650893927716
-0.580760248914746
-0.681870896082432
-0.637093260338252
-0.742944134247344
-0.703852599307584
-0.584932455102725
-0.65748310169673
-0.61621255677247
-0.613976112816377
-0.659088772119723
-0.647882788013341
-0.589266747924316
-0.641032565353047
-0.52099752220268
-0.447935497577319
-0.479734326434492
-0.626517096212241
-0.598205573945542
-0.668142342781506
-0.577930836407469
-0.703846628094766
-0.564299826365078
-0.661843455428687
-0.579711224069811
-0.696944037864413
-0.499898754595681
-0.562930698082619
-0.619121396432107
-0.49344539447976
-0.561313973509567
-0.576455427819296
-0.56735733702553
-0.472951345159981
-0.643627841735279
-0.534561371473764
-0.501018596328352
-0.467272568685831
-0.399621173901865
-0.559696944810232
-0.593117961697204
-0.493245136662791
-0.716437369645505
-0.506668391076401
-0.574163960645524
-0.524754774105893
-0.396654516680494
-0.529130985073617
-0.513450674322129
-0.481303848271247
-0.534559660137833
-0.546837518465692
-0.657241138783325
-0.595977494533949
-0.528644651879576
-0.475441799731427
-0.673459128188532
-0.492553552228131
-0.602361346433474
-0.576884379804143
-0.428907341049395
-0.540827515019641
-0.414714567920211
-0.386483745422107
-0.458598163163238
-0.625835815133108
-0.527579047863699
-0.423365441042391
-0.504898834958576
-0.521894336811275
-0.526932085458704
-0.449605508452237
-0.487158829955705
-0.467366514245353
-0.639679109259217
-0.599991908238419
-0.50579344677179
-0.473840784685573
-0.468604630487112
-0.505600953362533
-0.702684292118708
-0.454722228620724
-0.46095259994364
-0.399767803403243
-0.377081887554737
-0.416989859389887
-0.558557067973146
-0.422246063035481
-0.272387959112113
-0.524616179246949
-0.305265543364337
-0.495247802347164
-0.417227151586258
-0.55699682900326
-0.481002776324678
-0.451545101446824
-0.464647701560102
-0.476100146408158
-0.574408429861527
-0.300074228923187
-0.51343255140766
-0.463346809240377
-0.30554539620779
-0.473802601293462
-0.409443033979862
-0.502162498417086
-0.372342022392961
-0.347367216730471
-0.3370944764269
-0.412496104622173
-0.453394980352743
-0.36812542616764
-0.257006979677601
-0.321717273970879
-0.441561895710697
-0.391616642333239
-0.404285815314824
-0.437342582793663
-0.483130784696633
-0.422035692809788
-0.464242859877916
-0.407672102074849
-0.279300842416982
-0.572311613423194
-0.27037075607808
-0.372437003529558
-0.438106313231153
-0.36804254394595
-0.403954054885557
-0.409420150280662
-0.370643603633077
-0.432266464531114
-0.308521562903428
-0.343858581411326
-0.361182207115408
-0.183174098983038
-0.320823029094603
-0.5056580954998
-0.417686613548364
-0.366453574011956
-0.328151435814818
-0.292739740835851
-0.423701386112645
-0.328555656296016
-0.384882743731913
-0.346313167988903
-0.221319726684479
-0.103997422701338
-0.294529792334725
-0.387512596397087
-0.253776575541984
-0.275062094209768
-0.402283640383721
-0.415890373255008
-0.265626125689657
-0.203572762655331
-0.274261635458367
-0.468773828767658
-0.315452175849911
-0.263237672764921
-0.206045777795277
-0.363886905875337
-0.262529251518005
-0.346895773319104
-0.358859022215947
-0.274806879666763
-0.389897798048193
-0.310391648135363
-0.138668892344963
-0.357013680004015
-0.241011119365268
-0.316426576015297
-0.381981538158934
-0.217347397991088
-0.227001232248643
-0.38322627259185
-0.144387767818815
-0.250393731807756
-0.225991864964227
-0.398941401000991
-0.222136835418722
-0.227201685957098
-0.24890047033491
-0.125261893434534
-0.31803310927985
-0.146409750985545
-0.344112847763503
-0.221878779874405
-0.263783306217989
-0.369880155798957
-0.258122676687526
-0.178354651806711
-0.0516238254703003
-0.306374043432785
-0.246545468097409
-0.262218547373681
-0.291465928813904
-0.279379254233752
-0.176855835261069
-0.123421976460667
-0.296865949529422
-0.176892031111228
-0.155604944642808
-0.288650203668872
-0.221319878886163
-0.234482063714825
-0.169846447553148
-0.225283912640815
-0.267496617148695
-0.234468638786984
-0.301677223189379
-0.254301098260664
-0.332746156655843
-0.0163580692081082
-0.0960277120388845
-0.257053177137935
-0.123839517868773
-0.0585861078345927
-0.162978563383234
-0.219274433824563
-0.133220195855154
-0.199619979604124
-0.1612993285965
-0.049955879942358
0.0418366750894735
-0.195249013964571
-0.153008964661713
-0.226254942068808
-0.190139969313865
-0.10749464726609
-0.239523118229823
-0.0137836141150278
-0.348868460093324
-0.162604909914114
-0.340312332155829
-0.135338361449739
-0.218805400879336
-0.162400009120897
-0.083765591724106
-0.0973112914722773
-0.220944643669863
-0.0686337435353944
-0.0780756688578695
-0.160161408973074
-0.281382678654084
-0.0955957689503885
-0.284929308445342
-0.191314254294119
-0.113747297171741
-0.176042882686054
-0.0755028101566387
-0.288036339401477
-0.164561890446185
-7.66176356011948e-05
-0.24948367008361
-0.157606347019695
-0.230434044169802
-0.0154776355046585
-0.0980597071115398
0.0967679970418347
-0.0107286698243931
-0.118296443469193
-0.158492901919053
0.0112479504963906
-0.220097343992502
-0.037713176061417
-0.156337555054179
-0.125096810021714
-0.061398801536865
-0.0711004828057693
-0.128493446837144
0.0108148348342272
-0.143264510001158
-0.153629377146924
-0.044237693058635
-0.126511597819361
0.00391228563543644
-0.122018604037816
-0.124446761232489
-0.165104771564439
0.0411813866126481
-0.0216067301360643
-0.0158602004199637
-0.0975396131045861
-0.115087627517722
-0.0903524114612154
-0.0918153212875169
-0.0959761385165606
0.0954565596078354
0.000614274156260829
-0.0226378275296978
0.0636987377883458
-0.164034391671926
-0.133808297284846
0.0148762292182887
-0.0979969593051177
0.0134611012898796
-0.00367018290699329
-0.00222919121072277
-0.101534945189411
-0.0880747114115903
0.0407503186598517
0.0323243184038257
0.0339463469833794
-0.0556876123436523
-0.135898707653545
-0.0205595801216399
-0.0227322278241272
-0.0878444323147774
0.0930597950493603
0.00217759860676748
0.0361375115356307
-0.172447940412012
-0.00885030723384453
-0.069565365649211
-0.0974736706567882
-0.106785286824925
0.100423918337678
0.0255441943115043
-0.0324449646110707
-0.023023166134852
0.155404915856053
0.0803307942478575
0.109792258947036
0.0544378116728918
-0.000746348628134489
0.0684644709749626
-0.0675138025474375
-0.0979422277298324
0.089006530000779
0.0746784869167311
0.0322469169265455
-0.043669866407212
-0.00576569483975814
0.036210199477473
0.0340901984559818
0.0783543592627885
0.00150893694958202
0.00669907184835722
0.0143987138318766
0.000952185188930152
0.13320693676734
0.125747732851891
0.136035607561305
0.0363442709476882
-0.00396715248506834
0.0313909803322974
0.0841680012601383
0.207859515453883
0.0875380571323622
0.109305324247831
0.0380435922539222
0.0697824339541641
0.0967624123800534
0.082883345378322
0.0959975286533522
0.139605997086595
-0.0503679856686513
0.118655514787103
0.132122457069741
0.0701605808509427
0.20905678222532
0.19580533659071
0.0890183589522928
-0.00847036922862577
0.175751835931635
0.195432303650445
0.0802211931389786
0.131190859881562
0.293578464428617
0.247881283631275
0.0410424264093308
0.0179613249124417
-0.0592465625043347
0.114901636325912
0.0950258813638694
0.118691101017104
0.144557721363309
0.0474193489622263
0.0522488764287
0.182788685033654
0.257003522197933
0.12676114271537
0.318004667710988
0.167167711961031
0.104743671510612
0.256264220554018
0.159672234521366
0.0362818351093486
0.317549200553654
0.260386731173715
0.0649288831056701
0.175171358050502
0.262683815615709
0.245341996749861
0.130621382156985
0.168540423431451
0.223075537795387
0.125146325608572
0.139604172517663
0.0990953543151409
0.330778000578124
0.257416647422469
0.0515763107184214
0.188119544449162
0.181846298212326
0.260204281738888
0.202450576798175
0.132959395742841
0.187525595462157
0.195632214543799
0.3080871955219
0.264005876463335
0.290557422236231
0.175459958415727
0.27434100071594
0.168546258140719
0.162850113141029
0.247675166423797
0.194391282335339
0.289228257711306
0.256409486322471
0.231786615592528
0.162659401456551
0.235888772399356
0.200047545999613
0.226219328939576
0.0554809378037879
0.314037821010043
0.345829458135206
0.284526829975774
0.164531366315327
0.24179929099733
0.295879688640742
0.336583203299375
0.30890936857429
0.125741560581835
0.194994362765369
0.183518874356591
0.222767817561083
0.213123192465303
0.214057833115113
0.276040817473854
0.192891520281594
0.157244158066976
0.202806357875427
0.32184828454426
0.168568287019631
0.225989952106243
0.347449537503589
0.28292594871729
0.197556203952955
0.20076238127329
0.268658664746876
0.368998408310894
0.300424272449958
0.371306987277516
0.253600885288928
0.402122723996549
0.282325751273823
0.389894174380173
0.3653512655505
0.417522614615733
0.195139894719491
0.35827864430398
0.152591624077535
0.373094657574867
0.353776502864769
0.269421695400761
0.342999840581421
0.312942160808671
0.274364478891169
0.297469075189016
0.308581542480316
0.37071539468675
0.291979555395868
0.267751397590339
0.425796886403181
0.292319797174424
0.326417783872196
0.33004639210611
0.110958190634201
0.437358303863594
0.366801003257137
0.435258950848302
0.307141154531101
0.466545239477339
0.224598267240346
0.354657208142142
0.41916937695166
0.300180560327744
0.221077092236189
0.326927145338938
0.251989281639968
0.36568621135493
0.329548462566784
0.398830109989394
0.45992329709022
0.440610667665
0.461660058769553
0.406232299388721
0.30640011394621
0.329091629260753
0.397031658682669
0.305534515518112
0.527915386831985
0.333327621653113
0.489931778033646
0.533708059022947
0.495403381579474
0.356082430672184
0.522533516826252
0.317165276897305
0.259642615846167
0.349767729375856
0.499710270961212
0.405749461230604
0.295243344472109
0.554078732180088
0.364659726726651
0.402395568196924
0.369337156516596
0.366550464410032
0.270359167404874
0.416166867963415
0.374885654103478
0.327673579109996
0.564186579407165
0.496508770620042
0.374068128525155
0.43554212581354
0.384344318657319
0.440964328277216
0.475592703666608
0.532892390336207
0.511014181178904
0.476674155352001
0.505629801737105
0.558868846216972
0.561571361608166
0.464249273911104
0.627515857519444
0.534319383787159
0.352470156549072
0.369828844246746
0.379270245881626
0.320478956801189
0.501770255225258
0.506249649269662
0.524883126685925
0.482774162188738
0.558511892893701
0.406944388693449
0.403804600481055
0.419176164639815
0.457896659667938
0.561578601724986
0.64576223461119
0.446794252312012
0.608896969058296
0.386493368526717
0.53290939294425
0.485457596162359
0.541494702984397
0.512253387399344
0.439118785204104
0.577020414464445
0.480374153203545
0.590953467062664
0.418902759076114
0.456605830068902
0.536335170945909
0.571433132268654
0.477259097438166
0.54602640624714
0.510748095848041
0.485571761533933
0.294973848407794
0.460333822948012
0.557611653100749
0.386439500434682
0.454825109727933
0.427501084962793
0.596673300767173
0.561594411973048
0.563427297623944
0.528010112200006
0.498168996972643
0.650071189194836
0.486122172589162
0.596041394781797
0.488719822841135
0.545628300824441
0.454539250646598
0.494972733363933
0.519547766437166
0.563867356449967
0.536329190651554
0.580805847477792
0.655069702452804
0.720551814482423
0.591577278191163
0.617392009736683
0.593692069692143
0.691195735409535
0.550662248045831
0.556997489582763
0.618648742456179
0.507173203711851
0.601174070539749
0.73835228691504
0.634825285449556
0.549877468813938
0.658327648232408
0.698301664206745
0.640835929494568
0.444886004940227
0.639935022650761
0.506691011370921
0.657087459728869
0.610541337886114
0.6288545518827
0.737551716590474
0.481268699889543
0.596377118197986
0.570729267313093
0.615068937442166
0.588783611072245
0.801915343976461
0.5939487356317
0.539857302753768
0.600918640382462
0.797533170767754
0.620055810077092
0.580043176750707
0.65501088212717
0.729359615389504
0.609406773414455
0.586061811965043
0.637436405274638
0.662416438527876
0.786021482966502
0.789568461827078
0.685319221480548
0.867764680102225
0.736267633625671
0.563271845733337
0.633580082173473
0.770573107466316
0.754245718849805
0.682034081421516
0.649149520303018
0.62746309513271
0.746877621691315
0.779257981494169
0.980661576337599
0.833252227364011
0.672058989176668
0.705767477829836
0.693275381700109
0.720964779525387
0.714078972591817
0.708487247240722
0.644513539794488
0.712146147848688
0.572473656946352
0.729044881659755
0.683459671121048
0.802540549013735
0.776583831093598
0.680160663981109
0.612261972004286
0.754920224467689
0.904121021670311
0.831431907032924
0.585075438616885
0.616612414041651
0.744178187145769
0.672789221398613
0.659045100419473
0.620620829977853
0.731812653430858
0.614985641840359
0.823116289475763
0.651652527186818
0.790811705969846
0.761772606724279
0.728573435099478
0.806498133019277
0.773848545306403
0.526223806780964
0.552703225835303
0.651415930292632
0.679394158889901
0.891185415733141
0.777079573742976
0.89908107286346
0.839883166053074
0.78019624306208
0.788383747187626
0.872535107839155
0.849444689440794
0.746557858525962
0.77057355802415
0.707481331152265
0.934980366255311
0.779296446805983
0.871227588453018
0.88335688165219
0.805499995154977
0.892127544361602
0.867267122220831
0.855225287602148
0.839351576761258
0.880516564897756
0.806474181452061
0.976159820181092
0.678273252098968
0.800935437130737
0.800239174974185
0.864828278774475
0.94630409173515
0.876589780455566
0.857019871152578
0.897162457299904
0.671107275658504
0.780645249884522
0.877452011226658
0.734315590796579
0.666203314359814
0.990446597520599
0.903818879172242
0.728832566735496
0.973412613164962
0.775362906420225
0.934409529864811
1.03942980511936
0.852968351075761
0.94621461931673
0.607475952342786
0.875493767273606
1.04477530133594
0.818910513537521
0.838282325649941
0.8872527318441
0.934140116976684
0.833162996563379
0.876626581041677
0.965641480357055
0.935120770262033
0.918932180860366
0.95690489954333
0.758453124670354
0.889338709031533
0.978099906565717
0.936731244177866
0.839096208801903
0.795875816272846
0.90303386432949
0.835031482792248
1.03386203996103
0.926228182726544
0.942519578044591
0.959252683575922
0.875717955756356
0.816142045019815
0.914474786535337
0.948866499045271
0.854172012261569
0.935979814170363
0.90148539412065
1.06014359603208
0.847114783076233
0.854296885100947
0.923817137891553
0.966297085105414
0.737454358630594
0.959826718933118
0.839709658867774
0.880633408865732
0.900094225308239
0.998742066738915
1.02306788691198
0.962580918333954
0.871092770185141
0.924435700937509
0.983157958002761
0.779439059592912
1.00101759960789
0.913078782910271
1.01581740049979
0.905863074801915
0.822328140712528
0.853783146559946
0.960616795239612
0.974664509556892
0.869409595633709
1.17511253141011
1.08386775399949
0.925611930204114
1.06810803762009
1.05200586252432
0.877334110930024
0.927514042534312
1.11575109473862
1.1679879488499
0.988662399173797
1.00578362093757
1.10901226054818
1.01058120363064
