-1.08360933526421
-1.00548309442436
-1.09259585325848
-1.04515647556728
-1.10799639477809
-0.863479803030863
-0.789713276639171
-1.07358400348863
-1.02783662694453
-1.07277777764163
-1.00435708657118
-0.947343200793031
-1.08387572526646
-1.07819919370628
-1.04543837073104
-1.02122282499924
-0.85207106745242
-0.990513541965913
-0.890216125095281
-0.884851131577044
-0.921124914089565
-0.971654129556601
-0.862549602772015
-0.861548737143584
-0.889653578356852
-1.08166116130189
-0.96317600736477
-0.938799612938023
-0.73993104933167
-0.899512280975969
-0.923797652257642
-0.796686218476599
-0.891008455447804
-0.984227345223772
-1.01247598801124
-0.880177012937117
-0.891996460533867
-0.875415597096231
-0.958995120017064
-0.82153969125238
-0.872581601562321
-0.987857332306192
-0.956291065942957
-0.904629359715565
-0.908091139160536
-0.831206624982123
-0.90252481138243
-0.935422772754247
-0.882419245385768
-0.993310165818927
-0.721838649503183
-0.957517673435985
-0.891209209359397
-0.807373831918197
-0.834935381671788
-1.05470132199681
-0.904273659368879
-1.05108623415748
-0.989989105388374
-1.13236642876588
-0.949969484269193
-0.878826095754015
-0.809955255110291
-0.860904529664684
-0.993285463513986
-0.894041409966363
-0.789390636666281
-0.926988017580148
-0.865921997621979
-0.891707353280189
-0.85450472847638
-0.783214360941009
-0.75265156345482
-1.05576385533484
-0.814588156025985
-0.743839382241183
-0.770815620705582
-0.880821020666326
-0.917387690736691
-0.594686241154114
-0.724586154834145
-1.00168341110074
-0.677526832917601
-0.830919770918515
-0.891698404169801
-0.871375685197452
-0.786248562070197
-0.716183226779259
-0.862541928046566
-0.714527054679212
-0.822570552544933
-0.799404352619921
-1.04888885164655
-0.744750814665471
-0.935318436226702
-0.749275487116513
-0.744073712409514
-0.66188772285765
-0.714993921451541
-0.947043052550692
-0.713910641794981
-0.862446547925724
-0.733162152352467
-0.685733586488275
-0.730698556100262
-0.727885903217397
-0.804158794651076
-0.839336314589885
-0.709968916437221
-0.727374080167812
-0.731292904799033
-0.84532449210712
-0.766057811042443
-0.682505829563525
-0.682464269590531
-0.718009172514173
-0.872344352584382
-0.827438271129405
-0.724443507792121
-0.853654774976976
-0.734594335052705
-0.792009346016309
-0.755173099696136
-0.728917129947292
-0.790414288550497
-0.653619404782996
-0.812202013205672
-0.861229285945998
-0.744799892965545
-0.584996269416693
-0.718107719537822
-0.678622162909546
-0.81035619868598
-0.641547291786596
-0.649693360327086
-0.73753620274889
-0.649054170661461
-0.708979381488067
-0.810007259133004
-0.744369318785181
-0.877650351044807
-0.653393729523103
-0.662218395988167
-0.505596994125068
-0.657841502535135
-0.732736836841339
-0.700736388618327
-0.725131209110708
-0.775194002119403
-0.693348063173716
-0.751303450550839
-0.519413256117023
-0.703822826799966
-0.647667681403345
-0.685178211004909
-0.747833105602775
-0.712857471957643
-0.534786473706553
-0.725805780140024
-0.807487905008095
-0.727183913805151
-0.822197329841955
-0.872897623677016
-0.800944746650949
-0.611943889585166
-0.527677289509163
-0.843432799150957
-0.683324524212824
-0.720432524632297
-0.74229524015294
-0.577076952969538
-0.702230243831775
-0.566921242770265
-0.647884393576956
-0.626255212461693
-0.608657171914871
-0.563496079589691
-0.697269059945248
-0.671656078131586
-0.659701415377638
-0.570007867023018
-0.501573905950635
-0.740857556520623
-0.580325010605114
-0.664525987923795
-0.719709275785524
-0.707153685821418
-0.618398229132852
-0.690228273134167
-0.65262839012271
-0.604781469527669
-0.574388665106218
-0.679366127549876
-0.612952922604831
-0.737111553009098
-0.704919232173352
-0.617079398551729
-0.67489391066774
-0.627693572557123
-0.625595830584235
-0.633862425044693
-0.639038753233488
-0.599807374075328
-0.636501047353973
-0.526182665281165
-0.462377622074272
-0.470894664167781
-0.647941883495226
-0.605249054762499
-0.67237355118862
-0.572723016731475
-0.659522163656244
-0.565764101519775
-0.665489644164611
-0.567804671864251
-0.680860761334479
-0.496454602417184
-0.581702245758674
-0.606401835830251
-0.481705943071769
-0.569936037429197
-0.594215457715642
-0.590164099289237
-0.49701364001554
-0.661084397495114
-0.533694559470246
-0.512128456691323
-0.469537005946342
-0.395480868799825
-0.541898037326782
-0.61780993364314
-0.487436441388407
-0.737862244256754
-0.509221969075495
-0.576100840000901
-0.533404095795671
-0.378605990611929
-0.54526525486669
-0.483251704210421
-0.462257392011197
-0.535080497916056
-0.564962668699394
-0.64863932372898
-0.594911163933127
-0.534635073633774
-0.47610408056035
-0.698131401442395
-0.482307851006373
-0.593710354898534
-0.550723785952636
-0.456274324367223
-0.545575331357366
-0.422184987826365
-0.398283689182415
-0.463317445837267
-0.644828129150677
-0.528817716059737
-0.414265414495933
-0.526036533432052
-0.511842318765957
-0.528442921781356
-0.462493026553065
-0.489841722195103
-0.460495487011121
-0.632199062517816
-0.60986417557542
-0.467710719789954
-0.468499553232382
-0.449984814506567
-0.520574208484666
-0.695513415083276
-0.444000655906605
-0.475554692006671
-0.389779183043001
-0.373832854414625
-0.385263601097957
-0.53239949814996
-0.420968159870258
-0.291244933822074
-0.520794135717027
-0.286894541308372
-0.499903710239117
-0.41559118627877
-0.573687130967656
-0.475826200634008
-0.452324925179067
-0.477755854441469
-0.480600018135899
-0.560288691278382
-0.291992401096505
-0.536110793097457
-0.450611717504019
-0.30459266275549
-0.482717932055704
-0.416316268769273
-0.521259867530048
-0.354828456231509
-0.36044914685792
-0.34489559439213
-0.426233973734572
-0.452601309614722
-0.342870386846164
-0.258914595402148
-0.319073376904718
-0.427746632224497
-0.391376853829009
-0.405058998349099
-0.454271355261202
-0.488319894174257
-0.433010584241034
-0.450653948761378
-0.414673061848935
-0.285009368522032
-0.573742094725011
-0.27426227529766
-0.39718022764272
-0.45464180971011
-0.390744145036836
-0.42056411142047
-0.414880003993516
-0.374916367562694
-0.412995385995922
-0.33249404461859
-0.342317439541389
-0.360756474557395
-0.186471870522778
-0.322336573058229
-0.493010313042561
-0.391878410510476
-0.374755896088911
-0.329648447933282
-0.308734719329191
-0.416947987367147
-0.311028504352037
-0.410368313911935
-0.326768513107351
-0.196962310965469
-0.0976522229510264
-0.284282766462266
-0.372103449277554
-0.25123994315
-0.281627811904254
-0.401081520837215
-0.404907036802793
-0.273831200876874
-0.210679776188979
-0.270636485840855
-0.47522247291952
-0.305220207296828
-0.270431687495081
-0.170154861324699
-0.346048644632779
-0.24151187483608
-0.356735486860757
-0.359553910377921
-0.265374140174954
-0.380167212965499
-0.291444837245356
-0.162207153524309
-0.373745677867752
-0.228120093475243
-0.316530144572621
-0.366792501428541
-0.208085908151121
-0.217545088215669
-0.356519808033048
-0.147713433252234
-0.262974798353836
-0.219306769922571
-0.400657907296228
-0.218181226466799
-0.211601992344123
-0.252732873542068
-0.116844863906727
-0.309785570258012
-0.167832405417769
-0.315836447146208
-0.226204155564931
-0.264621742253647
-0.377731411805086
-0.26621861678445
-0.18745003562174
-0.0505902073675051
-0.292631399816832
-0.266080947240336
-0.276043327738816
-0.302735003827992
-0.252129594957208
-0.184547551625219
-0.132367766843184
-0.292759262857366
-0.169572261986606
-0.156286519688478
-0.307359594751707
-0.2201454265389
-0.260515872522442
-0.160554534987082
-0.224763409505451
-0.240713151840426
-0.228366673782003
-0.284613047243343
-0.256498541990144
-0.343228940982909
-0.00474714645136652
-0.0966560176020317
-0.273085140497721
-0.141515619721381
-0.0807577709594809
-0.150880108604715
-0.215057424331593
-0.133369163764435
-0.214373120409195
-0.149652183937248
-0.0763701494472867
0.0193389623704809
-0.190591095961236
-0.125516655987558
-0.238156073984174
-0.194261949431021
-0.11240515350138
-0.21753382726547
-0.00615776874134994
-0.362247688623288
-0.175613811287188
-0.333734269936778
-0.141443164531452
-0.218174692109237
-0.169349523216875
-0.0785164119424826
-0.110004223147866
-0.219315223956932
-0.0600245142452042
-0.0786911557507918
-0.158063549051828
-0.267546060329124
-0.0950836738744771
-0.28066922085794
-0.200097094483808
-0.0996431990089028
-0.175972425291518
-0.0822763451559542
-0.283336327981142
-0.199746798447716
-0.012510746677748
-0.242169185944936
-0.135227908951961
-0.254050801812771
-0.0277158484767907
-0.0891441426761097
0.0796241220046759
-0.0312355592760653
-0.10323079979184
-0.170538414739751
0.0225451244698626
-0.203942642733544
-0.0389021522066804
-0.155941329473024
-0.113402993195774
-0.0599731038674705
-0.0683263426491425
-0.116329947934458
0.0116786860512226
-0.15954870388749
-0.158097563440713
-0.0416867986630914
-0.138206736212648
-0.00673953772624192
-0.157099238463717
-0.113975811879437
-0.139655405741265
0.0492455237001204
-0.00238692664950923
-0.0181386179908355
-0.128496467231964
-0.111990767791557
-0.0989066663557274
-0.104866287170093
-0.0925661839414775
0.090016424978087
0.0141624484979988
-0.0210182229565548
0.0738380572504711
-0.153615788375535
-0.132626671138186
0.00349389068076893
-0.0888413836349794
-0.0133950855438003
-0.0038001040491216
0.00264632638640916
-0.0946615159700659
-0.0963366441732157
0.0375689360196693
0.0290473069385536
0.0265605981428358
-0.0639369130555879
-0.110148828855136
-0.0333007114660799
-0.0261553863804936
-0.0415136424060634
0.0727795204604937
-0.00922466963978844
0.0367833123754516
-0.155949969760753
0.00919178161286395
-0.0881545041806359
-0.0981301261228963
-0.107342340913489
0.0804169202093808
0.0548239147235051
-0.00208121713676727
-0.0222224554625951
0.165629569574252
0.0746107479900805
0.108340127264799
0.0531298074989822
0.0145626716185169
0.0839996698431767
-0.0872741317943353
-0.121873986315306
0.0646316434450819
0.0892615973496417
0.0225012687875218
-0.027351481387719
-0.0197532403284834
0.0453875456878508
0.0304448909353722
0.0765005121641346
0.00858807571118987
-0.0165947220020933
0.00264286294788809
0.0344830073834456
0.111822648598061
0.121621412679297
0.130748989028689
0.0269166402008175
0.00209293072142512
0.0405987512927751
0.11507764617284
0.227425556073556
0.086791616640515
0.0873782390056699
0.0233428702328144
0.0665364607227721
0.0876743759411231
0.100617988709506
0.0958952223248985
0.140132696357149
-0.0732052664211811
0.0885162663339177
0.156592497104764
0.0648664664563354
0.198694800754995
0.192899875093781
0.0709151790308264
-0.00897329990985568
0.15903720063827
0.193309324789714
0.0894322614968065
0.124766580990211
0.290308571254914
0.252592810254287
0.0374697695574586
0.0183647513884991
-0.0270003271884184
0.0878815802715635
0.0686213486240582
0.118777659110676
0.142022943979562
0.0479689693052664
0.0753665367845622
0.168171352462054
0.284449150080183
0.129594138361708
0.304455423103839
0.169364162178158
0.118321409242378
0.26017820095379
0.136281658634013
0.0265372845041014
0.290073781611041
0.249586787091079
0.0726596705696771
0.198803458256645
0.250731695570691
0.245703305265056
0.0899161487054105
0.164733648324489
0.238260497510007
0.1272856038017
0.124458341498357
0.0869206497034808
0.33962539243819
0.266137828201852
0.0412660474091526
0.173551775032886
0.190175547107597
0.252585452322222
0.20852400630166
0.124070940281198
0.192069566035513
0.203189162034765
0.317561142776153
0.2760959401337
0.281913095796728
0.174574986504135
0.282575529291673
0.139083167017289
0.165252046836464
0.231697899963207
0.226208188163957
0.299018501142924
0.241698649150417
0.217037645555381
0.173903976061789
0.239570952645017
0.210526527622223
0.218256127009442
0.055061653157734
0.335114590650045
0.352407660326475
0.262164113204201
0.141217431834315
0.225064868039856
0.29605836888419
0.329310125308453
0.307037097460844
0.126188987616596
0.193870811879164
0.185902377043174
0.230115059722707
0.230703647860801
0.200413707459174
0.262505021220318
0.200356957273132
0.163351401771982
0.20676798698308
0.313907536143559
0.169987001750783
0.23337397307888
0.343169259340184
0.288584438723156
0.204408125956958
0.213824483878215
0.25507231552309
0.392289210969247
0.281342362115626
0.34987751888357
0.254282799414252
0.395149183934454
0.271203459491382
0.400408003018485
0.377261806638016
0.416433144960843
0.180896966137675
0.353172527450937
0.155671046873448
0.393069525687334
0.35380888815532
0.250702874283247
0.332488933704676
0.335678613868385
0.288740027024752
0.323255782753411
0.318651022813411
0.388224590055906
0.320518141699822
0.262298762544251
0.411578010382497
0.281182193220855
0.325700948798361
0.32557401603296
0.0956647094755107
0.441389353909465
0.369195924218565
0.408565610876309
0.316044677347701
0.458677135705994
0.242245752964752
0.358801522461032
0.425727792491367
0.286217748435925
0.212468750044728
0.31279133441049
0.278062215530472
0.370304213032127
0.29819947783269
0.404997600139858
0.464304617262684
0.429799348995493
0.453817051284436
0.411281109201939
0.32419551908803
0.311997071308423
0.401161460294533
0.308594582023299
0.534506068069049
0.32618239237268
0.474201627610949
0.552986374933864
0.516776931894469
0.331030505923631
0.524306712980227
0.317380082741583
0.265938588759034
0.331752193114348
0.478511306349642
0.382447911334651
0.304025245877534
0.555349723540292
0.362401806068275
0.401794820185008
0.363973333768599
0.364697348150446
0.258871725564215
0.403189634503346
0.38088799984539
0.330512538287117
0.565818787960802
0.50408015410421
0.363739706528763
0.427362148180955
0.374372608186467
0.442084453070665
0.455828216931394
0.56586473272606
0.501858837757408
0.467795617449821
0.519727230663092
0.57446314595926
0.564370911687485
0.488757514979386
0.628237999763301
0.535726064402908
0.351314662296892
0.384407835609348
0.349672147663762
0.331301488880008
0.514472911201713
0.490803190932929
0.531769064926844
0.505957898250263
0.553436836730693
0.388627575075066
0.403160889110206
0.428341362373473
0.453419932761684
0.556033049090757
0.625031687753264
0.443175179943372
0.590738522269233
0.415614938587878
0.520989422750003
0.481018230639792
0.536815269446533
0.518438045808247
0.438302071252247
0.571279233636087
0.466816717015202
0.606911039576115
0.435638714907083
0.46408489047035
0.541917338565769
0.558818199308578
0.497540182585876
0.516884428261072
0.513473598287222
0.481659549323591
0.287126817041538
0.475908424034659
0.586897644294023
0.405701408077217
0.453918567264946
0.429621494734172
0.59965938748524
0.575438684240455
0.545294055866441
0.497235711711748
0.519925580098285
0.662355532526182
0.489005130566998
0.599646542145887
0.486919930284508
0.535130421270535
0.494603093417215
0.474637296548846
0.525402615670215
0.542889749839024
0.530586825924448
0.562587245447124
0.658943815814875
0.718049126691471
0.553834089122014
0.614318802127061
0.602381447331027
0.658052110246251
0.555260022342733
0.537695959429336
0.635075871624814
0.528146281423117
0.592378986721738
0.756213474399401
0.641528125046469
0.561816861706106
0.641468257367433
0.683014719120323
0.648635279780056
0.473935515785238
0.644193802505817
0.510635168682064
0.651062296525018
0.594367145902535
0.626482089222232
0.733606162851753
0.488290607918594
0.615851874493995
0.544521744258741
0.603602380462168
0.582332433983094
0.812625101682127
0.585562470351072
0.543535329492731
0.612580377374421
0.808530456306826
0.613214120787049
0.584666776237967
0.648791817544998
0.737776624405108
0.606990051648805
0.562285472401683
0.639107374762623
0.654816672208883
0.779472853158328
0.777324565424484
0.68441691638136
0.906556948832809
0.732836372674803
0.552499300817838
0.615487594053662
0.779965267629389
0.73738634264608
0.673585986736876
0.646894523109244
0.653267409811018
0.741481626393273
0.77780907966522
0.96918170380925
0.842766073024521
0.667586806256697
0.706128145025809
0.681109255952139
0.718790327710337
0.721842080363021
0.694521623861345
0.655973617871964
0.726083060952976
0.541328828651095
0.729063312773289
0.669073093933469
0.786007779150092
0.772618916700554
0.674283695569552
0.60919087889039
0.746182215309494
0.893793123606434
0.822629938930764
0.5764714253958
0.631864571287154
0.730273792267382
0.666217432963134
0.665655921240797
0.605311234774465
0.727523588040038
0.618657477150024
0.822062302536974
0.661735504287356
0.792133883742719
0.76025465467258
0.723600326108733
0.810655442624107
0.80272127740514
0.557221766897896
0.562699229730718
0.666641539319957
0.680904799673567
0.883600216346637
0.783062258622761
0.888532201753301
0.84902918610564
0.741791486386317
0.815575419498973
0.888945737040826
0.847386947217989
0.745751214127185
0.765379937590359
0.694552807529022
0.925571258574286
0.787444201818794
0.887203999455366
0.861414438836756
0.797636156752097
0.895563026193981
0.856789831408668
0.844118378502976
0.828697724726632
0.861628984531288
0.807211983774734
0.976736218396274
0.680376912917079
0.798174768414586
0.815624879299481
0.872708502338498
0.958879894420442
0.880556332259088
0.867251531834385
0.913480341982366
0.677859000683066
0.767202804312574
0.886696548917563
0.73650600367104
0.680277752974264
0.970155240204676
0.890956351234155
0.747672600850965
0.994757382972215
0.761122610697997
0.938979300922877
1.05963978364562
0.85302887016606
0.934895468185252
0.631837831891769
0.882773868649874
1.05190251300573
0.802557784212049
0.848194993592942
0.865621500917594
0.926841422322112
0.823642108606814
0.875897886323439
0.976561610535587
0.933992558792231
0.903135452598976
0.936677414297444
0.755202784483419
0.874167174915449
0.969878447673118
0.944868537525199
0.816454089184938
0.813843058881607
0.909238446323845
0.844168783705788
1.03477693190235
0.911160739749492
0.930792954357009
0.931404642657322
0.87533435420697
0.816452909345594
0.928947919355925
0.968790371032543
0.860212872321197
0.926608770730458
0.908977372103828
1.05204120860399
0.83354841258218
0.849408532219815
0.912253608382503
0.955220794555823
0.721464698422482
0.975726005502172
0.827692236197775
0.907274030098599
0.923545072672214
1.00857523647781
1.03002576817916
0.997152027002936
0.86113064316816
0.915543168741007
0.982557448515058
0.800457673720375
1.01558084715832
0.927173768267965
1.01117569298861
0.896958505078515
0.830805775984233
0.86725079970251
0.95194538107822
0.974632550104783
0.86427241482484
1.16472461363951
1.10558712327538
0.942047580406491
1.05816524651947
1.05643915624731
0.879955973215432
0.924642504899516
1.12203425478943
1.1395814953262
0.996303819154367
1.01709508834467
1.11075444126604
1.01289381844281
