-1.12331030338636
-1.10434397639934
-1.03255486534549
-1.05820838767536
-0.960552113892327
-1.18882715743519
-1.07475126052957
-0.928759999768098
-1.00605197102257
-0.848610595478155
-0.903442946775791
-1.07918061635938
-1.00838185685607
-1.13150747105561
-0.939710006698807
-1.05968776447393
-1.02378947764905
-0.86431123304913
-0.931350886957988
-0.907018850732895
-0.916799950099201
-0.879612595973712
-1.00564406246787
-1.00919662926666
-0.988812188329501
-1.05552555841068
-0.900223735499345
-0.876037313870931
-0.85032368739405
-0.873194437734557
-0.851565691781988
-0.98262331445872
-0.997571292491236
-0.817560304424261
-0.939869068790476
-0.913829372349789
-0.920002489552153
-0.992172339139567
-0.831148039163719
-0.961249526648495
-0.943659874203357
-0.896371349040946
-0.932125222020519
-1.08900622570178
-0.713276480953062
-1.01316869017269
-0.89005175170446
-0.900690595862273
-0.916252753178615
-1.03186021886283
-0.71999332494539
-0.909937349386779
-0.873200433279899
-0.927385269484222
-0.871310460226771
-0.855898249129795
-0.921726931487277
-0.731648266226461
-1.00885448168624
-0.820229887383263
-0.942455500551449
-0.80130181437889
-0.822351405776845
-0.878945466993738
-0.739086024574893
-0.870097308158787
-0.900284994122126
-0.801759792892187
-0.805423631421916
-0.781821239686266
-0.825760583133237
-0.828123668625202
-0.918695539557755
-0.83026398367747
-0.855162486149999
-0.868661309947198
-0.874776153071113
-0.743622860903815
-0.894545490846155
-0.841280460358155
-0.948074587836573
-0.904179433120655
-0.883409785443906
-0.884688180684419
-0.681667055859212
-0.950311718462077
-0.827249448539535
-0.853898084333004
-0.935763649976451
-0.794616650559565
-0.854309429226845
-0.912751056386065
-0.946606567022161
-0.65011157852952
-0.813172308163195
-0.851462551835794
-0.76176991545252
-0.843270694278544
-0.880008454818279
-0.805251690585637
-0.943793046115139
-0.799929507360293
-0.746190723229697
-0.908772104544388
-0.72402455257254
-0.858594238631286
-0.866758762459138
-0.80437763904904
-0.761106256285048
-0.758242576288584
-0.74311163427509
-0.766442933766028
-0.665439024692094
-0.796191015438144
-0.730229608282445
-0.792234193170237
-0.821626683433881
-0.722024223001512
-0.654380352624445
-0.778001413869362
-0.689181796236412
-0.903990349269033
-0.664561653109433
-0.70130197881239
-0.691432711445231
-0.849009815985002
-0.771223867569819
-0.733513475684567
-0.83674462490936
-0.779880002650988
-0.658570967842124
-0.820994212848937
-0.68856099398217
-0.616258283187294
-0.724398410574092
-0.710991755855082
-0.74864584406722
-0.87055847467496
-0.723064476872291
-0.839739802102964
-0.823590333461519
-0.616023255255776
-0.647543948371038
-0.751368774555966
-0.616434766700503
-0.696281938604825
-0.54568709295597
-0.419892049976144
-0.660197248948769
-0.661505367601303
-0.642086589656761
-0.651821558077371
-0.751520682763008
-0.50641201963327
-0.602884153439828
-0.5259623777574
-0.647473537929924
-0.449192545115117
-0.746082414716812
-0.745302696407633
-0.577559462221904
-0.595332062007673
-0.590036465973057
-0.627728466597402
-0.698357833873009
-0.684610196688391
-0.752786312919944
-0.687298982605088
-0.637495479471715
-0.635594897698925
-0.550554109983194
-0.634706302522338
-0.633040907696719
-0.628534067528647
-0.602658171980279
-0.690257782742692
-0.684440343298352
-0.656241160961392
-0.510985350378049
-0.672309751027683
-0.640375240564647
-0.512934813696119
-0.669085406782715
-0.659005053834987
-0.515354000716056
-0.501569221604439
-0.684653999395117
-0.708597565636111
-0.59114442783383
-0.66963674464589
-0.650925136686147
-0.534817072548493
-0.615651146102266
-0.709566156250694
-0.624842221354354
-0.689921103649606
-0.620849869112694
-0.819000261974832
-0.536621234896833
-0.594989894211559
-0.47416468028906
-0.656789894877082
-0.480514284604671
-0.581549099325059
-0.68051320753179
-0.551144783869206
-0.60861333158871
-0.54367919242207
-0.606272510572713
-0.472533906348454
-0.545046474701252
-0.574370701581286
-0.653450954842835
-0.399849390061772
-0.429307964757258
-0.630915892154581
-0.653582203035891
-0.695539097467761
-0.545264340243797
-0.506719580873285
-0.598125423867283
-0.435352437389559
-0.453236263910981
-0.685453578470328
-0.447972314513746
-0.716100772670925
-0.450853815186848
-0.591057785296547
-0.622190469242069
-0.513196202163343
-0.425647967410039
-0.570789981283608
-0.539163358108366
-0.672596747365611
-0.687891211068017
-0.612154286769159
-0.47517909945256
-0.452058785701456
-0.563783255847521
-0.344736580053508
-0.438150295688238
-0.612027815961699
-0.439892482976976
-0.443829566392239
-0.538245131290528
-0.53396184394569
-0.472485353617298
-0.49801738494882
-0.375746531392797
-0.523447940062616
-0.412668457395345
-0.472293071835047
-0.460531031337895
-0.60256004746774
-0.638266989304305
-0.485786700629826
-0.509003830103294
-0.457599999226018
-0.438248946073172
-0.525207189287412
-0.487099410804305
-0.533927689183933
-0.49946310193234
-0.518971583471685
-0.460229357897013
-0.322805749612782
-0.583273423059844
-0.428686428134994
-0.602795241706632
-0.608309164438401
-0.314834926037976
-0.456153906233025
-0.475337348403343
-0.408490417749064
-0.397364280935394
-0.458500918687911
-0.497578760811984
-0.383476155175717
-0.498836874262879
-0.4029062065345
-0.522343606501383
-0.402756356762606
-0.329163508438849
-0.489276651854024
-0.341917986324844
-0.487560681331148
-0.42276632958726
-0.390870900216073
-0.487291019303191
-0.359991431731874
-0.434157917256439
-0.341650334461225
-0.449698061949754
-0.421978064348011
-0.562853701061477
-0.585564576829546
-0.538777857162068
-0.384118139251989
-0.31526155725377
-0.433082499656918
-0.413832474521861
-0.463110138906826
-0.337525545649273
-0.383507286856435
-0.386293260760079
-0.350246669185797
-0.466478069448043
-0.430317567496717
-0.331831074215578
-0.320205086844452
-0.364867298789627
-0.444245447885531
-0.456896827397792
-0.394642748479689
-0.33099900583684
-0.398971815186975
-0.243194475701125
-0.324664606960836
-0.254723574891168
-0.337117889563705
-0.327577215635006
-0.263199220133557
-0.400713379669932
-0.189882069196016
-0.301678210271156
-0.397574376090721
-0.32863864084702
-0.25437508633469
-0.211398497108058
-0.344246675455687
-0.222362908352549
-0.335663690516002
-0.279113832234379
-0.328320473734241
-0.351760729108916
-0.4677540655662
-0.325744820812763
-0.216550452016231
-0.405682716187277
-0.473301782117711
-0.223422808533482
-0.40840959046572
-0.26631510229555
-0.313686763174544
-0.325425652618725
-0.35443334940282
-0.200204497172412
-0.293710345000546
-0.281943812135974
-0.397169435542741
-0.254077670581259
-0.283801628582236
-0.365796561734729
-0.388133261168203
-0.459415276794426
-0.162471720594001
-0.278709794457522
-0.308178285059528
-0.188449935694088
-0.292058251804406
-0.163425538118076
-0.268022286022268
-0.128575339066594
-0.308110133782498
-0.350517325078691
-0.291480661569774
-0.295234022324429
-0.0901745830726089
-0.246875740398644
-0.211870096850813
-0.273642662757842
-0.286057309966265
-0.293430537735675
-0.0999564307885193
-0.314235250358687
-0.131349979323765
-0.511721470609044
-0.225247853695331
-0.108433832328133
-0.100609655387563
-0.395454031037364
-0.283710661011125
-0.0113545187555269
-0.33829373037253
-0.221208644822292
-0.268843621641119
-0.0849664143125413
-0.243890148110212
-0.24846435948175
-0.194117820961393
-0.167458346251389
-0.165275952946252
-0.079148847173905
-0.270433087159627
-0.246277190488946
-0.242048037301946
-0.174048476387352
-0.208819505369769
-0.139490920682541
-0.201512126842121
-0.167415968493488
-0.166213444730524
-0.14344361899851
-0.230231539042542
-0.138774671940158
-0.102403696131298
-0.206419489530807
-0.296941091729894
-0.160680908608196
-0.0272960203224672
-0.243744176096038
-0.301299368644473
-0.187326997130785
-0.0882924010463017
-0.16447843828592
-0.211146168154008
-0.137779674215438
-0.150282038348014
-0.188755778831266
-0.0615767959777224
-0.218927611399953
-0.0581382561587291
-0.245501941299093
-0.114678145475233
-0.322212110147685
-0.168285640143892
-0.111967064679295
-0.206300550656412
-0.0103259736705089
-0.13930805400639
-0.166442259019288
-0.37246733821208
-0.125543288090973
-0.0426732756423794
-0.22010537746962
-0.0282788571491231
-0.210546920121501
-0.0650081275174067
-0.140401489690028
-0.25114093521956
0.0341443332896435
0.0350944714034953
-0.145518472079716
-0.0901583183727697
-0.28232953063376
-0.0324228339867041
-0.100742026320454
-0.148687564824221
-0.241565288081986
-0.117772481555646
-0.121254130365169
-0.100547759625152
0.0316633700892371
-0.0519611249274495
-0.100422288214346
-0.0770386225889726
-0.0381125263721263
-0.0288278024392525
-0.0731982813400153
-0.084723798676032
-0.148749021812165
-0.0423775067998396
-0.13217606062746
-0.0494962558128524
-0.0821841756323584
0.0454434132014782
0.000201522250784475
0.0764916107491596
-0.100123533301755
0.125482033076987
-0.0490079453583561
-0.147830906668317
-0.0146498848738087
-0.0118125113213148
-0.143658154733211
0.00863607339394837
-0.0303283467174766
-0.0111497725688674
0.00646916673395731
-0.00887054517215213
-0.0354040165485342
-0.175328104054466
-0.12700403603528
-0.0749110610271381
-0.0122926062877841
0.00958944279773174
-0.0973259712818842
-0.0739495412948922
-0.091126503398859
-0.0342481229906387
-0.0515173461027526
-0.110297188196318
-0.00584649152244731
0.0047208097919682
-0.0271900346349535
-0.0127903260685366
-0.0621764211674579
0.0324078281895932
-0.0741939628027329
0.0437594146603883
0.0241234717434723
-0.00780173633141154
0.0127188175233322
-0.021804776020228
0.04283178237151
-0.034935550701982
-0.120819805903637
0.199155491851292
0.0107647432923521
0.0512067754711433
0.110561234079125
0.0572796466771573
0.166385950454499
0.0193849060938421
-0.0627746215569463
-0.116155292948532
0.0487755402147226
-0.159903466658014
-0.0110334211990349
0.0766933630041393
0.0169566379824282
-0.0384848856615091
-0.0242377640897963
0.0674090494559565
0.0377041329244049
0.11710458967198
-0.062249459857232
-0.0660904401855155
0.127121131879003
0.112940484065644
-0.0296671029792503
0.000220261474776763
0.0136857652505722
0.109710699881258
0.0584414112274635
0.117434380037653
0.109293485018916
-0.0959958817091127
0.0238532930251261
0.128802906796963
0.120514298073165
0.0340414912728128
0.103807092413241
0.130763638256157
0.0813526497771093
0.116315764957663
0.126947879433147
0.0796871319266563
0.122354667477576
0.0430817813846085
0.185917370610616
-0.00588762301428403
0.0407976076371891
-0.0804690795221008
0.0816928556302493
0.0261769055695958
0.141103427296694
0.125908230820146
0.0768627123130145
0.161593697278221
0.0398921560412526
0.169017615954672
-0.0309966560786816
0.166491249349575
0.111278317885786
0.14992995394136
0.0769877905220875
0.1206223130917
0.117715658261516
0.212804932798084
0.240780152656584
0.178961620303988
0.217567643009874
0.121832440099293
0.140335360722535
0.297597922551596
0.0210071947220648
0.115809477715739
0.191873704851587
0.254617633872876
0.270734687917665
-0.0129319224059601
0.0985333736529669
0.246656147337628
0.192768212068396
0.201674892257208
0.0558414875811753
0.0621142551793322
0.196467194585833
0.284411979622381
0.10312782518335
0.208573364951404
0.124384559653813
0.18548238318889
0.0759006491389769
0.147269734743642
0.169449427506667
0.325429104435417
0.341578187891175
0.029573712169603
0.122377375212564
0.292695275790987
0.131365060257895
0.191890211570711
0.205124983787599
0.187838850587274
0.196927846648662
0.105682493815105
0.319624247837802
0.144310541394161
0.209641643020069
0.347683059879559
0.160063708385158
0.345894209645155
0.392954716935882
0.208387593507991
0.193908616740776
0.330185343527032
0.429239979928087
0.201226703332152
0.361996189847139
0.25732551273776
0.0904933799257504
0.212751224667737
0.279037139450274
0.117898686469432
0.260725942501577
0.328893822373777
0.393232981050544
0.242736666103305
0.276648903803549
0.16752976819233
0.287941973716949
0.219626528748449
0.181629316061462
0.213198440354487
0.337440631169771
0.256596413444511
0.431026157974218
0.279281021730963
0.34144951461806
0.17233256543264
0.302085524532661
0.289116266894486
0.289393219599107
0.235447795894655
0.19843615259798
0.213142517906697
0.308385461089893
0.30396607492572
0.351182832641886
0.258412077828197
0.251966610465933
0.290071423247858
0.29926369580191
0.418425688762799
0.294539822290678
0.345133909945476
0.393956545401068
0.305300370330819
0.282156393422201
0.279729297168044
0.268874578358091
0.387640784799201
0.339912726683337
0.225961123592916
0.371458270701639
0.469847597054473
0.434929051237555
0.259940953611833
0.318155573170052
0.222484996850793
0.35895036991424
0.31674042775341
0.453409317925737
0.216149853637123
0.37686361259097
0.258590955650052
0.31618629957485
0.239721780515585
0.336355283060396
0.336066986597342
0.399474413924704
0.41584044243646
0.40272644938294
0.408629778464425
0.437022686328188
0.286258486812176
0.47083370802851
0.356754539157309
0.353731939542745
0.459577687405647
0.444373350275053
0.301514690997684
0.409538442427772
0.338748158110531
0.377110866323619
0.409646490539754
0.47376023813635
0.38714702839376
0.357259878065292
0.513034388734243
0.372568459688335
0.401334146902193
0.440815950278303
0.311490318362129
0.334877976232057
0.3776087381181
0.471995873895931
0.438481132050722
0.457065556109055
0.480423236890436
0.449624039826117
0.524465895165665
0.407521070016647
0.373214181768114
0.512022607080816
0.372110394941632
0.533559175832436
0.517542318582553
0.461015851861116
0.588198225062937
0.36065986812768
0.361256808709119
0.24591989298053
0.452395672018536
0.359112148548609
0.416289266989876
0.467621442727321
0.555856521245149
0.466389781783334
0.370422747088611
0.456197497940146
0.535706196963279
0.470701979664305
0.54855393659568
0.489195100415126
0.46800585292422
0.553253369250823
0.638089012514251
0.408394693869644
0.598227971700154
0.511646548211161
0.508698494466314
0.530636464805164
0.45822689171791
0.516539952656365
0.554506604032438
0.518945387150776
0.567232081046831
0.419012805452111
0.500703163662401
0.520970705775421
0.415799711946294
0.543197119712635
0.446512814076607
0.592886991099559
0.559324873610472
0.652983316402992
0.54097655895048
0.576543564538846
0.4240112875582
0.47920741532147
0.341205760400489
0.527219000311126
0.604441276712323
0.510946881092076
0.68003702109134
0.41094020381103
0.428659684129062
0.541546842784575
0.640466515839014
0.420774537499143
0.546553878724756
0.515801229856991
0.475590093109485
0.559612276442647
0.572300118096831
0.582486494775484
0.61759306716138
0.576979616543089
0.588274829007352
0.602944990548674
0.593819595505798
0.521968662101856
0.585690044462861
0.60850472245103
0.488994099831471
0.745204630472739
0.583825340793176
0.508848174685596
0.582572603539973
0.55026954385632
0.555967860914642
0.628196321903598
0.757999716634365
0.520977986948765
0.575596540527477
0.525274571147592
0.527168391547743
0.556195707568436
0.523687915361605
0.672336190589765
0.559278429711071
0.720528985440835
0.57098648145654
0.557337817847
0.737812556153094
0.524229005553305
0.613344558802662
0.511142876057666
0.503777763041346
0.562978615329847
0.501322368308533
0.627569551796406
0.728390644889906
0.714021802349231
0.692103773514734
0.656817997569218
0.603661124334611
0.600782116786651
0.711175026580511
0.529606924243029
0.575025266953585
0.711142518365766
0.579743092501268
0.587232992339849
0.620137262694503
0.731773381876768
0.860963680362873
0.649988447960058
0.678030108403157
0.684980487108958
0.739382756471614
0.586961623870797
0.721526940184441
0.573104666133205
0.694913618329996
0.588874633986121
0.647733680260693
0.67754971044503
0.673487555321535
0.880396962385864
0.538885038847521
0.689059800527136
0.69774951533498
0.78299807882815
0.833322686047303
0.625259306013157
0.703874128912708
0.676108483114452
0.815801712526246
0.70990552921712
0.829266928213924
0.742316230184182
0.712052017187934
0.664155995679621
0.827792042683705
0.716462933238983
0.832063970322679
0.718897468773415
0.728239420564992
0.570836451253346
0.633152998320192
0.756163517184894
0.786556359002687
0.729296162338392
0.819048705437579
0.680697832609527
0.738306858809219
0.778310058298545
0.657839179380211
0.754598383092756
0.653655671913918
0.781936680853305
0.764396782341219
0.666675759033112
0.685512742808761
0.69395782231954
0.658467372903042
0.699731764747461
0.676404939624724
0.653781022569223
0.789714784097511
0.743090713991968
0.759487143344876
0.764900915321977
0.654693432317185
0.654660867018832
0.711808807379378
0.8810828214238
0.839366039106916
0.745972192548282
0.758910386260236
1.02917568862694
0.80505777997992
0.724371936980648
0.666039652965577
0.72382535914468
0.834656797822076
0.836720218315362
0.774268213264002
0.892136029876757
0.774251820632107
0.725246371121165
0.733642359804084
0.804746341562848
0.648600702401621
0.867489888301897
0.60587120011798
0.868858323668078
0.786775311356017
0.946102965064459
0.947449100676447
0.946211388068094
0.888589114087392
0.766947809990618
0.875846419275336
0.726040812498805
0.851865192721928
0.766798928630876
0.824786734179712
0.873812573532228
0.824656349719974
0.706848754901095
0.956524294657646
0.836998627674318
0.884855235794649
0.840513240039185
0.923537293578725
0.879417563936949
0.915264607548954
0.951647923923243
0.779022578709886
0.905981837666202
0.921594257193872
0.863912948772664
0.854370504997623
0.958651016914231
0.940536130055571
0.796305326110966
0.906263528060192
0.861005083278606
0.882205423925348
1.05851254495738
0.829483247532961
0.783800482306102
1.03344457932566
0.944058518027613
0.930956173152315
0.944210438668828
0.960619231921788
0.991323731938629
0.834554799762106
1.03129477195531
0.884948639118567
0.862048955516847
1.0211304672078
0.899006183436003
0.9487892969815
0.905698287573976
0.782523106301931
1.03264546848401
0.907924871240899
1.2865339975582
0.874862114076341
1.0211545255667
1.05824841797228
1.0200742459992
0.902983820667763
0.954380450165537
0.872881063274241
0.864774473763231
0.835023638174342
1.04930869903006
1.18905079264977
0.967971404594256
0.976762466162436
1.02815389596684
0.960106697570571
0.895708734181766
0.987540439713085
1.04594336775635
1.02322217939902
1.00184574442423
0.968445569771414
0.9433264716677
1.06119412404814
0.862097555562859
0.980810278029334
0.912384590692959
0.889438577845284
1.02423310740237
0.766498015139283
0.88211322943126
1.04501271058001
0.959005912326078
1.11421712908908
0.946397104373721
0.923940681201343
