-1.05246870828812
-0.987016539597163
-0.885032672364996
-0.944889294359436
-1.08428797637688
-0.889049307718009
-0.901519044365759
-1.09260554187054
-1.04841306038627
-0.899039525976492
-0.830638463714132
-1.1402700821991
-1.00649473599747
-1.03198113776582
-0.855332657145444
-0.973781542582859
-1.16725206088991
-0.963936311800912
-0.933286489418847
-0.816428667390644
-1.01770216712741
-0.877952931498549
-0.938001875152225
-0.999918219998847
-1.06086802095203
-1.11672141368386
-0.928386723524979
-1.14872792307314
-0.936268735550017
-0.86242080281577
-0.981906523810615
-1.05068595754948
-1.01730249371723
-0.852035333456273
-0.953150091849685
-0.998855082112594
-1.0710301503166
-0.891594384509105
-0.926132971703429
-0.954089660442983
-0.894300049906921
-0.874209102926853
-0.837961863992292
-0.865361595590664
-0.921955974256644
-0.94773146380264
-0.986899674455777
-0.917024008514002
-1.01278807698825
-1.04509967835543
-0.99320246017212
-0.877327250941674
-0.909017266566474
-0.874674486380931
-0.919638562685889
-0.886599640932167
-0.874758419155131
-0.997954174575997
-0.77271842563112
-0.922101387633561
-1.07560482632016
-1.00831561954269
-0.717346804355996
-0.856615277826777
-0.760817883856058
-0.815057866603542
-0.794661327742208
-0.737152740917518
-0.850064637588811
-0.931002395950798
-0.912255244257836
-0.870582219843308
-0.860667775424472
-0.867831559463233
-0.890830876618019
-1.02189801409979
-0.76258470565601
-0.841772171502905
-0.973357604146741
-0.723068066418441
-0.877817623505495
-0.792164924420766
-0.780038868608457
-0.770613234240303
-0.840658048822358
-0.826222686427328
-0.805014654487422
-0.820871967530087
-0.868880836131741
-0.811106361548243
-0.876279502773647
-0.876505148120385
-0.748731091994508
-0.747426170872628
-0.771092357423856
-0.839553214101089
-0.857423907351808
-0.761225066895948
-0.787218354322886
-0.863593188375025
-0.946386644579112
-0.752831779846258
-0.817930571834527
-0.938916157117852
-0.772746322059966
-0.844900789998586
-0.834567096425759
-0.753784189195249
-0.796978043322527
-0.910024770308556
-0.75677038509073
-0.698791673965227
-0.778957759530065
-0.77851306889376
-0.775640457549175
-0.666233977153785
-0.688552498822041
-0.845226365414105
-0.887224354573524
-0.783009886952378
-0.727811144581694
-0.662982543801484
-0.783655658682745
-0.687043973726431
-0.748045920147388
-0.602656222673892
-0.619405638672869
-0.793069711476908
-0.71721137494729
-0.788560795531883
-0.719087770901725
-0.720689362614022
-0.799537223974212
-0.756347098761854
-0.639713920042895
-0.849441973423711
-0.803140695238955
-0.831418678541197
-0.735831647202506
-0.685424678797915
-0.744178833099913
-0.849286282606383
-0.762849011122967
-0.814080768371182
-0.744509929164622
-0.761782436897721
-0.694854104934494
-0.662756752013228
-0.509318388651496
-0.725448625326735
-0.70135760951641
-0.710701628364527
-0.71611022715458
-0.63430238731602
-0.606370817015028
-0.607585176961376
-0.736790578965354
-0.72480026260531
-0.678309887629379
-0.742115219094016
-0.840462356735179
-0.528613552408027
-0.745215640063738
-0.759058985418497
-0.713703113377369
-0.638614440167894
-0.697325820087013
-0.653311364791287
-0.721065164843234
-0.673818395490079
-0.698366643867378
-0.577346122880543
-0.593283539112103
-0.636196620560964
-0.702183082428596
-0.55478030949135
-0.872281183811241
-0.696305399891378
-0.724084229009947
-0.659171808818906
-0.66145197691766
-0.62986645350122
-0.644582594566979
-0.686328253699585
-0.536591751634503
-0.723902018734667
-0.553766119128504
-0.469149810843742
-0.606904944015878
-0.569680399337655
-0.579223770525273
-0.658119541363111
-0.634509827228637
-0.648361580701468
-0.631541772521186
-0.689672056321033
-0.65029330926502
-0.644347724753244
-0.573258614233438
-0.588563407938414
-0.64628057775059
-0.613924637884373
-0.702315247584496
-0.550611294371852
-0.58912790723307
-0.620853083163658
-0.549776664151951
-0.670998227851379
-0.738489750244103
-0.719966341513155
-0.632460014141196
-0.663670729127099
-0.651105540201336
-0.458932019652002
-0.483426570336755
-0.66066861128369
-0.457717272555455
-0.595126862590216
-0.436343836516389
-0.693980531304999
-0.654342424768143
-0.549879230736086
-0.574306077125683
-0.451317353980061
-0.477862337958368
-0.634555711735886
-0.591485505363781
-0.476795329077658
-0.351900910816882
-0.570819584767747
-0.431809662684867
-0.514660607245222
-0.662932864156496
-0.428459274787721
-0.432500795731857
-0.534152781638262
-0.347524126895265
-0.744469056531646
-0.558283385266185
-0.614082042625388
-0.558663618034879
-0.505644854281091
-0.562331201863829
-0.405646960278048
-0.518143622605554
-0.486102640316421
-0.570122881847052
-0.465987699193504
-0.669728922324656
-0.665584594213785
-0.524681616743719
-0.493997608626666
-0.638480051984765
-0.434063706604939
-0.472274631718885
-0.544185790875386
-0.630278513109003
-0.442415090363189
-0.484166316941784
-0.476886999712181
-0.562631161314258
-0.454036423889432
-0.286477886606716
-0.665126476646577
-0.458760240231579
-0.565694621448267
-0.395741181712897
-0.505106917567546
-0.474497498917589
-0.543298607981707
-0.450665451977142
-0.292477278419031
-0.609633979964614
-0.546019338599772
-0.45198081821365
-0.568053489935001
-0.433860645999012
-0.54329612808924
-0.491444168488233
-0.461161382139722
-0.624965487544704
-0.527077073921707
-0.346447970966444
-0.480861632216515
-0.371049985443547
-0.435975328666382
-0.311763247471255
-0.619431566531417
-0.530424515540825
-0.3850420033703
-0.395239015714557
-0.498255144186046
-0.23789621343567
-0.364753883394055
-0.243608719732741
-0.444407099202615
-0.394786573333426
-0.478206101352983
-0.520085662252239
-0.327822391078106
-0.472656644831685
-0.277220190571664
-0.342081030969258
-0.440520320719687
-0.469554482197746
-0.326357457365889
-0.250233113890767
-0.365738891072989
-0.444027906929705
-0.46920736101463
-0.412147146532617
-0.364522961759382
-0.297498611092915
-0.414268313916237
-0.462424299863985
-0.311866502455171
-0.394819011877234
-0.333587941918984
-0.442002090792285
-0.324146126333291
-0.372795842142208
-0.43503487321709
-0.417978365527852
-0.44845926280746
-0.294976419237151
-0.333298882664368
-0.388091328794855
-0.520533475787871
-0.341212726750767
-0.153584797437639
-0.305334072917481
-0.210880245195078
-0.444228810611103
-0.296713315003644
-0.0465324395915084
-0.328289436369264
-0.333671800308946
-0.419061729764866
-0.297836399542178
-0.347431292818083
-0.308088462050485
-0.298722145737229
-0.129155502084002
-0.340391180160357
-0.171069073958145
-0.351155679145972
-0.371141284492473
-0.267637253508856
-0.303295253749938
-0.241633822444196
-0.303958923375316
-0.267146184352507
-0.289563194832327
-0.341846941410068
-0.200287146442868
-0.26153650586311
-0.310502678533693
-0.360044765359927
-0.38417611250872
-0.323355616601409
-0.297580971858534
-0.327863620971421
-0.436955419696635
-0.165641463722193
-0.276157900052286
-0.262299443625106
-0.232415244533288
-0.279287751078865
-0.202714517918572
-0.296518340046878
-0.180319399681583
-0.213294252980773
-0.271832096810834
-0.241727762733595
-0.232454419036456
-0.203937051779263
-0.284619274515156
-0.331849077113946
-0.178914620490918
-0.226086082020256
-0.333930379367551
-0.350836781946314
-0.118043271718888
-0.223458160119747
-0.149155438926442
-0.217362104467698
-0.208374842499607
-0.203322287125755
-0.24672945593699
-0.340711990813657
-0.268980955385957
-0.262539762557752
-0.218691978361427
-0.14313478705154
-0.173207761926248
-0.164863419481536
-0.280013295713528
-0.299221743958919
-0.190299035612623
-0.302496370850613
-0.0901056072341189
-0.185574437868472
-0.278733077993403
-0.196253174757479
-0.126031681889049
-0.21726599063648
-0.192544936856773
-0.251631236122771
-0.264326499456346
-0.166178250858025
-0.382408787324652
-0.0656334644581501
-0.201801471201362
-0.266831589787456
-0.166137970035677
-0.00950113224827834
-0.262896389849526
-0.163663786731118
-0.147626956730632
-0.228028971078557
-0.429325306990165
0.025148138285574
-0.262928786196278
-0.170019488067783
-0.167293191049275
-0.137249884384523
-0.0795401795063257
-0.28978984797836
-0.180804359042259
-0.122381346168994
-0.118706192335255
-0.269414396386697
-0.134919159377672
0.0280983027646515
-0.256761186252979
-0.208126041261442
-0.280170463437107
-0.10905513320482
-0.161440274101563
-0.142220555415938
-0.0756514738903214
-0.132940846565505
-0.145766076571516
-0.0530326726778947
-0.124497868808711
0.0134086817632799
-0.0546690851231265
-0.0193097090377235
-0.164141464020098
-0.163381419702338
-0.278663606433779
-0.142123145462757
-0.115769938384744
-0.117859189077392
-0.029701424262461
-0.0927274779524565
-0.0679095361364701
-0.0606743121435146
-0.104147197972506
-0.0853917124445396
-0.0921266419065083
0.136232251312397
-0.156694025818777
-0.136072503033762
-0.0579834135027659
-0.0792568524086127
-0.0349190319343884
0.0254097031320369
-0.134703569290685
-0.0615112632931329
0.0327375056499236
-0.237059324010252
0.0402956353107652
-0.060370867548036
-0.0391399183760743
-0.0869875030870347
-0.1625229237199
0.0132060770618964
-0.17557322901197
0.134172893978791
0.0607515864275613
-0.139942116513826
-0.080111960820174
0.0470382489536588
-0.112555693794904
0.0493385957741937
-0.0100628304304724
-0.144196323136846
-0.0443112390136348
-0.0407269431394129
-0.0450493002334684
0.0818412603069648
-0.108176039017288
0.0653413245443307
0.0273129407526719
-0.215954013011536
0.0367842135634287
-0.0570992012688385
0.0462617450061876
0.0518908238704246
0.0533764552298713
0.120990130870793
0.0647698957341524
-0.0294071046312819
0.0395627094972072
-0.0450618261849975
-0.0391483277707786
0.0388382357071696
-0.0344027899290962
-0.0179760687868826
-0.055509181730931
-0.0017930408807455
0.0844683800476775
-0.00173584809932509
-0.00214149546846081
-0.0334677263371787
0.217015364131606
0.0341647368234453
-0.00463148497172969
0.0322304173593684
-0.131725512858361
0.0245745133606784
0.0164687306103148
0.0420102892839588
0.00391740516992927
0.116721335687314
0.259625303361527
0.0701124024569366
0.0726621169102074
0.0336904027148203
0.233594226530687
0.107402009480196
0.0711264091690284
0.122784638000745
0.0760733857018605
0.0648466545352345
0.134545371331855
0.143445546998897
0.0210179286788284
-0.0361223736952943
0.0192995842775464
0.106536223233099
0.0889262983224966
0.131139546713974
0.116012667453806
0.0596043832292299
0.173046937674827
-0.0209436922403569
0.0515963963056422
-0.0948173408824701
0.24780267063628
0.102317642430908
0.022773026676518
0.163552100060566
0.192825110569164
-0.0541309026140364
-0.0404427057810436
0.0758370505644038
0.0609732140263829
0.178779439066647
0.0930955971871005
0.218341215613474
0.0534924554346944
0.0575795915265978
-0.0125228474513753
0.121462082083435
0.0742673220723134
0.153329451983111
0.137899644856552
0.190074215227476
0.105056205941958
0.196291309086633
0.23636315904232
0.268094368598996
0.133617440722218
0.0298542308842515
0.259068573811663
0.260960484860826
0.0996793408020674
0.160054799889589
0.296537354603227
-0.0604815696547409
0.0410296365134365
0.195892930566783
0.105434611484455
0.190013930485366
0.0840562473531573
0.0582540101940666
0.12154489887736
0.240271417740802
0.111875976680236
0.241590106575143
0.0759528355392357
0.175466293838123
0.124537904718045
0.326407254444362
0.267307082412976
0.351830143074154
0.106211446727009
0.137661019529738
0.123848585043414
0.177048575440357
0.114900931788455
0.247057266082952
0.143073424051789
0.360154981883674
0.187550847748606
0.292668505511254
0.231327243091219
0.211723883617491
0.249233294765068
0.412820527588864
0.0467574239152731
0.196299196503626
0.315327358832895
0.347088725545888
0.130319182580201
0.113116904719305
0.317409898009885
0.279098468594613
0.204451800509529
0.163869040091712
0.377728655693874
0.298211548165092
0.12979974608223
0.271374857774466
0.318364203619202
0.199455274456227
0.230785156560755
0.189367019112591
0.434188628240877
0.228741071738173
0.138590253005279
0.340104366606064
0.318518509825452
0.28209632785549
0.272540237868522
0.224527295402876
0.183531976552434
0.306658423968201
0.216605241391424
0.149523052044587
0.164730500548652
0.244454516420291
0.27963936095511
0.469193751532365
0.340618125553715
0.181734851836858
0.328194977949306
0.175213387844878
0.281861612954625
0.329795278320161
0.325414692605751
0.281183645299486
0.154022433094424
0.381281097297371
0.398292508762556
0.311431553164776
0.339609567367406
0.281777591534058
0.290543849260309
0.299397078654039
0.326383266076238
0.362929934692124
0.164797211570456
0.396867858410047
0.279899226670325
0.347301016309473
0.207131570071304
0.272868307693832
0.287044815194639
0.445335232472429
0.392098879034303
0.254218294133932
0.379300734120065
0.283604018684996
0.420203327011263
0.374275630875958
0.480017658523125
0.425264511410315
0.278158781212727
0.265635791726054
0.324067228721807
0.463386647242195
0.474103248017633
0.376210037238395
0.158816656553254
0.464247776741806
0.324741337268791
0.375780799354794
0.310595179882076
0.436552127743042
0.27649731745839
0.414339416902437
0.361619126183466
0.406152054718364
0.401751189649616
0.477778695600252
0.512317883739764
0.325031456034648
0.446167987881796
0.509869499665652
0.433535729415812
0.457695749658595
0.455322874817125
0.534898616543715
0.352333909514165
0.318976873952602
0.340452868016519
0.431708476815028
0.42981016907123
0.408104175876509
0.418760863355103
0.42962544398943
0.30698031988137
0.39004212471371
0.440070645930612
0.432137673343449
0.351450444893041
0.535888574586571
0.427174792475812
0.345018497591189
0.472026764483167
0.540367141452417
0.488277040605829
0.384551023253327
0.490905404028507
0.437490391063435
0.605785662409149
0.574365342670462
0.445623404288526
0.372739711103072
0.455231072690434
0.410010879475611
0.355149330371678
0.441283911061701
0.430665864283823
0.661522865072709
0.257644558845573
0.414782276832285
0.520182336831061
0.428382371381878
0.39832977928415
0.416929790202835
0.424151432847006
0.413260991259833
0.642474887783607
0.538844625566255
0.411134251724695
0.539604013577819
0.481290524150952
0.399947465334119
0.612761612494778
0.484003041411466
0.42841355128507
0.658320271522189
0.592121454502608
0.555666382216284
0.454432981326265
0.548433308092325
0.579709060798083
0.529361338912231
0.486881988433295
0.563640258461656
0.462611019993829
0.365034323433278
0.569607096688214
0.512203439398389
0.423472732022862
0.639531629024145
0.37592533983557
0.554566700507425
0.506146437411432
0.569436874794304
0.559140996357462
0.532353564067158
0.492685765727817
0.354411152601953
0.599784371366215
0.664717974332603
0.596709984893254
0.564250082165162
0.652271224543466
0.508052370770551
0.582477278507088
0.588155694480402
0.507589621850595
0.572784076068377
0.593017378574804
0.74204010890729
0.635793829628812
0.642304991106525
0.616158031682005
0.53281721701093
0.770262568333046
0.542314450942473
0.493406259103167
0.353453865999829
0.607330642647214
0.631677056192827
0.56408991183237
0.573503717678191
0.589774499773488
0.598551059097761
0.693920926253639
0.600197841164046
0.552356039549757
0.703704129967641
0.671241784718234
0.441260070887308
0.739368692105975
0.705289273837663
0.615662110404011
0.472082816236863
0.687690146964202
0.69938058547408
0.472007825806734
0.508112145291629
0.530182447786003
0.760947454248961
0.791774485573558
0.698257189193626
0.628832823383172
0.534598788391467
0.676685271292211
0.586749652187186
0.68385196538506
0.515646540759958
0.699276124568706
0.630460488832735
0.617937019007573
0.854854131241187
0.839907803307405
0.740234408236732
0.713716166600327
0.522534033090702
0.703752150597336
0.73512497731521
0.700033232782514
0.638097183792589
0.514433298160984
0.581396917455877
0.776442379513583
0.72406640935411
0.630330071922638
0.639662969612202
0.662085670152095
0.718450939784531
0.597689252061277
0.730441477591771
0.693359825236619
0.782904979117928
0.645320540078158
0.725979856796707
0.77948252427151
0.836166773895954
0.636945373194751
0.785794416264386
0.653297293864695
0.776642376629019
0.789833544196228
0.702986546555376
0.653031168928714
0.683647937417324
0.76791403469501
0.689495600799146
0.770933828077986
0.624161679426031
0.85065691684257
0.702547314603085
0.67878247303383
0.743513937182185
0.583008590883597
0.773960361032572
0.545746234298252
0.689092875910467
0.884801363446221
0.713360326050217
0.723305265520701
0.659533275801557
0.773715902363448
0.736921395882681
0.704202219555855
0.801696096965127
0.789536439426345
0.796251916087882
0.615879280076297
0.813063555648824
0.791959057225765
0.692520879955896
0.716439762789242
0.775032018280495
0.832137708692784
0.844389061667957
0.723111323440824
0.870774617465154
0.794194548373555
0.888395850758575
0.56777399446505
0.778643407263826
0.853833800664949
0.678734399416471
0.770777374162539
0.731518561550594
0.878778499164824
0.829787078863645
0.762511085500654
0.872509446974322
0.831668496847052
0.776812744028249
0.798143979613243
0.892682670752016
0.805478135824099
0.87531655935137
0.861912740854295
0.843579873086318
0.833990983141078
0.902963397089677
0.775976040583874
0.803769997312898
0.767399903544997
0.726452395221721
0.978521782914765
0.901613328201823
0.840494549726374
0.932295832785844
0.959206343267548
0.767720244225394
0.821815051050572
0.906805678922176
0.904589344278214
0.730825091824623
0.85927212968181
1.02136158340138
0.998640604495279
0.799845262269421
0.874206115243463
0.925707982215116
0.925457535702428
0.906075787338681
0.906672167404831
0.781384426298433
0.96221353115117
0.983174416934148
0.942827851581026
0.850039260710846
0.77952861464422
1.0321982994709
0.829663273864693
0.818105760467332
0.990015958435317
0.78827787326215
0.839648797793574
0.906047121790893
1.07834042313926
0.939533145482257
0.943846058892003
1.00266542362537
0.931617930124366
0.900824790373383
0.936652535955559
0.885460293357646
0.999759582820038
1.03856476924144
0.954474666715775
0.888576208050137
0.977547947470717
0.935476736710488
0.913316965772623
0.90373647584276
0.859417434683964
0.909929322593761
0.870357348280655
1.12005606301996
0.979033023545823
0.87247097364421
0.937352731270387
0.950421223981242
0.900353604059096
1.01013975526387
0.912972645087156
0.935425662338139
1.06405102743515
0.952511778853423
0.960005280845417
0.953472302139653
0.894853118281544
1.03642596367765
0.995414399845774
0.981248081963149
0.90397591668877
0.997522758601478
1.02233301904907
0.951876403331873
0.992123551682004
0.948497157404523
1.04198822804752
0.888296271876496
1.05891437242705
0.814376570723952
