-0.996533494407407
-0.869980047630886
-0.872752408148798
-0.908875128855657
-0.774641613769101
-0.988855998031027
-0.983525864997915
-0.965480029784247
-0.975994661770041
-0.937906961844965
-0.851265970108724
-0.910165841004064
-0.928970725223272
-1.06399392207722
-0.944617344121575
-0.907618434584101
-1.02029603489569
-0.923052648740498
-0.850985433456043
-1.09813182485731
-0.951335816711928
-0.938842609901112
-0.787925595105317
-0.954619925856819
-0.908611494817526
-0.989430880795714
-0.907471596790998
-0.911949749938296
-0.922711108638805
-0.899652265293617
-0.990127403218182
-1.14125340579342
-1.00632252586966
-0.955711548579661
-0.979499620313582
-0.991883737858012
-0.914803809184956
-0.874250186419737
-1.07463739595934
-0.917224686478864
-0.970395010545954
-0.824364732399009
-0.838991405863387
-0.883636064127324
-0.82111337051633
-0.98762626097719
-0.953200332224352
-1.02451293388068
-0.910607686170904
-0.831677151810065
-0.908583161074649
-0.929542470864588
-1.04730101984423
-0.943309618795639
-0.695246810116439
-0.794307685682392
-1.01108028595861
-0.849474074622615
-0.914742543151737
-0.784360637101222
-0.794357534709884
-0.943820506045756
-0.686262048490525
-0.995749556463178
-0.994482901554833
-0.784826163900159
-0.776245350875693
-0.867651437878513
-0.866047176076317
-0.847661485420028
-0.810364883990831
-1.05833813773634
-0.94161722357585
-0.82421750270672
-0.876434302339753
-0.770700146019339
-1.03367881482775
-0.781272374937827
-0.796507128968989
-0.757024030820216
-0.78350401372826
-0.958410515268853
-0.735932593161912
-0.789893673434253
-0.901354960327497
-0.879116652899713
-0.660161764612134
-0.827361363245868
-0.77530433241725
-0.779135186992887
-0.956622927576704
-0.58951854060604
-0.797630062662922
-0.839739031415956
-0.695972711954652
-0.825311183220293
-0.87253982036199
-0.880084995381991
-0.856887837862755
-0.593153954979016
-0.85766469491511
-0.71439206029289
-0.711567211947091
-0.762061291216795
-0.979846497025759
-0.901206935611409
-0.78148356018597
-0.67988310187423
-0.722178733831574
-0.902809816796879
-0.616295373572147
-0.701099538793909
-0.764476766808775
-0.779298230741379
-0.826331487636122
-0.782949571811689
-0.750097353852111
-0.750152867277953
-0.821179529346207
-0.84876898787262
-0.720803824259206
-0.79698672926427
-0.779502432734829
-0.957639878279989
-0.787767790091667
-0.802090017812106
-0.747706184314335
-0.761389841462728
-0.631838971114244
-0.810307045590473
-0.754885691292076
-0.612178755414619
-0.946487312072441
-0.726576902345904
-0.717155846082884
-0.813743142435867
-0.5550814988903
-0.662550461381998
-0.807744802498068
-0.709965969547487
-0.77858906685351
-0.736332215056401
-0.716046372261982
-0.708140444890923
-0.730979125541725
-0.728169363363623
-0.499032861039574
-0.718611331219224
-0.74757729668946
-0.69182412589751
-0.662123647962333
-0.566601217828255
-0.71840427342614
-0.874038900175726
-0.639740047209985
-0.629364513385233
-0.594511889512772
-0.623882904882106
-0.792814428568808
-0.731652043649434
-0.783280247008137
-0.654073198787244
-0.590269170459751
-0.584418488076137
-0.668059451984049
-0.668184322714716
-0.711544309412941
-0.702049346508658
-0.617299618659645
-0.638186385023161
-0.522905209078644
-0.634479231901395
-0.616476314103596
-0.67239836884398
-0.64061362833949
-0.758854082563939
-0.508834253519084
-0.601793687256769
-0.695116821693605
-0.529430841276545
-0.648517559657921
-0.652595974301279
-0.630597948859537
-0.666721580696519
-0.561538284039398
-0.694700916523152
-0.735912212663694
-0.436959324684738
-0.538652308536373
-0.546104953236474
-0.640652172062156
-0.673336768710482
-0.655877224039492
-0.628768305102963
-0.558699310400045
-0.706671890859285
-0.682602852373529
-0.607432325068419
-0.64330837197297
-0.679859409711751
-0.668413994946809
-0.554020607738
-0.602951957436544
-0.437279157023967
-0.642027775355593
-0.610784234447843
-0.559201544843199
-0.679623554466604
-0.568815856353596
-0.548484219453583
-0.473950712628119
-0.412299985032554
-0.459135979552003
-0.532715923736972
-0.581569064432472
-0.721923021205441
-0.468067947179372
-0.50625103170803
-0.476675763357961
-0.627100685302213
-0.699760958007348
-0.489159005727206
-0.624488069588274
-0.582332760018671
-0.536241167090646
-0.550300919692711
-0.545528243385313
-0.622146465569493
-0.639858389950452
-0.548465067855351
-0.39334048139156
-0.520564141226534
-0.377736629450416
-0.535790013504353
-0.504281877378154
-0.573821843201564
-0.373191502724538
-0.695151430467081
-0.666107213946602
-0.53684586901084
-0.579764689343446
-0.536436302330418
-0.503886959302682
-0.483345855963245
-0.471945859562299
-0.552356095645916
-0.400922388572498
-0.532132394650912
-0.459746141845553
-0.345758195585901
-0.5808266826566
-0.41221693673753
-0.443874359947473
-0.421122264691413
-0.592490831482697
-0.515392959282648
-0.566762563630643
-0.471661617930342
-0.64457096844986
-0.598060845288243
-0.40731461480341
-0.441416827138833
-0.548538343874163
-0.408526370700379
-0.43108015509146
-0.53068168386078
-0.513725537121919
-0.373463189439161
-0.661158030573801
-0.538815895325138
-0.510124549529578
-0.415209819026918
-0.444162730532974
-0.415066171704404
-0.395167678885873
-0.422063255813313
-0.538971631985539
-0.410297603197328
-0.512691468311301
-0.636396190442128
-0.410211448390565
-0.488422533100802
-0.422834748597901
-0.384656712855471
-0.456769020199945
-0.531913509716278
-0.477023518771504
-0.451171486055639
-0.451104672870226
-0.576969269774068
-0.378812576987981
-0.404730649920208
-0.493197284410663
-0.454005932545232
-0.47054023559438
-0.338189785969897
-0.560623576427987
-0.251565942147504
-0.37664396040531
-0.471469457717618
-0.397344285216065
-0.437400188384683
-0.562058957220565
-0.348409691637109
-0.411357546519457
-0.411183104301381
-0.31930343885951
-0.551743140541956
-0.395170398719164
-0.421566762886565
-0.37291534633499
-0.403653875017272
-0.430760820501413
-0.340353935613106
-0.36237745109112
-0.375722016595312
-0.42304069862497
-0.410071881975611
-0.398318311932086
-0.329314027661051
-0.391923187344998
-0.41825698327741
-0.317873725218768
-0.372577969777677
-0.379175999261575
-0.57152935248975
-0.341784908354758
-0.279237489457632
-0.392091934354425
-0.313438565610297
-0.393128252445121
-0.395081801453874
-0.407188788110429
-0.448001487987584
-0.469546728993742
-0.44036408442132
-0.318138916512523
-0.321588989452661
-0.415280400897031
-0.416897622057017
-0.289484358067923
-0.199449290402609
-0.538468072457007
-0.230495229473149
-0.303567951168405
-0.225820547459102
-0.166199000624415
-0.257348209553423
-0.315275408280197
-0.332573561435173
-0.375602462998096
-0.365462720793736
-0.342211569647635
-0.165571558554371
-0.399201951468714
-0.472337425123822
-0.349608302953734
-0.302014759832668
-0.327891491602117
-0.387438015737692
-0.149003125512871
-0.411353578571799
-0.3589812350679
-0.385238555379742
-0.174232885797839
-0.313350362645599
-0.267745867507152
-0.282774026022431
-0.3388405784934
-0.282079654850387
-0.129591954840149
-0.295252941747633
-0.226819163878072
-0.298735516870663
-0.37534776139236
-0.231512822300801
-0.280009598534863
-0.282356931240665
-0.247912810025322
-0.300500231780922
-0.228321458265129
-0.0664417978534883
-0.108314389662195
-0.166838360970921
-0.337028918736021
-0.248051075058208
-0.189758830318641
-0.192481702282112
-0.0688652842448592
-0.233947458109934
-0.22171483622409
-0.283292205270288
-0.237623272882574
-0.210836411133902
-0.252861711091015
-0.233118797096611
-0.220983096108902
-0.255623572943529
-0.241603416451786
-0.0662894605181595
-0.306846899849306
-0.256353105756105
-0.189975725486377
-0.233819907453946
-0.190555280288311
-0.179991358124751
-0.094536641544261
-0.405674807771262
-0.238038731171077
-0.166525352456068
-0.136759915899109
-0.167093948744075
-0.214755924629044
-0.161477678015169
-0.138563042952622
-0.135921861334172
-0.231080178142511
-0.234835462430041
-0.152710876014731
-0.221021099573756
-0.211420463458759
-0.0690448468284372
-0.101211689339861
-0.135664661428819
-0.127076642425979
-0.174490182592229
0.0324862342794229
-0.284026211762173
-0.233346641388596
-0.101147385003603
-0.105085563174409
-0.183534630595948
-0.141307911345763
0.0802398877808959
-0.0450341748784649
-0.180673500517969
-0.20307453967538
-0.138008952523614
-0.0592656152774215
-0.159972299851441
-0.149802392329656
-0.180825601806032
-0.060161134562077
-0.0127936518320428
0.0260021077538432
-0.175537549673624
0.033589761703966
0.0439049914457825
-0.0757747875887852
-0.152432626116136
-0.162067232002942
-0.134769996358062
-0.0220491307040447
-0.0883850965939927
0.0815679401380791
-0.142051049419185
-0.117519831834603
0.00469931659219369
-0.0371431780835093
-0.0860506774502416
-0.0387073427088105
-0.143806072174293
-0.204692773746996
-0.0787291752359652
-0.162784117358948
-0.0575995759692685
-0.0598919342107989
-0.244875663333389
-0.0443044975398311
-0.172304422318335
-0.0115736573445948
-0.0483923382356253
-0.024956153558749
-0.147991299371949
-0.0790752173249151
0.0194674765347988
-0.0975951642887705
-0.0174274564266683
0.0910556221981996
0.00618073513478077
-0.0614743894778697
0.0309272741108396
-0.132519291429585
0.0332994813404372
-0.0274333825896958
0.111955004199805
-0.153855470431375
0.00128308945523405
-0.0756233799033334
-0.061791443759285
0.0269475219167915
0.0407695156127864
-0.0669980663756267
0.0111915527617044
0.0519203363479607
-0.10925594171392
0.139387587378995
-0.0649981860335057
0.0948066417405721
-0.0298952616074185
-0.021178883095381
-0.0417651499721856
0.150194940783082
0.0592265429652525
0.0205840499075687
-0.208590139017276
-0.0471268788072682
0.0746964181627294
0.0100984176274945
-0.0391552259461182
0.0895402185643614
0.0634105886712937
0.0779298279503842
0.124397784657387
-0.0135944977409459
0.112647152726268
-0.0389603725219329
-0.0129490368638651
0.132915618180768
0.0921657033396447
-0.0280328082552094
0.0412998446780328
0.141606107152184
0.101955657775991
0.057229106704677
0.160410431673214
0.0137878612952074
-0.0193671831271547
0.000504876011808804
0.0710333208861233
0.0549409663976028
0.158011747707144
0.229449684523807
0.242807412676152
-0.0998528383591167
0.186297669673166
-0.0303671882308887
-0.00446196992729487
0.13442745538505
0.1889110693526
0.0207515026341634
0.240455157697061
-0.00240308670876583
0.0306209594025725
-0.0922935823935913
0.159443836743708
0.168353954577272
0.117998846322067
0.0487180164838969
0.0939489770536555
-0.0563834985770032
0.00369123534587438
0.0655454026752519
0.240057833760953
0.116769403407415
-0.0277916759217493
0.245783351986963
0.0754520984575675
0.0739824016071347
0.241115406484348
0.133149658021306
0.159023723149833
-0.0293615050521892
0.0129626766545183
0.00720322401143621
0.219986619540885
0.0860572315576369
0.182390805425865
0.0193004456865626
0.125577012079614
0.239880945405905
0.099001459520138
0.0980943032286336
0.243536485213055
0.224893566031808
0.128435786359895
0.158034285438779
0.119558091734037
0.102504132058704
0.182693189590358
0.231941465894811
0.19309488482765
0.0734564099264161
0.14189381771887
0.0804146813023389
0.0998211956597111
0.174049010114361
0.276279298073761
0.207921760290699
0.202781269540947
0.0329933786223978
0.227157599500626
0.176492741984079
0.166257453691143
0.14946019073104
0.0589800747641289
0.205259238437232
0.206982688223993
0.296635508062044
0.2801869548779
0.267361220640966
0.159015009774563
0.159098199373117
0.139490128187758
0.114359114838119
0.315979637044286
0.178075372446616
0.313523154383877
0.34727590724316
0.381394365629831
0.139058890246059
0.216922954955605
0.266167098137035
0.220938598084375
0.0848720136931427
0.259859719975191
0.199678525973043
0.0891861090817726
0.281138622731641
0.117190770673422
0.156690561247102
0.257464314271618
0.242778720250069
0.287431902090483
0.414567038161385
0.123816722896133
0.311258862648777
0.289599681081637
0.19608433132821
0.133177256841564
0.188601928893603
0.25770876033042
0.241532854779083
0.346377490508909
0.220686065106368
0.286267373589787
0.3922118019827
0.2770955221008
0.128744273061899
0.191107390604174
0.193510058875388
0.3188717531815
0.253343570631228
0.353373913594797
0.225466705352312
0.303378241303362
0.287521366562415
0.12165200353569
0.271946809209618
0.301358021741682
0.353171345602818
0.154378758629974
0.292974251600642
0.263932651836936
0.476272311868442
0.362549230708679
0.364318473103882
0.525897556670166
0.367376791011838
0.307655117352567
0.223062314217226
0.371464436831219
0.462124976369543
0.278285872256508
0.160778099535162
0.406586328926717
0.406373077636153
0.360323996067627
0.311874798142483
0.23151069056664
0.265023467297545
0.369545592365756
0.335905075433994
0.283535008540646
0.326500893587182
0.494808596190756
0.485106959175376
0.252522286211538
0.261544089128384
0.309799791669463
0.260499290181706
0.350366265226996
0.254395340450553
0.447430409973269
0.357137164679173
0.350873760543304
0.432659873881107
0.413930811566073
0.398553826933813
0.462887775852463
0.522400559239391
0.438907052615868
0.31879526417134
0.383220996794375
0.382250483381584
0.430536843596093
0.354963971007269
0.217988013491801
0.295763817124632
0.426141470298948
0.39038150084204
0.436635690948387
0.430461554918559
0.441720708038076
0.341153030279113
0.438315027849549
0.268233095831266
0.425898997930479
0.398820329804874
0.611292063325132
0.566335111311636
0.389206345491282
0.279863587415513
0.361307747866987
0.446306856238811
0.427453556526152
0.415494759603089
0.401420417062811
0.473561692177206
0.57438084971948
0.46474053201975
0.536942843318484
0.437832106641561
0.248175227040042
0.547574982377132
0.549581327356306
0.464634241988101
0.430527378466024
0.293125786437537
0.299391691372083
0.36191592282622
0.495331033823602
0.445056382248995
0.438779004222308
0.343296435482829
0.368643438491513
0.460189774033519
0.536330147060827
0.50167030660817
0.325964730580302
0.495138152429198
0.384065072154792
0.385560739423134
0.380220386373594
0.55882533492919
0.583699815841175
0.303517965570618
0.379839946419871
0.535137342998941
0.531985347753807
0.483773351481534
0.510845868480686
0.406983918589292
0.45976509679447
0.588272833907099
0.363180029636319
0.632965849011819
0.514341773035334
0.365189187391887
0.468215244556793
0.627679352889279
0.600216630000029
0.557688131415486
0.476749177436446
0.492030441393678
0.610220581691671
0.543954701953283
0.643744644764179
0.609298605596913
0.563860406036857
0.476428487639331
0.514263502236786
0.489559364778308
0.487873030741874
0.784347354319432
0.585340556624925
0.506426107617446
0.404224937694288
0.541608679950634
0.630612268202214
0.523187755743857
0.657701870915704
0.45109873417482
0.589858880510684
0.716102301809266
0.621958857325182
0.589967334375101
0.677033614312482
0.625909394654815
0.560793203094558
0.765031529934371
0.488680582329006
0.62790715495782
0.529433762229703
0.563502574277931
0.552270992431439
0.658772928242409
0.632651111361483
0.62027193609194
0.56292997967686
0.585927577241934
0.475569587232632
0.582281756231033
0.720678932806195
0.572200492014658
0.607456611156665
0.586985512221195
0.521317661356941
0.663429179107622
0.560882238786679
0.812256147925376
0.620520479320431
0.487071142222306
0.608939378941007
0.584464958747695
0.723975325109395
0.564114445325965
0.720234613494702
0.638618051450289
0.781994039165006
0.646620005878714
0.728135306770354
0.643832941524842
0.724411501840929
0.624374019834608
0.556949641176591
0.752606731742275
0.570464411232757
0.659785025941364
0.796603798277782
0.745878584533881
0.724292681349748
0.717250555537861
0.637556292346229
0.502249016181593
0.728970023747529
0.587635800905314
0.588359736823944
0.802330326438245
0.681500922060228
0.542423368334067
0.548963968665576
0.796438646864475
0.529060495110624
0.721817006407987
0.602889549536646
0.855113319313529
0.765690085757484
0.707816676582167
0.721452731797337
0.700858834909272
0.763754661256687
0.862570064842599
0.63185161351102
0.740235756314975
0.835435463148805
0.874792463749374
0.707812910628531
0.784465202633179
0.795753234333448
0.665815848226006
0.824049849348293
0.710268677636028
0.66223719154104
0.744375056256339
0.80978941397269
0.804999313320284
0.686410709742316
0.785413295632337
0.72735130313298
0.704542099016143
0.6810734890011
0.691275618745836
0.883261451827972
0.8264032473677
0.720584062023017
0.7599758635644
0.781124365689149
0.725182747161161
0.785911258843182
0.802454132301034
0.762239988415018
0.867448078411084
0.833600139167679
0.864345803453879
0.860725126637671
0.664751706533695
0.81896154242797
0.801286866518007
0.706457486897378
0.886676926264256
0.737700088314586
0.887698258529809
0.853726015509204
0.9559447407182
0.904117955667298
0.861192827854422
0.7468210370634
0.721189892688886
0.733935308521259
0.861523772278296
0.87366023097172
0.72759887625467
0.891528334536325
0.751449944195671
0.936433712216367
0.891945067458416
0.698717467739766
0.896937281355125
0.768850530066476
0.668131905309094
0.732285169549805
0.751901058544393
0.966471594908104
0.961671086612516
0.925271172344949
0.805456835612359
0.786007836393682
0.744876228637901
0.961774587415988
0.824956239061281
0.866648054302844
0.82651334791363
0.856166711909935
0.789373715097303
0.881268649170899
0.839816308918459
0.815738831342216
0.819645642818226
0.976906022420381
0.732088334165275
0.998043065421594
0.885155613512323
0.821939766834663
0.799782385751379
0.718550426081147
0.736939594223208
0.921998960575243
0.874326236595547
0.87046125626763
1.00151859992188
0.868450722961594
0.888016117626796
0.964755070296947
0.86780136873243
0.789082654174655
0.912531503931881
0.889494092778384
0.946681194740649
0.983788554956258
0.986631130221977
1.073045642244
0.986795541269303
0.970724335422487
0.898992624560422
0.958408323000738
1.00064310478834
0.89220723795409
1.03807446282153
0.842428320016727
1.17074705765759
0.999321565174062
0.76868366616639
0.9808728682636
0.906577767135733
0.743383620322367
0.908265687207423
0.956627813804424
0.899047068789938
0.788283507681586
1.03006316673648
0.966484653088376
1.00230489854099
0.938753829025304
1.12010954857347
0.803858203231519
0.991322194037283
0.898524099598856
0.857972548929512
0.882351253727314
1.08124146419538
0.90955800528311
0.964078892028793
1.02965664637192
0.915770758586439
0.929433470515618
1.06458982689755
0.940885189235169
0.906376716891186
0.919238134369525
0.989220519668024
1.06493625567985
1.00023206261463
1.06698075277716
0.914166615246796
0.943367792092848
1.07692388024216
0.996285953837624
1.04324263827054
1.04369693888152
