-1.03455607665
-0.972176630246753
-0.878264820811422
-0.948799101962842
-1.10911581394674
-0.892308461034833
-0.910730950926864
-1.08450568086008
-1.05447933716313
-0.889110978851252
-0.826535664007063
-1.12135835566822
-0.989952096854271
-1.04047297438235
-0.89245673602388
-0.980515550770656
-1.17189646509898
-0.973922145136251
-0.970087339243784
-0.821570860040375
-1.00893260664835
-0.864155942326053
-0.934403990517202
-1.00655730382488
-1.048894910414
-1.12247982859608
-0.942163391445417
-1.12525175463873
-0.941452519304159
-0.845662446886809
-0.99841801671366
-1.08190519122438
-1.04034031845998
-0.852542864423234
-0.955395587252505
-1.00630278848052
-1.08002482379012
-0.897102556956247
-0.922050930845546
-0.942569913586012
-0.911788744453699
-0.900086503535049
-0.815359678315627
-0.858947061204465
-0.942596062430397
-0.92890704368946
-1.0017583443157
-0.903238749163553
-1.01952141437269
-1.03294537326559
-0.982807256216195
-0.87453303444645
-0.914917288046264
-0.881192167095483
-0.915989676557001
-0.885436710823104
-0.880680805773525
-1.00950245965953
-0.773058149570472
-0.920376347463267
-1.05984317922307
-1.01264152756899
-0.703385309887526
-0.830019226773932
-0.772637097333351
-0.815507300816564
-0.784050118163734
-0.757636255703581
-0.863096156980858
-0.911993143238731
-0.918106031136413
-0.899114936276511
-0.849035904843081
-0.852678016094531
-0.877806999385228
-1.01830298323631
-0.765486701625126
-0.817326611418374
-0.974715073222237
-0.74371383882208
-0.874319951612742
-0.811259948445473
-0.772199021976055
-0.767523577296278
-0.826646141511447
-0.829154621974024
-0.834473829209566
-0.799309742598596
-0.862830746823637
-0.821911983930077
-0.872760424954523
-0.867020720314209
-0.762100801541819
-0.721514968446214
-0.757304238686262
-0.839941572318219
-0.843377056916752
-0.759352274480822
-0.797614131904531
-0.863093982393327
-0.932350609933807
-0.758631755944645
-0.809556798768923
-0.936805322734292
-0.800234784453013
-0.844148297239452
-0.797158839889803
-0.762096014572057
-0.799493589008878
-0.901608044629192
-0.725708124041223
-0.693025228956052
-0.780838526792058
-0.770771223950954
-0.738343831923343
-0.697172697316832
-0.697349474349908
-0.836485531536948
-0.870798500610496
-0.781034223373524
-0.724396143220832
-0.664246149803179
-0.791585663063237
-0.686975799036285
-0.725525085831539
-0.583871690660813
-0.604174927348572
-0.805616707335064
-0.714044951687716
-0.794945095284984
-0.722698441171795
-0.722381039424947
-0.80638012622568
-0.745351325583604
-0.651765454903807
-0.8107885809992
-0.780028153466528
-0.820807542565075
-0.724783694490586
-0.675948366311888
-0.75675661264171
-0.860545626491871
-0.748072295066417
-0.802096645607556
-0.760460788323607
-0.771776391072842
-0.695422286993988
-0.68230181055756
-0.516832336589862
-0.707681638236628
-0.681497089440172
-0.704656102010324
-0.705431389483617
-0.638674091517214
-0.599955168587494
-0.620223150537289
-0.753372292278494
-0.724462618725189
-0.680930704265134
-0.741217370717112
-0.872761758874216
-0.519480149987584
-0.753236711127546
-0.768324928148361
-0.745834354878817
-0.619543798508006
-0.707483207219557
-0.660560047342456
-0.732012880672852
-0.659616309668195
-0.679405248191454
-0.577003011678106
-0.598873578455433
-0.631352046876198
-0.693483876086522
-0.542942293178004
-0.86845801902025
-0.706235454804585
-0.741069926309661
-0.671657864592271
-0.66918154725574
-0.647471649884435
-0.652697089456668
-0.682898104436355
-0.529053163070733
-0.730285367892751
-0.57473955364363
-0.478481413592727
-0.615288933720935
-0.583545599350902
-0.56450217459351
-0.671491160098288
-0.620897839777009
-0.645504738346643
-0.646888493120954
-0.68144277566403
-0.680940176600979
-0.655842022713026
-0.569960486269691
-0.592685310628218
-0.653313862192833
-0.614990402480932
-0.709112322923914
-0.546602513411081
-0.571048806620791
-0.623290468166488
-0.532715490496533
-0.650435290218591
-0.755049635952338
-0.736593712500512
-0.630987070663929
-0.658835181186311
-0.646205869295601
-0.434796007971329
-0.463631174786525
-0.658240136017339
-0.439503481183394
-0.607100800423224
-0.421514474037607
-0.710394877832518
-0.658093674138813
-0.556602958582131
-0.598603549834115
-0.477931098580538
-0.493623664436056
-0.607161391122452
-0.585131997010191
-0.466345261735296
-0.346602356955186
-0.561514128395816
-0.428765268304656
-0.519148694978495
-0.680673756334575
-0.409684373996016
-0.420023452556203
-0.544040515996441
-0.336670207502356
-0.749368811971203
-0.558127501393209
-0.630806908851056
-0.556171588890205
-0.511284654824165
-0.571842566852138
-0.38144647160984
-0.542093763846014
-0.51776785686226
-0.577384824878232
-0.469937475509895
-0.662728969443352
-0.638549656991529
-0.529530691537088
-0.508062001700458
-0.647807684478776
-0.445850081957131
-0.459552916792646
-0.518737126325917
-0.629873868693576
-0.45698589605654
-0.482281748947868
-0.485994355538409
-0.573093575438961
-0.446383017778118
-0.290975385523075
-0.65054256602915
-0.459654515923369
-0.570134895263841
-0.398278000746691
-0.510654533083615
-0.460456692175388
-0.542667988629792
-0.452633152183164
-0.308511226031199
-0.586256602096619
-0.54644617690581
-0.469241717605312
-0.540818610010813
-0.418790606321564
-0.55115182838771
-0.507722140599637
-0.481036540409201
-0.620811310056981
-0.545114590969622
-0.359247465278042
-0.485439816349093
-0.363297832590441
-0.419597196072797
-0.295397135294179
-0.629011674643574
-0.505923848203619
-0.383634958635489
-0.402894565827906
-0.50054207826146
-0.222593146343049
-0.385279068889177
-0.239272368960998
-0.439595121572609
-0.425335082933501
-0.460165713140089
-0.507644855855223
-0.325702349598828
-0.441561432912944
-0.258377968510342
-0.339829748972511
-0.441521428512356
-0.466524838035342
-0.335308524142411
-0.241887927035937
-0.382480294564054
-0.446787474173515
-0.461151817426967
-0.42764727985204
-0.367790691422354
-0.301668167136631
-0.423645141553383
-0.467520848207238
-0.294063256182375
-0.400770258517358
-0.355800847747281
-0.451323904326865
-0.322406702202457
-0.345914250141766
-0.440001671865202
-0.400490398505214
-0.461967858977827
-0.284086107784283
-0.317565961445488
-0.386136321528526
-0.498632722278504
-0.338584521594689
-0.178343111338357
-0.314081630622862
-0.230484394313312
-0.452332381469109
-0.285605035132151
-0.0257530007335038
-0.340321483609516
-0.310981939379137
-0.378896698918623
-0.28358962947118
-0.343500803002133
-0.31802563352707
-0.281433084839616
-0.136547813722603
-0.337779736845318
-0.176601254650189
-0.339945508180582
-0.377831610871162
-0.279628742554542
-0.304077404796259
-0.244413650156037
-0.288842396988445
-0.274957343662495
-0.313813187251872
-0.341619016024711
-0.179341989530434
-0.24310143776593
-0.315784914386303
-0.360167185448238
-0.381222496236918
-0.326996021236897
-0.306902806483787
-0.340870288438552
-0.420778153030131
-0.172921162872087
-0.286253351257617
-0.244002927382067
-0.240868627382434
-0.303829055429959
-0.196119509699532
-0.288002164287458
-0.146624934112795
-0.210547797490233
-0.274804512129367
-0.250784147374855
-0.209852784073251
-0.191712781509404
-0.288394354634196
-0.347573145043005
-0.188845556150367
-0.23577090447069
-0.342169403876686
-0.323801619697168
-0.122699102884714
-0.220338286876689
-0.132963857922214
-0.22944384459235
-0.19720922397763
-0.193311643470215
-0.259791713483349
-0.355001498273737
-0.28023122468405
-0.261575523367501
-0.225173906941718
-0.159153375405117
-0.172883109088642
-0.150437850645741
-0.295877722637127
-0.326445972091236
-0.171899704142625
-0.276296486832458
-0.0733381951076503
-0.222114777355709
-0.28016664160262
-0.206869302988079
-0.130625487894464
-0.201614477196868
-0.20676518460621
-0.252220037129877
-0.270585223106972
-0.175143308438165
-0.38492037047978
-0.0820103184975677
-0.204155081781551
-0.271533389421368
-0.146471104308255
-0.0301629049019052
-0.259975506136999
-0.164062942780527
-0.134210009230796
-0.222259555109157
-0.42187524200373
-0.0100506878958565
-0.25836249725307
-0.172121107691388
-0.160123025657037
-0.150681606491793
-0.0696637492903839
-0.313267925868357
-0.159043334200676
-0.141380060741637
-0.1128268697586
-0.261711874809231
-0.130843323555264
0.0119467958317035
-0.239332754146326
-0.20053339732314
-0.289251599351994
-0.118420896800294
-0.169838899003448
-0.15080178341331
-0.0769174859859939
-0.142030724800909
-0.143374631933089
-0.0405595583435289
-0.121476288745288
0.00514657667412441
-0.0550469500884748
-0.0384571183675515
-0.141106941649188
-0.169167082233958
-0.269850016613367
-0.129398641587747
-0.109100577302392
-0.121098041181444
-0.0571656892784793
-0.0936328188841846
-0.0753776176295666
-0.0646645200287577
-0.0898646026405739
-0.0972274426880565
-0.071709388554653
0.139335281838412
-0.15281619866004
-0.125723265887342
-0.0548975851251987
-0.0846164548091632
-0.0348971247185822
0.019793829808381
-0.141358292971291
-0.0413817020730905
0.0250545816972984
-0.237019385027237
0.0589844763365044
-0.0395840254465489
-0.0120997646933751
-0.0761161944275132
-0.141170776969048
0.0177043157204021
-0.191797186002604
0.142038509471706
0.050702237045461
-0.143668591681358
-0.0930701245946362
0.0670478391192436
-0.0948503159310842
0.0407337636308966
0.00126853586364655
-0.152786633031393
-0.0414920782087212
-0.0493850596921946
-0.0300359389112589
0.0673461651286031
-0.058375147896324
0.0963751076800138
0.0507734464388183
-0.212516186879064
0.00533761665048775
-0.0769804752540872
0.03658834148135
0.0431299781369703
0.0635407182281333
0.118830038744466
0.0526383856294314
-0.0323428125542014
0.0466009505095981
-0.043264696437863
-0.0390492154291031
0.027216513292648
-0.0373621807463255
-0.0603311253933387
-0.0466262017280795
0.0110599809435317
0.0862599849555007
-0.00097509002347135
-0.00509660884928084
-0.0199436783630131
0.201624659271973
0.0348033015364984
-0.0148641692943516
0.0365509208733902
-0.142268380609751
0.037205829366151
0.0132562695926112
0.0332302789655554
0.00137523916409746
0.103499459592536
0.262695876646087
0.0691528962630245
0.0709415205463784
0.039614453493021
0.225898340451754
0.121936325134992
0.0695241223718259
0.137809035437972
0.0939751388515054
0.0882241582015167
0.112649835580331
0.104824978356327
0.0328854608222116
-0.0435770387537283
0.0125003832913429
0.075360118248
0.0918581913816675
0.139859106950185
0.0845672835510061
0.0576848162462748
0.167288751007849
-0.0461267417362121
0.0675230842290323
-0.101877576545624
0.235136731147382
0.110392632334067
0.0182627343282659
0.165922470298642
0.189189764051153
-0.0803339792831823
-0.0332135744504698
0.0887466250018787
0.0704241232483861
0.174852308099517
0.0936703156046839
0.225380610594998
0.0483678917321773
0.0536354960524111
-0.010123985765399
0.117996983055173
0.0647130290249457
0.17668721375384
0.161526784966227
0.170334689631167
0.104550543470725
0.215618545537633
0.23683043488596
0.278069483844805
0.12260678565214
0.0268082830762325
0.275254071971487
0.26798931930131
0.106370203860789
0.16320951698478
0.295264699360997
-0.0452282497100798
0.0570354704138185
0.18837928081327
0.108025208983446
0.208387875225584
0.0811398084599232
0.0332294419111243
0.139523391462609
0.226304819957426
0.105194711872574
0.223180502549756
0.0682936843537118
0.181830995212756
0.138388474817477
0.346424922231356
0.283534180788368
0.36210488992726
0.117660341459573
0.1400837953921
0.123152039097606
0.180318767890912
0.118335991016531
0.245384057779058
0.14265075558442
0.358055302484785
0.173874184090715
0.285670150708583
0.263586505864955
0.215730224124295
0.255794061580739
0.406912688732471
0.0361693204086732
0.207170669354226
0.332186333089794
0.35752845927568
0.136897227448369
0.116105612515925
0.322958757506935
0.285187278243465
0.222306522219552
0.170944116166508
0.363910708599824
0.312303108892832
0.162360703340898
0.281141953094236
0.337821301522306
0.18957462809168
0.209291368593141
0.166619622823418
0.411235508779208
0.241207505310612
0.128157612410476
0.34228086970863
0.323084017717653
0.25499824589515
0.292572203398117
0.211224033737687
0.177211391051526
0.307750073366107
0.247430293328964
0.166255212814558
0.156920577324158
0.242995702505194
0.2874986331308
0.466158005070457
0.336350320923768
0.184077915974318
0.314328473947543
0.144474054653727
0.267916050150705
0.328564379541409
0.315284749619435
0.274863328495
0.160790056749856
0.389312466203987
0.402048047551646
0.317061863053794
0.345874083678256
0.287929233001299
0.273877088525466
0.323447558786489
0.345347902267868
0.365657285520984
0.170683946636805
0.386144873380771
0.266617169952339
0.335249201311433
0.215714319942782
0.265310595421041
0.25676696119208
0.432136768925398
0.41404368334565
0.258760518799341
0.3799319504873
0.290150138245864
0.423839922469125
0.386720803390862
0.524284244602266
0.43142619227039
0.291736034917017
0.281167728719242
0.334807366888306
0.477173820246539
0.467445679753258
0.37575221694303
0.138265420271156
0.471258376851117
0.309257248911305
0.376972184264139
0.331100584035875
0.425551017750007
0.289721316681984
0.390075857406594
0.347945584321671
0.408772563064109
0.391650371484086
0.466549696200024
0.524955696567252
0.310751366833581
0.418271728803058
0.48441752695399
0.444886295624074
0.457211019888086
0.447570932914636
0.539556555339643
0.365822619311916
0.309922297480707
0.342577571518087
0.437865934230137
0.415364091373336
0.400511547280178
0.425420172163548
0.434226675410216
0.300306059641421
0.412044077558927
0.442177731779409
0.424297062894628
0.349168612841882
0.543790178905138
0.431958069490136
0.345237305327098
0.488911011867569
0.563955645141459
0.474261575729323
0.38483109134818
0.496538698819919
0.441851759131346
0.597214540023518
0.576743456716827
0.476674331244259
0.393151949297329
0.458924333145369
0.393743058368312
0.344991122359751
0.423427163127088
0.426155136305039
0.645115081436387
0.2477917124458
0.394313824727252
0.526979305204704
0.395448191118911
0.381569877869858
0.438622042548406
0.447527190489886
0.416465478785049
0.626841734031657
0.540075602082161
0.44274638922487
0.537070518864238
0.496257583071187
0.413529011771829
0.59900300330422
0.461792794718628
0.419099179674052
0.695381999262974
0.588961283672886
0.555820525162406
0.472889348182429
0.545132946420732
0.577125097869641
0.53436719342447
0.477411268891414
0.599021215062437
0.469401597585789
0.370057368317837
0.563138765669083
0.488543242554832
0.433903249626298
0.631614513071059
0.375743874513711
0.546404874156
0.498055348890056
0.56692289280999
0.518293909546717
0.519970824558937
0.486590248197467
0.366785423277732
0.594710972392159
0.686949203530831
0.607450924373045
0.556492697656096
0.63552363916556
0.519059406125532
0.574176123183781
0.595719185262297
0.508944986570792
0.542591391423813
0.575708459620836
0.740172403298848
0.638783494896746
0.628034595163028
0.617661060673955
0.516104493392253
0.770384491515127
0.564699102998702
0.506268356206445
0.379379609197685
0.598856084351279
0.635932332378941
0.556920699122644
0.570593570568706
0.583906692933482
0.586428129321511
0.688987008174561
0.581173075747657
0.566593506183688
0.702908307693937
0.674879765593191
0.447610126747312
0.753378956162058
0.71797387303695
0.630425061250711
0.465913523282698
0.675228140745245
0.700537215474348
0.465626471288777
0.5245350937265
0.538679482873853
0.768539218943757
0.804941493850275
0.694420777352656
0.655419717944634
0.523622041862048
0.691212259440092
0.573567794569803
0.677482918563288
0.522258663999225
0.696889332493321
0.61136298206963
0.598887189265357
0.837706160533507
0.849969043758984
0.716716435788208
0.709638850144159
0.523803908101155
0.695901083086939
0.73496812339992
0.68001325059947
0.629358949486661
0.50510033213243
0.579127867770541
0.783790431467002
0.706299949079241
0.632311853226202
0.655495462162975
0.659511092381557
0.725986098596196
0.580806420361536
0.762477547944076
0.69823150909606
0.781586881356992
0.65296992835235
0.730079674424155
0.772582197078086
0.844657599504612
0.657637731200008
0.789898528270932
0.641398345178836
0.774468524318099
0.794389869117066
0.69999376835887
0.659878230306703
0.707042880267719
0.766147014785511
0.679796834946297
0.769622694573972
0.618200072378889
0.852088230372709
0.699108773737202
0.664155237610935
0.751444709412951
0.576955453323079
0.766966086717984
0.56168068904298
0.699570595791936
0.870813264622975
0.717634649767579
0.751655281465345
0.652346787852488
0.791431477707069
0.736118050443732
0.708685336600443
0.804413083085983
0.805869406973097
0.806619320010167
0.628962609614529
0.820841076318829
0.799833752642813
0.683678771247944
0.693625152197724
0.787432493226118
0.82091441539064
0.842955727934182
0.73454642927605
0.894359069301932
0.805426306415524
0.86991485338633
0.553797047237796
0.785554332988587
0.865401507422502
0.681431088199171
0.772584451104227
0.728137890740833
0.8847017475389
0.820325022260665
0.76736288795149
0.888420209523925
0.827563575369738
0.773326694801239
0.781113277525451
0.888195334351779
0.803761008011831
0.866873210661027
0.862757930343646
0.827297355631888
0.837433469499174
0.930309761872573
0.753963007326935
0.792174292593204
0.748449721610635
0.718027101952973
0.98014189004197
0.911432726961685
0.83775681947394
0.928415866852055
0.967491204145209
0.766140128456035
0.829051639270114
0.908634790192798
0.921725863719577
0.743778262980008
0.866574050178466
0.999149694098426
1.00949630641228
0.793048680674795
0.863846922348844
0.940067665532075
0.936418888246636
0.884139754997096
0.887444267796653
0.76667056824937
0.97337518679879
0.952326053174235
0.933796996227779
0.842534346742628
0.777194458948117
1.02701382034396
0.863053411241262
0.804518937255098
1.00341378143672
0.787647364342623
0.842160975836881
0.89878891834633
1.07515319378334
0.932396454527809
0.941855161874927
1.02062375676897
0.952475522536895
0.917480436117639
0.92740667732292
0.880687199433995
0.989463913080337
1.03137760436821
0.951243819850033
0.87303262118462
0.969791572546506
0.926661347376139
0.91485250502591
0.91112230492903
0.882142643776017
0.893246921005373
0.863142137555123
1.14329192455125
1.00127727080758
0.864962385397896
0.950610561996934
0.968872817836217
0.903075045198804
1.01477123136725
0.894344441805451
0.938100096038094
1.07066777160468
0.9839205967399
0.935822467466266
0.958752348910012
0.899444821230938
1.02975552700748
0.989165532013402
0.986164578938481
0.887945612187283
1.01855424032209
1.02410957321471
0.948539557028835
0.998832335424521
0.922927718342166
1.02428123631477
0.869813159886164
1.06162214160577
0.81696502406171
