-1.03867723893244
-0.779376844281482
-0.979360943955463
-0.850910296924013
-0.969267148801684
-0.916073526177048
-0.856171333262041
-0.913381805469641
-1.01570207620864
-0.920954163531497
-0.831511356467153
-0.892461923608876
-1.05187725002897
-0.969127903338626
-0.924692473482394
-0.989266168485977
-0.864069790420137
-1.04675240915069
-0.886122506166428
-0.914571010502103
-0.90414668247085
-1.0756295839797
-0.897223062655
-0.80054892266212
-0.924613743054713
-0.978302327206326
-0.879308635587535
-0.999770524326542
-0.732666425773022
-0.944300823759418
-0.862751786512467
-1.06372904918476
-0.978779019309041
-0.837774218284634
-1.05503912117775
-0.89072797266103
-0.996473164193203
-0.816553796208192
-0.922930005430454
-0.994134477065355
-0.832786201798426
-0.914218903379162
-0.943381341732864
-1.07178628568956
-0.945018107299577
-1.02480878591255
-0.856773098701517
-0.91197917327455
-0.858763563796823
-0.895458332166267
-0.947271207453666
-0.818821294201083
-0.910903066355884
-0.701087901852546
-0.958865081308384
-0.735994248859804
-1.10072238343688
-0.921690616979718
-1.03660076872324
-0.871426288295781
-0.913895238702311
-0.816617595790036
-0.830508835106989
-0.879206170899485
-0.791163577522695
-0.985129158895792
-0.818954332094749
-0.871784928904961
-0.791468875366994
-0.735180360378945
-0.899916390667649
-0.810472827418603
-0.777095666312877
-0.874822544586996
-0.922178999322501
-0.884740857251458
-0.901485201261115
-0.80218821589503
-0.847862461066588
-0.956405809595315
-0.698950556513642
-0.810119781143009
-0.902510374065659
-0.934129827364243
-0.930426874718754
-0.789872732058698
-0.805565070489094
-0.995859248152273
-0.959403967927486
-0.730525805911674
-0.88687457272746
-0.810804630938261
-0.961801659355528
-0.743321309614486
-0.836701776578822
-0.982832702932471
-0.819786742386953
-0.762790172431551
-0.856273804159938
-0.728811020730084
-0.840587004108752
-0.791345791403851
-0.672048544921298
-0.805863220843735
-0.875046841315553
-0.823920369501576
-0.846375859989316
-0.817860199944234
-0.716300039451819
-0.78782656313862
-0.734071147020678
-0.773651802825248
-0.833348465736002
-0.765523233696764
-0.826042752401039
-0.71783260969518
-0.673954352843354
-0.751055145879443
-0.848668424317028
-0.745270142543658
-0.867514980265515
-0.67664670042131
-0.745772886584681
-0.77008191241964
-0.812775214318947
-0.711990279771028
-0.705071188410615
-0.700778896497704
-0.696451033111798
-0.575358641056434
-0.810705592577102
-0.923129508777884
-0.674020437949089
-0.806433859723063
-0.606725126476998
-0.707169262757334
-0.71377530118608
-0.494796803994826
-0.653971484547341
-0.627263308112283
-0.709597653054725
-0.691531109804929
-0.545768042246598
-0.701459547045513
-0.747568344491626
-0.697373675790445
-0.713746062969157
-0.554634081123376
-0.707577658953546
-0.648635725567951
-0.705394878858869
-0.903676859848319
-0.768755168853986
-0.630202218609418
-0.646580143398971
-0.684843856143975
-0.654837246061713
-0.639319051520679
-0.785339890104658
-0.657837482016584
-0.622292336197964
-0.569157738073097
-0.722690635758759
-0.6550260729173
-0.599842773530691
-0.614687630461788
-0.643151929306318
-0.467235313701332
-0.598409928230063
-0.622336811667767
-0.610336511513053
-0.569424053320663
-0.665870696887983
-0.543831754904867
-0.763012020464578
-0.629004281574339
-0.709242730764839
-0.525615243435049
-0.572099772197576
-0.704216392881506
-0.561331158851193
-0.534512315216192
-0.650956961217762
-0.508659919640654
-0.51187134550166
-0.833851867305595
-0.677600063621225
-0.53804689125077
-0.625737485900025
-0.508862607016826
-0.643253910430553
-0.606809397785334
-0.643474860388429
-0.751080350718378
-0.662562935344127
-0.716150754951964
-0.551323195371185
-0.75722915849352
-0.677109218445126
-0.63789171079352
-0.719560408293863
-0.672676972379928
-0.546943730082283
-0.510731677607905
-0.720078552007632
-0.614562935488808
-0.600326362001708
-0.610346640463254
-0.523963967275889
-0.649342978053918
-0.618897318489876
-0.495637137221987
-0.472110308393171
-0.499778495510957
-0.518323890475177
-0.533664106126672
-0.615666165175261
-0.452325236977614
-0.552419257758766
-0.508956147649395
-0.636096115617624
-0.521351513176233
-0.56745838526427
-0.51453077761722
-0.684918136090735
-0.501353663767418
-0.530061702079967
-0.532150828182397
-0.511392888670404
-0.655592911345546
-0.596829187432662
-0.575234075084246
-0.541962442599555
-0.702073781914521
-0.510430062898817
-0.510819981260173
-0.568487525407135
-0.403035767504797
-0.562106768643645
-0.650126760857177
-0.478679490585551
-0.565348077702101
-0.46582496514014
-0.584836994757997
-0.483995524028094
-0.454633043228949
-0.430536301875011
-0.638922311251949
-0.416784798146044
-0.583734832769617
-0.485475431070566
-0.555216537425481
-0.377705683575282
-0.555753578302561
-0.367745363432935
-0.377559836339424
-0.442845661419976
-0.525864655650609
-0.506652864469846
-0.379079882001138
-0.459785118229937
-0.451789575441984
-0.48985044295192
-0.431553554348302
-0.470265891429896
-0.594471542314248
-0.352723659099523
-0.506607972312778
-0.372404405447205
-0.520915592019023
-0.448992305752468
-0.315214730646141
-0.465327526145619
-0.47557509593436
-0.568861181445302
-0.462306957772231
-0.40713724455832
-0.489840489120423
-0.327180916684307
-0.400527177743438
-0.502747403330594
-0.44324368876079
-0.399076420577093
-0.346380742372572
-0.260291506859038
-0.269716448341644
-0.423604163973722
-0.364429125667251
-0.342261051065977
-0.307977073733117
-0.301978932852824
-0.44185810960943
-0.407193330215411
-0.426109855452042
-0.32475366319877
-0.4420352678172
-0.535833351046042
-0.363374778415722
-0.206088382150229
-0.434693283989916
-0.354239736915383
-0.375855407462071
-0.38085020888864
-0.45834195396743
-0.346095190825262
-0.445278506415387
-0.448803686048278
-0.514518709594623
-0.352606156872609
-0.421625058398485
-0.356466466421717
-0.43946922630338
-0.422146809373851
-0.413682741441729
-0.386108057051847
-0.337303668392767
-0.501880590574788
-0.319222782354589
-0.364147297519647
-0.389475209412274
-0.347100288032709
-0.498275331091955
-0.394505166954032
-0.217844373881868
-0.344175033256869
-0.353954930368308
-0.300253858295494
-0.35693960019867
-0.489256488369071
-0.347649074392168
-0.329138973255171
-0.301087312071174
-0.236983076995706
-0.408099786811864
-0.382089929364131
-0.310283263422671
-0.368050147027394
-0.321013637876118
-0.257871869839039
-0.348505438774786
-0.344475221787341
-0.466101612044686
-0.199732781949817
-0.193959969527133
-0.240698269153564
-0.293813949218779
-0.349674040518773
-0.211734270826073
-0.264112286341275
-0.445562394822397
-0.208869948243461
-0.255296680662836
-0.43854633410528
-0.323135481655291
-0.325486532235461
-0.245170267561974
-0.248564975454649
-0.274310921735152
-0.269631045188562
-0.412036917336517
-0.238954352396425
-0.194366004499305
-0.326395365256041
-0.283664503092558
-0.367799969545124
-0.231658250041863
-0.341058377059595
-0.39462447297917
-0.295820385389131
-0.102048764262033
-0.306053318700399
-0.203758210542119
-0.292447340861751
-0.219235978596034
-0.279593946858228
-0.279445215404765
-0.233915648327374
-0.183315933477257
-0.171516465233544
-0.279096599578563
-0.399564188428158
-0.175757539707143
-0.214762610412814
-0.248985062256949
-0.178085116642242
-0.345409470571184
-0.151905820774017
-0.0862620078353681
-0.385872691229364
-0.239225906209606
-0.230366169669158
-0.112101804542659
-0.224202232062282
-0.276039941641556
-0.234452370363248
-0.403157895158752
-0.135988941076332
-0.249557179091037
-0.156852844293006
-0.203570806602213
-0.28290022845248
-0.177712107705317
-0.271573910789132
-0.282145615727131
-0.157900669781024
-0.0980247175054808
-0.227677397485462
-0.105965887494212
-0.187485925038031
-0.0726836257756909
-0.151593811908048
-0.146810989350407
-0.285662318243297
-0.170006747351211
-0.268927034277049
-0.25177903267382
-0.090733117593417
-0.15803558186234
-0.117493149519689
-0.0942369490520827
-0.205110672904468
-0.0464666323849095
-0.192123921683316
-0.221880366180921
-0.0941820309214672
-0.173509812291505
-0.0360122096090515
0.0286922462241443
-0.0869715827507663
-0.154132853417369
-0.125314354009417
-0.183456941896413
-0.0498068948789014
-0.11383218778774
-0.151024818785106
-0.113258107205345
-0.125802662769342
-0.0736974044332447
-0.147662367959897
-0.309458386528146
-0.187006536744311
-0.110101493210256
-0.0757681235762199
-0.0704336975461853
-0.264700015758006
-0.0384991787863288
-0.0793499701139544
0.0277270519255304
-0.218435874267865
-0.218041306626093
-0.020683937308003
-0.0918624200172968
-0.0819527947434091
-0.159633569911167
-0.0848384850245511
-0.134028152649614
-0.0294859384153354
-0.215206694927073
-0.129856838608618
-0.103247722272059
0.047995466811
-0.00785280763510386
-0.150891073205729
-0.0852666565583741
-0.173546102438933
-0.112008850473365
-0.275789872733748
-0.0623276250661008
-0.00667400387333881
0.0553470286048097
-0.0772641607855572
0.0579439680957738
-0.170006876416435
0.0279912297129036
-0.0203385164075615
-0.154398607326422
-0.180068568902839
-0.194118926961947
-0.0213524360083271
-0.138228786071316
-0.0288734762444136
0.0349231770779672
0.014751067298495
-0.0533598010584721
-0.166035179676853
-0.0321640192980105
0.0248094702147979
-0.13670853318385
-0.0869605956564913
-0.0927845996076622
-0.0869948273152814
0.00121136488465644
-0.0591657469083928
-0.0917951648887718
-0.0516299842685597
0.00458306904849726
-0.0660078069792824
-0.0114079027067553
0.131883828510592
0.0316301846070744
0.107816132939696
0.0809902904352933
0.280258881626724
-0.0681715059000914
-0.0276182432788982
0.0558599632764133
0.0141057353948569
0.0472523512912061
-0.0387352630252964
-0.0424719723124894
0.0915928254499787
-0.0470925984066361
0.0639741000372155
-0.00336352743673999
0.0547129073343594
0.0255406822641258
-0.00872697078476404
-0.0761963901598201
0.101354045892136
0.027246957450966
0.00344178110111822
-0.0242814148282493
0.0888427609530603
-0.0247613902072513
0.0423109942932472
0.0449374286687735
0.0184826843532043
-0.0723746237468799
0.069909094520358
-0.0498487423323703
-0.0725131882496786
0.0997405945878345
0.0264605734441292
0.313751626344976
0.0136867693363605
-0.00860132302391215
0.0910890589366191
0.00461858661647366
0.00514267859700306
0.16973804241439
0.100255320583397
-0.0184255473827305
0.189096958249694
-0.00261797331863395
0.0308963530270885
-0.0284327983276914
-0.0101824970227186
-0.116370514369356
0.0431808074605679
0.0110900285393154
0.151033122694378
0.0188970717681246
0.011018643365729
-0.00503690222332126
0.0932234453274194
-0.04607358890475
0.0665939129861335
0.0924180602026842
0.140026734008108
0.143786212574017
0.100149024761636
0.0553646164625897
0.143347606628346
0.121365311880051
0.0560519202807415
0.260484463870601
0.135401336384263
0.101576264998271
0.208012457023582
0.170870910509177
0.244011412390804
0.13638930654415
0.233072323697148
0.25598001382132
0.131597314094281
0.21470374480286
0.123171278429635
0.0645563604432608
0.0651731196482786
0.223926624256753
0.149051709256275
0.0479043902606976
0.162893431463513
0.0542274638867295
0.092740486156682
0.186191094771748
0.180736283740054
0.142237686079542
0.0573772399343907
0.0636717504427059
0.100492052146884
0.171896772462606
0.177106995603437
0.0566691964458898
0.0895358550265488
0.196798179195101
0.335350302624627
0.192939944993044
0.190962274113733
0.201115137451892
-0.00760995641020685
0.225664400127499
0.208122187247158
0.335430140139647
0.253776538639216
0.343171991667897
0.182995165055389
0.321430665259754
0.210969572140195
0.073564388063346
0.257437772103779
0.304570425995648
0.137317310322247
0.213538885434446
0.151540440173564
0.26102361039785
0.204929998595425
0.391788740546302
0.384672270457106
0.0739689623516312
0.390012048564301
0.258432749744199
0.165933304754849
0.301045096605281
0.348735351298966
0.110805678391689
0.224155939484846
0.175375596155591
0.187221875425272
0.131720973420698
0.25231632175121
0.365949455336027
0.280992965965164
0.32977234145908
0.265906251891163
0.18358206570091
0.277326046606843
0.157864637592252
0.222209644883322
0.151640751515836
0.428348891803305
0.323639083880984
0.190380552749607
0.278594393441407
0.339772317203335
0.244086399078492
0.246651539021722
0.372615188488299
0.147823067508283
0.165148222534989
0.437247632298775
0.328936798982348
0.487677608284852
0.345531558039447
0.381408731035076
0.352313841025051
0.272019665032141
0.29869636077157
0.283939106375677
0.376248961486095
0.456656988201863
0.284912181723821
0.364657220742106
0.334235319176599
0.370441487153665
0.430934833956242
0.316032531283452
0.191811263313677
0.433438859506899
0.364474588681202
0.16735387271379
0.537033367924554
0.383386649874065
0.341299129285083
0.344063939572569
0.354305424601501
0.481547631591805
0.403549845395837
0.511990873253809
0.36317629329289
0.390233501730491
0.43132554281302
0.419532219826359
0.449299713782201
0.399580582763381
0.482559979619412
0.451395598198952
0.415819122211821
0.351783388213485
0.25106873788315
0.389697679952826
0.326732922758016
0.395656363266616
0.327788706752863
0.449347922383802
0.27221587663962
0.421315436000612
0.452018177893667
0.423237827112103
0.397748496665293
0.422101026647112
0.275029075054242
0.367210261198416
0.322670920039796
0.481188724002436
0.500911296443368
0.463140420694044
0.443618883877386
0.554671178577806
0.450125150952953
0.410865559429293
0.505252970123886
0.555937457883484
0.503834922919621
0.400636465045797
0.487145832479228
0.334072165106429
0.344666489846284
0.431565934368728
0.44620016990624
0.542192672175943
0.417025145685891
0.450698460707698
0.436010648117381
0.431762838541873
0.460202449499013
0.408029490512098
0.435171860448299
0.559507614276014
0.591635515690091
0.477295198872839
0.421817823993015
0.438189127828968
0.526158768133837
0.374079769031862
0.498357664982165
0.324098827330379
0.539841487263968
0.526864194702706
0.460611552352992
0.367552139518863
0.548654248282846
0.38105116349922
0.638829320351684
0.677544229384127
0.715729638061952
0.392578888874859
0.381048391374845
0.570423241406222
0.43696374938831
0.438397983657801
0.538389466458758
0.361878871972108
0.382047019014715
0.515909869588431
0.450811387601929
0.482965119922117
0.369546300888235
0.489144565722951
0.584232218795423
0.506225539966396
0.389834538334348
0.542853375118726
0.57611912851763
0.416555640634411
0.432107685131621
0.401206212162152
0.592776519797497
0.474135431238208
0.558521668216376
0.566373773566428
0.548879089157679
0.407737610809631
0.429510246843089
0.659854734312402
0.561783471101763
0.62055932883997
0.536572552016879
0.458175186240769
0.707963813056045
0.564769827025968
0.607372625686235
0.354013855592671
0.697931925365039
0.515906993563074
0.606666559287686
0.599872360325701
0.611052434305347
0.515546430567153
0.541246115883078
0.449872675914424
0.639071901994712
0.651899575089814
0.662089760722286
0.519487531467102
0.552338865738711
0.392779975578984
0.573542666421674
0.524156039323761
0.663229449047015
0.599902255535725
0.646169065239944
0.678660591931716
0.629051311177269
0.471637933201141
0.721752201742918
0.728740817341226
0.622686563023896
0.451675560453176
0.732640906100126
0.695908340231581
0.549463268305597
0.726613109237943
0.584430829124073
0.442425023768759
0.541964410952148
0.528368344939837
0.5814865623591
0.641206184548071
0.689637472708866
0.535357174990914
0.67765296880398
0.469196592388903
0.663772042517323
0.672173543075785
0.584996757065552
0.659854708843894
0.582650382966891
0.80948294481412
0.740679369061752
0.716288926247989
0.65169024915638
0.686767661166974
0.57761724046161
0.688163573397889
0.639695563975362
0.385285376464264
0.714783743831522
0.632532680269604
0.634170951272355
0.557303400744209
0.604464026520224
0.731034154637988
0.754790548950445
0.531163609376846
0.691142637746937
0.682420421767407
0.737656728917417
0.640709730480617
0.667217496011908
0.563622168351823
0.790132865425123
0.829683606207857
0.871315540738735
0.706196355013133
0.80608795914445
0.667230900115905
0.839122775178892
0.686215912948718
0.707321190501671
0.778889258960103
0.695296827946367
0.667200695986965
0.756888701733119
0.734634968434305
0.710787116500586
0.644999860577648
0.659262049293821
0.769409963827842
0.881856816217855
0.823224725057933
0.982487774116548
0.880653452837625
0.786642400914383
0.816869709931717
0.831849106651835
0.769443135487129
0.887284588978818
0.843034336345149
0.699503471321972
0.639475319589499
0.854393455185733
0.888362982382165
0.692319468195554
0.772544337323969
0.759424415870276
0.81336418842893
0.831534331949438
0.569633364860243
0.585270278262568
0.791708622293677
0.728496391105868
0.806536091949074
0.724631621703506
0.707501746918246
0.790073942768745
0.733454877719774
0.671737569742904
0.827190465756844
0.760138338520921
0.733279290380232
0.818603959416405
0.760754765198326
0.75812687580621
0.830219317653521
0.90774757177055
0.858380939001245
0.842196024343133
0.802165721836042
0.746239966389953
0.938460735668546
0.821037843591061
0.838755353734173
0.849517062660638
0.672112368264587
0.814338102739191
0.905677288652378
0.839078226783274
0.835601839385522
0.741359082617653
0.822790956807279
0.758603917009812
0.784981960869885
0.889165159279123
0.697861974564031
0.801668175670154
0.807522139192408
0.765951390917426
0.922109232525542
0.76559535006717
0.822558893894042
0.948852269808459
0.930298459583558
0.91174655994022
0.817836904818681
0.919541683260643
0.881710734610355
0.879288506553133
0.807974259248994
0.817659121004899
1.02130847394061
0.951565979171901
0.804832746149138
0.839792588722019
0.936901814959896
0.967576999535192
0.939185685373497
0.930542480953915
0.798603563825173
0.908246483667918
0.965991978200464
0.872305903250323
0.892758553281682
0.936414893812311
0.940061128875553
0.829803494365531
0.976895902511311
0.887713895315701
0.811041264912609
1.0356592123436
0.919324247626001
0.876539108607057
0.95739752342674
0.865228300933226
0.930627948606202
0.850335820003397
0.963318230226998
0.986741070470732
0.991270269397837
0.982992360518707
1.03660207499116
0.921223344249513
0.940541924541587
0.776340384052424
0.966966199302954
0.992878655631969
0.958062984545964
1.01215631918481
0.979096269455812
0.927619968253011
0.994969360208674
0.949665910336392
0.933847343838073
0.964946674830321
0.976967327777933
0.95371224018753
0.903557179769141
0.958464143996004
1.00254163883753
1.1124907195861
1.09718588543916
0.855721911740751
1.10521353705386
1.07786057066827
0.992503034226958
1.11736803221458
0.993775007121012
0.972168818864781
0.985669105732324
0.767038891030485
