-1.05064064467017
-0.976754586274766
-0.8652046070836
-0.945636003314748
-1.09230460624299
-0.883274454168729
-0.907876680838742
-1.08672146815926
-1.04312958701971
-0.887077507534408
-0.831455526247275
-1.11304744518019
-0.999234050452572
-1.01856080870221
-0.890322272438922
-0.965689253610265
-1.16915868670203
-0.952121516932135
-0.94905262001932
-0.827268505599994
-1.02327565183426
-0.856739665212431
-0.928632044223381
-1.01300878491686
-1.04665398468676
-1.11388494099556
-0.934497054972063
-1.12959619676789
-0.947783453878915
-0.851511735088735
-0.997968365567596
-1.05594637279052
-1.05063748724452
-0.846437249623442
-0.953000625727378
-1.00286033598708
-1.08434838754717
-0.876858701829829
-0.925527479314104
-0.939622675703269
-0.915742494867296
-0.867642852830657
-0.833216476620969
-0.853839919053345
-0.946474087090117
-0.958730194867213
-0.985257311615882
-0.900030521456825
-1.02112100854868
-1.02933712607016
-1.00383265939028
-0.866576073611448
-0.919124115155408
-0.881059697686859
-0.923097157193685
-0.880633332647547
-0.870636837846973
-0.997542931597911
-0.771024326785898
-0.908111607730605
-1.07594368464775
-1.00675826488773
-0.722300097461575
-0.861552862052271
-0.761408251616899
-0.806375745578764
-0.767903962312924
-0.743840765295399
-0.846628442198932
-0.925072684372153
-0.950767860196048
-0.892797273797571
-0.853522749182065
-0.860434642240252
-0.882703825957258
-1.03085565605345
-0.755432753192247
-0.841476627514497
-0.976530348966442
-0.707737453110651
-0.880433183017555
-0.793567512766011
-0.773138930215339
-0.793179715961788
-0.831637878034143
-0.858763589878552
-0.818423480602476
-0.832300289179226
-0.8756528409898
-0.834722321822741
-0.860721218546627
-0.858989937712236
-0.744082870887218
-0.733404690885004
-0.764063359291177
-0.841597659311279
-0.849164171979962
-0.760615187875112
-0.803159998839101
-0.879257875628029
-0.93569762744756
-0.74670866746671
-0.821944111725257
-0.959597188062785
-0.802265338218624
-0.827504175701783
-0.81877998577126
-0.755079977211002
-0.806164404003594
-0.907412109475317
-0.733288437722236
-0.702501229266739
-0.770440433260005
-0.797644842398779
-0.751107197973215
-0.690307740136962
-0.706536379672246
-0.848760543256552
-0.849525980983443
-0.780908474978694
-0.735364352834181
-0.671446928961225
-0.787383518289053
-0.683499676872463
-0.726282560591222
-0.610491636138495
-0.595363720378052
-0.768752060924744
-0.730223346525957
-0.770244519753742
-0.708417683885639
-0.721245345161975
-0.826831255360557
-0.753357659366225
-0.651050119987189
-0.817945430398328
-0.801133328361844
-0.81522621607082
-0.742187118159806
-0.682990484943473
-0.744167871178631
-0.876310078153725
-0.739612355733249
-0.802103367803234
-0.737465507948751
-0.771240106750073
-0.697519747683479
-0.655420363785271
-0.520973631463142
-0.713486788478365
-0.690392427986326
-0.698843288666771
-0.711208745013061
-0.658474484732914
-0.595996708990023
-0.625187292941655
-0.759727721094116
-0.732547075400545
-0.692419014684472
-0.750293743630859
-0.863051102954531
-0.531512216565151
-0.736947181974197
-0.751468515954428
-0.709557011819632
-0.621675295062603
-0.705477751540789
-0.664504730736353
-0.722680140422372
-0.666835618080071
-0.685822533644298
-0.594198374287692
-0.602557250514882
-0.630340106184279
-0.682559442159537
-0.543807787221044
-0.880058920102798
-0.703191435770727
-0.746648507065323
-0.673523405268812
-0.655095920118642
-0.658295114627512
-0.652202025110853
-0.689097154540462
-0.519201137626823
-0.730147839986768
-0.567164919335462
-0.465129588339039
-0.605679562962929
-0.574288604161787
-0.564602499585855
-0.655743235889534
-0.62391231327335
-0.653168117022513
-0.633172103859215
-0.682926640941784
-0.675685235521601
-0.653653285652319
-0.553038402990373
-0.583529047682379
-0.669636205770336
-0.613658358827371
-0.695864353905912
-0.553409579809625
-0.583224634138425
-0.613252889677599
-0.523898921121064
-0.670955893970919
-0.751061834042868
-0.722445601403122
-0.629442507817953
-0.646388620042637
-0.662833832925985
-0.440448275951793
-0.488132602062274
-0.638280529592983
-0.443969499008638
-0.60791715575137
-0.42193205111453
-0.707872536775754
-0.672273266251752
-0.547999097932516
-0.580029219566718
-0.454547504226009
-0.494794912147082
-0.604538369451829
-0.588939189097672
-0.490501236698271
-0.374169796595905
-0.573366206345792
-0.425130735796464
-0.493137990542163
-0.665223023958587
-0.40454026197664
-0.420865001185947
-0.542030595863971
-0.362107520895548
-0.739832701859943
-0.567944785381562
-0.639978688561027
-0.570514667805676
-0.502451206617595
-0.586189200549265
-0.397768597408614
-0.534922211073866
-0.531337647637366
-0.577963160618535
-0.468503934763621
-0.664189193034868
-0.635998716178605
-0.511221299353549
-0.487053572161357
-0.628285294312576
-0.4503290017595
-0.457009110295048
-0.530939089766289
-0.641421724851169
-0.440623306760421
-0.497052944368323
-0.488845369939197
-0.560887458885161
-0.444082647430255
-0.270421365945261
-0.653457302724607
-0.463324480671942
-0.576609668023117
-0.403627590257242
-0.502109275686267
-0.467448865632738
-0.543675829984384
-0.487202532383306
-0.331038691378708
-0.575571999188184
-0.543781583436745
-0.477473971729732
-0.539274881395725
-0.425965952486408
-0.546559292090308
-0.5129111807865
-0.472634881830913
-0.608524518581885
-0.536758398886038
-0.345158645192812
-0.44695852118527
-0.375549237613208
-0.420757835933391
-0.318916509379954
-0.627911292954175
-0.516615517308006
-0.397697739470218
-0.393739460791441
-0.501964470709365
-0.245544960044555
-0.373612338206739
-0.269219302909807
-0.433850120133005
-0.391675642885637
-0.465017208540887
-0.513781249044925
-0.345395749016564
-0.478491650131751
-0.27164054213099
-0.348608663565224
-0.438034547528548
-0.46218418690145
-0.348332225900922
-0.224331369429496
-0.377274568896213
-0.448544974970938
-0.473369117436917
-0.432188491528836
-0.360997519060202
-0.314747616818637
-0.405578204531557
-0.463016154969879
-0.30935415178351
-0.393560596430001
-0.34177874078993
-0.457676135780714
-0.329238059036638
-0.374858471770838
-0.424564902060627
-0.404753459582383
-0.466490001688168
-0.308269404491244
-0.324014773267848
-0.368675184747517
-0.498049223741394
-0.361461252267587
-0.179293264226397
-0.316515334058661
-0.215928083447279
-0.43759059910345
-0.286268504959791
-0.0256311915671609
-0.32005249983072
-0.324666350311055
-0.39267549574721
-0.301676886791118
-0.36753934210788
-0.294475568554418
-0.307775200212055
-0.121198730998189
-0.322771629946883
-0.175598969923293
-0.333297829901462
-0.375349443747209
-0.272552056850855
-0.295285098944387
-0.270059535690547
-0.281382681023642
-0.282396700827499
-0.281826687640631
-0.363414244655879
-0.185754757332332
-0.237873555608144
-0.29091227482189
-0.3620228567415
-0.377154771125245
-0.337285583339173
-0.326388127143987
-0.366004324283822
-0.422027789202982
-0.16901152175189
-0.274932883873971
-0.269212925842957
-0.244853683987967
-0.279283401185969
-0.19940367055624
-0.280572419012855
-0.162903403023724
-0.221302773663626
-0.282481735202678
-0.240324872648552
-0.226410357553889
-0.19126069880925
-0.269902381972149
-0.327089666594836
-0.191878783331135
-0.215988381310595
-0.329914900371187
-0.332398106822844
-0.100066509623754
-0.224766485696222
-0.135979526307359
-0.227114963805574
-0.199228054947193
-0.177929025064328
-0.265908727481338
-0.342027274249239
-0.26511733476303
-0.268138383020158
-0.241373172160436
-0.142161295427923
-0.183702692198669
-0.156571577837696
-0.30198122450916
-0.302458755204947
-0.160939059694978
-0.291276826742388
-0.0906733992386913
-0.213295377430163
-0.281644149296181
-0.184725087226102
-0.153669102129138
-0.207350781978726
-0.212667117892935
-0.271111984993337
-0.279621372722428
-0.181543058682023
-0.385474690591928
-0.0592369891111952
-0.172346410961331
-0.262430920022949
-0.174604697456642
-0.0105787644057732
-0.267015273422999
-0.154281104458863
-0.151035273070855
-0.218350920221243
-0.414504731344794
-0.0111613450819744
-0.258317936767148
-0.16814209166613
-0.166183803857304
-0.130325973336015
-0.0768684698052765
-0.311552672394878
-0.178578998673182
-0.135658281782773
-0.117645356678851
-0.285672717010796
-0.132013307159539
0.0285382953753252
-0.254163224780102
-0.213854861563107
-0.300397421725489
-0.140828835782125
-0.17785858452214
-0.153250792994585
-0.0847123778675719
-0.120933803404917
-0.103503922178606
-0.0384235271373922
-0.135020380248885
0.0177705008708543
-0.0724468270210542
-0.0243166978550768
-0.153948923422747
-0.155921116727143
-0.282955923358676
-0.132421841753948
-0.10900248918936
-0.127693174996325
-0.0471139876265908
-0.077043467549932
-0.0673253542196346
-0.0619048240095861
-0.0775523282793996
-0.0840664888397217
-0.0792204766735824
0.1403652423594
-0.156132440455012
-0.124175491573619
-0.0550489715944803
-0.0883422867843087
-0.0459002717674498
0.0368928583250292
-0.139319193644991
-0.0591383455642
0.025234286539642
-0.239285781675241
0.0607871978017985
-0.0661300404008825
-0.0314499437352521
-0.0744354641092281
-0.145348945220359
-0.000120734149936358
-0.211920518197813
0.12387528102247
0.0574316796925801
-0.163796657204086
-0.106714856164777
0.0366953834181444
-0.113147773811513
0.0346117238810229
-0.0128640962084958
-0.160310013335975
-0.0527656180799119
-0.0331756798961901
-0.0293563477454402
0.0678472406158319
-0.0944341935276477
0.0764192389244945
0.0350156150902397
-0.209985797215247
0.0312236134332634
-0.0971435041815084
0.0467151939369141
0.0496992836928022
0.0516484747684464
0.111180424626045
0.0319176888120698
-0.027862101423886
0.0424598003846138
-0.0300677843564566
-0.0200747438329014
0.0255620966780946
-0.05372283543788
-0.0406624447783227
-0.0460073731116123
-0.00239381489253549
0.0841143278161534
0.0218153344386903
0.00192678984811584
-0.0505882840965648
0.217326505852279
0.0468365058739365
-0.0409536416788709
0.02317269477492
-0.127893084504946
0.0370538022113216
0.0228866999840376
0.0402981852134585
0.0020323114854405
0.117077296175488
0.260162350432999
0.0756427136631872
0.0759149520160433
0.0234468679443912
0.22890768807906
0.110632964328339
0.0532155019668511
0.133633649849443
0.100675008401882
0.0718504052474314
0.149444894972694
0.0950144383863335
0.0159255461211003
-0.0454401966132664
0.00168593745186951
0.0773951137881839
0.099732158831428
0.135759259864272
0.103898306479947
0.0474278082121778
0.170403250631689
-0.025410333977929
0.0628740291017701
-0.107528045531167
0.242796013954377
0.101126322809434
0.00798028017216837
0.153586339568311
0.182560607801716
-0.063799462500284
-0.0523203937590119
0.0948934189312931
0.0622713382647887
0.170271735562547
0.115654341797788
0.215298708003445
0.0435388697239934
0.0484523525155954
-0.00905880335277665
0.134793287926968
0.0874135780618605
0.144057571930431
0.135360100033263
0.191661409493974
0.100721407713517
0.200448293795852
0.225053944021349
0.268622639282519
0.161592022228084
0.0452611321009419
0.246475972787667
0.250925617238019
0.11383112696117
0.14283815016048
0.297299256038348
-0.0752640917481199
0.0394837940659784
0.194349892517971
0.12735808132873
0.187860121017177
0.0814208494369356
0.0599521205600396
0.148669743125341
0.232725062894507
0.110585160000631
0.252282731597271
0.0740560735389487
0.175158028542122
0.143977762035215
0.337442143208789
0.280495112686655
0.346336856139375
0.100634408572962
0.133034327763918
0.11185905333561
0.177382999781515
0.1086836149056
0.240896650769367
0.134202036697576
0.358728421995885
0.186253414622719
0.290761153659525
0.242056164245602
0.221317953359717
0.260803895305701
0.412508412183927
0.0216455241877435
0.218004578342956
0.321541137533758
0.357255722203941
0.144945804133328
0.126741435769741
0.330457704683137
0.282933925928862
0.191138174814987
0.159574145364151
0.367973898524052
0.292131685495937
0.148173094167572
0.250661841664052
0.345764271689213
0.210586864067264
0.216409036466207
0.186843859891219
0.435503156220295
0.24647875747358
0.157544378194679
0.354505116887268
0.32736798595693
0.279601434638383
0.287336054747619
0.204725382123547
0.180016646482673
0.282382580290926
0.239479873400186
0.148464261206868
0.171647214805998
0.245408786847083
0.271666614738281
0.437780800842875
0.347748252809684
0.199489617459942
0.32293584239316
0.167660157256175
0.262058480511933
0.338486375324098
0.318264055165396
0.267387556649418
0.15242830699671
0.38394525850135
0.39227504049103
0.323469178899026
0.340808583318948
0.29214237084298
0.27172156231542
0.314370291058193
0.33699906916069
0.357660875060511
0.176884205762184
0.400066106079974
0.268994849461583
0.346539260837668
0.238147493962112
0.276921856785562
0.264916421861968
0.465527691865024
0.390794695950419
0.246793294794447
0.387250199065606
0.302161727635034
0.418017163057766
0.348637160803024
0.503759885650632
0.433536317828964
0.28278365155613
0.271167569895668
0.322860347894539
0.471451226277629
0.467956263527736
0.393397408057307
0.142019398150401
0.469756055750561
0.324941479028048
0.356730376396639
0.313311606062667
0.423187326029538
0.285661532893332
0.421693710271054
0.364233167671044
0.408226427853269
0.375195800794726
0.466156126827147
0.516185666391626
0.333960897392866
0.423342337798357
0.491325655220409
0.424238901778748
0.4556087613734
0.454985401406259
0.544048845012654
0.327822915897134
0.312546442246724
0.328969713888137
0.433490944222752
0.422695026200974
0.424766639872168
0.399474302694867
0.43963426284376
0.305450501731715
0.401306241949664
0.431468932005659
0.422669498478501
0.348751834492018
0.526226450220537
0.426900224165486
0.33259236978564
0.502008790524477
0.560022760828221
0.479455609398454
0.379348709795721
0.469242928710023
0.456026802824234
0.598905183960677
0.569821213446627
0.459431361975255
0.385635876081023
0.453947466164605
0.407030307343057
0.354805039550445
0.436204896159735
0.423883755497935
0.651601308868417
0.234271322990563
0.396830311080159
0.534232213688375
0.401415417812153
0.382738154519254
0.43088644933573
0.432831903968385
0.411030918554185
0.639335659473731
0.539769818099764
0.415597078850678
0.546952710120781
0.49921409202097
0.396663056971831
0.597881674934199
0.476389973505754
0.426390344898584
0.651449535682288
0.595840096696672
0.546343218084627
0.448208711146923
0.559881892581553
0.584264259541025
0.544270554984978
0.472195720194986
0.585237929671497
0.45749342714636
0.387761204336379
0.568943923392121
0.503627258784304
0.436235041509831
0.631640376982483
0.385627734629636
0.559672083900677
0.52241019195527
0.594721969688692
0.548424276929723
0.52863220099409
0.503123396657305
0.365176129156311
0.604460958375943
0.683497947067497
0.618496916964666
0.53705905024629
0.646091554824283
0.509532291734841
0.583008201280767
0.601277890543514
0.493993036754137
0.568925571213703
0.572220500744769
0.746126381131009
0.636512545178711
0.630511995888421
0.620113006291861
0.508358891299759
0.757980222749983
0.564715339833061
0.513742324083705
0.376678452889755
0.608253131701484
0.622032337862878
0.55956895680348
0.552809750706899
0.578855570617438
0.60299917038384
0.678759291811048
0.597735941412441
0.540698568375798
0.695638057146001
0.648283927967363
0.418790618888274
0.754247864957925
0.687987005750629
0.634015422581429
0.484070604602842
0.666543561196172
0.708004347359022
0.465163280039213
0.526211790765237
0.531984896721295
0.759047121147368
0.796964620636407
0.687831237177211
0.666772273331988
0.522366463090641
0.671811560507509
0.584072690243015
0.685063539932262
0.50775497141412
0.690626712335062
0.631095063391895
0.611678894649875
0.839793308773099
0.827724804334341
0.7561488649003
0.7177383475341
0.544622060558381
0.688535787041393
0.735159087664877
0.678273895061157
0.610704844215226
0.530145369376948
0.603137763758103
0.794320723146139
0.699417788929997
0.634052293945574
0.670734477030462
0.657174458995097
0.743044241533166
0.585924787687252
0.747276860387984
0.667835504362223
0.787071099359545
0.641012751916118
0.739033290293923
0.793891477313116
0.827512829234554
0.655679141565969
0.786865805596275
0.639774191252943
0.790504868030061
0.788570245220367
0.701550525701384
0.657993908106978
0.680912877547004
0.766883607452044
0.697185509306382
0.761073015105266
0.636939868158227
0.845527400576526
0.696169293687058
0.666047404460065
0.744242867690847
0.594672231178461
0.782315602779769
0.570988820663978
0.705097627860715
0.887111262380776
0.714648663501806
0.763168900669583
0.674817230751934
0.770293981611433
0.72892841444415
0.73209860726165
0.811889490332477
0.806106330525975
0.797385632501448
0.608339042392551
0.805388657470318
0.81924639246479
0.681738923188123
0.731349098130171
0.795033866915967
0.831260120941985
0.823353910559515
0.701059148265713
0.898145470180581
0.808207161496408
0.878710167030524
0.555304610850588
0.776485778530488
0.882867876948882
0.681426228825953
0.764151437029414
0.744000772042222
0.886235861869548
0.835257328121746
0.7757775421759
0.8799701039941
0.809314848010398
0.762087747572635
0.77831887150722
0.895215131689703
0.814081920843533
0.896586850029131
0.855560464742146
0.844296827452291
0.834725805476916
0.9265623279559
0.751805829490411
0.779751225460034
0.760357000874101
0.721042622722964
0.983332806513481
0.899752799001558
0.839660785034848
0.950628982864382
0.959908336178091
0.757884451793931
0.830060751202892
0.910775704836064
0.911485741764227
0.734582627003882
0.873317764309763
1.0106945821927
0.984105150233514
0.796412340647735
0.863973234745135
0.950223984308905
0.934580211783369
0.903791132558686
0.888665899057372
0.791830733393768
0.962878573591935
0.9531461866122
0.922602265456874
0.836411123657431
0.776969717372471
1.02562593536583
0.826283256586697
0.799287643921434
0.977553551378352
0.7837578858692
0.843679598668951
0.896973049204034
1.08718363116376
0.935449634463094
0.95943819164507
1.01154433684463
0.936699716991678
0.903315853641855
0.941773439175991
0.886948139356006
0.999808761023513
1.04117085415757
0.952992728683825
0.876127317923027
0.984290447165478
0.930747213502447
0.907217340241387
0.909970244093503
0.870453318223751
0.904199257904453
0.861766954886191
1.12139491627397
0.983469100428199
0.86269978664754
0.927453849312998
0.962032783474651
0.926893645174372
1.01195894752561
0.902952923099608
0.944564310061584
1.08681703955935
0.967888159734823
0.942857240895832
0.939616694030221
0.875681910930556
1.0378119109259
0.996303501757223
0.980440475125815
0.882732896110362
1.00448867817511
1.00686719104906
0.939493844646717
1.02632950857253
0.940341624358728
1.04371442635374
0.875639217005226
1.05643170326972
0.830103448728644
