-1.02912218457693
-0.763681749261939
-0.974405203087096
-0.854682426055321
-0.974668612977472
-0.90580564830931
-0.866553968793544
-0.918645275447207
-1.00435590578492
-0.916794986153777
-0.81083590153051
-0.894685726203332
-1.05582301212194
-0.99176491411708
-0.923757060514536
-1.00827164738232
-0.865791651227122
-1.04480162843782
-0.866305053235352
-0.916751726394615
-0.898445085179723
-1.06714381082374
-0.85698412802367
-0.797034826651172
-0.953917436500726
-0.984678076690746
-0.883050455106594
-1.00227576385686
-0.744866515926612
-0.927129732495459
-0.861706683170839
-1.05987210403337
-1.0039605897904
-0.844328763618197
-1.08368446129678
-0.886444370545709
-0.993852818661339
-0.836465993128826
-0.960437818124831
-0.974498687756949
-0.821694974089163
-0.893161612915832
-0.935931435499065
-1.06705675385347
-0.946098277450273
-1.00542038816916
-0.864063447129894
-0.930664615652652
-0.880496586588758
-0.922142022852584
-0.943140370986034
-0.821518961366023
-0.921429456430652
-0.703610848298208
-0.953329883007401
-0.772284309214727
-1.084533692933
-0.913960388911409
-1.0385572067547
-0.854440954448215
-0.915606917555823
-0.800683467931517
-0.813904452742393
-0.848882660511872
-0.812253331836395
-0.965519559764959
-0.830291750618988
-0.875144338625385
-0.794625146540219
-0.749271369666779
-0.883768553427259
-0.806695627488396
-0.762696878804357
-0.871660564273576
-0.904964570550358
-0.891970151507984
-0.887606179750697
-0.819991645583525
-0.862264570491672
-0.9695584121734
-0.677126205173903
-0.822340807089919
-0.913654808230708
-0.922322414621835
-0.937447033291371
-0.774644115908292
-0.804699988631354
-0.99252417507639
-0.960908184673296
-0.763057323006016
-0.905491010610184
-0.82353064002533
-0.931965460028903
-0.789322798010711
-0.830708980314911
-0.970065187401637
-0.813530169507062
-0.779708790995401
-0.849118724363038
-0.77279546259502
-0.827478958379482
-0.804213437596658
-0.681081004509411
-0.783516447645894
-0.897916859386655
-0.862893576372215
-0.847900054873157
-0.81638141118582
-0.717376614184021
-0.802244151554277
-0.725704390724773
-0.766540916843995
-0.826122723550789
-0.777458737418231
-0.836657318718479
-0.701082769481326
-0.675795730166163
-0.768645760178163
-0.841067189787862
-0.758658600205345
-0.865131474549716
-0.688646824327698
-0.740002352812816
-0.762074087931531
-0.822022579042907
-0.713694970154819
-0.718753086459131
-0.719185245290832
-0.705460888616231
-0.585214054026
-0.807881975778551
-0.930667484349755
-0.659568629226044
-0.793284845061685
-0.615254892825649
-0.702076888552433
-0.69726110049944
-0.49521875633562
-0.652886600678767
-0.634934435600322
-0.737322073748325
-0.67851567269636
-0.537120007332182
-0.696311349209021
-0.732237056842446
-0.696183986320041
-0.731867562640979
-0.560426164697613
-0.733223825831055
-0.668503131265552
-0.718241735517189
-0.889663652195552
-0.758098951852853
-0.644964124484186
-0.635485434695489
-0.674486096149311
-0.660990939956712
-0.635034265731063
-0.761605791882231
-0.648572715066409
-0.61694583355412
-0.572231284369436
-0.70252511792833
-0.639836377373814
-0.602031412610477
-0.585566372603822
-0.658177540195755
-0.471807064922021
-0.598313605034158
-0.596305997793397
-0.58160482700715
-0.562734862595941
-0.68247716095876
-0.563969156082848
-0.750596411150371
-0.6528529154684
-0.734365092490843
-0.524084774990347
-0.532237924542063
-0.701965276114532
-0.559059439879337
-0.536734624396559
-0.672372674656266
-0.504379090204174
-0.509051778221472
-0.844211844209585
-0.685864381460686
-0.524473692860235
-0.637267490136892
-0.513477256589457
-0.659086256819219
-0.612063887159383
-0.622449083138142
-0.767434906634737
-0.683275879577911
-0.706413949454886
-0.54410538047998
-0.763586814278661
-0.658368695091712
-0.658540800529889
-0.731349743027326
-0.679347370520014
-0.555818091218282
-0.497689290892935
-0.706000052024408
-0.620090101366975
-0.598648173002605
-0.607312699526387
-0.546315280804492
-0.654019510756002
-0.617468880137493
-0.482713997963894
-0.477212781434452
-0.496763858646042
-0.541147940580014
-0.535201870175373
-0.613800789969993
-0.445970366831259
-0.535394882998676
-0.506869160891542
-0.620105463295861
-0.521433448647457
-0.580480423490565
-0.494499824640212
-0.684719460034001
-0.504425225013387
-0.522887670547252
-0.549803506440382
-0.531406584671656
-0.66151376078267
-0.579714341950229
-0.556938827718018
-0.534754113951842
-0.726277602677567
-0.525704460544422
-0.509185140433468
-0.58731331609745
-0.402351841223128
-0.555249863957665
-0.636932981142851
-0.48069563430629
-0.552246555488043
-0.487917271449949
-0.578225501349007
-0.482579453785772
-0.454785260189501
-0.429504587064457
-0.627388283678096
-0.394723138135582
-0.585816040487892
-0.491745123681845
-0.564383091444036
-0.384352126455442
-0.553772676312283
-0.341690339069403
-0.37132826575212
-0.429259957736738
-0.508547901159799
-0.510141650682559
-0.393559841326194
-0.451534425471668
-0.441219824067585
-0.497253333540468
-0.415157550269186
-0.468637526336257
-0.591807214859363
-0.35925885465017
-0.497996508823831
-0.370531275762447
-0.523929949087458
-0.461820275726451
-0.338836806309802
-0.45874782766697
-0.487985743244029
-0.576483121120185
-0.470411020626753
-0.410156931357758
-0.462710086770392
-0.303067759772009
-0.386635536865169
-0.529080544780662
-0.437844947815926
-0.391725055400517
-0.341685151803001
-0.286756956324846
-0.288050219349381
-0.414628333344927
-0.368558920521557
-0.353169772180741
-0.328714346812807
-0.300245842041085
-0.448346504120308
-0.38814392864729
-0.423789740794261
-0.350670725385414
-0.44905989229672
-0.51474340081929
-0.347055420956723
-0.217132545232732
-0.439048815061258
-0.339235090367152
-0.359548630239224
-0.369972794199396
-0.466186458544602
-0.355647827303757
-0.460581157707409
-0.438277250570289
-0.53555614154421
-0.36415719672223
-0.430807432110426
-0.344610782027252
-0.442443641081702
-0.429153360306573
-0.412431084851248
-0.385530169755429
-0.348141018453834
-0.521577685399438
-0.321942893260672
-0.366352243838422
-0.356027958280743
-0.346598548266014
-0.511302418501416
-0.376138958448182
-0.221699632533483
-0.360800070864847
-0.39410899567341
-0.319187165503195
-0.350739914619106
-0.488186705961292
-0.336810638368245
-0.310474981515412
-0.302027098385745
-0.239291178394638
-0.415274230460166
-0.357595955725145
-0.323066297490569
-0.375652539423528
-0.317446988296752
-0.259981413504431
-0.339489306451276
-0.33114849112388
-0.448996100003289
-0.217463358469331
-0.186241679558112
-0.23983306506638
-0.28957205925152
-0.3256635117627
-0.208752580839803
-0.257569180427882
-0.451934419007681
-0.200886154864276
-0.281742689227761
-0.442914236303021
-0.326460387687891
-0.32342022600279
-0.247187965953815
-0.280540842500387
-0.282047720603798
-0.287870658036086
-0.402119270087412
-0.259630109262906
-0.192363926610913
-0.344957505248225
-0.295915118506144
-0.349153277252501
-0.261499560074947
-0.363250057470852
-0.389861271785838
-0.294744905500244
-0.102884470419059
-0.293855759463085
-0.205535023505954
-0.279602122523482
-0.203335344650999
-0.283072802397379
-0.27386900141421
-0.230289298585696
-0.189671948867779
-0.162796659922178
-0.273692808146121
-0.411950188018611
-0.157010965665363
-0.229796054994526
-0.247221821811022
-0.19061496747983
-0.332797102257216
-0.163513425027575
-0.0993076476777048
-0.375430869067321
-0.236223768727532
-0.229522739404162
-0.134018293088545
-0.219663509177691
-0.295812898321915
-0.244807214634845
-0.399493380164391
-0.139318236872285
-0.247302772174306
-0.149362971380725
-0.201968456049631
-0.271920704706161
-0.154569724132603
-0.259846891254189
-0.265492087894088
-0.164541267324037
-0.108974714314221
-0.256221681790407
-0.0969333234565876
-0.166843573293187
-0.0749917331809466
-0.136039199343217
-0.137618071921341
-0.287470045421171
-0.184485865620205
-0.289028536301356
-0.251866212341354
-0.0876980847743257
-0.167508291200201
-0.0978950118817389
-0.101429358802757
-0.210186461352041
-0.0397068878945286
-0.199798681330856
-0.218754876704372
-0.088900341856525
-0.160917864293815
-0.0594932011261429
0.0485296445341272
-0.0692745181439193
-0.164045762616043
-0.10717558365301
-0.202449580385925
-0.0415556173319069
-0.103352206993879
-0.146716463632104
-0.124943995001788
-0.118318865202685
-0.0700704017183442
-0.15138149795544
-0.297186605562761
-0.21068176630327
-0.107584973807272
-0.0681393421728753
-0.0562776554508958
-0.259714127140889
-0.0525767837465653
-0.0773346169574884
0.0186856766817073
-0.230107987641506
-0.234033973253204
-0.0398741946090597
-0.0936420587552024
-0.0941762139472857
-0.163673627364371
-0.0904356871192988
-0.157333897954957
-0.0291040740879368
-0.203151495099268
-0.136938594715078
-0.0904133635142627
0.0367914249903295
0.00995102444030928
-0.133176018193767
-0.108268780778162
-0.168418748282371
-0.118734733516764
-0.266531256516499
-0.0929540363889687
-0.00319164089666897
0.0319987626487314
-0.0692009180791409
0.0585197274002575
-0.168672773656607
0.0289702276947274
-0.0334624639656806
-0.177028349664262
-0.184884938621114
-0.198736593767273
-0.0049863443663552
-0.152289447027178
-0.025413406577719
0.0379293574198865
0.0037353320896607
-0.0438104751248513
-0.163732942934636
-0.0340162266607228
0.0364391141954538
-0.140374026995559
-0.0646884672610335
-0.0746299875997935
-0.11840487046167
-0.0121079665493314
-0.0542095218423774
-0.0729834556776965
-0.0422077544318115
0.0166315685142271
-0.0752332226416129
0.000420551816089104
0.140785505021805
0.0501696110549509
0.1114283392471
0.076241725964931
0.294463767302099
-0.0746413904789195
-0.0307645177025516
0.0320004766531329
0.00785788712034038
0.0438402375556933
-0.0393906008593591
-0.0424219533662141
0.105375961965519
-0.0458470202995018
0.0529638218959138
0.00134901020587113
0.0454196100889163
0.017006769465056
-0.0300747213530718
-0.0726132599777159
0.112703313843664
0.0242180273903823
0.00577176779684774
-0.0413270831157286
0.0910669345352085
-0.00899446722100316
0.0409054340789635
0.0658204257260891
-0.0119735979720843
-0.0642068033110338
0.0511959195103021
-0.0329817719131194
-0.0532044475537032
0.0869520416259579
0.0280037085421481
0.298203062071846
0.00217289579865493
-0.0233072678196127
0.0677927166844129
0.00931374907788588
0.0246175354122276
0.167511750607452
0.101249693336582
-0.0389253376694204
0.172774360827317
-0.0143461280964858
0.0296507760131227
-0.00178609883557149
-0.0102574469646058
-0.110431283543988
0.0371357239333455
0.02685258822368
0.136489506635588
0.0314008929781149
-0.00847979984206657
-0.0100173839255684
0.0927718128153317
-0.0543402452169228
0.0660594925418909
0.0896926409048063
0.118063595483279
0.128979476127816
0.09039331189632
0.0426080573804155
0.11571616076352
0.142756077834043
0.0598802297716076
0.275161907696145
0.117512207958141
0.0978599444801466
0.211342372548578
0.181147885273478
0.23715496244585
0.143785846129012
0.242343795854969
0.264348812548194
0.166790215760756
0.233455883621934
0.145909898346992
0.0843872484775061
0.0855341056350427
0.226478304644251
0.140839258057387
0.0338925981385422
0.172634508626563
0.0412729942367999
0.0888059825373295
0.190353041348417
0.176591119825011
0.138515446721634
0.0834229310098499
0.0539004092600724
0.109764807717877
0.182244550158431
0.205043830143277
0.0684294149882183
0.0909302309999032
0.217295241835405
0.337612267327913
0.229866488489492
0.182695094875116
0.191804903881931
-0.029483236703891
0.237458082383143
0.198570931628303
0.341623757482921
0.257486024488216
0.336003142957359
0.191267723133031
0.31887454270446
0.220615131391846
0.0998426241205291
0.244795639093364
0.293993452221273
0.135040201469227
0.195763982608061
0.135105612487127
0.26485665723412
0.197241563909206
0.388683231604297
0.376112542956698
0.0890248403867392
0.396902735989044
0.282667133114655
0.152047719900532
0.314980536285306
0.348242555533956
0.120156836212589
0.222512859863641
0.162626836583352
0.172795259712265
0.144423233263221
0.25415585036971
0.378055438741452
0.282037691701406
0.321600501930042
0.248362376446182
0.183548645553018
0.263581250137757
0.183717823744421
0.207415725998712
0.168140663719463
0.417925015306622
0.326790521351714
0.201567709018625
0.317573172709573
0.334828887309623
0.243513067382383
0.262199057336367
0.381488779975004
0.150050101533767
0.170371551747599
0.431794744189277
0.31786374693965
0.509130840556228
0.336024851120431
0.388430231547929
0.332348353918175
0.281090217095689
0.288172317636174
0.291602052304961
0.359831840326705
0.453742021102947
0.288123547668227
0.382070571895753
0.35381938472317
0.361828276201247
0.403371713202129
0.317910729295954
0.197344752978737
0.432670333290672
0.346587555313192
0.139568805426148
0.556212269895246
0.38239683028701
0.356699718178643
0.356821021676646
0.350154662247865
0.469824306847345
0.407147552625913
0.493094371599937
0.369116633924354
0.40063847669813
0.441155160987486
0.420928931957423
0.451783427179444
0.399279552000957
0.490244893014199
0.437943393664433
0.424124055626435
0.354225456251416
0.271699629467629
0.382990537671697
0.32654745611443
0.369644213937568
0.346313332606429
0.451443880598008
0.280802152744805
0.425276997890215
0.454621641188022
0.432917299866365
0.419152917688898
0.398855092673634
0.282588917808615
0.367694049648297
0.309299478051728
0.479743489786119
0.491548587065477
0.477101837866947
0.438193497837336
0.561825538662471
0.459808173412306
0.418271286739289
0.492673536796398
0.541825512868174
0.505616563171521
0.405853326391126
0.47425086896005
0.357349694694465
0.347348543572132
0.433283978022562
0.462065544363692
0.55052303497972
0.415981962349728
0.437184116747232
0.446399797809223
0.412665491511843
0.462671763722502
0.418759106622264
0.454641826036102
0.552320168598148
0.558941210906206
0.496404111117067
0.427501165954536
0.461788951035392
0.523032083336278
0.377337724463161
0.504760409192311
0.335745666384135
0.534588893807564
0.541565080068537
0.465074780186387
0.371466960776015
0.540865583006148
0.402805566683942
0.647628349781776
0.695766603701385
0.719958318222744
0.390366006598704
0.384178193424684
0.559403329799565
0.466326481047809
0.430130612912714
0.544099555192075
0.375025580212095
0.414803428427282
0.500121165613124
0.432632332731139
0.46782533718537
0.341626929811731
0.505207167990729
0.587914574198011
0.514464913770282
0.3803392335328
0.514969876301682
0.556434551534516
0.432585668073072
0.434846980565429
0.381891646653001
0.583132207429449
0.454260600562168
0.55891026827833
0.571131211849776
0.56891327957077
0.420475309309263
0.44466864592319
0.694466978478853
0.565357091371893
0.617527952201241
0.524494491680371
0.460715818102911
0.699805279794416
0.557517604546883
0.620063288593394
0.362270273670323
0.715594731243421
0.520680171259954
0.614997225845852
0.623402656430486
0.565873710647364
0.519026057836772
0.525819043183483
0.4427024228062
0.657644083065407
0.678371420649297
0.653347675581936
0.541570504876054
0.540401460807592
0.400829768446444
0.57606300513527
0.525784624129497
0.640230987835467
0.586398555895777
0.645875695773416
0.683672432896305
0.653294992434045
0.472431327143997
0.734470659475676
0.734001420548361
0.636220356019518
0.447807369406669
0.72068642699208
0.677478852328059
0.547905348721443
0.722944812110302
0.561313136824704
0.427498172644225
0.564136090198595
0.542459294641314
0.577888601152276
0.648228835569469
0.699428022330807
0.534217517829425
0.681697129574687
0.48972801100206
0.662701132178735
0.67809685904507
0.58217888431411
0.660102605277992
0.578446177575058
0.78865835893585
0.739592842573837
0.73525050991904
0.649921323435068
0.679102772471701
0.553609137111434
0.699353523610893
0.643758554520924
0.39544376061787
0.717458598339736
0.612274004186402
0.623842893125721
0.547467586320242
0.614892742761298
0.713934255858589
0.751284793338477
0.51662837114347
0.681508432253892
0.692635426615309
0.719347940638437
0.607861199249598
0.685520263835423
0.545474611045891
0.785396829637871
0.825304506521324
0.866310972320098
0.699988216868723
0.817756826735805
0.656551479337589
0.847491619704104
0.666910455527365
0.716066299608892
0.767026283224862
0.703889126269008
0.656091628898057
0.748741146446938
0.7326176712134
0.70797854308342
0.650005368537894
0.679924480501466
0.746588832849405
0.898286019722053
0.790716715737029
0.969180964096286
0.864427551033441
0.780852030568677
0.797889140509782
0.807111600880363
0.767475036861191
0.913299222798596
0.857787497185207
0.706023161229585
0.630475405723904
0.845642693839916
0.878696747106609
0.694321664424293
0.765196814286358
0.756369722886889
0.824416317192831
0.84173972821501
0.571530351552965
0.583023122890158
0.790403894494051
0.732203263701809
0.796466942812463
0.741861401019674
0.703662946505732
0.79821995912039
0.738544293487472
0.659485806461004
0.860474486812611
0.76878206763954
0.720929330600975
0.813141865223717
0.755505879992163
0.773766163116543
0.807257376556559
0.90329661204678
0.860868079076431
0.836218876274527
0.804943911170049
0.744778489046014
0.957791601313329
0.827212778956539
0.832065712039105
0.871561255188668
0.685811687040573
0.821303534596382
0.854744394850435
0.830073789754284
0.826116665555636
0.741631965363125
0.812639584254433
0.788093556462696
0.77427622019041
0.862246988910715
0.692723526206059
0.806731013779225
0.811581703513717
0.767882862334335
0.917469125935734
0.758891353733443
0.833201988336368
0.95847626883079
0.936296823722772
0.936681776585995
0.833215727735403
0.919300288950669
0.896677020694964
0.876898992881581
0.819701984343175
0.813904875656495
1.0208735936802
0.951855171179476
0.818739460658698
0.858691711445774
0.923047910889847
0.969086522015288
0.927163689206507
0.926632983739244
0.79842057542582
0.917191841729555
0.958063907809115
0.871157925113024
0.902463541189537
0.926770947471782
0.933984785807227
0.834711312447216
0.957093125600939
0.898211364111966
0.818044231166976
1.03530200056512
0.926908085435772
0.880683711611183
0.971044628268564
0.833819020468456
0.94815643355409
0.835360189604994
0.963753546168631
0.984853489387565
0.997383220797805
0.963800300796647
1.03599013436452
0.934490072030595
0.945055672940691
0.781028405859442
0.967365513340271
1.00897084800166
0.956639171299079
1.00421993808328
0.979392831213981
0.921876802482234
0.995452969702572
0.962589819718593
0.950677929911124
0.960861396521843
0.977387781996481
0.937507208611914
0.930726512674756
0.964697771017666
1.00390109618444
1.11979911235429
1.0981076538586
0.858177892409449
1.08959478906658
1.07038336748482
0.996575837245445
1.10324843444326
1.00466856245843
0.988538680377738
0.989895371891165
0.772779563948255
