-1.03542267340804
-0.748909404584549
-0.970393480743436
-0.846413441694194
-0.962961575772566
-0.918073469183728
-0.857537765842397
-0.897300240256618
-1.0229508294617
-0.909833088129865
-0.822037775150245
-0.88981710103241
-1.04427051713831
-0.953909351632851
-0.925132298430638
-0.998269629122843
-0.867632175621418
-1.0637983413955
-0.886875729533042
-0.912091934549078
-0.909018315852053
-1.04774291586384
-0.86005878495728
-0.798815288330396
-0.949279810781374
-0.976394224815626
-0.876668490288514
-0.99410395696839
-0.740820952803736
-0.938168514359074
-0.869767935655711
-1.0550184321077
-0.984566940204762
-0.82082929057259
-1.08588060335956
-0.890814512793119
-0.976288518999221
-0.827048037034891
-0.913613044140301
-0.981841144986725
-0.824376782121995
-0.902298298509724
-0.948956240301902
-1.0475279053458
-0.940547502184858
-0.995957515862292
-0.857398106129968
-0.922914081800176
-0.89134846662423
-0.914209361648086
-0.953995300902271
-0.826353533902765
-0.915506090626986
-0.703671512354063
-0.954001105626936
-0.745278663269399
-1.08803985752512
-0.921311932351486
-1.04359107827379
-0.889832301169272
-0.907969012608669
-0.806723884444225
-0.839202658877104
-0.865173980736415
-0.80464798872182
-0.975368051847964
-0.800276377764187
-0.881082428366442
-0.78603878923573
-0.732182631107057
-0.89445415302245
-0.813298443068103
-0.769493507709887
-0.875968230098566
-0.938041021747305
-0.892800279512781
-0.902772603285245
-0.820501905544645
-0.83582303497164
-0.958970108638755
-0.692905605420328
-0.835338387227715
-0.928029392010452
-0.926289832492227
-0.930083024471605
-0.800948527749169
-0.807998599309736
-1.01190532058129
-0.965301824031731
-0.750828939115355
-0.861193801020763
-0.812580674258802
-0.938316466192584
-0.769212940311872
-0.843009968284554
-0.971445718102989
-0.821786549561812
-0.770140941118041
-0.828599843492674
-0.754334475930487
-0.835235730136666
-0.793618962968261
-0.685024549558879
-0.797210168217793
-0.91136869953266
-0.853176083342921
-0.836140440037388
-0.808755029498486
-0.712685793148751
-0.813963281191408
-0.724378373778283
-0.776710314861002
-0.810687388595459
-0.747198946163803
-0.820792393247193
-0.710634028547529
-0.683105703238939
-0.76182398204525
-0.858635837019607
-0.760568103598033
-0.873939028886077
-0.695890183293276
-0.7476297685186
-0.769324800961889
-0.829861336255876
-0.714958923227174
-0.700521912210485
-0.713221626691204
-0.688531254127138
-0.60934662260832
-0.806200762311736
-0.927875723124934
-0.668332119059968
-0.817325435524798
-0.593073009227221
-0.709479912038403
-0.713885632160718
-0.486014015226674
-0.669834283431595
-0.615594502696407
-0.735618931111951
-0.677400709587414
-0.530997440596293
-0.695771330114708
-0.745860728216118
-0.697281337220555
-0.713061297458609
-0.56510054614731
-0.734016008112023
-0.672929712532134
-0.704804319423442
-0.896626364688651
-0.779033868478168
-0.637622797707423
-0.636009344478582
-0.673371314937288
-0.65383686258358
-0.647004612560823
-0.763709531125309
-0.659489996868444
-0.632052824445823
-0.57623774008144
-0.724168360858679
-0.668091186674527
-0.605865746521175
-0.599199444623726
-0.647852915863342
-0.459274288020209
-0.583148531993353
-0.61475466141575
-0.57683283482657
-0.570743270402428
-0.687984622583944
-0.533392364963564
-0.747460814448215
-0.618654140079199
-0.717592493329853
-0.520588408514833
-0.538836671236653
-0.716374598030541
-0.564623704303902
-0.534967097724096
-0.678936327910982
-0.523782441748167
-0.537646407564529
-0.837737087815722
-0.668412999154495
-0.503099804524928
-0.637389610249339
-0.50867365385514
-0.638601665017898
-0.601008501212766
-0.649622451389392
-0.751515498355403
-0.687557481766522
-0.707418084328338
-0.538612847437281
-0.778965914957427
-0.654255956197005
-0.641112198055145
-0.747367518587403
-0.689462667875722
-0.545611315981189
-0.483429961793182
-0.710958758538564
-0.619676938994406
-0.611884134129827
-0.606002069851338
-0.55186234203148
-0.654390785776898
-0.620181503789673
-0.490098040851164
-0.475239643987332
-0.47792735284079
-0.548085807633536
-0.522029943924624
-0.598149513458519
-0.46384112454006
-0.545897280448635
-0.507364294013754
-0.630587993660985
-0.530880386729501
-0.570814234614727
-0.515707506294286
-0.67050067409244
-0.507391795198585
-0.513281135772254
-0.557913785540218
-0.528445016536137
-0.654757695248699
-0.600233620852443
-0.571819363184024
-0.536582138716363
-0.709827344235123
-0.528325506834133
-0.499772932600336
-0.576621118114147
-0.394278515056548
-0.53648907268569
-0.645031542374215
-0.481595074997156
-0.546407189177432
-0.485923479548109
-0.5891554903978
-0.474436067041663
-0.436316689524885
-0.43902783906296
-0.635139144519322
-0.400774806611649
-0.605822585167571
-0.493142580529227
-0.571808520690157
-0.379994060001246
-0.525477857968098
-0.346172171175024
-0.380773325052148
-0.434841456081054
-0.499883453070798
-0.52689421733256
-0.381962872389284
-0.473385463268579
-0.455330064810741
-0.495530590496968
-0.415079756211815
-0.455045246621153
-0.586465528975539
-0.332827756094971
-0.493763197777964
-0.3897550036356
-0.51917136689529
-0.442764427569996
-0.320278696940738
-0.457795297332821
-0.481876296202185
-0.570999862258497
-0.437700728397871
-0.418738560777122
-0.468445073651347
-0.326467644089015
-0.382712179769602
-0.519146091412765
-0.440911989117955
-0.375091689034907
-0.346641457474214
-0.274036104971645
-0.279088373526399
-0.411308905303382
-0.369185974757439
-0.352952157752448
-0.316206381372384
-0.304474126600589
-0.441730632633675
-0.387868953188325
-0.416952399953596
-0.362475809948476
-0.44241374854289
-0.511232127136546
-0.341043765167195
-0.181565448425102
-0.450471077597663
-0.335259193973274
-0.36466792753833
-0.362750290485044
-0.456769389215039
-0.340575088655521
-0.45013302674977
-0.461039184629978
-0.523429554719949
-0.358396038264088
-0.421272375754651
-0.329770697150332
-0.438081041451733
-0.413712676985226
-0.383060001530497
-0.386900585704537
-0.363313528661843
-0.504075064578636
-0.338301539852011
-0.36596221816988
-0.396527068334601
-0.356034392230721
-0.501269398782756
-0.395343907488357
-0.238288462790653
-0.35276767305123
-0.392181729507876
-0.294598414639806
-0.359087739679922
-0.478005385781838
-0.344069705411524
-0.306321928725684
-0.285423355288269
-0.253636107118421
-0.405727430081701
-0.364934928368395
-0.31079883331532
-0.399617720432078
-0.309186624617405
-0.240062118723656
-0.335295085984605
-0.329245640126488
-0.461486278473687
-0.21948668830372
-0.196833705342699
-0.249255690702372
-0.271571267023908
-0.330201189148179
-0.210673459805377
-0.259389611701041
-0.43616530527666
-0.209659074091192
-0.271320494598
-0.435332908836778
-0.320538090119812
-0.317147923935388
-0.223250020668038
-0.257990254661873
-0.281074880621415
-0.292156353665574
-0.425222620911856
-0.227319331137617
-0.17327734519932
-0.316484237365998
-0.287669343488726
-0.359073636874354
-0.236816157791367
-0.357937872467059
-0.40400807707858
-0.298878586060901
-0.10982959830871
-0.301363253639207
-0.212654802200188
-0.287994032736698
-0.226415146898701
-0.302725386457107
-0.259364797881776
-0.240135216657766
-0.206744572527893
-0.151713012977026
-0.272002628634936
-0.392453838908888
-0.153987476865856
-0.22852799222132
-0.24837602618909
-0.17357250439324
-0.360887747240826
-0.139733498960094
-0.111369219764495
-0.388641450792799
-0.224746920452064
-0.229194131500869
-0.140569308872996
-0.222523198372389
-0.286573599964568
-0.25099923374734
-0.408487041463478
-0.152849413621525
-0.265484268857656
-0.13875032524473
-0.212193559820717
-0.285485340075146
-0.195106433483138
-0.269587896250125
-0.262213932127618
-0.166336790426264
-0.0966755055441135
-0.24982114129859
-0.112201735449061
-0.214290648722924
-0.0835330441279142
-0.150824418120877
-0.153783116267451
-0.297730141348828
-0.193080349812059
-0.271856870137877
-0.275236781694918
-0.0827895277995448
-0.160947786795119
-0.1082426814024
-0.09691580724941
-0.208529099491882
-0.0324213836635328
-0.182897476670713
-0.204796304966611
-0.102846067448666
-0.157803227299427
-0.0369540362761085
0.0462540506791826
-0.0947500230253869
-0.153319019364736
-0.116749657484195
-0.200176966995137
-0.0644335695363979
-0.14336827545408
-0.138414774509984
-0.142043977902181
-0.114053170679454
-0.0520811010455853
-0.159107203835457
-0.297243385349745
-0.186927166809816
-0.113734283668427
-0.0751187659755139
-0.0728068563288433
-0.266920578994713
-0.0815801762131497
-0.102908947110237
0.0257821593589228
-0.225748843511254
-0.231929284977914
-0.0327318934066961
-0.0910676872585703
-0.0939342716528602
-0.132818857425348
-0.0762350312884326
-0.13221196088751
-0.0320661248038298
-0.221312653044622
-0.122408520419485
-0.0900711920002034
0.0431638438472645
-0.00432438149008899
-0.160764436995719
-0.0825675729571338
-0.150152187535373
-0.117931426771345
-0.258869195410086
-0.0657524000741803
-0.00243869997420738
0.048617359923904
-0.0615721590530456
0.0657412334640878
-0.164164297215661
0.0130029469978821
0.0108433110832038
-0.170570819091516
-0.168719770851578
-0.2000182399748
-0.0253595273087472
-0.156400895568001
-0.0352212189851303
0.0143683401998805
-0.00145009116730761
-0.0746294725075132
-0.166925993251028
-0.0497818872925502
0.0212569867054677
-0.145531905373841
-0.0672761448980322
-0.0919784259285162
-0.109200760057937
-0.0150457593589031
-0.0692162483647926
-0.0911652706597346
-0.0456637963922801
0.00133048749690377
-0.0607649103292045
0.00545783699382633
0.126686666448352
0.0527741704411061
0.105230012119999
0.0760220399916756
0.277754288844521
-0.0640636684415924
-0.0331558554050303
0.0475648734323283
-0.000852511941224147
0.0472201902460229
-0.0369402893868742
-0.0400257025215757
0.0983221805600373
-0.0631458712008111
0.060383531477121
0.00181955718168221
0.0557040893843425
0.0275412338642839
-0.00414748672324806
-0.0496701464009927
0.1166366078461
0.0210862378593007
0.0117589894497921
-0.0214673433062136
0.0873308719532264
-0.00908754800226617
0.0420851231205239
0.0405207564518042
0.038800077746902
-0.0680316119262894
0.0541703151186956
-0.026893612592103
-0.0557077083474462
0.096294199995835
0.0336074345974332
0.316657790137342
-0.0133901903885373
-0.0177056924142894
0.071130794222571
0.0095181032869944
0.009427249595692
0.174603205718616
0.111028776562704
-0.0399636518807552
0.171487277766601
-0.00171552481536717
0.0420276323524432
-0.0274921420193244
-0.00540677931125979
-0.0934231282067775
0.0441482164720307
0.00851359538258867
0.138204683650876
0.0283410178612365
-0.00380241924328101
0.00839920444176779
0.115180236252852
-0.0543180462861542
0.0786805921056996
0.10354161932057
0.130201000594732
0.138980369262077
0.122096169976825
0.0322423668459775
0.119319010518779
0.157522203400284
0.0381186901029694
0.276670745186043
0.14662837188827
0.103106372647019
0.216114017579038
0.172475129993996
0.254458539674508
0.13364572207371
0.239278462190044
0.245654291964325
0.132785144369544
0.21306995635917
0.12363469514422
0.0651734193716353
0.0811800597458373
0.23523417651107
0.147606416937044
0.0399186852778768
0.172832811568336
0.0512028069558254
0.0920037998467945
0.192343501758854
0.189221813125121
0.154354903955719
0.0886953094570478
0.0435784304499782
0.114940070581268
0.157642094302897
0.18442558436246
0.0564209239792363
0.0850279497410487
0.206411105622061
0.332404067779676
0.192225044343074
0.185129085967571
0.22130386238736
0.00782588445987555
0.223041162761533
0.195699374442063
0.333319547566466
0.234255865749733
0.324887712821555
0.20525556085973
0.326558111181477
0.231834229065325
0.0805131977967703
0.245854035125545
0.303852218487357
0.162635819377857
0.215990595759867
0.159578953779167
0.241349625211496
0.181110594959102
0.388819186187908
0.384595179498087
0.0926289552759915
0.365680454537913
0.267506521824276
0.170021411706118
0.28631025964101
0.344875653758081
0.123471490138232
0.202490536961546
0.177654465820662
0.202212347727207
0.12751049575743
0.26237934838237
0.369429297014697
0.29603275756003
0.317514549384582
0.270555407355738
0.187175634855341
0.27737829777126
0.162632928301567
0.22415851197634
0.161611007972268
0.421873952536017
0.309840355999326
0.206569921070831
0.2823355445626
0.336147900237577
0.239431065380813
0.254841552350077
0.37609329029174
0.13562653022528
0.176070132406597
0.409971788438777
0.325985333640117
0.511978248340169
0.318846644738221
0.367697775878254
0.359120837330082
0.282143044215598
0.282217619015113
0.29764245550107
0.374266422992668
0.470664899992545
0.274268200488544
0.368297013708425
0.348774580065249
0.374405838415644
0.4062233885445
0.337688683939971
0.195104237588909
0.433960282318529
0.380646022144147
0.14439246439891
0.550719999765142
0.390480836340969
0.350788295677493
0.340576390301126
0.36540990541805
0.468900515356382
0.402548606478664
0.501546094595749
0.356696489429504
0.383686194982569
0.438540602526664
0.411070493442214
0.455632266964073
0.389141749269614
0.485139210556423
0.439418806067324
0.435668616712142
0.371076812406152
0.25922568237282
0.394503319779753
0.313127584734662
0.384024956836363
0.314608379409941
0.431713886769421
0.279636749585685
0.409585778948631
0.465485890046103
0.437806213908995
0.400277536148518
0.437242101110344
0.282893021805605
0.363142112478148
0.323904430860594
0.481828743352749
0.488531973587088
0.470014622448596
0.424838181271845
0.545920649910041
0.449794089631513
0.440794003623407
0.520275309603595
0.537311804748755
0.502957364553231
0.397804304163977
0.466650391907679
0.3363016285278
0.343593257993474
0.42398692796497
0.448633411090983
0.557949948299103
0.419652174077905
0.452939254738052
0.448544755940319
0.422721378572876
0.456494908689945
0.413587132877368
0.448274543998886
0.570296324868932
0.57352778029081
0.484889771624337
0.419924243457208
0.440812931628448
0.519757100261166
0.373541702006123
0.51063631718441
0.334139282361915
0.524088317662477
0.541995284917983
0.489227179855433
0.378112886719257
0.569489747992706
0.39084885935368
0.656606011850925
0.679061088738573
0.725087541077147
0.381851044857148
0.375380255236581
0.560767430957904
0.4564049262024
0.424603478190445
0.530675464914688
0.384159123716019
0.401152008913638
0.516073094248493
0.434097480677834
0.482551284747014
0.352631070412432
0.517583092810679
0.582627775379151
0.496465310932466
0.39086854656387
0.532890678709057
0.555922821814061
0.44079563224456
0.420628698388896
0.374900189462229
0.571342933032036
0.484260018629007
0.547976378166785
0.577746278366575
0.554576814992658
0.411865108139017
0.445769400995317
0.687040426028884
0.592759574685367
0.618212716038164
0.540202811252925
0.463558018563242
0.698682225274408
0.543396700319711
0.611567799460708
0.380322533404113
0.708272606975257
0.503216741193485
0.624231273385045
0.591592501601956
0.589666791265405
0.51434115337068
0.535463512968858
0.440443750011547
0.637918372248471
0.666819670823082
0.650057328216896
0.552995824411327
0.554786347124601
0.377368366766122
0.595072197823288
0.522758861267537
0.649928351744056
0.60274205771043
0.642318017140422
0.674649668553818
0.635057160773727
0.468736799451673
0.743135444748487
0.720803696282599
0.620657026223713
0.42586443022169
0.73263067970267
0.706358790183712
0.548136496995797
0.701723156679785
0.575246581472141
0.447518779108606
0.547048702003216
0.523732684326486
0.562974304443565
0.632173030308554
0.676001322158815
0.534320757520436
0.677862932897996
0.458925838077006
0.667289170178096
0.688990918674554
0.593124780273464
0.669911446515834
0.580748771598745
0.814769922672197
0.740044223686485
0.730570524243529
0.665070393128349
0.685252060188241
0.561477354282565
0.701384354653023
0.647198891866182
0.392369659424543
0.700335766129082
0.624036518966403
0.622681420117934
0.542585835486884
0.601325253114115
0.714708708273251
0.754395714121456
0.534969381184866
0.696003438857646
0.695829834018742
0.735801732940972
0.632068111982127
0.687423187586047
0.548744851278425
0.772409366438238
0.812955311966945
0.876374630427236
0.710945355673128
0.812200188182818
0.662851169109476
0.845842116083413
0.703877243310053
0.712974676193682
0.772257658786917
0.688840718043788
0.65532796912239
0.763005414707095
0.730764129606737
0.712579084385252
0.642136489999444
0.658785206914272
0.758012244832557
0.895025470113181
0.795502604960341
0.97640758754821
0.871292614927396
0.775572588327366
0.808847083250416
0.830811763000301
0.745881255820484
0.879799278602843
0.871324183031447
0.709058739612903
0.645318272821735
0.852190980250632
0.888290146709868
0.70429882330029
0.784007673902826
0.758601608854664
0.834859871732545
0.854355149039457
0.602537397103856
0.560820539233848
0.780081699895768
0.733482702125845
0.793160242177584
0.730614845835708
0.695433647190019
0.789593203116301
0.725455571960706
0.659745743292783
0.85638353151244
0.768430513941119
0.725765181962311
0.817047728718946
0.748781959200967
0.766484383323528
0.824476892665851
0.886303442094941
0.869627993847782
0.843827917181765
0.815779831637092
0.729649873810377
0.954584137206595
0.818636032990487
0.826718001164487
0.883184512036465
0.66609582025463
0.816674793965241
0.891806693910965
0.845437952968896
0.813752014488594
0.753916564322834
0.831479226283777
0.781873870920911
0.799361345488974
0.872002468263531
0.690555923365038
0.795595802883546
0.790549482646283
0.760773322443342
0.925095766402797
0.753469991830392
0.83507451958679
0.944262079136433
0.932870174903135
0.919290761940645
0.821966521001281
0.895240607164075
0.86728351415336
0.872090099573252
0.809561699180816
0.820499009300885
1.03461802630189
0.942571919442508
0.824411159674998
0.833055470612633
0.92682651900429
0.958732459174933
0.938453415604395
0.912391620377056
0.802865327704542
0.910121875314952
0.957007129706033
0.864724497183158
0.890614426033302
0.924781121735409
0.931118263354272
0.847585035695351
0.960258651322592
0.888011090963873
0.815043450679923
1.03148183731597
0.919397355087632
0.851768816217562
0.965114926710641
0.859315677230488
0.933394961465837
0.855812985945853
0.955100263927883
0.992110510286484
1.01338897555957
0.972708223347144
1.0392328659817
0.922036136479691
0.94026979492887
0.771388659353893
0.952504771518494
0.985476752005774
0.948699536921639
1.0173543866839
0.959334442907275
0.91211760113941
0.965916846740029
0.958339322195674
0.932126977437275
0.948444816223469
0.981598889349142
0.950851432351263
0.931887167645364
0.938276022350877
1.00207803522195
1.10452504507533
1.11129445140785
0.852468475918026
1.08322952999621
1.06934101187433
0.983298893949715
1.09546548498268
0.994151454572623
0.971221292760589
0.98139613047737
0.780960435785208
