-1.03649312457044
-0.773571547857943
-0.979830952887304
-0.849620233647677
-0.976630836770918
-0.905709955657691
-0.874615137811818
-0.908167637752421
-1.02131432648141
-0.927226451556648
-0.833158787094644
-0.896787175835729
-1.06708410147074
-0.973041450805635
-0.922746473775069
-0.997963793854566
-0.864941447872957
-1.04740458969012
-0.871920502329749
-0.923089336716194
-0.891570654122469
-1.07751168962905
-0.89477779956022
-0.800828707889023
-0.937120062954249
-0.968152267883787
-0.878667224459605
-1.00804635177745
-0.738617926317265
-0.923567635675561
-0.85857504551378
-1.05989434725893
-1.00068032314209
-0.832750732653132
-1.06731234990103
-0.885186231265183
-0.991002877644926
-0.836834598938428
-0.926562138092284
-0.973384129541852
-0.825889990345325
-0.895671113246259
-0.953965333010504
-1.04636792312165
-0.950418432693809
-1.01214360586932
-0.855279249395015
-0.915498443468565
-0.898193454177762
-0.912134058468354
-0.955701246645771
-0.797597044580307
-0.92033946965933
-0.706666536581063
-0.96268816353062
-0.747320706886368
-1.0773022455387
-0.917603477728677
-1.02760941847148
-0.877703967140114
-0.899947506765304
-0.806879282256716
-0.838754272795225
-0.853279486884617
-0.814420679480616
-0.986488880894943
-0.842417283707458
-0.883120036964452
-0.791158834492096
-0.73263457636334
-0.881405855776277
-0.796461005378301
-0.768815603529399
-0.876923732264733
-0.909490873674742
-0.886340188749459
-0.894965750019224
-0.799907194140074
-0.843780431746993
-0.967205039080451
-0.710340512521224
-0.823000065730782
-0.920246697483798
-0.928551416845112
-0.941449529385811
-0.776565956219578
-0.828574295664136
-0.994811586147589
-0.976397539837616
-0.747289901599176
-0.886969286351784
-0.82965496478835
-0.941675897071519
-0.766945189605526
-0.814136495225961
-0.972071733073139
-0.821344462769392
-0.768931059351559
-0.837798897018642
-0.755615117033067
-0.834678911294145
-0.817325075755529
-0.694797887561634
-0.794525923580826
-0.887451750098104
-0.850584991992054
-0.871074519593402
-0.810294866604046
-0.708923253582869
-0.806030862830474
-0.742599411041864
-0.780599130856044
-0.81383238989849
-0.756812408387435
-0.828357222201517
-0.703244935172292
-0.687758152462194
-0.76067141253197
-0.846426837497773
-0.75922908298594
-0.873593673366692
-0.674362933728709
-0.745185939168437
-0.746646283560079
-0.829423611695663
-0.709742471437156
-0.710090098489548
-0.704962137959387
-0.70597325708944
-0.592733888417728
-0.821599572367211
-0.929967721798913
-0.661635398308003
-0.792713881493418
-0.616779948011023
-0.711009355155784
-0.716083474478801
-0.504972081114689
-0.634363896698576
-0.626524001993945
-0.717997122055035
-0.689792578225178
-0.534819621559376
-0.676703860451763
-0.750392800495255
-0.686080358856119
-0.719980152138813
-0.573701433791058
-0.726066531261472
-0.698308688603254
-0.710302463719669
-0.909963498661006
-0.76075524730816
-0.640408209672914
-0.645112056539871
-0.672959674430531
-0.643830252500493
-0.620785540162032
-0.760378113029159
-0.667327295166587
-0.603603673090662
-0.586406262618283
-0.7052477252376
-0.650154163733387
-0.598640051687028
-0.582579639117314
-0.662183713176551
-0.438553686227457
-0.587033275031136
-0.598989576101863
-0.566632197388874
-0.56289924179454
-0.683315287948084
-0.532261869817126
-0.76843496929799
-0.625110931325388
-0.716987616513906
-0.506882355725204
-0.550459130102228
-0.692241592411657
-0.547108621831724
-0.555657116872207
-0.682501785669682
-0.519525610423514
-0.538619022244699
-0.824196855170721
-0.657973155323083
-0.537681623939843
-0.637822354483183
-0.509821165752177
-0.622600307737322
-0.60069653735916
-0.628168415901348
-0.752592748300626
-0.675092169726272
-0.721984707295706
-0.559313373414849
-0.748657415470457
-0.657282281251078
-0.653486997816891
-0.725410871131822
-0.695782834564197
-0.537070340068504
-0.498528822779904
-0.708642158120697
-0.597423751722488
-0.597658959258355
-0.602411455153374
-0.550839330245423
-0.641072173038512
-0.614519882917886
-0.502481217898328
-0.467393784871135
-0.498609657075325
-0.530560673767064
-0.532957178226502
-0.5949580836368
-0.45044024244902
-0.5351722789347
-0.505119232415096
-0.616511753991092
-0.511256265788585
-0.569117826032696
-0.486664230722438
-0.674560273660191
-0.515173943933922
-0.507824852182941
-0.543166953614878
-0.513458813396313
-0.643467762486351
-0.584754510640592
-0.584260508245483
-0.52759506039966
-0.722399861343342
-0.532375893284008
-0.482262821262597
-0.564699811852988
-0.402778157822438
-0.54267616581864
-0.651167419015854
-0.474311466551248
-0.532173310607487
-0.484017248515918
-0.588020990414105
-0.509808306935952
-0.426657107359426
-0.407386418943214
-0.620209737791313
-0.398093988256622
-0.585270643251739
-0.490815259459835
-0.545947433873283
-0.389309113837111
-0.536558823313152
-0.350100743927832
-0.388555448343156
-0.448625162177371
-0.53192396535448
-0.535077568692148
-0.411686028289913
-0.453272720308037
-0.454932231418997
-0.472093973711048
-0.415484526824077
-0.4766792842479
-0.615585584881998
-0.33954456248986
-0.503465991527515
-0.37694185554221
-0.540737352023045
-0.427573152617179
-0.321812853680635
-0.461765129758868
-0.464305910426949
-0.587229736311992
-0.4525075273563
-0.417279246893137
-0.45868974722932
-0.318932537127886
-0.39699909984307
-0.517450767790246
-0.436539706591827
-0.390058467499091
-0.329191791171667
-0.26726464393607
-0.283851915713832
-0.425161959512145
-0.380065318391417
-0.3619090907242
-0.322973203819798
-0.304902990629047
-0.440574002075771
-0.391078979107159
-0.413944913139561
-0.333903957996911
-0.442658079110466
-0.515471197912269
-0.341828052411651
-0.192247829950667
-0.431472004972752
-0.352557912541646
-0.348604297988296
-0.383916805324081
-0.458692295059199
-0.360424168706323
-0.448263413882991
-0.439904111454268
-0.51419200149891
-0.348647717277248
-0.436131385993807
-0.356511257505935
-0.434814546264852
-0.433463925234247
-0.408786264782644
-0.398858014559219
-0.362574379492601
-0.51301871158893
-0.322402165364013
-0.357668445128284
-0.37836318892173
-0.358823245704095
-0.497577758749353
-0.411294577954268
-0.250040081034391
-0.331798631637461
-0.368521052284052
-0.290426042258846
-0.358976300587399
-0.483061028189352
-0.335092201875341
-0.309438846558301
-0.301291648704859
-0.24637952702181
-0.394265513058745
-0.37856079423869
-0.322978629175966
-0.372280796058871
-0.322368210629861
-0.253795962934397
-0.325834868359588
-0.321660315411921
-0.435113839557618
-0.224410171486859
-0.161425553610555
-0.244782928632836
-0.273318744154192
-0.326350170601462
-0.239161307756986
-0.266986243089179
-0.462619154930541
-0.199302558228909
-0.268525142047176
-0.426191096107997
-0.331933049873765
-0.332829361784826
-0.243389461621576
-0.250318775415549
-0.26935840275335
-0.26926655119101
-0.416928022375682
-0.250626048650928
-0.194047637419583
-0.338681111624188
-0.273099158908909
-0.377219507951894
-0.242042413792413
-0.343594329521735
-0.413707811870016
-0.294798371531087
-0.133246148115375
-0.287958603700382
-0.197752085212889
-0.270656957983103
-0.200391597398215
-0.309363937782288
-0.269338353455513
-0.221896443480224
-0.18710199626885
-0.167116462308599
-0.270324684618517
-0.408550219846778
-0.149107602570039
-0.22515281593306
-0.233949068118914
-0.204525201486147
-0.357222138893889
-0.1691787688305
-0.113064392793611
-0.38867295026404
-0.236608720485545
-0.237007975885972
-0.128787284064705
-0.216289333424115
-0.288642584636735
-0.236768964829859
-0.393199160898697
-0.12941278596152
-0.2581308081834
-0.15556572287076
-0.215611637535976
-0.289561564881171
-0.180031406821141
-0.260994616710957
-0.263639626056975
-0.155637890573261
-0.125604562245113
-0.24460395092921
-0.115518234371956
-0.180933201269082
-0.0664918773126471
-0.147499165005269
-0.144364255831999
-0.279097681947744
-0.165770721408117
-0.297943040723306
-0.256241968864207
-0.0793929189321723
-0.152921657295323
-0.117441274710238
-0.106512935004653
-0.225653307256935
-0.0397888346981498
-0.187092218935202
-0.207571452181611
-0.0954726909576657
-0.159528196831627
-0.0248414702806652
0.0488385159873815
-0.0929422363562789
-0.149552444803375
-0.125711211227954
-0.195358537709047
-0.0566809579283552
-0.131287976606448
-0.127646647022441
-0.136532149330973
-0.115777835561307
-0.0818028327299853
-0.16406510210535
-0.269914192115279
-0.194424497929686
-0.113746525898444
-0.0679588918563819
-0.0779307296441868
-0.259149045173427
-0.0459774173831973
-0.0887544546323104
0.0363681159861699
-0.240686176621437
-0.205861670512395
-0.0426608678503603
-0.0973675871593389
-0.0978782076213116
-0.145590379864142
-0.0796356083105603
-0.140932549114283
-0.0191166311757877
-0.200565079125019
-0.134188212571076
-0.103042225830542
0.0252957106208252
0.00909768823847333
-0.15117302458612
-0.115273667994472
-0.178221575044438
-0.114842942612146
-0.272601453588223
-0.0802205327917346
-0.010056356180871
0.0542167276598224
-0.0928026217259673
0.0593901846890239
-0.184484485750573
0.0131123008645562
-0.0314512689944227
-0.180552187698997
-0.195886526608994
-0.197814155913764
-0.0260478522422312
-0.149492747075894
-0.0471229162810779
0.047098186361844
0.0122500673135044
-0.0651479953868155
-0.136778126230249
-0.0428968398403607
0.0257519781240396
-0.14045575938859
-0.0846696167525271
-0.0900966793760708
-0.125855667816847
0.0108159568130175
-0.0468490565489763
-0.0795519483740012
-0.055890955684278
0.00740745488500406
-0.0715300618204389
-0.0153206762486224
0.12027979058482
0.0530094095344006
0.112898127087536
0.0747738978345405
0.289110211368
-0.0673491914328674
-0.0239403163477433
0.0640952372771406
0.0190995207010405
0.0555562425198361
-0.0199452619839153
-0.0388125213231118
0.105744935368018
-0.0548134619545347
0.0648071829205024
0.00792678495558245
0.0785346462961381
0.0391448312227678
-0.0113312584550893
-0.0792999345613334
0.0888711994352628
0.021788792341669
0.00527606716425809
-0.0334184476379792
0.0870373313103346
-0.00454783380852548
0.0524826810327185
0.0556704608082535
0.0212377484077596
-0.0670102907620883
0.0542905664085565
-0.0269792238647305
-0.0533828060575794
0.0867703253395826
0.0427391979940914
0.300002363061121
-0.00332174109698528
-0.0127225546454805
0.0706787369281303
-0.00987986218137424
0.0279558872146203
0.153912661779201
0.104854271135679
-0.0262733891364855
0.182710004281838
-0.00547166574856411
0.03293210205243
-0.0179054759701697
-0.0397141109609283
-0.109704606312688
0.0349261156201498
-0.00294714609864643
0.152310210022774
0.0222376915448398
0.00315393998438014
0.00297773361153222
0.1049149202066
-0.0337061531526879
0.0564306279285867
0.0821034665780126
0.12401241305895
0.150769322059332
0.0838857293934615
0.0510507992381933
0.131167393226021
0.134031250127533
0.0585251482898499
0.284357999589996
0.135855614733196
0.0881734949053778
0.215503162114388
0.182652118440346
0.256365075071197
0.156232553331592
0.260368696570991
0.248259405040818
0.160818684731812
0.235858305181497
0.102833549712066
0.0845209635419854
0.0748518853805295
0.243602230232239
0.164815917324525
0.0592457389647821
0.167186864869505
0.0458341910895335
0.0886838929381795
0.179782456022375
0.185596898536624
0.153819001429611
0.078031679368282
0.0493114908038912
0.135927601644636
0.17238655550929
0.180008014396503
0.0530586496109402
0.0914221543829682
0.217782899304649
0.346108730815575
0.209467577868966
0.189025558504682
0.213409464844958
-0.000237159398391059
0.23654792710371
0.18916454695323
0.337249559600869
0.258071403457551
0.329876376125667
0.185559622808763
0.326467235992682
0.211688429382453
0.077532837252915
0.240156963026959
0.286217002640236
0.134240052395768
0.211361817970367
0.139688391043275
0.258618479733165
0.195943174917764
0.410219337493761
0.395188680813316
0.0972945891770802
0.390243575111735
0.253670660592573
0.147956745120364
0.289519750025672
0.340750722553216
0.127142516030503
0.215162728678413
0.164645683264024
0.18665314057414
0.12999544045648
0.25921082369399
0.350581484733278
0.315589358629409
0.307118216057994
0.26985372596585
0.198005421668153
0.286711445883591
0.184614702723108
0.212216712475405
0.176837286942694
0.432492243705904
0.308789218035462
0.197216938771355
0.274535675617408
0.342840830840295
0.249482972261777
0.257972925850493
0.380157011112507
0.137648111984957
0.166489133441488
0.423530798387233
0.340603588771464
0.50965735694204
0.341363943441132
0.384214503862769
0.364729095790116
0.275096270453123
0.280892040137059
0.295594285123983
0.375117466522031
0.477598094398
0.279192039529557
0.360843130548803
0.357968133920721
0.3678054319336
0.421253356761074
0.319473594642994
0.189795933410432
0.426311139945591
0.367370968920196
0.147145332083337
0.527743226944394
0.393666597553307
0.35237475505527
0.33837611867531
0.339477978511962
0.495233523744485
0.396714323139461
0.50713133308377
0.348315246107148
0.38312195498337
0.448703313699867
0.401669759287162
0.439558326239527
0.395018183467868
0.46364182403393
0.456933994612934
0.418326198166374
0.354370555884403
0.269630611523142
0.407115694149314
0.337396217099093
0.387082143226164
0.302345232804813
0.443358295307098
0.249368080956195
0.423107388629605
0.459109115670565
0.431891815513666
0.423641523636925
0.421634455328128
0.265754263416149
0.359593579496394
0.312589283922323
0.471272394723295
0.494855529156745
0.474649531358491
0.437437989006808
0.559033069617652
0.45067731343255
0.416646369084868
0.515644631442424
0.534915404255474
0.494511318638951
0.40505580997552
0.470123592458241
0.325598448850482
0.353414501250084
0.410588025397243
0.451130641337705
0.552412040427801
0.424817483923973
0.445442413305501
0.430500692253773
0.41047538869504
0.472238308400189
0.410255060639994
0.439031210504219
0.542967524710222
0.586524775192563
0.48742696673724
0.436463443490903
0.438179466477178
0.512800954869769
0.386194309375764
0.512303666986315
0.329178530647745
0.532840413901639
0.52878865188352
0.484377832981903
0.394961666756864
0.571939427183612
0.41242130226991
0.653569715244656
0.703724616433106
0.720026028677963
0.414816410559101
0.379316712316037
0.560636636292293
0.459192004674736
0.424002116965394
0.535512985451803
0.353870832041809
0.422817608022011
0.519440281058395
0.440552506834779
0.465687421907885
0.379181807927517
0.492854204081658
0.588455729801252
0.500934648741382
0.391511668779628
0.52032403284096
0.594673838922903
0.431890851389967
0.429922284788788
0.395392314013776
0.571621114986678
0.463562748817823
0.550781865532484
0.572627439018027
0.557056810372636
0.414492802209702
0.424893169816439
0.679666551960918
0.597687565677046
0.618181196346065
0.548029251190779
0.452660888392398
0.714138303730472
0.560794610619608
0.585588857504173
0.362693518472788
0.709912307411309
0.521332675290378
0.606711140942245
0.618491276001879
0.596998814379061
0.483530167292495
0.546487067672104
0.427408749652032
0.648315229214085
0.665224840232948
0.665219238902456
0.526958946129386
0.541869851903136
0.391987742504465
0.567200156718687
0.526048095077394
0.648855779953752
0.593929746496422
0.673253456904887
0.681473916059838
0.624572017490099
0.486451097549248
0.732474473162133
0.721248972997738
0.620410811423689
0.441915004269139
0.728104254261718
0.680852804250679
0.547922438704438
0.712873212137938
0.563678893725511
0.436908018161681
0.553632778508656
0.525687607550272
0.575527882991218
0.648625743004382
0.677956783507
0.535207853792895
0.670376270716878
0.481811035188381
0.660806080282181
0.688202827532621
0.59075892843259
0.677774097848191
0.595652051236505
0.825577572464337
0.759991566193313
0.724898822941012
0.658779953069541
0.688195676064301
0.566507397465179
0.680818918841113
0.653962926609536
0.37710362847967
0.709576374080288
0.629900875284442
0.62809604026985
0.554211704286545
0.605303884223085
0.749807559484118
0.741572615080017
0.511288452572265
0.698490228326972
0.682181813306108
0.738761628319813
0.624422131809909
0.6744277780068
0.561430032062914
0.79557382546447
0.834298987441652
0.874381995722562
0.715541666430402
0.830494801917469
0.664983851283524
0.840428095744434
0.662542006596882
0.720680552186243
0.77097494408036
0.697400374335643
0.664929279167876
0.755495614830351
0.733021821906634
0.709341388118288
0.66085445099397
0.664209128104035
0.746628932591648
0.876664677057954
0.816362299303805
0.956564914927881
0.864397712530393
0.780606553399944
0.811763768047919
0.82815693688134
0.770021203128658
0.906075758691262
0.868400596084801
0.715771957082493
0.619224576015861
0.846358277915931
0.878630920367649
0.705315039942967
0.73895373930977
0.774078345117586
0.803863300993253
0.862093763379364
0.577219957284024
0.564420532812054
0.782041489767255
0.73860272303018
0.781323894168935
0.737763017613665
0.692972467921847
0.785591761466407
0.712551515998834
0.664500940581775
0.857828776158245
0.76780575091511
0.708127199723697
0.817104331807845
0.745703174698428
0.75750412748404
0.822852497252118
0.893116061306736
0.85764469879211
0.830337285759299
0.809965475351961
0.751299810406296
0.948599327178504
0.828645589266479
0.834162975620918
0.875457152116512
0.671287152527707
0.810214973403614
0.889623313840985
0.828514615115839
0.82827308502623
0.735190061521757
0.819269211621012
0.76950004944359
0.774041912410822
0.863207362927778
0.685702329979152
0.814611949579976
0.807003343295834
0.771601685865906
0.907984434176352
0.739108866096648
0.82854682541181
0.957920287972532
0.947432042354681
0.922051706465577
0.810674933748785
0.924571381694237
0.882816360225964
0.856223336499947
0.810951861252167
0.818478284500167
1.03060984267835
0.952278213154219
0.817548582404829
0.861325226781297
0.927657564735057
0.961684438550968
0.933824759016328
0.92447622371198
0.80567933025721
0.914674793619695
0.959711847251618
0.879450306346483
0.883384227369091
0.929750227669669
0.942934030128052
0.823283048505396
0.97895264469962
0.902685509797769
0.808186810586586
1.0161419385134
0.911234366588063
0.875852830945815
0.953058618146069
0.853476928768261
0.953303275678386
0.855089012380886
0.956937476658226
0.976165464982339
0.990386745866372
0.966756475546268
1.03776252260394
0.912767195725025
0.950513023561544
0.793035318825064
0.973062956545621
0.988331301287012
0.961034008732672
0.997717475556351
0.971345752790102
0.927067185507114
0.97962306401148
0.975362090337419
0.961291686843769
0.952383005250985
0.989047102494908
0.95711636033108
0.908550361918811
0.969003394974264
1.00264988352132
1.12236507187166
1.09313705750208
0.85272427251643
1.09970741484001
1.07841898178477
0.983302975854297
1.10554646161603
0.966365223295039
0.97555611931274
0.991003251548758
0.769736169212693
