-1.11946858241386
-1.08669402647043
-1.03973721119887
-1.0716114167857
-0.966564208025528
-1.18369870601305
-1.07199115965134
-0.913428266788874
-1.01855186441746
-0.837120510410998
-0.905719455484261
-1.08032630280091
-1.00897681222811
-1.1239986510244
-0.937127146834134
-1.06489072811331
-1.00659222210031
-0.853827365061553
-0.938319147455918
-0.886386683861606
-0.92904375338428
-0.881681259980981
-1.02561749383803
-1.00754249972488
-0.986081338137973
-1.04566362531629
-0.898195071695629
-0.887612498948943
-0.834110507861605
-0.918811566780571
-0.849219065660575
-0.987337217218241
-1.01453288771279
-0.830380951309463
-0.915504504686855
-0.923814929667938
-0.910652603587535
-1.00097059431299
-0.833409681060931
-0.958707204950785
-0.941103381275706
-0.907262018943113
-0.912774133959862
-1.07216134854923
-0.70929858792629
-0.997047741668552
-0.902727663907001
-0.911171701436066
-0.908660422690141
-1.03579337527452
-0.734296228810386
-0.915576371272226
-0.886049091285824
-0.910029528950345
-0.87307311787994
-0.833574366078816
-0.922580853067657
-0.745479615712598
-1.02132550571611
-0.838360616405711
-0.927961732200135
-0.821114072400663
-0.823090861820343
-0.867589625983245
-0.751033894671419
-0.859942113445258
-0.929893624362346
-0.795510634634307
-0.807765269611945
-0.796830589793353
-0.835646760768563
-0.818561038496805
-0.912041819328743
-0.796664009918288
-0.84301332610382
-0.853263630505111
-0.881774342757437
-0.740678981774245
-0.89464172587856
-0.849696313382228
-0.926455360237734
-0.92219542512427
-0.880833372689891
-0.891716955374624
-0.700194891767925
-0.948199402410916
-0.810327737873317
-0.858674279331092
-0.938978498341278
-0.823288644821342
-0.838281511283361
-0.920007597432494
-0.915561309393915
-0.652338491811601
-0.800138413619633
-0.870047936792862
-0.746590933316567
-0.831336072983059
-0.878377721245281
-0.795916227019895
-0.937709119717997
-0.796545212388551
-0.737217737616566
-0.921529596356936
-0.719404949659664
-0.860517446253158
-0.866887322329633
-0.830360214224041
-0.749076502259813
-0.798835006043464
-0.718623944566288
-0.758428917750504
-0.6569619849492
-0.81043070147606
-0.724533378674293
-0.81027581624357
-0.813326214955309
-0.719629507206496
-0.671123044996224
-0.78323165619589
-0.699676226181166
-0.909618353595276
-0.672753631413009
-0.709245743225641
-0.697392016648869
-0.871270079771158
-0.774840806607785
-0.712079731339447
-0.820011212210375
-0.76763964573625
-0.671143951621569
-0.822739687725569
-0.711183937994174
-0.621678400362559
-0.715078316500473
-0.729898436984843
-0.75441486064692
-0.83289549029813
-0.74923965855826
-0.848365930482162
-0.819308559167464
-0.619811576847072
-0.643136751923704
-0.743894761700287
-0.609597515014197
-0.693703410815476
-0.546395438914403
-0.407137199195428
-0.674131510057021
-0.6833680422197
-0.638127707910132
-0.653980756838217
-0.727384255906396
-0.512634342949438
-0.586646771694946
-0.533155335558474
-0.670561308062005
-0.445748493201589
-0.767730504295075
-0.764219650893624
-0.556356997491818
-0.597057595257056
-0.586791757779291
-0.630306106958792
-0.676042443842799
-0.683150514048002
-0.751602920177571
-0.711460440164391
-0.619308118533104
-0.629358765136785
-0.55359682682341
-0.654208409698896
-0.620825130394083
-0.608293873820655
-0.59286734795766
-0.693288736860847
-0.665760581354691
-0.665513919669107
-0.517591576005213
-0.698370759018978
-0.63461663254447
-0.518989446584308
-0.67310147115923
-0.662705129826317
-0.506918778319903
-0.492642431659035
-0.707290452554168
-0.698904726793579
-0.616327423550022
-0.654147860554515
-0.637194568302316
-0.538713962660327
-0.624558844350998
-0.700199403610498
-0.641787775026573
-0.676791520299219
-0.623885813033948
-0.816317822276844
-0.554317097543217
-0.580741368413939
-0.479473299367009
-0.65734128798635
-0.484768482379433
-0.58170207709721
-0.677479094228624
-0.557501691069017
-0.600234890475756
-0.547499803460823
-0.596344888308482
-0.499083408545456
-0.534846214313737
-0.575833154129161
-0.620572317881514
-0.411100302450014
-0.44242298572473
-0.627198074046835
-0.632366236940445
-0.703092767737649
-0.550833964719321
-0.520922695113288
-0.568712156155209
-0.429126204442387
-0.461125706216502
-0.675583375939985
-0.423699996240808
-0.720186594269946
-0.402281859876765
-0.583987452745546
-0.590218440861188
-0.509379023788039
-0.444242869802753
-0.562035289346291
-0.559591755630677
-0.661991222778175
-0.673004625872849
-0.597942773708848
-0.480123665606953
-0.451514738435006
-0.556518032875556
-0.341953032932459
-0.450648679967658
-0.611634768509519
-0.442306982905028
-0.457804839548946
-0.540055933228329
-0.518659103149425
-0.480825173786531
-0.496010520029769
-0.391839890074176
-0.525657361974188
-0.414738197713043
-0.453185033388315
-0.457062753638788
-0.599712359832957
-0.643469605665265
-0.498845265454391
-0.52682391713385
-0.467346681570299
-0.436653305203717
-0.530521394122627
-0.463616858273636
-0.544551653765787
-0.463894937732696
-0.517685992338378
-0.455343793366301
-0.340049150895715
-0.571993337982706
-0.433313540998504
-0.590760842588004
-0.621511560857349
-0.297492972611365
-0.464729426475061
-0.50232035120318
-0.433845219791392
-0.386402051667552
-0.444451039667551
-0.507492598413529
-0.395108361549413
-0.507039824629874
-0.415873508855922
-0.538914549118598
-0.395800036678519
-0.30237144953726
-0.488098491918851
-0.348639601856457
-0.469541656371492
-0.415052627170377
-0.401869114341207
-0.493833396515816
-0.365672111207301
-0.425068212997619
-0.340852352572459
-0.429713757705367
-0.39987377284822
-0.539055200358079
-0.609076699699762
-0.551161962053565
-0.387022813491452
-0.325022376941827
-0.472666779934378
-0.42234677131039
-0.457672591574619
-0.334292367982198
-0.35625146663425
-0.396920213477112
-0.34196968129506
-0.462982045181562
-0.419689766660696
-0.34791810397662
-0.332229256409997
-0.347295842978466
-0.441182671006134
-0.463819407059244
-0.377259978530541
-0.313869557734893
-0.382083123025748
-0.217468001418708
-0.329033610125421
-0.235534173110198
-0.335180760381708
-0.35602794768215
-0.255025701515666
-0.404960924209365
-0.156720620134312
-0.292558616225751
-0.38711388530925
-0.337541501473177
-0.25474685479054
-0.213558711474443
-0.369757560742086
-0.249342934646987
-0.341379740996713
-0.267914960863253
-0.340134046012254
-0.366193279877484
-0.478944319655654
-0.345689585216894
-0.215534298042006
-0.40927634702382
-0.454116346750874
-0.209776481395707
-0.423089950354594
-0.287407985101875
-0.303480234663451
-0.329819401891006
-0.364961720950545
-0.214157398268128
-0.268990331833563
-0.284991733408728
-0.403630879138629
-0.250928534774658
-0.286820078086228
-0.366460956368646
-0.427938297098263
-0.480706721289378
-0.148353675285351
-0.279889216227727
-0.271232867816778
-0.186280216581495
-0.269167345496789
-0.171395996109672
-0.296666710653668
-0.158390360283317
-0.301703515602425
-0.367888497906544
-0.290350303066248
-0.322383981315774
-0.0802428220131283
-0.235964657538557
-0.210622206026662
-0.28750429144957
-0.280638163825328
-0.2855626309809
-0.0957296478349576
-0.317742801734194
-0.158000862810866
-0.508562669161741
-0.237375589778833
-0.106978592805656
-0.0979086788211908
-0.408061021364551
-0.269310027064948
-0.0273674169910837
-0.337229802099451
-0.218106788038674
-0.263633262939115
-0.0627866755552633
-0.245328849867672
-0.232593237423663
-0.19707460691832
-0.185860785421543
-0.156289357076106
-0.0718509753302254
-0.283734807388131
-0.261048975290098
-0.245309553616643
-0.17769197362388
-0.203272995293244
-0.144342276534835
-0.199529749532766
-0.144595486990094
-0.165754159257523
-0.15571277526996
-0.214260410636154
-0.147304850785058
-0.0871331698093646
-0.222456350922328
-0.321537439115506
-0.170391303070715
-0.0467146250329929
-0.27396715938311
-0.308645243659875
-0.198685033792949
-0.0925105835696549
-0.161055330452644
-0.216987371706178
-0.107868431006985
-0.153662738763742
-0.197519466915706
-0.0928409763799906
-0.211751476990245
-0.0593852650975342
-0.241337488686504
-0.122398449440088
-0.294164489967122
-0.169851124282476
-0.102645350957345
-0.216075887943837
-0.0235069679271661
-0.133826299506214
-0.134742157338452
-0.386447422395826
-0.115435235723814
-0.0580226945021317
-0.194451451553842
-0.00399561579400452
-0.247969459938916
-0.0527145007899537
-0.132286373637676
-0.26102738644458
0.0377587135009779
0.0375171311996503
-0.148768345970471
-0.110059825724644
-0.264518708320511
-0.0280979513215878
-0.108496680986698
-0.156158757547268
-0.253317408832022
-0.116388520097421
-0.13286049147018
-0.104235931812077
0.0548216719723198
-0.0326871522389756
-0.107403121317337
-0.0843531370456505
-0.0459994672237854
-0.0434715760331056
-0.0777386739955702
-0.0763256770708222
-0.144190144709814
-0.0613725521123787
-0.127969699000128
-0.0351781655978588
-0.0968169099635386
0.0484675647852096
0.00720492120877703
0.0584252037767931
-0.105608843622386
0.0972689106308636
-0.0388554665222558
-0.150675398914991
-0.0223321724759811
-0.0136817199351186
-0.148931853834921
0.00491307689992464
-0.0478270441915809
-0.00402850861718037
0.0120165546027032
0.0118467126470922
-0.00868097121459159
-0.160109869572496
-0.130718505926948
-0.0526575894022853
-0.0138581581105684
0.00892305970309621
-0.0911414463611548
-0.0770137292945897
-0.0950944550685301
-0.025211012357516
-0.0596618066328281
-0.115543619388055
0.00323563027350678
-0.0066512720621015
-0.0169648210222209
-0.0304914824654993
-0.0582299984874404
0.0325290021990198
-0.0987826852422773
0.0461540138742997
0.0471811158084138
0.0207345035889964
0.0228269611056908
-0.0354660373919336
0.0432172146055239
-0.0330522042778958
-0.0974408543588604
0.1787384486961
0.0125824507289632
0.0530448329718283
0.101844450629653
0.0461002011469915
0.193856544020966
0.0043769536518996
-0.0643289735745925
-0.122545592273422
0.0333331004570213
-0.169794957207541
0.0027648437480988
0.0896890899159263
0.00168738451270048
-0.0560621015625458
-0.00711223965991926
0.0649059595734607
0.0336530306093028
0.136533205719761
-0.0314211221094264
-0.0489496218085944
0.125602014672611
0.115081072281289
-0.0320986732622649
0.0192467998158047
0.012164123337978
0.115093364013705
0.0605380723875912
0.105495782479313
0.123482866697296
-0.0891068608904043
0.0215929370907141
0.133600193296568
0.111257719954897
0.040653800132267
0.0901030274278259
0.130276747860167
0.0787516611388959
0.139289327828004
0.129938421250953
0.0974673462946379
0.112134226973507
0.0552207015441624
0.160344554649572
-0.0202003807468848
0.0242748978285749
-0.0711940423977712
0.0809428427386822
0.0564566802078143
0.11226989530325
0.135812550737288
0.0843065482814773
0.136350710757623
0.0397492048902825
0.178149960751765
-0.034317989405113
0.16292792085894
0.0957711663857974
0.166049841381258
0.0836726883113047
0.117617382217532
0.119866082716877
0.205751072204652
0.232406763975827
0.167965066057379
0.230444841008655
0.135625292710113
0.154682778480249
0.305222794775298
0.0119569625749693
0.123690180186382
0.197085437363985
0.261783434035731
0.272358086118597
0.0100034579314059
0.0918744032589717
0.239116045672046
0.195425092029774
0.19741230101871
0.0723475535363421
0.0553839309833446
0.177803319835264
0.260729376239692
0.082729610583902
0.225174978476092
0.133844307687976
0.199238984385769
0.0753227210195074
0.155805235751621
0.153871748350703
0.328175100713618
0.353633681508811
0.0219275820153576
0.135571696608869
0.292611609078242
0.14178640225742
0.172337564515627
0.205210143443001
0.184739366963905
0.201746069629875
0.103931383886211
0.319362482602456
0.120690071448853
0.205455792845757
0.333082385551739
0.146025814202253
0.349941853521763
0.39143285558518
0.196246778295918
0.190345152158088
0.319829834022378
0.405603688791733
0.202509562741637
0.350695428950138
0.261850919879996
0.103441174015652
0.194785851124798
0.30237140771819
0.0946401150005261
0.277386985783798
0.334434616081928
0.404505792076782
0.237812276336288
0.244278677441765
0.16934172464523
0.284374558041995
0.228890942478973
0.179950338859224
0.189446072574024
0.345411352773771
0.258873572394592
0.437996244198336
0.278900211611979
0.343861452795281
0.190253605308523
0.318750223313358
0.291797125102637
0.275507069265716
0.233443771420277
0.207065606502025
0.225730633887597
0.287758270724016
0.309673670950589
0.370345095695148
0.24148390710502
0.264794096908092
0.275537172108904
0.311230589842649
0.415074331086107
0.29850459166152
0.342437080458205
0.412750002365262
0.303058729427726
0.315793223852356
0.286613121275568
0.27374157060607
0.399865106629471
0.329638702816082
0.229464845394305
0.371845876467007
0.468373300693107
0.434739444108934
0.243066864612271
0.317076624216496
0.212598170747398
0.335515404467144
0.319015584331898
0.445277304404685
0.221531285247664
0.369586133913657
0.235455480569972
0.305704909699693
0.246640863965677
0.341180383322424
0.350915494944622
0.389879399003153
0.423272365549376
0.3880560075525
0.39978717175582
0.444684063055674
0.30572428604157
0.480290003693534
0.345164440080582
0.356710511995745
0.491387996047333
0.447853685362861
0.305642574939737
0.393258169529823
0.314168814101588
0.368803896829498
0.408016463052215
0.475494515633091
0.378383638360726
0.361697103939344
0.52280694648156
0.373458846569423
0.412731381829272
0.44479475531731
0.300420369516023
0.336357053129628
0.38375774299655
0.485566069954047
0.452317959455951
0.473159513554436
0.464408634297313
0.453292541156769
0.529571222994415
0.412433611563538
0.406032384166403
0.505319898276964
0.371098831804589
0.52383155028917
0.504813485948899
0.451139296557413
0.586292196414492
0.354806558024728
0.361789796963684
0.234423512966232
0.466653971110561
0.372358181233689
0.405600360377146
0.475603263988403
0.563781955865362
0.459498259469539
0.376738095964646
0.433204500261625
0.537703587818241
0.472444846415231
0.509629592522336
0.491933968006481
0.491286360124809
0.561697350807278
0.642067239395501
0.424546003243386
0.609607673814675
0.490446298995734
0.531515037154065
0.534030287819375
0.47000353156888
0.509390248614895
0.551467906437855
0.522366966347993
0.584100702978147
0.423545580007403
0.500998728627767
0.516080298654704
0.409022310917434
0.536630608835291
0.443096215471837
0.595413112588564
0.546477239893508
0.647753128441835
0.537297188680129
0.55346228827407
0.424506853882219
0.479174190363633
0.358663508960495
0.51175451386114
0.60581398875165
0.52712598053402
0.670462448270985
0.407995612386747
0.461068494635529
0.529322196135764
0.630887261445655
0.40356364966476
0.534821203766683
0.514201617090449
0.501311721485679
0.562728524723367
0.569320873964353
0.575563317107295
0.618670052477599
0.573557109239272
0.601351486519733
0.600526040967992
0.591393356716523
0.534321560861361
0.598347722217397
0.613764424185885
0.477366382693379
0.735990448172098
0.58267882680841
0.502703691840123
0.594318312842528
0.530530799867678
0.565871433640888
0.648939212569535
0.769007074678167
0.528555422398326
0.574259541564338
0.522089606560676
0.506174098913163
0.531404979613369
0.528519714755121
0.663219844880468
0.573259591678131
0.705953114267333
0.582007538350024
0.571518572625999
0.729336621420536
0.536478159555344
0.605937742279148
0.501570162974933
0.483908209185469
0.559908696980947
0.513310150814048
0.648091333671728
0.745999630175067
0.726438096048915
0.694583008917889
0.663579767281993
0.613903084668353
0.601869797263523
0.740115556901509
0.538903187978336
0.564951742405031
0.670915042702169
0.602144093768134
0.584748656769787
0.591003930945536
0.725532266084046
0.845207330600568
0.665841868302809
0.666691216972665
0.675986791946387
0.734134702638581
0.61106690996176
0.719537774769729
0.586890599667107
0.7004475360199
0.58868550365194
0.650357932849667
0.652176195403462
0.663052634246059
0.855704051631855
0.52900693638874
0.669272481105079
0.716489111072931
0.796689254841686
0.839791138709663
0.607765990488689
0.705771192935433
0.695542068459617
0.833534459067521
0.730313663651287
0.839877166059312
0.758351167067122
0.70730599813703
0.679281582307162
0.820940433482536
0.725315360005361
0.827852323542809
0.687396867290156
0.725433749298156
0.570658363343349
0.63510982841127
0.740454648178744
0.777042145720323
0.724437226215563
0.823234663287097
0.679079435832834
0.71829214541015
0.790829422221521
0.661306040905243
0.729851830684368
0.642066074212961
0.802618722497797
0.762631420894906
0.662858932340426
0.674525260086703
0.686308877590863
0.648955614339494
0.690738715701579
0.643398278296764
0.661076861325191
0.777111762035129
0.746150769077689
0.760912836589717
0.760429846487572
0.647739663173823
0.613829480347176
0.705008928010597
0.895058887258013
0.8504926276724
0.759610518268691
0.743345605809348
0.97968159469011
0.790768393400858
0.722484476090923
0.67790563438961
0.737107671140935
0.840814089939617
0.829057456178015
0.772653550907433
0.888462232441054
0.78825798524548
0.731715070723338
0.730661321275506
0.818545765031768
0.630688908186412
0.887195478389895
0.597113236934677
0.869845231386368
0.757486510233244
0.956786781029503
0.950725056437336
0.915469563873324
0.88744211750746
0.777251209077625
0.887914173753366
0.72774236455462
0.853086327903287
0.758237494894851
0.813023337018535
0.8720271310167
0.810665254170618
0.685868320093372
0.969629646411411
0.864049382107898
0.866654479044718
0.833869495260255
0.896273355299491
0.869830725479487
0.91750528267046
0.91254076972962
0.792726902336014
0.897089032535236
0.911607059046428
0.886935553035631
0.873525640264394
0.966560462745169
0.960705824747525
0.787916489520181
0.894035218223905
0.857561294396396
0.885836867115925
1.05378816883484
0.832732423287435
0.827917847965212
1.03310931488117
0.947254526253222
0.905785432101486
0.945977644835856
0.968369051372909
0.979920995444766
0.858854243722687
1.03006813739738
0.870735471893319
0.871419959242361
1.02497382041579
0.891541681366326
0.977815111448181
0.914834494406463
0.792769133277716
1.00762633441617
0.910237083205721
1.28500255861269
0.890778855086878
1.01323779174557
1.02759845790207
1.02127395378591
0.889145701488776
0.955116084679094
0.850411507626742
0.865683950535937
0.844609905470046
1.04584237725113
1.16555676865772
0.993029804160422
0.969022733916919
1.00984281693372
0.970098182030513
0.899840162694826
0.974280812981442
1.05482133135105
1.00716613076406
1.02618387102651
0.984185517815464
0.937707103722273
1.04234185246459
0.848171063035416
0.991879714749236
0.910758789374301
0.882413844770517
1.02741971862748
0.754995127684363
0.859645282400084
1.0577314395113
0.968007254790892
1.12402552580132
0.957896761920862
0.91196795866327
