-1.0291859766552
-0.757244175154646
-0.969002421848422
-0.840735575159528
-0.97905983446878
-0.915219261821905
-0.874217879886354
-0.912182920522192
-1.02303645738968
-0.938445334152557
-0.832269944120263
-0.905527480970173
-1.05725363949724
-0.966773343656205
-0.909962032421765
-1.00618423419807
-0.877205141192022
-1.05125947539704
-0.892544720387332
-0.9100242543214
-0.900042840699951
-1.05466826756016
-0.871046503465941
-0.809784124384615
-0.94107300535643
-0.963787068433185
-0.877253907108529
-1.00967210099894
-0.739978920949074
-0.920461808672534
-0.844583606994374
-1.04836047218958
-0.992927575740506
-0.837641510746363
-1.07622136402589
-0.905008336182733
-0.994129726421684
-0.833300566423766
-0.941241663328299
-0.972100655742546
-0.828170030837846
-0.911483011321547
-0.94767310362796
-1.05430187992785
-0.934363234679398
-1.01575737549705
-0.8390059196434
-0.914149104596159
-0.876514862936553
-0.885923322053248
-0.95612241585309
-0.802341554566915
-0.913821190269141
-0.710965009365076
-0.96209865134635
-0.737533820701226
-1.07732826259379
-0.9242545735379
-1.02959539207596
-0.875844176143772
-0.911812386630152
-0.800429531818692
-0.837625838273895
-0.86255775425661
-0.804131559003177
-0.975255450530426
-0.834299457947127
-0.892004009576137
-0.79746090692532
-0.721026501767617
-0.880194909537074
-0.798165125305472
-0.752515252911808
-0.871916425279676
-0.89834933140155
-0.892316133078727
-0.897168684478648
-0.81487400805896
-0.852861787541334
-0.968900779597498
-0.68910788986117
-0.821981386349536
-0.902944951247383
-0.921091709300685
-0.925446914393195
-0.796838891746295
-0.798079735805972
-0.99583434123969
-0.951232015385303
-0.753123559480747
-0.887996725184495
-0.823684861841316
-0.9464723466838
-0.761136032507135
-0.830129943089008
-0.966350168150691
-0.82646051913851
-0.764427820560297
-0.847857439541614
-0.752414071550606
-0.809945580036171
-0.82067686530949
-0.686284031128766
-0.805056028934436
-0.866892342411463
-0.847786126027248
-0.850803807087993
-0.801084630176399
-0.699366325454063
-0.792247030787629
-0.723630568320782
-0.791429853666361
-0.820860375412154
-0.775518732310224
-0.841199110555842
-0.695155551664565
-0.681457577323084
-0.760372295045731
-0.828440604257675
-0.746778119021592
-0.886114347814592
-0.695404348944401
-0.749118738541448
-0.773551724929911
-0.805467555127773
-0.714795663890515
-0.72463450639776
-0.724354887903555
-0.706260917746203
-0.579646392430447
-0.809639569928477
-0.927261848605808
-0.680486463183154
-0.800685179399412
-0.602194534917601
-0.707028714418516
-0.690197582243842
-0.522417415705678
-0.641852707658804
-0.639097812703248
-0.742904265443158
-0.682461663300669
-0.531327220460459
-0.695026254311764
-0.747933444073326
-0.696773852818883
-0.732167391181063
-0.574795548941494
-0.73234457892734
-0.669026325225332
-0.708980196753822
-0.899232544461541
-0.787472975258609
-0.642814112571279
-0.645249196342326
-0.692332376565689
-0.655458928321574
-0.655860872380779
-0.774451310418513
-0.652260284922312
-0.633543812231544
-0.56932587159507
-0.709599345034586
-0.670104678630627
-0.604550368902822
-0.616026938987802
-0.643707228360144
-0.456125592542294
-0.603771465433934
-0.613843621180289
-0.567578906753808
-0.589544451135182
-0.685635613933981
-0.552818076922173
-0.779185577669784
-0.646213904099969
-0.744951199474869
-0.494957930072001
-0.551772120777294
-0.698133456872407
-0.543372000196725
-0.529297573042759
-0.669474434154551
-0.499620262197495
-0.518305138881124
-0.841034168329092
-0.6706210975891
-0.552955571752335
-0.630580838111997
-0.503213990305787
-0.634888557692269
-0.608304354461287
-0.641098380632594
-0.758462350403104
-0.678055803444025
-0.711691153758222
-0.551144549481757
-0.770965080480853
-0.654079486505918
-0.630829083136092
-0.739832020221937
-0.68624298459444
-0.562078951951903
-0.510385766712232
-0.691125923544605
-0.598891567252035
-0.599740995863918
-0.61838552497624
-0.534575984669319
-0.657822385700673
-0.628561480137683
-0.488010170462053
-0.470218523515895
-0.504819628429786
-0.526938489759182
-0.533597859079112
-0.603627341397025
-0.470347547048151
-0.517572290317625
-0.499228702139168
-0.631268038450624
-0.511884354614855
-0.551663323162933
-0.493755546170459
-0.677569659628659
-0.49232801288817
-0.520717596711322
-0.536267370432521
-0.533161383117216
-0.659749118814175
-0.5770700500418
-0.584953180018636
-0.54561135826054
-0.72193190589905
-0.519362397756449
-0.494380170932952
-0.585117146972526
-0.400044922052021
-0.557217753153511
-0.645148071453051
-0.482027931307079
-0.548225147739898
-0.461775348980409
-0.599576111355036
-0.490952053956997
-0.451231218225633
-0.418819596313104
-0.630139984711334
-0.426602015985815
-0.577961467662282
-0.486665361046672
-0.558216568035859
-0.375835829586795
-0.518236190892367
-0.349882045138036
-0.384917524093304
-0.431381247931117
-0.51502936519218
-0.512800261782916
-0.381395314328731
-0.453719974862492
-0.436132236894321
-0.492860082966308
-0.421092498127283
-0.479307064099808
-0.593256172039805
-0.33415569427867
-0.475800436325626
-0.375022495973831
-0.52871603449574
-0.452408048014981
-0.326786721248802
-0.441872845982593
-0.499187142684591
-0.574854199080119
-0.46297563572231
-0.404779595189473
-0.480998779015196
-0.318473572972424
-0.406249340308095
-0.501981855171602
-0.451402854205117
-0.354249744482478
-0.341354086519712
-0.27135993805985
-0.285141793475371
-0.390956590686723
-0.386041293453873
-0.347515843933221
-0.314396681704875
-0.294452657326208
-0.45354137711266
-0.399192725706569
-0.4169249922488
-0.322993275001436
-0.444120583770491
-0.518942586531179
-0.348527975371583
-0.198282939115333
-0.434074940227448
-0.343598424771093
-0.357815948860022
-0.374853413834716
-0.466201780566027
-0.358578497438329
-0.455006598683285
-0.451186279209994
-0.5304325431712
-0.344131120560334
-0.411449925786418
-0.345908141859491
-0.423939833475095
-0.421686873494707
-0.417127508307215
-0.408335643575909
-0.358710585785134
-0.503078129244033
-0.33115188980331
-0.354208103185616
-0.387403563482147
-0.350286500102215
-0.490048967113916
-0.3921315845168
-0.242494101666605
-0.342017261056284
-0.378986554253858
-0.294563992908014
-0.361798954795864
-0.485778936129623
-0.344799299857614
-0.314844505310488
-0.303260439891332
-0.251641916180252
-0.401435536591016
-0.379659416441301
-0.327001386085782
-0.376292031854053
-0.323890401330916
-0.25646409258063
-0.319895112070359
-0.317196956297733
-0.450371813327738
-0.210268402876172
-0.182376925140838
-0.239909462926212
-0.293361986053745
-0.324269744295053
-0.215756108093361
-0.242097454197252
-0.444411377212575
-0.205191158188337
-0.271186186179074
-0.432112608811539
-0.325237501635854
-0.31987438449332
-0.244779852746234
-0.246857575402716
-0.281287084195557
-0.269619595149673
-0.412525004340706
-0.248345322065948
-0.195976685856124
-0.316975439506043
-0.273016250657206
-0.378317529196075
-0.23983495999624
-0.336614722478538
-0.380163357580155
-0.293427096375912
-0.0977168375168643
-0.315850302368379
-0.206659119683404
-0.282465679385515
-0.202471759547473
-0.279384716072149
-0.280797554822851
-0.227333760706169
-0.19099527903589
-0.16794301329467
-0.245683721749483
-0.402551152687886
-0.17127315738963
-0.207878249283237
-0.230554543581124
-0.184219696926594
-0.327739086927157
-0.154179157404956
-0.10048914311583
-0.380316717147006
-0.22974923545453
-0.231188543787588
-0.116596545757262
-0.235891432816314
-0.29081850443169
-0.25366561820493
-0.403126134168853
-0.141876932923208
-0.269701410729521
-0.14779494878059
-0.208273060632277
-0.278842745812332
-0.169590776620692
-0.266431519124271
-0.25104048642686
-0.151733609923991
-0.103287506280293
-0.259792805228266
-0.103636199138246
-0.219383962096641
-0.0745855258844
-0.134257702650964
-0.135436175566729
-0.269326046184715
-0.183738232661622
-0.275736646364831
-0.236892239838149
-0.0861822296826276
-0.147134511488657
-0.124869592725202
-0.0917867330183753
-0.19816310331892
-0.0604134554238481
-0.19829653124198
-0.219655296535241
-0.0776173379975658
-0.15645421460237
-0.0305504835569121
0.0468843880181267
-0.0830594605084867
-0.14890358275311
-0.135736008883745
-0.19047604570006
-0.0614910599385574
-0.12352657665573
-0.14024939854423
-0.109124705412783
-0.125886613678626
-0.0593183485941977
-0.162061734720497
-0.27671365143995
-0.18607476157513
-0.123271989893089
-0.0720123285085942
-0.0527300416747093
-0.254423302068969
-0.044700005533251
-0.0833066652729874
0.0197636859051647
-0.217276650796176
-0.206852505195806
-0.0396620931897198
-0.0974083815338589
-0.0847574482668716
-0.134007869720805
-0.0798547215246568
-0.135078847433572
-0.0269038397029199
-0.183842910091368
-0.132053502080361
-0.0947224099609159
0.0520636518901958
-0.0038413156973947
-0.163403527710393
-0.103456275639962
-0.171268378341156
-0.104846858439698
-0.256856844882028
-0.0864692614045303
-0.018497219943615
0.0530914184816552
-0.0590811613561563
0.0501038102989516
-0.166334684438152
0.0230728478687265
-0.0297879735570117
-0.155297892969647
-0.166187295437281
-0.204315985873563
-0.0271099014728883
-0.162808838022272
-0.034467446136272
0.0150301897355997
0.0259936254646283
-0.0690435224127035
-0.152597196989416
-0.0357406848140558
0.000730685747929003
-0.15324499717281
-0.0753200475676985
-0.0843271899976655
-0.0885074021975886
0.00328561809742388
-0.0370083973686577
-0.070050385557074
-0.0493063655944653
0.0168857088117568
-0.0750265762930299
-0.00476800852925774
0.115191940846137
0.0360711345052144
0.104599914812578
0.09240663183722
0.303937613272181
-0.0645840424290089
-0.0269851382620975
0.0548196690290494
0.0166799499891298
0.0503617185258169
-0.0448598577784228
-0.0436643439781188
0.1165962446475
-0.0437948121262431
0.0672983942242719
0.0089817397429379
0.0592466583777466
0.012731626484389
-0.0334245036061794
-0.0526906981304877
0.105677931819283
0.0309259900969277
-0.0175138081547002
-0.0294803567761666
0.0901600769660493
-0.0145189598110219
0.0625679537931752
0.056478705503972
0.0118910831918136
-0.102073218687626
0.0486117282817825
-0.0446134978157892
-0.0742981830542715
0.0855202126251777
0.0330333207642113
0.320062558052923
0.00852086346848974
-0.0162036258103828
0.0852077250112688
-0.00943982498190717
0.0172105186667014
0.175717982294215
0.111292180981224
-0.0453516578754549
0.171390711416061
-0.000319072360022502
0.0214242667289272
-0.0107754174896574
-0.0144040147740707
-0.120085332468134
0.0528736152269658
0.0180717549200823
0.158703969813725
0.0263871955015809
0.00520527090737638
0.00540940234724254
0.103404776474216
-0.0306374847588942
0.0649924782015177
0.0809305844869086
0.128014674555894
0.125198175281146
0.100044745319102
0.0640269400100067
0.135527555968318
0.130589447910041
0.0578597425176413
0.289904182968969
0.149102987507693
0.0971622147314337
0.215264107219101
0.195159861256304
0.239642170640876
0.133097796496716
0.244477789545498
0.264578265069829
0.153497410054428
0.214534318726076
0.137843802116675
0.0683351337904222
0.0652126165756544
0.24792298710364
0.160238300036738
0.0510567596354578
0.176342976446384
0.0379487951676089
0.0876773783326156
0.193395794762006
0.163982439148562
0.147859546930786
0.0597679201960333
0.0623133265525992
0.139855713362933
0.180682211156217
0.186906499241111
0.0703851472172755
0.0899656490783269
0.212307141649007
0.333299888381529
0.208381822570905
0.186695397155528
0.1855757972925
-0.0160086512586384
0.25198642736815
0.197846703496825
0.337963716759066
0.241522699981597
0.329848372873172
0.186323450501831
0.350716585677448
0.223812645429632
0.0897539743897618
0.248265902833834
0.281104994707007
0.13473993440273
0.210756982308587
0.149240808296516
0.248071591693239
0.18098742564808
0.389688715983253
0.389253280907123
0.0825064985751795
0.39166724776288
0.257869063557985
0.153727479945506
0.302694597984713
0.343646926265301
0.118943031626921
0.222834479033324
0.168007790448214
0.177672511800334
0.113206258270537
0.265395827794081
0.374412427042615
0.298013486828924
0.333126520723213
0.25769538439415
0.191474610654609
0.264747634187247
0.174269566565353
0.207318137739033
0.159985379046963
0.433672857757278
0.316314680205322
0.208229687363142
0.277024961092236
0.345924622557465
0.253988955371376
0.252857497905751
0.370747940720674
0.142164158320133
0.170224585129131
0.432093376793974
0.32309203875702
0.516234801917671
0.350041063895216
0.368283496345908
0.36852479480168
0.27474867584235
0.271697129659661
0.280722615342338
0.39355233039319
0.473263167630613
0.282851165565604
0.354591249342244
0.34873048041699
0.36952292952016
0.403788614310665
0.302605158267814
0.183437798740591
0.431912208846098
0.382054424313478
0.158063629240359
0.540226496403793
0.370595058900774
0.338945011574005
0.336900326692023
0.362305411316989
0.477181080096112
0.41290918938681
0.519824189982252
0.347030076565378
0.379394907124357
0.447279387227401
0.397432676681667
0.44247523611367
0.396820268072513
0.480981437330344
0.449333534150568
0.427394335955974
0.360104761320297
0.275157358667571
0.398879045841705
0.339479495429647
0.402457559337223
0.327277093419151
0.452231981430676
0.280413512138997
0.403808508954466
0.456507950897985
0.417321247564141
0.424798060897618
0.405476300954003
0.268160708357903
0.370229541160659
0.313415225392295
0.477830977009536
0.488698874498376
0.478545042038967
0.439015770262384
0.572686434315138
0.443200797615044
0.426392796259245
0.507907241284305
0.545844704663412
0.498039380775264
0.406400413886539
0.471552067633241
0.32755433584135
0.352345318513236
0.432958563715866
0.449470912242246
0.530130028369123
0.402910502438728
0.426814724207805
0.426197640456239
0.400743473121861
0.465109097706904
0.396661654050444
0.448283789084206
0.553701283967204
0.586266183354238
0.485947718561613
0.4249865039311
0.445587710816233
0.521223054023802
0.367470282400208
0.516066496242597
0.328468891098441
0.533610758423278
0.547338501593919
0.460705405224185
0.378336172273771
0.561565893652188
0.412151775536855
0.650001139927767
0.696099766003907
0.723614338273887
0.396655369875619
0.37227780312515
0.576936000179206
0.447073900294705
0.429861262566373
0.527646495547599
0.360320481682762
0.411996415487932
0.511891902524012
0.43793228942178
0.481103937438765
0.371771529566582
0.491708781448822
0.568391233254834
0.509382207582833
0.396957114064641
0.528437172406586
0.581763242023014
0.416308104051358
0.428749070021984
0.396525898937429
0.569630463265111
0.469692655677336
0.556131259099395
0.574058510915768
0.559645913232135
0.400878159273435
0.42361278214447
0.691684511873017
0.587183723137441
0.612068004304447
0.547987219115668
0.463984289379451
0.699650065983883
0.547509503112439
0.605519601256719
0.380062380934418
0.701437088570071
0.513798858991694
0.630762442421404
0.62047843970565
0.589825317544935
0.50154804294645
0.539522837435294
0.417007416271651
0.620459906704906
0.668282203763901
0.667113549172461
0.521866885920698
0.525749478916173
0.385163297311072
0.595672579929822
0.53464815260673
0.649751933930229
0.585452640752236
0.646459935287646
0.671540780690726
0.633572561313525
0.490834529806872
0.727899788025282
0.740738083854635
0.630071135634073
0.440892487044026
0.734531515985664
0.675832625068788
0.54552508981876
0.706825413943248
0.573907699461084
0.443193427574931
0.55737468181846
0.528752336573692
0.562580132648608
0.644474452755862
0.678744021633922
0.522252580168601
0.680882413247023
0.487535257455316
0.656368418903275
0.685736722685976
0.591749050706723
0.672054354471409
0.573492458294422
0.807762495944335
0.754997983753802
0.728389557631023
0.647662063976952
0.669998499272431
0.564593253244941
0.700338252313525
0.649942055206445
0.395562917744599
0.728559619781274
0.62791721109418
0.634701077331947
0.537863364969971
0.595643536961867
0.725979519007778
0.768511243376763
0.535581727123806
0.700165450686332
0.684059230004625
0.754713067367535
0.623432943419986
0.687641479828803
0.556175140911767
0.783572915096384
0.840216901333034
0.868911595953869
0.701324866745843
0.830249199710388
0.655316242470093
0.833212624784569
0.681174292517241
0.728816673691996
0.778893315401615
0.724137605387814
0.654985928064959
0.767935055853373
0.740916517081517
0.704705894569609
0.641341368894059
0.660292683206497
0.76962738092597
0.890351201018704
0.813667362552388
0.975666182087726
0.877546015648255
0.764066216969458
0.787634449817775
0.827146715577201
0.758555625270467
0.890029244363114
0.853342737891049
0.727590842429619
0.65467770273187
0.873093922079036
0.894167954020373
0.702997600174872
0.768793329917306
0.76339319580099
0.801165699417387
0.838545025643533
0.559668457482162
0.561984137463453
0.781029083059376
0.737872943206226
0.8104413379561
0.724756545635488
0.716260919945506
0.808962680710469
0.718398947481548
0.672794878059909
0.848828071378943
0.763207229545486
0.724868101182494
0.816748516561168
0.763190118303784
0.774972284388005
0.811938829639073
0.886833825544018
0.853538048803832
0.817337451150113
0.810081187313289
0.74738251167776
0.948266583266034
0.835852575568544
0.808102002020686
0.867660730295975
0.662517009197206
0.804848911415305
0.884008870576837
0.851173757170516
0.833882287256783
0.767733022445039
0.834063883681356
0.75413290000305
0.785636817990315
0.855188839795896
0.694348896165038
0.793052045361406
0.822888983522838
0.757772837571855
0.931465185071113
0.76596016308487
0.825751541734749
0.953328741603512
0.93674589335669
0.9326904931181
0.813358431222374
0.915337819604545
0.872004412083205
0.864292099761468
0.801440309991547
0.802985096081949
1.00239664980931
0.930940180299585
0.818392103155789
0.846846931494516
0.921920383550768
0.972029320502802
0.939258502246078
0.911428149467014
0.81141646277813
0.899578050667174
0.972430201726976
0.873949328011954
0.87590491018717
0.924520690158055
0.931879427069082
0.840164145836323
0.948432744562389
0.91306327185025
0.815856464327218
1.0166877238396
0.913232234479614
0.892197224466803
0.954334223579109
0.84479643091683
0.935158566012049
0.840174181080586
0.967253859413183
0.992909195769958
0.999601092777214
0.980825756882118
1.04201936661674
0.929817754448031
0.953673486270811
0.784994664069013
0.971402697621008
0.985840979219598
0.947683020273184
1.00722864492643
0.973707959811943
0.917344776504883
0.989053418779523
0.961888920055717
0.949859199088518
0.953102456678245
0.987181258648219
0.948156783942272
0.92472633052671
0.952528033434613
0.984114230947161
1.12128620620899
1.10724457207894
0.852508673954822
1.0833524711527
1.082192284378
0.997750781525483
1.14065286763248
0.976802379973113
0.977699561010256
0.99816012653394
0.768799609880432
