-1.0506948891688
-1.02720708838615
-1.07915426527437
-1.06101933426299
-1.10095324984858
-0.853309283437982
-0.797514312318571
-1.0777348450503
-1.02423956250055
-1.05542955029405
-1.01171527866587
-0.96253836099048
-1.10613264536052
-1.07338492188813
-1.05678331591366
-1.06302550675992
-0.838450132077493
-0.983053443890207
-0.880845011653643
-0.861626723487382
-0.948284465740018
-0.967184118452433
-0.853225065694897
-0.855351140242586
-0.901931489975648
-1.06608219997378
-0.942447761493595
-0.921788666857179
-0.720475349861157
-0.87718362523758
-0.951107405693065
-0.78553055892275
-0.87559588564873
-0.964423674773273
-1.01507794263094
-0.86784136483923
-0.884475588731368
-0.862836319969829
-0.95483250951923
-0.838953563895565
-0.862114054681582
-0.980555724100254
-0.920849822480011
-0.926112436048121
-0.882451332518096
-0.835064494679391
-0.904275192386665
-0.950587546658088
-0.871533124488008
-0.997278551261895
-0.704825692623009
-0.95390222569138
-0.906426114623741
-0.813579277066427
-0.842792535489693
-1.04513619425863
-0.903527403019348
-1.07169389570145
-0.999572699569188
-1.13380283638464
-0.953767044260129
-0.881617014659198
-0.800130998065214
-0.845390878901589
-1.00442153219348
-0.906574082921458
-0.779145084764475
-0.946743306797389
-0.869219854777261
-0.880664948366426
-0.874454981972534
-0.794314930264619
-0.716052215785784
-1.06251280972349
-0.815174923467052
-0.738358558530005
-0.744783522600693
-0.893182291149462
-0.950900938325326
-0.592947091533888
-0.718570744148948
-1.00840847607622
-0.679215089148446
-0.820818597952048
-0.892912359737803
-0.861768821053899
-0.79122379681405
-0.738746522838177
-0.858337112357793
-0.715382121326735
-0.841590627167801
-0.808301122721024
-1.04520555560452
-0.745682619889974
-0.932980062330586
-0.753586217339296
-0.734443915318375
-0.668356570152009
-0.710850830772129
-0.964706318202339
-0.73903685914188
-0.841051342907858
-0.741272671564254
-0.707044212435989
-0.757610834136571
-0.708976324552948
-0.792407417414229
-0.848791615347421
-0.70077213615892
-0.750746539104284
-0.724010024468069
-0.837704290484754
-0.786410470067508
-0.651442076498097
-0.664535911558622
-0.718704490768641
-0.877638180661371
-0.829221564141713
-0.733989211980271
-0.832243764811247
-0.743295600807061
-0.806415970025271
-0.760131478563043
-0.726059916666576
-0.784222525904578
-0.64561153192609
-0.813295255062853
-0.867842142193796
-0.753470867228806
-0.586085816616613
-0.742586173325236
-0.685322884272557
-0.7871436616319
-0.619598578269234
-0.646620693731501
-0.736262193312051
-0.652639375281834
-0.722381616394907
-0.803045799400288
-0.752279164228248
-0.885255238870904
-0.6376979326191
-0.674233835974976
-0.506240075974677
-0.663481444927221
-0.724310163426709
-0.718115461598727
-0.734058198692705
-0.765069755580157
-0.709036956712242
-0.728099938971173
-0.526838962530166
-0.683983379325745
-0.635173358038078
-0.666695847446518
-0.75621200085621
-0.716319332894384
-0.521088840262056
-0.691593503901856
-0.789642242511723
-0.729796213300292
-0.811060137504017
-0.840747700713169
-0.796440708559932
-0.631701114813372
-0.515897034735128
-0.840917224033472
-0.676692457006844
-0.720568718524587
-0.747659371874606
-0.600331125226699
-0.708381807875147
-0.55528254204866
-0.679110604417877
-0.644537059594853
-0.611409163241735
-0.558093421182695
-0.702430341283459
-0.698502501485332
-0.6671065991053
-0.581449243056658
-0.482779524137545
-0.733817044784411
-0.568159991940774
-0.659830259227041
-0.701917497441876
-0.700932130397896
-0.604707322796186
-0.682294768763775
-0.65281603986467
-0.606714232022918
-0.602316694299669
-0.686380353606073
-0.630468198429271
-0.742356681367473
-0.693425292829567
-0.576414525051102
-0.674987023376604
-0.627885910453862
-0.626655160712612
-0.627370524987883
-0.649734754908771
-0.61076757395863
-0.640543937442789
-0.520819740798216
-0.449063404334071
-0.457977042031138
-0.623898020276547
-0.602513916016012
-0.676885763545748
-0.590786752829341
-0.66099841557918
-0.541429576180363
-0.66202534445382
-0.579020704454098
-0.697463520150443
-0.518737823469261
-0.561609525570801
-0.603055104635731
-0.488312521229379
-0.569595980193065
-0.584358608288705
-0.574247280998857
-0.484531617875956
-0.635997111639524
-0.528583860941679
-0.487332424556223
-0.462935281261868
-0.40690356774929
-0.560084653195064
-0.61834541261958
-0.495520777577604
-0.72936969163269
-0.511898085139047
-0.556679447916046
-0.525180319180536
-0.387550436812233
-0.529544932422258
-0.498625809054429
-0.468729219661303
-0.530234835685377
-0.55188196660522
-0.664193428832895
-0.601320729368357
-0.53642508718347
-0.480659427034684
-0.698009900707295
-0.489908322737264
-0.592113209772766
-0.551429738229137
-0.4333322459038
-0.525882098278087
-0.409570626646801
-0.391408782352066
-0.465311471336383
-0.635666037250205
-0.531856892998234
-0.427123365712283
-0.509787660486593
-0.524934125955916
-0.522670986981123
-0.465583300139729
-0.4980271186183
-0.486848836228552
-0.628914797127019
-0.605305532538196
-0.50569666872476
-0.475667300422743
-0.464078690717736
-0.515285812964989
-0.686074919569671
-0.456784668164652
-0.462152014818204
-0.392213607099063
-0.388039571065278
-0.399271545182515
-0.538643020742543
-0.408687863019777
-0.285643650367079
-0.519425988625275
-0.300939011860301
-0.511669161041654
-0.404213585115442
-0.567087135684393
-0.476731893826008
-0.433301027095142
-0.454200276378504
-0.463647350860841
-0.563601087112319
-0.299669095080144
-0.523696838125555
-0.467321594836938
-0.283628852921822
-0.466969306841652
-0.416915250622206
-0.518575679610654
-0.347121878637365
-0.354562523354468
-0.341665739531781
-0.408150224206051
-0.441433418294402
-0.343508845442656
-0.270874226449389
-0.315632613509558
-0.425639880050905
-0.385679523233582
-0.39393925331878
-0.42135037636732
-0.492720775274503
-0.433543111308967
-0.45675369306396
-0.415187093317124
-0.282934215903277
-0.592206166401353
-0.271599968138076
-0.386723015493012
-0.424603463776352
-0.383570046715751
-0.408571688229419
-0.410665922267667
-0.371238722379564
-0.437851218072346
-0.333327566351601
-0.341786416902208
-0.353624285608009
-0.189297835982468
-0.31474270776466
-0.505668579732079
-0.417292249246785
-0.372420918182359
-0.344792529972089
-0.302670021526078
-0.428865094526935
-0.331215210095298
-0.418408246793431
-0.31955361902033
-0.200804327644372
-0.0891078573863142
-0.288438498287683
-0.397338577752085
-0.266319591458471
-0.293124334755111
-0.392785926360094
-0.414710380690698
-0.288721109265
-0.203416516142975
-0.260039655907482
-0.474492709204544
-0.305164269375717
-0.281874251778818
-0.193158322743412
-0.342895828972582
-0.253338287638556
-0.366084531915638
-0.350142004337664
-0.27059189382997
-0.373158859884093
-0.319478645105662
-0.145743932627409
-0.359216191890792
-0.24892868786793
-0.328803091881812
-0.385997723837088
-0.219571171104856
-0.240710714005269
-0.36345699474787
-0.142555158860388
-0.234552816153439
-0.222817020573693
-0.394208405102149
-0.217440419816589
-0.202455295808926
-0.232651058563239
-0.0941729973737583
-0.327059221470639
-0.137147650061903
-0.334636923242434
-0.202457412915449
-0.268180849118558
-0.366020319159773
-0.272697477751993
-0.212484761514954
-0.0795052037911769
-0.296630293000703
-0.249734929457148
-0.272428685848644
-0.296956084137156
-0.252389750975781
-0.164339497587096
-0.110195092902128
-0.298527954172253
-0.177865861446947
-0.146498493518262
-0.309270515665618
-0.230066910969761
-0.262710624119345
-0.179482728358092
-0.228703419133558
-0.248672664933573
-0.221441553597016
-0.310211782841785
-0.2535081029166
-0.33740908653569
-0.0251232079800732
-0.0991191398330001
-0.260522452057069
-0.132006402662481
-0.0848521407372456
-0.178365041147673
-0.233224241468596
-0.130078238976136
-0.179225722511546
-0.152782979694812
-0.0858928519802027
0.0289722961671013
-0.188648178901209
-0.14836926668408
-0.229354581362327
-0.17359014883903
-0.118781975918506
-0.23287836363343
-0.00591836166727732
-0.365105705477813
-0.170403070877126
-0.348473585782852
-0.153128566729411
-0.214313760991771
-0.150202394384417
-0.075038634416588
-0.0831966257067013
-0.212789115935124
-0.0578537078009165
-0.0859769153716623
-0.138878399208644
-0.265487666490355
-0.127910226843503
-0.257306340557651
-0.159656315325601
-0.115207157405874
-0.177653946947188
-0.0734323069518199
-0.28696399110967
-0.162260285898748
-0.00380496624346306
-0.23702376132675
-0.150261737660047
-0.209883348099659
0.00314709008560574
-0.111818971829762
0.0831964467901025
-0.0242509374866726
-0.110779577024261
-0.148229675090973
0.0137158806905519
-0.200149793808002
-0.0521559252365338
-0.162049514299129
-0.124739992530832
-0.0635667690156726
-0.0782091847813378
-0.138103385039932
0.00817742073977283
-0.125583076672587
-0.164273560137129
-0.0616095350054423
-0.106816238309512
-0.00308179052127508
-0.155382548584278
-0.123487374552564
-0.14255487285171
0.0388456568691988
-0.0159779924578653
-0.0161748599641956
-0.123946584913851
-0.0932410166539212
-0.0922635363987134
-0.112329007811029
-0.0917308635938232
0.0916337580311357
-0.00198203989133626
-0.0246405648129527
0.0632807469293908
-0.135578476555251
-0.117263499790006
-0.0108850303603884
-0.0864414649188466
-0.000320535380083144
-0.0202131802833292
-0.00853206846772858
-0.110169949972725
-0.0920324165798455
0.042437071205292
0.0222358201400686
0.0271896215655846
-0.0429978829243957
-0.105045602538081
-0.0137398922239588
-0.0367112695398651
-0.0507921134294569
0.0802774106670905
-0.000688726509765594
0.0460880850961946
-0.159313110912676
-0.00228226512118324
-0.0800338614919895
-0.0871004866521947
-0.113798119121907
0.0889709700841807
0.0595901449506475
-0.0278371060620045
-0.0379750641042097
0.152850825625983
0.0767339316771808
0.091814275339688
0.0668889196928118
0.0206332942228573
0.0749037697948512
-0.0787422637717455
-0.102661950859583
0.084216195973825
0.0787610793619731
0.0191656105921466
-0.0188595682992257
-0.00891016466538724
0.0581790232515644
0.0397598588381628
0.0726781370913223
0.0138418244067669
-0.00755101817217231
0.0160247596668079
0.0222864285679094
0.134214451921532
0.122359276629703
0.115947961262044
0.0354362495879677
-0.0111461070166611
0.0338312907967146
0.0997786874812569
0.203430202839462
0.108552070453265
0.108266347485796
0.0205433798874786
0.04289556677058
0.0734806931218422
0.0859723606947591
0.0848382431678335
0.148525631963677
-0.0418241383447736
0.0989695252587493
0.151856520735254
0.0566565717494355
0.173877449504511
0.198321878863963
0.0862869367141146
0.00685187401767903
0.169020532069653
0.194727355750178
0.0974615212232509
0.132613837603764
0.290379396872316
0.26160241525162
0.0277984998607788
0.0075842991198831
-0.0397487000645337
0.098573363117439
0.0989619036990551
0.124674077767892
0.127186262269086
0.058406615798412
0.0369313133890164
0.171124950456174
0.282870233233905
0.128796872361874
0.302454840019588
0.190565101697233
0.119462444609258
0.252087160799172
0.147514067262025
0.0240649950793321
0.306563486944155
0.261408776639909
0.0711254551593937
0.186376194537301
0.250018726415311
0.260798594552873
0.128713853691149
0.16078335876576
0.234891887893557
0.150406777445227
0.130459196850281
0.0869450443360301
0.319707763868878
0.263528703425584
0.0601024594858184
0.179329492126038
0.203765421479943
0.261213346396121
0.190760407650525
0.106758162780075
0.198059949765024
0.200182502950233
0.32030538499929
0.265750297226705
0.29173356058001
0.157489232892697
0.258022344717385
0.156049891269432
0.161189369721194
0.247475705453689
0.217748710812142
0.308898018886618
0.262964659158215
0.229318301118323
0.159235246279378
0.243560759125207
0.22156163642612
0.223267525532678
0.0542640952738394
0.303163782780088
0.36898906917951
0.283703576478552
0.157232988035548
0.22176013640104
0.308051595307755
0.328252717912226
0.290337563025188
0.140665418103312
0.212888282496761
0.193199607018486
0.221225491104681
0.220724087951246
0.217877919985897
0.281321783445594
0.197167512715373
0.159880827483652
0.216475610200309
0.322823051693456
0.173555779645897
0.211762737263076
0.336379649431706
0.288719747305234
0.190642327537323
0.224944494741158
0.250632175232309
0.401591004178771
0.287705795030004
0.38840841862435
0.270151188007702
0.404409968321068
0.276870777926859
0.41297245247988
0.353967865669759
0.410376557481409
0.185379663144842
0.362412862513137
0.156183513024069
0.369643534432904
0.374275727530579
0.258947940754425
0.320667978678471
0.308569839709584
0.294459720519718
0.315313221716978
0.313915304847463
0.385036277178616
0.316303413089541
0.270636714147028
0.424401608764008
0.302128988194762
0.313196753633227
0.331857055297005
0.115483053488778
0.440967055192109
0.35387639094867
0.407924509381767
0.310798895788809
0.459115677386573
0.231777386833882
0.329469497837689
0.428976787612172
0.325946714029471
0.242801365773115
0.319921273624406
0.250461225219422
0.36336049377406
0.316788094371893
0.400252604547112
0.4616117053113
0.441136688878243
0.443076181728742
0.426437988200532
0.309577016436856
0.321982474595436
0.388691967920231
0.325233720675389
0.550070392684365
0.337441002077952
0.489990999356165
0.558099609083005
0.489153699033107
0.362913204976262
0.53481288831505
0.302940082912089
0.274960797613122
0.337852067585149
0.501819243505037
0.391124939600517
0.310500123147239
0.538238326017338
0.351158381265568
0.40096000180914
0.37649243202314
0.371426709365084
0.269722551710743
0.398223020753617
0.380996803886021
0.343166022947419
0.579936590661193
0.498272962528743
0.376001186493356
0.428770753125486
0.358800219140051
0.459314863137347
0.471099883784098
0.560580852541379
0.49814626380094
0.475878975138611
0.49833927756563
0.594821462692464
0.559251810307314
0.477470789469764
0.622206855924997
0.54881991016246
0.35334629661345
0.380536670220561
0.3849461670607
0.321269027378651
0.491781843852042
0.511250406032767
0.5162630169714
0.482282636344213
0.546208626586836
0.401603466271512
0.41873765211576
0.423935825258361
0.454210452232423
0.544933036542243
0.639274664534158
0.437597486784625
0.581161572901941
0.413935965935475
0.520352743945308
0.493066656475738
0.545315309716461
0.501437706923421
0.45471988680458
0.605095111977568
0.48659039310992
0.609154754885631
0.433445540419665
0.45142590383751
0.536729605234643
0.559080110301348
0.477205743560118
0.529795369937002
0.524868569576484
0.484337440543424
0.285887344480358
0.443132249134084
0.546628460101968
0.386179779189593
0.470047939887244
0.429437187398395
0.613390232989411
0.557441810543197
0.551309060987097
0.512283607801232
0.520344649195418
0.665098568679102
0.475976598392109
0.593096115468639
0.494295749584686
0.535996403019871
0.483521909731096
0.48219382749133
0.485397872087362
0.555972041063651
0.521444333551732
0.581553935233694
0.650172185007388
0.736002531038373
0.579537341549552
0.624332764175703
0.59634869958022
0.680345573999903
0.57118230098085
0.52870520804587
0.610271759589805
0.525630856342668
0.591818053072558
0.731038909369457
0.661257803961594
0.56698148725849
0.643625540800793
0.669205181767994
0.643981158566455
0.474238316789495
0.64885875961443
0.524653405524099
0.66507794376328
0.60380485925208
0.602345611568771
0.740590922708798
0.469146773566887
0.637230032273395
0.558947347023631
0.619731510282836
0.579292414061363
0.779046379975194
0.575930720618912
0.545101037314663
0.614545153545333
0.789927154962297
0.625992616220583
0.568186052676577
0.624004340742107
0.750048744912201
0.614475663536984
0.570269611347606
0.648163878585272
0.664346248236914
0.779595348038569
0.780966356531594
0.670334401443621
0.888745968286091
0.717745101390057
0.556186794213201
0.627203467898018
0.774341977064367
0.755069518562511
0.690035165073585
0.649509598805823
0.62947127489233
0.72757209507546
0.795107789281451
0.972630611509201
0.823812481043652
0.659232732668764
0.716400064150885
0.689408154441043
0.690509411081835
0.71563687676239
0.70729604076968
0.670752206072645
0.723257565934495
0.554935932722939
0.723279467236062
0.676969980987817
0.78363206843299
0.774607484147449
0.669852858953426
0.610175750585399
0.770035100976749
0.90008181658645
0.83433148699251
0.57410843021125
0.627921760161992
0.743523814056064
0.65931651124818
0.672990253532365
0.614834343505631
0.739725316568042
0.616808015126226
0.824066515443578
0.656354853865971
0.787534289677634
0.776920431882736
0.701211816879206
0.803985394262425
0.801523946731367
0.560600000281046
0.544913618892238
0.659712556780148
0.652619355679679
0.872174736459231
0.775159091646306
0.887575871184474
0.830499612687647
0.751771696870274
0.806455951185847
0.864813119239911
0.86718690542839
0.747771178117756
0.765607751384839
0.705431601282531
0.927197098888745
0.775835116310671
0.879882489669074
0.881762789551699
0.803219331562281
0.875336073826868
0.855290956934056
0.851239601274105
0.834225980519737
0.870211789048294
0.79898218021948
0.984080313530989
0.685708872015297
0.789625843553564
0.808448884137583
0.877924273910438
0.946907951559434
0.883658999367415
0.864634954569079
0.921174472681159
0.678752717769925
0.817753585648332
0.880094614457773
0.761492753442619
0.681026653913164
0.993736866666213
0.899218647675945
0.734097389842314
0.973319950979034
0.758479219792448
0.938609025822324
1.05674666275596
0.86408787994787
0.954683263744594
0.635957198847029
0.877851205967377
1.05127478913535
0.813138948978383
0.837097537549673
0.887237785664003
0.924726550054195
0.814853245842618
0.891728375812183
0.969125247160774
0.931484922265635
0.926261988890685
0.963280702365181
0.777617480238095
0.887711091537012
0.972272514211906
0.923957067917551
0.836072235737816
0.818597072838637
0.905756656828794
0.855960510813764
1.04100244191678
0.915632804050009
0.936472100228616
0.952758086606997
0.856890655557905
0.824692383478943
0.907878461992057
0.953783037033238
0.864386587921242
0.928631138558669
0.90349978944648
1.06455474119261
0.844655989785686
0.851144079758164
0.914805069583568
0.956522081158832
0.712714954479591
0.964980635080607
0.823954978394653
0.895364909510788
0.912368903651644
1.01050470583706
1.00807517497207
0.994838717912076
0.878217260549184
0.933867321264508
0.993906552892297
0.814960070848507
1.01705841753675
0.92967896118878
1.00172189495444
0.891626732895455
0.839335012450203
0.863946762137856
0.972266793904651
0.954107559904641
0.867051548467761
1.16597721693082
1.09032622854445
0.937047537354661
1.08015246956635
1.07378961396963
0.893885134672533
0.926404525875481
1.12783887820668
1.14897490343245
0.983555986488984
0.98409963465466
1.1126236058289
1.0174400044453
