-0.995535791187005
-0.874251452420567
-0.887223083503322
-0.917922980987784
-0.773242031528681
-0.978573453761397
-0.992972916429454
-0.946942441483176
-0.953477064693403
-0.928325911174367
-0.854376275466759
-0.907145570631272
-0.904868525356563
-1.07423545623848
-0.932467367767691
-0.908771196927816
-1.03378852858028
-0.935793750250346
-0.858764116694466
-1.10437618114024
-0.94027063656656
-0.937657525063385
-0.791355821982666
-0.948050652242938
-0.906228037642929
-1.02155704509553
-0.915480340925113
-0.931514298074125
-0.922967198247398
-0.890966058298485
-0.976590781142574
-1.1384027358997
-1.00892047004969
-0.952774846809519
-0.96297942157606
-0.997952445749752
-0.908439715954111
-0.878030841985487
-1.08690855182488
-0.902913813853018
-0.965992800817347
-0.81928110655635
-0.868646864563748
-0.884829950236868
-0.817326901703104
-0.987904966956802
-0.957894010929307
-1.04992812909631
-0.906130144889605
-0.845423348854289
-0.915330631541573
-0.931295616672134
-1.03404465654395
-0.939937039152291
-0.68158502295105
-0.797534288555302
-0.99956289877171
-0.861807268043644
-0.895899026810063
-0.787053171944074
-0.795759039215412
-0.947862021178177
-0.694371147439785
-0.998989651642468
-0.987118857897399
-0.795879370813141
-0.771204502971472
-0.884366773925941
-0.867046120987635
-0.849780837937362
-0.819620219713823
-1.05902706828871
-0.938888609456038
-0.838178648078704
-0.899036435347611
-0.756850932910547
-1.01925094733334
-0.771356366751466
-0.800325234379598
-0.752000421154982
-0.800931676682789
-0.963735985178187
-0.73131965802652
-0.763630735215815
-0.884600685534104
-0.869674692564489
-0.668088644128762
-0.8197624817112
-0.791448168675901
-0.795037852106727
-0.949706321477679
-0.590868246379008
-0.780195720731564
-0.845642126971607
-0.708483967189195
-0.800448201296154
-0.857276933416427
-0.860087830642102
-0.869443046613254
-0.601402267196658
-0.871141198387003
-0.74202716064546
-0.719691646229062
-0.75329694768112
-0.973916472310281
-0.923858420127066
-0.789961417521518
-0.676256497800843
-0.713767695012848
-0.921746029755163
-0.599329576054476
-0.690902937038879
-0.771624467086222
-0.785347370950557
-0.808060524381623
-0.788911633456801
-0.755297837264035
-0.759394982235096
-0.814845418446144
-0.854709348072735
-0.715088315108253
-0.793120574769236
-0.772088490170749
-0.976963382209814
-0.776599246239093
-0.785088144693897
-0.755866716374778
-0.75880320696066
-0.650725692171151
-0.811475307409867
-0.754310055493939
-0.643525763581478
-0.95917859901445
-0.726045056333661
-0.731479773322968
-0.812342381540004
-0.537400302750913
-0.647182960998034
-0.816559915965769
-0.704044380596995
-0.795168024036183
-0.733357253460284
-0.733734362939803
-0.720875842404158
-0.731076330774766
-0.73495639922842
-0.491560338818508
-0.710451626250082
-0.750866330620554
-0.684996148715087
-0.652816432598811
-0.568463998910165
-0.709003348873062
-0.881035303291129
-0.632643500142311
-0.646604778466929
-0.595972036179388
-0.633845213887011
-0.790692334528194
-0.737377912392948
-0.795473849779211
-0.654052149518682
-0.578572216555987
-0.60202073848085
-0.673357037467377
-0.678306703576101
-0.702896710901076
-0.693883678766851
-0.613556127382885
-0.646505329247816
-0.522596699255667
-0.62967650235688
-0.604038394064358
-0.654620982373534
-0.620355554532236
-0.757352950650511
-0.506135131074273
-0.5989087612992
-0.687302448773788
-0.538677181680672
-0.686343472869632
-0.650318448728518
-0.64113999558098
-0.684906597362146
-0.574005115412969
-0.679677296845609
-0.742296976054458
-0.433422423180092
-0.527725399148398
-0.562114599079827
-0.618762229030284
-0.663644180815821
-0.630657372714582
-0.647359853480888
-0.544691445778111
-0.681386014782748
-0.687564079146326
-0.584579882502228
-0.63307367247198
-0.704247722315124
-0.660083603648275
-0.547246562700769
-0.625536750077872
-0.413274001145534
-0.660717665538836
-0.625785086114417
-0.555045349656128
-0.6707986077908
-0.572704765956192
-0.536586617503277
-0.471855656031253
-0.425542925903233
-0.444177713615444
-0.527604725777516
-0.568868800525478
-0.719253837717837
-0.483154239108664
-0.509938256986334
-0.462120238638506
-0.647932878991884
-0.708015940999813
-0.509596503611684
-0.613222873644105
-0.584126943571773
-0.542050303477413
-0.553233954905131
-0.517163030218508
-0.634599771297782
-0.615748409700627
-0.559716365796698
-0.388811156489101
-0.508345161068848
-0.384571734122532
-0.56297311079907
-0.518678426918573
-0.569070212599301
-0.383736256344373
-0.710334651972639
-0.671030914386587
-0.542727980832655
-0.590329721283092
-0.531335991569498
-0.500956123746798
-0.475893860493484
-0.489743221387034
-0.575159323844511
-0.380306283110945
-0.523274749067342
-0.464048811852446
-0.343676034115397
-0.593284708091449
-0.436232887152642
-0.458994511745669
-0.427055650012437
-0.592388524343607
-0.517436649935481
-0.554278251867074
-0.454251606183253
-0.650437390252537
-0.597665067560641
-0.416346104741453
-0.42139464199151
-0.55181055370041
-0.41357269909516
-0.427601982538867
-0.536726717184882
-0.532003001950601
-0.363775994434451
-0.67107850627714
-0.515397380400065
-0.500813403333558
-0.437712893336147
-0.417343643983575
-0.401427365213911
-0.3835059177675
-0.408982109260295
-0.509629062768505
-0.411450009489181
-0.517669742958064
-0.643221343418708
-0.395998991475325
-0.491197542942565
-0.435394000661194
-0.373377977933352
-0.473942247506021
-0.533720530250825
-0.460072354298558
-0.446302608030063
-0.456133058822813
-0.589081254503918
-0.367670817029801
-0.414303004427457
-0.489995684513381
-0.452643923003441
-0.466921109926679
-0.32782072019994
-0.583163529628149
-0.26028537674325
-0.379118696111025
-0.470741143912957
-0.41931194770937
-0.445829086037595
-0.547221175249823
-0.339508488092325
-0.405337658169597
-0.418028581846782
-0.312470889411707
-0.561268655671793
-0.389555221815863
-0.433411965926894
-0.378682638953412
-0.397466018049359
-0.464674476696605
-0.36969081760566
-0.371891064466036
-0.395788025899892
-0.414577566337093
-0.383088538976904
-0.372152275974834
-0.359622892682454
-0.385413710947994
-0.406783151969308
-0.317754738706963
-0.355052668639311
-0.375369382804975
-0.584760208700944
-0.346166741925669
-0.263001235730449
-0.381369375049904
-0.337726264185911
-0.377098021906613
-0.400796203292058
-0.399493751275046
-0.446765930049596
-0.453470450766367
-0.440179343581267
-0.316071858169911
-0.31655070938625
-0.405507431906342
-0.416389250030364
-0.304422114757325
-0.182656290896218
-0.545485571296362
-0.247062133441923
-0.303436792304283
-0.193857850065246
-0.154904302915963
-0.253944351404394
-0.310949352162755
-0.314412025314733
-0.358717441154653
-0.351573673997471
-0.352375348800231
-0.156489523945317
-0.389749620184343
-0.460870951378136
-0.340244504048556
-0.301268321173654
-0.347013780459377
-0.374239053141978
-0.13603100398375
-0.375560679118585
-0.361915562078493
-0.375802367798618
-0.183231835005003
-0.309711622966703
-0.265144755724117
-0.279392270430878
-0.348109108558769
-0.285957560755353
-0.126169640817173
-0.287367289112432
-0.23633555782722
-0.309288552639594
-0.36424330061753
-0.248800248233827
-0.297564375844714
-0.303753118640001
-0.20430048814822
-0.320802940760445
-0.219653685097069
-0.0556275756124883
-0.0966916022761124
-0.147602764168604
-0.307843800866793
-0.232200675768057
-0.186661629734289
-0.202540696588009
-0.0684107866829027
-0.248720327047762
-0.215428905993479
-0.280258665050168
-0.232150898375517
-0.21236352189715
-0.215661943147598
-0.231747417883475
-0.248830468641179
-0.246034363175758
-0.249405147132879
-0.0688024222021745
-0.30171327853269
-0.234886183064438
-0.192050695394774
-0.204567584258443
-0.212557300461263
-0.191485238872457
-0.132080326994492
-0.412195583111175
-0.226019830003241
-0.171060611097069
-0.139649048316549
-0.169929538808079
-0.227732316330323
-0.186005212536398
-0.157140281653717
-0.105745867904217
-0.244891538859652
-0.19703214536348
-0.135726902667053
-0.225041992652053
-0.208922678687082
-0.0494595300861376
-0.0969100161014267
-0.133026935709796
-0.123081096454089
-0.181339434028053
0.0406123008387608
-0.27784756158586
-0.195278840166175
-0.136017854092448
-0.110896262454821
-0.205700784343734
-0.14876912825596
0.0745221478396366
-0.0572737817110427
-0.196508019733709
-0.201614697259253
-0.145142897577369
-0.0532781439244648
-0.172043209378835
-0.167628101014329
-0.183497021156668
-0.027550732400717
-0.007025793617538
0.0149476573863295
-0.170607851061498
0.00844541807032115
0.0540199542997177
-0.0814131672679885
-0.168066234642381
-0.169206188425145
-0.1206011929255
-0.0311714422180802
-0.088084551797885
0.0831474286036511
-0.127372887885919
-0.141412700715464
0.00991069068407797
-0.0279796491370079
-0.0560175212532541
-0.0442844676880662
-0.143380515218646
-0.198429437225621
-0.0712902277327936
-0.151501636494048
-0.0555543844827278
-0.0732181248751273
-0.230290719104777
-0.0713720807626456
-0.180092618706579
-0.0231624883851014
-0.0303687462543836
-0.0385373712603684
-0.15044910319638
-0.042952393249504
0.0409704950022897
-0.105150081231995
-0.0234261272414422
0.0789523338158571
0.0169438818350575
-0.0623475364531044
0.038632514635674
-0.121751780362077
0.0327400598402402
-0.0441466681427903
0.126783119309106
-0.178525922297587
0.00979908338202743
-0.0655880291381645
-0.0531057338738578
0.0144556243604837
0.0539973291455798
-0.0681493852070249
0.0231074978708564
0.0397073435224997
-0.0982852188882403
0.133195374631943
-0.0605632111232204
0.0665772098903805
-0.0140614648366661
-0.0230219563842094
-0.0303478240964311
0.143372086525516
0.0671620467931487
0.0191591605376029
-0.202661297442209
-0.0338493560370934
0.0830263800646854
0.00262472354937164
-0.0591919423833396
0.0789794681348849
0.0729746201581568
0.0785578551494406
0.118103822628248
-0.0144704650926502
0.126651191104719
-0.0325617425114394
-0.0231985444056492
0.130389877138916
0.0996834403327614
-0.0423488904178652
0.0461287990126753
0.134208890514821
0.0839561355329505
0.0486688315641731
0.151253541606605
0.0118639302304984
-0.022396449566449
0.0162800728869791
0.0973543893851069
0.0637485117223466
0.147852179073146
0.223257753816633
0.247444036041904
-0.0992173839765387
0.166482929447773
-0.0473877022642074
-0.00150053056158897
0.124256484265579
0.195243541405558
0.0343126756593666
0.223842859712851
0.0117609097373585
0.0425160089745354
-0.0678345682043375
0.159446832222949
0.165698635753604
0.130458980096771
0.0442136110377218
0.0942019565456564
-0.055949444714058
-0.0120356523001589
0.0608767714946957
0.25095904323041
0.123645122682412
-0.024235902476454
0.231007006408825
0.0911588857147615
0.084396856985973
0.241681460705486
0.13970915892104
0.165307330045888
-0.0230219693399588
0.0229772074484757
0.0321468445454254
0.212730354332279
0.0832296521130058
0.207476543199177
0.0139730599856091
0.123266788882523
0.224233489615177
0.0800960384351224
0.0876734162752296
0.218815414560647
0.236871391168188
0.127454917024487
0.13834838778269
0.119475214999067
0.0966934753206522
0.200407346771293
0.22810753115405
0.219222848410274
0.0888527081552833
0.125327054010303
0.0970108364372958
0.105958032847582
0.173442503006167
0.290221321071207
0.220210273567516
0.189449554021967
0.0267951966552321
0.211265504101738
0.168824127361258
0.181590922848975
0.153065475891194
0.0685329910549694
0.220224221014021
0.212804667179442
0.321210335056302
0.295242074454728
0.256386781241633
0.165343377806282
0.155059465076124
0.153658423463736
0.153024439114376
0.304025060801278
0.183422275557682
0.292605204123977
0.325773016788567
0.372521828786592
0.144368395186134
0.202960913180432
0.255598761818618
0.232539423922358
0.113885936513351
0.252842284957429
0.196712782301146
0.0694228400783477
0.279043736117866
0.143599041665329
0.157984501276547
0.244854057399733
0.254448314922377
0.308410731198163
0.417037684955834
0.115972735541561
0.29879637721423
0.283720067610882
0.195736975696902
0.109603918434243
0.209014045697584
0.248875299841173
0.235055066949248
0.32322708564307
0.215105591884817
0.272983264209443
0.397182617317048
0.278812341906099
0.141263942606735
0.183970960811415
0.190567707037161
0.316074084404545
0.24389130158427
0.348829093671021
0.215177670035106
0.294450019480645
0.280164418305086
0.12695321975572
0.263099674333577
0.303424988663758
0.357919555107174
0.142132853126459
0.291557599334816
0.244563692416961
0.450262193940048
0.342079559815767
0.380133439523559
0.520764820189602
0.334225915818107
0.312155426268224
0.236708021796694
0.351163786946728
0.439444960708044
0.296730115764636
0.1694552062136
0.388227115379443
0.396309690817788
0.35359777393492
0.309651874473152
0.214651088992694
0.255867475771555
0.368427665353743
0.340589208153213
0.267442621101397
0.325603931058337
0.500003051363444
0.472992972191935
0.261405294300365
0.279286327533999
0.313472009543132
0.256524350055817
0.365931842669674
0.262131756863615
0.451100457107888
0.375532058188477
0.327587165951054
0.425538682565985
0.421535009972233
0.421172283959942
0.463842379755281
0.524477689018022
0.435697574846474
0.285520009245156
0.371476420484285
0.38212315959525
0.423183204563045
0.361342040191063
0.228129460618361
0.307604443468959
0.415860661951459
0.38567420153229
0.434118203790178
0.454754857905728
0.465948444623019
0.339328873695045
0.458467588904676
0.250523812054128
0.433263924976154
0.380962117502244
0.600203421413296
0.558653154849586
0.386515038009306
0.287743272570456
0.358865591289168
0.475399388697176
0.428352491437972
0.400960285711914
0.405464808926787
0.494840410470465
0.57967300865857
0.476028492995224
0.518918758971906
0.437470816086661
0.26662198576658
0.538033554690633
0.542742418304096
0.462180428335648
0.431820034365993
0.304484523471958
0.304337224188325
0.366950684395412
0.497793338436282
0.43238385441095
0.455437049586338
0.33362061907141
0.370883192390535
0.467481891337011
0.558398183881128
0.516398525314136
0.316073777488171
0.497604854673021
0.387455821903287
0.370516736913022
0.364687650172333
0.52319482167149
0.582732847161022
0.287566693520118
0.378761501056773
0.541194488419888
0.558252451731412
0.473376976627003
0.509268156024881
0.41038396623559
0.464543216629236
0.600722290299485
0.390297800301345
0.659726745083708
0.521287171016982
0.364333761339738
0.430666056328895
0.620729541555546
0.574309416588489
0.52978957827506
0.47786777422414
0.494980562533778
0.585314042691591
0.546007394853322
0.62181661237559
0.592111750039499
0.602336169844473
0.467936413816192
0.523591645368675
0.507248951430582
0.495899826673999
0.772906635328888
0.61643607513391
0.500150447044588
0.388675013155571
0.53360627830271
0.653933653750287
0.527236012001504
0.643995751498477
0.469015863775621
0.580415567445504
0.735418951033678
0.610690158969769
0.607359844521985
0.665729285197056
0.611827544899586
0.555779559955715
0.770675978106569
0.492349557547713
0.637299357496505
0.543094510353004
0.57301458457489
0.547684543288172
0.653198744302384
0.65435849308672
0.600840176062841
0.546592593412627
0.592676230054597
0.501465293325797
0.585249986840823
0.71272439992762
0.616120635173712
0.611164165905515
0.569856368596267
0.521983393867612
0.665964270720965
0.574830555575025
0.793350497645776
0.635416003551251
0.50348393220817
0.615352424139643
0.587133873026349
0.717457850912278
0.574222443890358
0.70188180117906
0.652490530690518
0.770970422363075
0.653941829089323
0.726451036322935
0.653269916853147
0.716025738595334
0.637735299466842
0.555646229646047
0.758189567644567
0.59569770621216
0.666471783938184
0.791840156117903
0.745742397171293
0.719564098737218
0.709530593552653
0.636851801434816
0.520296392246182
0.722302043015175
0.592776625363053
0.594440229212886
0.813255759718995
0.684272850764529
0.541596713589192
0.545906712805867
0.787894396728708
0.532563641329759
0.692921416443434
0.623619948156229
0.845662592609662
0.723909998636172
0.689563830841994
0.726163682760733
0.700752177753148
0.763360983400905
0.831409587571874
0.641762411455535
0.739597753801876
0.83981632080557
0.871511126491908
0.716381969788806
0.80440897288225
0.803532476390891
0.666577107220776
0.816790731057613
0.705814723022349
0.681047930384107
0.708008588356475
0.809256950666131
0.811885627859766
0.66478808938177
0.771626785579651
0.727516776576601
0.69848798376268
0.694225783077381
0.6908493635014
0.856731024892568
0.825793495176489
0.716909061114577
0.757288723783796
0.804797184338609
0.713438153370573
0.790014374885816
0.8157855327583
0.763174832009764
0.875054654590169
0.820098076019547
0.877113572744573
0.85695595483565
0.664673173388741
0.805934676895513
0.79755715859406
0.724451861138071
0.898459030326045
0.732773134029769
0.882301204656425
0.865164557581196
0.946410449340231
0.877782766142877
0.867931959265853
0.738049202628246
0.733994281969001
0.741099867703132
0.865701074412624
0.865067970050034
0.710151293273646
0.893565076711715
0.763822635027091
0.949675616067747
0.900479427715684
0.685123798479607
0.899252324970214
0.740738944083408
0.678319625525386
0.726939021277174
0.774743025007264
0.973615499349639
0.964258090081149
0.911458102472524
0.79007124354266
0.801482057979576
0.741833202943759
0.983972419638335
0.819646331705842
0.871814373372274
0.822958908223173
0.850015120643829
0.773793965601231
0.860763418665133
0.843482615577538
0.826468520944551
0.813512939288714
0.983847090059722
0.732234124769847
0.98710591000422
0.879380716863878
0.832466615247865
0.799734011623986
0.711762594792182
0.719514060918467
0.908631263869976
0.892011496801237
0.88632768701885
0.997767115163559
0.857767953812222
0.898932053218029
0.947604194961968
0.862419411646755
0.763247114093376
0.906740689172389
0.885268636123374
0.932321264453476
0.978800978717768
0.98278267389685
1.06876808894903
0.965415468057327
0.961865278748623
0.860027684068667
0.975293817005723
0.983685422800185
0.90419879012145
1.03411033410579
0.833660870507999
1.15433896153435
0.986071141895234
0.774671989017037
0.985659682293399
0.884104183437768
0.749956283298652
0.895978923731257
0.955402856700423
0.893982609259894
0.822251355902393
1.01411408830668
0.987014347444121
1.0153471118519
0.948615815855359
1.10425368057786
0.793714156575794
0.987467374893493
0.907587935262737
0.84271622723763
0.868815477771683
1.08761115430387
0.895812398161254
0.961569943472436
1.0027898292521
0.908353246857629
0.9434082316226
1.06883572956668
0.946245419461526
0.948446297070278
0.926336147165589
0.978494253695262
1.07374158693629
0.992921963630374
1.05820359515664
0.912679369941081
0.970512162208565
1.04666562769116
0.998879214495954
1.03946158514263
1.01929375798567
