-1.04043342255688
-0.967348136893921
-0.887270973543052
-0.941355935628986
-1.08669139220087
-0.884298774609498
-0.916089015961912
-1.06988904425921
-1.04933278704479
-0.898818254501748
-0.832445973239435
-1.12201392792913
-1.01361704026187
-1.03878665139875
-0.869361090479307
-0.968905450761512
-1.18379172520657
-0.957682205634622
-0.941207710660205
-0.825145993176747
-1.00843454917631
-0.879669193719405
-0.922300234900812
-1.03279106580558
-1.04998885510098
-1.11137763297271
-0.932427380810001
-1.14139995002251
-0.937795783433296
-0.842973712270536
-0.998020087523359
-1.07872069734191
-1.01522786519074
-0.857285156383251
-0.948464337951887
-0.984808096577301
-1.07006066189139
-0.88405013811729
-0.917230394333314
-0.946818983177584
-0.890444226956525
-0.867404218201141
-0.817349604976971
-0.871480815848778
-0.941326841501586
-0.948414525773265
-0.974956273029331
-0.898112875064952
-1.02784046789755
-1.04827430554726
-0.998708850412898
-0.885350486437959
-0.892223746108505
-0.869645224667449
-0.927741161350315
-0.880185364688337
-0.856647941906497
-0.996913031124064
-0.785098753038097
-0.928971537601378
-1.07177327423603
-1.00175096725858
-0.724666203556687
-0.84613246063246
-0.743817220639826
-0.792477905731651
-0.761057972939769
-0.744530001977551
-0.85293953873338
-0.953404491621333
-0.928133720316774
-0.886102151036532
-0.856743886631629
-0.867870396378131
-0.863979750430013
-1.03590465115312
-0.760278892405808
-0.832769083335404
-0.983722030812761
-0.70648026368696
-0.869890562033987
-0.799091806032411
-0.748000422089743
-0.789917665768835
-0.838694826420701
-0.864562772211442
-0.819837039457725
-0.82774372716701
-0.863930289355628
-0.809356141399516
-0.87462920397663
-0.843846596172431
-0.741282738832755
-0.748495665311764
-0.75994033228688
-0.830452031824659
-0.849758103476376
-0.743987946887559
-0.789262123275224
-0.887273631920846
-0.937024686039534
-0.751676916123171
-0.826230992326141
-0.942059937277103
-0.7739635373707
-0.841046432828465
-0.809241323532116
-0.746869995864802
-0.802004064613378
-0.883162579967223
-0.74000539927133
-0.715241144657343
-0.765253437162958
-0.755664323384195
-0.751122544060519
-0.681904414356302
-0.712230771209125
-0.826817464416625
-0.858779308803526
-0.774676041172166
-0.736680501036678
-0.665141640630822
-0.789745466239387
-0.677413885817647
-0.749334142634166
-0.585552354229325
-0.582663747947773
-0.787375154739484
-0.727687388833434
-0.773925872589897
-0.695384135354934
-0.687568130405614
-0.809320140416584
-0.762204310400652
-0.660506932294256
-0.82433870626618
-0.812109408465552
-0.821873174706425
-0.732849435510805
-0.664272956658793
-0.751910759712987
-0.852921687098716
-0.764767257056848
-0.803266196335564
-0.744784605836882
-0.796304570122621
-0.698838961565876
-0.662304103966091
-0.504326651989089
-0.723896725732044
-0.702907649740534
-0.69255490017409
-0.703149743827199
-0.632618073274887
-0.606269044464482
-0.624108821509635
-0.724997230917017
-0.745029898515904
-0.682846714374808
-0.748751512959698
-0.872022885955547
-0.527631233678372
-0.72428724179244
-0.755095596642273
-0.723343833113896
-0.64690980723122
-0.709516250413893
-0.656174910742696
-0.71818787318611
-0.666761245898082
-0.673687800084383
-0.594415376428477
-0.605037617816691
-0.644044963035549
-0.684467506575105
-0.546400660139028
-0.870154835117693
-0.702964503736754
-0.718124782501733
-0.679442853316696
-0.67986717473303
-0.648294853317024
-0.640646657008759
-0.683870878290258
-0.53789004326708
-0.73574253524499
-0.573514358592471
-0.470342966078162
-0.612497619673721
-0.574810887455674
-0.544939017911658
-0.663458944767241
-0.617071760412502
-0.635136384043343
-0.637957902851647
-0.687585403434295
-0.662456556633166
-0.659178804178719
-0.56400673524891
-0.578107165679754
-0.663991059960163
-0.619811308705334
-0.688844782966296
-0.544520772424498
-0.587995808232765
-0.630810187674042
-0.560324392923468
-0.650436223115859
-0.744337893957884
-0.724023686250675
-0.63695037352878
-0.659123599135212
-0.651605495731659
-0.45524874845212
-0.474223392255467
-0.653215665548185
-0.456208599639412
-0.614063069085583
-0.428121418390308
-0.713698828192465
-0.655850730192426
-0.550460818899768
-0.597519307611528
-0.457116380354977
-0.490647804906316
-0.613626787554503
-0.590290336123836
-0.498154106809891
-0.36380201201515
-0.57207244870615
-0.426718901669982
-0.491696133787461
-0.677203729976838
-0.426073465366617
-0.435306801299831
-0.546843351217376
-0.335962548476422
-0.728263385298894
-0.574415495003923
-0.633673889008848
-0.576315787124724
-0.482606443221164
-0.586502478916231
-0.386709867140679
-0.557111236597725
-0.517494531383796
-0.567639271372098
-0.473333872434675
-0.669239469815305
-0.661867258311753
-0.534530250602307
-0.502188712478448
-0.626262786387706
-0.44459755595239
-0.466732744570279
-0.525974390828391
-0.629511796104944
-0.432738754120394
-0.482164335664061
-0.479769766147948
-0.581344669269778
-0.457577014864987
-0.285502528261121
-0.658127329079777
-0.460010603401387
-0.562634138830933
-0.412906692344828
-0.509110560315542
-0.471744424587194
-0.534050877297366
-0.461071315284893
-0.302878272744468
-0.599284046856184
-0.547144198509796
-0.473085816060447
-0.568871438428534
-0.429866830352405
-0.553233282595947
-0.496749296372775
-0.487921796324887
-0.627386675904312
-0.531528763196668
-0.342921367186265
-0.474931805740131
-0.377520673239874
-0.433395023909301
-0.294149840115997
-0.621079920388044
-0.509471241523827
-0.406032656115048
-0.392586244897259
-0.49151669298427
-0.259952280106406
-0.3657289132248
-0.241950725104255
-0.43004270793272
-0.414254277781211
-0.473129385530768
-0.522440230512677
-0.333223336292434
-0.457387576635162
-0.281924315700438
-0.338035944716453
-0.430568662817942
-0.481029012264956
-0.332959584279274
-0.222955969127679
-0.382696451261575
-0.4461753313718
-0.449080695349605
-0.402370719590267
-0.3518156362904
-0.289483879469503
-0.401877475920403
-0.463885163377472
-0.288499412898931
-0.386512865146206
-0.360999182529867
-0.459814183269962
-0.336145104680494
-0.35453287519811
-0.417995217670304
-0.39358683971139
-0.453208721276983
-0.305933590897053
-0.319164187389685
-0.370373897019249
-0.494287771122472
-0.353867267900651
-0.170320820558664
-0.288287604222221
-0.22798252157165
-0.443496591091516
-0.291957934510758
-0.0381232210098616
-0.347716385282817
-0.341845698666265
-0.410163495504052
-0.302243874163473
-0.345124043611524
-0.304335399863407
-0.315033523314468
-0.127562118899356
-0.311706740861696
-0.179889925743371
-0.342222585975928
-0.38050674731734
-0.261560337674743
-0.298487601617795
-0.256919240584032
-0.29067232094696
-0.288084352800861
-0.282201096064131
-0.368601568009482
-0.178608348096589
-0.235906707974851
-0.322005327367856
-0.38289451227206
-0.376165832867562
-0.324624106871367
-0.311352004214203
-0.357879351654419
-0.447419136296515
-0.1537964857134
-0.26299600996785
-0.257355487040401
-0.234016977943652
-0.275388229371954
-0.208316820719471
-0.286241323072469
-0.159827803235142
-0.225834660598028
-0.272585109595791
-0.238176197111239
-0.222610796935489
-0.188767768847988
-0.284150985207399
-0.344479653493355
-0.17377813907823
-0.224660281845777
-0.327196023163224
-0.324735316425263
-0.118653817641295
-0.203755393738421
-0.139713276449925
-0.22026197933808
-0.1705334437934
-0.196012671625041
-0.27014549755242
-0.337268333336003
-0.250853675409066
-0.271032386465372
-0.225687090376179
-0.141173063256805
-0.181209072867319
-0.155763097261008
-0.288906981023518
-0.307008806962545
-0.161299257898963
-0.295618953208784
-0.107340900725519
-0.212618120096002
-0.273937624783864
-0.1901445934752
-0.145007874503026
-0.204761587396669
-0.227852599862192
-0.246138961061678
-0.286012568861204
-0.172681637160187
-0.388650913491067
-0.0641088582303226
-0.192695669794742
-0.272255566814147
-0.157859885392172
-0.00916237213348582
-0.25134174742082
-0.140096185652286
-0.178663000836509
-0.224515063288685
-0.414763587614626
0.00879120225069706
-0.256735113047642
-0.186138259376394
-0.177897508913832
-0.139287277139647
-0.0813038158438529
-0.313301337871525
-0.167210171164179
-0.134331570352624
-0.107744954584798
-0.24344308338028
-0.130176730174286
0.0206973171828242
-0.23395802786245
-0.191827214850479
-0.289500012164432
-0.113066722776796
-0.158995588660213
-0.143745745507027
-0.0683381630015207
-0.153239911657723
-0.138138057301458
-0.0379978638487976
-0.120939389513743
0.012638480647378
-0.0739187865650362
-0.0335320083209109
-0.141435161548056
-0.145296016626028
-0.270919272688151
-0.133239821961095
-0.10561545404673
-0.113449232190603
-0.0562345366897071
-0.084833228655754
-0.0518277830960763
-0.0504719371656916
-0.0929207177977441
-0.0843442397542774
-0.0810705719560845
0.141803127980317
-0.175219584278907
-0.140482708431337
-0.0647417475150107
-0.0784475804385263
-0.054954359183008
0.0378315320515512
-0.138279584451858
-0.0525045486009334
0.0336637567729189
-0.238462800114575
0.0668732724642326
-0.0532937734080869
-0.0398767335150431
-0.0757667877346424
-0.129602426755956
-0.00506382234304023
-0.210994667746951
0.135323479722414
0.0605121618306256
-0.167418387577227
-0.0796987737603343
0.0494066838781356
-0.103195122068058
0.0398964373482451
0.00821065011631124
-0.163411911100467
-0.0437517649537555
-0.033240088244841
-0.0406487582824573
0.0638482089480944
-0.0946847698232494
0.0561173186099084
0.0351369306936231
-0.209949136965027
0.031282103312205
-0.0710937819918421
0.0394794183153474
0.045382106617964
0.0517024318257462
0.128892861182545
0.0595412283758298
-0.0172792620425055
0.0300992738517339
-0.0410936405626523
-0.0309425636251057
0.0465931975084354
-0.0463505700571677
-0.030579017529181
-0.0364649146669976
0.0136453117101924
0.093870274843034
0.0221242589981472
-0.00451698252740799
-0.0187108063701965
0.194311032203688
0.034707628524997
-0.0254083090788293
0.0172241598351895
-0.113602217902451
0.0427686955820283
0.0172006536520765
0.031532878887931
-0.00215489409066103
0.102634773177007
0.269135790471926
0.0590023590289774
0.0912268024965116
0.0165638766833936
0.239110409772916
0.102120393786657
0.0797771801767417
0.153825287122392
0.0790648623741137
0.0811798643391704
0.125146643753193
0.0991700524840274
0.0193969100760255
-0.0680064577362271
-0.00361473799258186
0.068582554117459
0.0968250877959018
0.141795547756334
0.101973840153265
0.0598610629576583
0.178037412718512
-0.0416866491036234
0.0587615406548582
-0.120269153147026
0.237913521964953
0.119610287368428
-0.00380761306752265
0.17415590163194
0.195004513017973
-0.0689945889867458
-0.0265200925523582
0.0912140694911899
0.0604641493330088
0.154824510976764
0.100318026552485
0.206781713968191
0.0555970321365784
0.0544397138036153
0.00182516541364504
0.123798879032974
0.102271006467903
0.163450658379585
0.15323604480514
0.201243677202629
0.084043811244239
0.210332947987784
0.240322221601021
0.296486810276192
0.148371407899803
0.0213850754786644
0.253202415605546
0.263353573881347
0.092908207131228
0.153169896264922
0.295877520129332
-0.0597428219543864
0.045623134420053
0.194245112564877
0.105117325789121
0.184008796994403
0.0897248033228434
0.0257474490256553
0.160918264731932
0.222845753148336
0.119804931720887
0.230627259072505
0.0722242871834277
0.179335907154426
0.126252240596734
0.322051819405803
0.284215211113195
0.344256278399459
0.101561400372304
0.13429086034271
0.128857507600589
0.160884461970708
0.114770188571876
0.255830399428563
0.144559707937128
0.363670842521366
0.198147660046447
0.283015882818095
0.245544297294953
0.242600470437133
0.263634231585249
0.407714668693598
0.0339581820675422
0.194316227699301
0.33208811615694
0.350381177441848
0.128410353667516
0.0908953174177995
0.32705752470245
0.291065972407491
0.199925581906804
0.163813060920119
0.375553678069479
0.278100474427094
0.138259176141409
0.278977076680721
0.31942169142889
0.217741093028814
0.219091584314782
0.172464038387816
0.433948625057431
0.239027596850226
0.154292414937115
0.34929936403288
0.312396934660644
0.274175895486809
0.278272325110084
0.219719231039177
0.191736704467792
0.302399774360127
0.220312628007775
0.166963432869526
0.145535559786325
0.236524252306643
0.293144575851687
0.450419814703554
0.369890311142072
0.210424394612276
0.32239835502036
0.193300779490575
0.265212940600219
0.330712758186529
0.328069473253015
0.273260272896497
0.154331995684109
0.386788854421178
0.396362295669686
0.307864745667334
0.342780243992527
0.276416227352197
0.268956087505839
0.300936676120131
0.344637047359036
0.372738774615152
0.167828749180059
0.387247204851151
0.248385112094762
0.347518272320193
0.200914209975331
0.280239557256304
0.260157319532657
0.429462892852887
0.402494767619932
0.239636956201241
0.3768643752863
0.294174116558666
0.436018786231397
0.357344152977063
0.515779473257727
0.420740261442498
0.299747429217465
0.264692216147334
0.321968348902256
0.485114883734387
0.452249360637471
0.368748404072162
0.162907838548096
0.472328828461833
0.298618452848625
0.384302991460542
0.301550885921631
0.431720619190034
0.29288241798308
0.410375680333099
0.35074993176743
0.415484083243769
0.405929310288371
0.485805154506953
0.507075461852051
0.335003894522819
0.428303013241102
0.504910215002992
0.420031338010092
0.452756438900952
0.455400493868152
0.545226267824376
0.362986395324455
0.325486252978704
0.352795234134386
0.420171054394448
0.436609448735582
0.420448102031514
0.40626308092891
0.431349322945758
0.301513081378613
0.408341041738718
0.448612615034117
0.400025017088719
0.345730577360251
0.523114607614551
0.447353292261718
0.355555597702772
0.470233606413871
0.548658152589752
0.47795174847709
0.360317368509946
0.472462317930257
0.458910652416064
0.592673152136862
0.559334527628224
0.462240997195311
0.394669718230592
0.470757688022283
0.4043428831204
0.346296691678577
0.461062996898163
0.432539096164156
0.650830046887464
0.257726459384209
0.402527526433341
0.5170037624259
0.388343103627787
0.375251151992874
0.447697832774686
0.437249115407437
0.406770385538406
0.629300494299904
0.530819377842746
0.424559134038849
0.543938432639858
0.50323692236903
0.403465215753856
0.62041617199719
0.469063364113422
0.406637013091052
0.664343908142024
0.606227893903001
0.544134509176611
0.459656873734906
0.537369336902944
0.58523695148314
0.536153148461436
0.472722752400164
0.611715469139784
0.452821879024396
0.366026728704988
0.560922570226609
0.497078171547131
0.451718509420149
0.645923403879592
0.393947210040499
0.563026265302144
0.502326014016701
0.584278676085828
0.530158888601444
0.514425859722812
0.489349648132625
0.353415799406251
0.602733648366373
0.686448504788757
0.624556380812147
0.55917184367139
0.655102437373418
0.527780568724299
0.56236896042524
0.590467519550456
0.505659764822855
0.553324048846181
0.607511371253714
0.749390285218241
0.638514221914467
0.624959272042705
0.613258850005015
0.536254183655138
0.777687356952946
0.56308222424776
0.512151965880874
0.36203517695256
0.60361773359676
0.640378442134864
0.54871003163698
0.578480179498219
0.574119233548145
0.590165123348138
0.681629488589805
0.602470955238052
0.53430104129098
0.693985789244011
0.672465526953364
0.427373601811466
0.729148492526098
0.722553790249937
0.642973542607874
0.462105340950342
0.676438746245251
0.703075319060388
0.445299618476549
0.505267993734261
0.5488763305671
0.778970534178479
0.791852977763658
0.682849274986518
0.656728373052719
0.515088902983845
0.679567927110618
0.580973131527278
0.688333003667544
0.514916385243154
0.699481054426694
0.618312838529616
0.613090896539198
0.818522502156778
0.830381840217415
0.740607716561403
0.720825282949927
0.554581367983368
0.69638567584906
0.727727669140983
0.682197179891915
0.61374082224093
0.523111110444092
0.592958310002119
0.787739118476092
0.703211354159921
0.622419950112258
0.655859819050223
0.660828751277198
0.72451056462246
0.588331443296411
0.742915542418791
0.702848843868535
0.79923571092909
0.655028919977904
0.724575877531539
0.761576258678567
0.837532836008864
0.651132761507361
0.803346557499691
0.621835206091382
0.769392829205874
0.792277219233929
0.707452483778191
0.659006149612395
0.708042118462436
0.775614873426467
0.705792975438118
0.78202564949239
0.61626007786456
0.84823417977468
0.70706236425098
0.688626412956022
0.735828015189523
0.597286572571209
0.784547982614392
0.563177247139061
0.691542014345279
0.892359205650695
0.68757913963649
0.770959664450076
0.653750687729913
0.783307760748553
0.701497427889756
0.715122507033686
0.794764872392099
0.7953156045958
0.793868236433281
0.614782118250903
0.809903922395876
0.816547207581901
0.678619170931261
0.691736068023625
0.793350003047158
0.824897073202754
0.856476296031812
0.708261306787814
0.886917477484185
0.811544213163257
0.881543117769161
0.571716478965567
0.780173711741459
0.877418854630559
0.684332943514668
0.771572082571075
0.735797052603185
0.902882976973423
0.813724693860119
0.762251166414388
0.864216384401012
0.826423281065331
0.771798183834039
0.767734803395251
0.89364278074457
0.817130070790574
0.877785312234036
0.858288480962217
0.823887439398714
0.83720313459977
0.927870108423751
0.761456394367911
0.777736978948696
0.767657043976054
0.74221271417197
1.00241410799971
0.907555496259242
0.842916934946489
0.926471583376865
0.965864095132366
0.765144447926359
0.834924988153455
0.900711304619568
0.923825801227667
0.75048149089931
0.870319601772967
0.983182227020697
1.00174488374675
0.779021147306598
0.870043916699715
0.934288494065145
0.935995367126456
0.88696070333793
0.906655739744194
0.788949076528476
0.955534915163785
0.962736899578882
0.921267544387773
0.838445514943254
0.776476842492818
1.00705159445152
0.842125933350649
0.802969406548803
0.999067179409334
0.776956557180858
0.833611246791813
0.923086171130342
1.09280823802731
0.954720319465589
0.953873323767679
1.01523767994197
0.919550618500595
0.903897107464551
0.926858846286648
0.868962586454672
0.971463324568892
1.04650422215237
0.951215691744185
0.870311353852341
0.981684946255821
0.938683003930092
0.928155573012012
0.916907832130128
0.866518578885625
0.91484853927311
0.879348545504197
1.13480512580859
1.01805103475823
0.873658909109728
0.946214434126983
0.956062459194731
0.910012166651095
1.02165496789738
0.896064586962809
0.921130185212922
1.06903555040647
0.963934277594211
0.950586171610969
0.952858254227311
0.891611070411326
1.03413292205044
0.966211933391038
0.978103964455242
0.895061575876542
1.01362834883296
1.02472333288822
0.956725069009809
0.993866802595169
0.916378419840982
1.03439041594463
0.889093207393323
1.06292320851081
0.824379847508502
