-1.10964960847099
-1.08380514573707
-1.0154656174755
-1.06779559675809
-0.97698220206592
-1.18632540541119
-1.04910194789122
-0.917600736934349
-1.03048954383035
-0.851487118571068
-0.90776801964301
-1.09734926670674
-1.01062091558944
-1.10722987112953
-0.949571308008115
-1.07820052308043
-1.01160815817295
-0.857682987843992
-0.928159765568397
-0.891017547192162
-0.916098906329056
-0.89540499951754
-1.01332518717983
-1.0249200027702
-0.985732318229334
-1.04403595421361
-0.876051788747549
-0.884304929797058
-0.828859984709324
-0.883644826397598
-0.85412996855431
-0.994586073435495
-1.00549875106145
-0.822300480311581
-0.92157336907842
-0.93433688619224
-0.915429430657113
-1.00811438246277
-0.835082579389715
-0.954027711926194
-0.964402016154406
-0.927483893803527
-0.940463954406951
-1.09604605055983
-0.726655010129543
-1.00861109044727
-0.882837055332411
-0.897969503678941
-0.906657771015898
-1.03684205650419
-0.713406860506033
-0.906940386633537
-0.877899429060393
-0.889794711010425
-0.891387945684902
-0.842729690893278
-0.930029361591811
-0.716457114592664
-1.00425959392177
-0.830034342394816
-0.923333021687333
-0.807482159055518
-0.839866007484895
-0.881793196991964
-0.725357176439244
-0.859732398617741
-0.929530295946785
-0.808159759608677
-0.79656254282151
-0.789482440112955
-0.835531603152756
-0.831018939128059
-0.921019382389535
-0.812212565373764
-0.858588456375768
-0.851116385928659
-0.885308010075425
-0.732271384802162
-0.888440390436728
-0.876752653676331
-0.941864912662832
-0.919380487191571
-0.864838001506864
-0.884738235830991
-0.689434470529346
-0.954744135771298
-0.811310582866055
-0.848044486477587
-0.936443421804026
-0.788679709479754
-0.861780898380453
-0.907319701066654
-0.93129605250962
-0.639049821393381
-0.802464641408553
-0.871012912247662
-0.731917204114989
-0.814463158090618
-0.870624112257654
-0.793670918666383
-0.927050941329786
-0.788961124008437
-0.751722430074107
-0.908624579823232
-0.756848218268136
-0.861901343765721
-0.860664890496267
-0.791462792633358
-0.762066398783211
-0.779060423096043
-0.744516147209612
-0.743633873781333
-0.668549078530547
-0.818922054148926
-0.707607571432264
-0.781295563429062
-0.813720667772104
-0.702597110499201
-0.651727050001406
-0.765475305153912
-0.717575409054553
-0.904366503982228
-0.676365421392119
-0.696883448831518
-0.68053429685119
-0.844112327126509
-0.786253926075114
-0.715410978058039
-0.81327932452348
-0.781792788124591
-0.660892506360613
-0.830095089497358
-0.725630698935463
-0.627834522821497
-0.723935347698404
-0.72425924622996
-0.76252034529033
-0.856228087643768
-0.757607858668243
-0.843874188716495
-0.827050341389826
-0.621185074104182
-0.628248266267227
-0.761810064484028
-0.619937703144991
-0.676095176007279
-0.532145607625878
-0.433154394544164
-0.66967575032735
-0.669817381632412
-0.625172175765534
-0.64344927478065
-0.742616057699954
-0.49819865691165
-0.593012315375578
-0.535890494838209
-0.672165145388815
-0.463327235243288
-0.770547065588189
-0.756795044802753
-0.586804577980541
-0.59970954186348
-0.592365371860905
-0.606432813598046
-0.697301002762094
-0.683527247780047
-0.742965852831973
-0.691230738429688
-0.648005837053314
-0.619494391208498
-0.551084391011598
-0.645940241288822
-0.624863350712786
-0.620505919777069
-0.590791606530551
-0.699225400363005
-0.683661301930399
-0.63619059945761
-0.526967037673119
-0.693241408552528
-0.642859300522758
-0.502437420208076
-0.675931915878925
-0.639459652516526
-0.507345242180811
-0.481471470868917
-0.697008265114261
-0.710771436361174
-0.58850502248341
-0.662214311050751
-0.639764317723872
-0.548950300396696
-0.628190318264614
-0.72008449425555
-0.64782298703608
-0.666441015075279
-0.611973705275055
-0.820041660917568
-0.546711933725976
-0.574297967568651
-0.471924848836263
-0.660099468821606
-0.472825348493391
-0.586922006945005
-0.664291280097285
-0.564884801784258
-0.601421453936284
-0.53369243502315
-0.605024481345641
-0.495448976246756
-0.522747059588721
-0.572055808643487
-0.636929813120885
-0.412439559601556
-0.431559130393979
-0.649426348679176
-0.645455947508233
-0.705104899503758
-0.546888562770446
-0.511093073646047
-0.574502526737506
-0.428478389791033
-0.454277309268145
-0.681092917896739
-0.449857550518888
-0.724091143373394
-0.424617549744582
-0.580407505110218
-0.62321855238092
-0.521285012849654
-0.440141067883721
-0.586324761210768
-0.550353489651491
-0.657659472090235
-0.653268849995669
-0.60172242335999
-0.480281160435212
-0.477475862244617
-0.560626073424073
-0.343275046764396
-0.452144373213899
-0.601835612854669
-0.448424608943727
-0.456067604932395
-0.53750116745833
-0.547984671844128
-0.481477731623825
-0.491856435283204
-0.390587035785975
-0.538654676599119
-0.418801481295876
-0.461420816774164
-0.496719733622517
-0.617650583714601
-0.63602241322613
-0.509599160685799
-0.521518481613593
-0.444397476476161
-0.439035404790231
-0.533597550332483
-0.446141748720868
-0.548494351645895
-0.466409506386344
-0.524170407788768
-0.461830823949579
-0.337343744300295
-0.570326414241784
-0.421369515925106
-0.592380132085392
-0.618375431981698
-0.315681195779581
-0.455322732334925
-0.475843828371096
-0.425655301453589
-0.393937117634975
-0.461305241118083
-0.496629626254294
-0.394816530373483
-0.517401827691782
-0.396088750131802
-0.516007711531626
-0.406897492709339
-0.333688441060663
-0.501024401654554
-0.36217982081998
-0.47365534163673
-0.41522100943677
-0.379311106084765
-0.484833141090387
-0.34783328259209
-0.435130675477691
-0.358172078809771
-0.434857278762765
-0.414933140783095
-0.539702824558953
-0.611848798772148
-0.526455693647476
-0.401399235964858
-0.306945879893019
-0.457542352195952
-0.431592940235315
-0.469205463879754
-0.323024779195325
-0.368638431897369
-0.401951964501038
-0.366932861618187
-0.464460602808645
-0.41329189169597
-0.309015581045147
-0.329032781727511
-0.331251973546013
-0.44024961235606
-0.452550496476698
-0.395590861740769
-0.310502345486751
-0.39188669259912
-0.223056695691416
-0.331303284101345
-0.239162131907335
-0.33164494640256
-0.322119750715078
-0.249507803828161
-0.392730837579211
-0.159497206046504
-0.296987619739564
-0.395372540821314
-0.335034693373774
-0.24579513479479
-0.24509692298258
-0.328335757838085
-0.225749962230428
-0.344138665429992
-0.270116279717991
-0.323377361239555
-0.342672607215241
-0.473321744419741
-0.327309649820014
-0.205817594669186
-0.393172262326274
-0.446096099885965
-0.234462082801803
-0.425196971779364
-0.276505408187207
-0.310074964500649
-0.314624258951403
-0.364964264758695
-0.222315922825769
-0.265287888882594
-0.289440918285707
-0.419938316398165
-0.253429550837232
-0.27343740705533
-0.353836466870514
-0.380243335548161
-0.473904534274645
-0.16073245720412
-0.270217649110887
-0.30268264877723
-0.169837150407949
-0.286670430171706
-0.159440124076025
-0.281896862485615
-0.132731940805419
-0.306403827974139
-0.359658155114392
-0.296365750286018
-0.294280654496173
-0.0963043074235589
-0.244111217601542
-0.223311771129351
-0.308284665474362
-0.285800338990435
-0.288873028490177
-0.107608559078682
-0.335087622342268
-0.138074385008182
-0.500926210193704
-0.235130643081212
-0.0965172634315766
-0.0887378544125587
-0.401189792495553
-0.280192895422716
-0.0181327033701811
-0.341254064255836
-0.215778390640187
-0.261504852631254
-0.0717343694735302
-0.233380459115623
-0.241427906728148
-0.181336000577485
-0.18329441635303
-0.151121049401654
-0.0804916290007383
-0.263398210225234
-0.238260841254551
-0.233132292150282
-0.185289201391032
-0.20645675727461
-0.139080974828488
-0.221390032628322
-0.170463663309429
-0.174802465672376
-0.138976395547467
-0.220629245389508
-0.140493623973277
-0.0845300858774461
-0.210844148558716
-0.311242635566312
-0.173492835762258
-0.0254888538816553
-0.260051820944497
-0.303106371685876
-0.19821873156441
-0.0785864372410259
-0.169193200370824
-0.201419425390876
-0.124779789191492
-0.153313044780939
-0.189530618332524
-0.0707813311760177
-0.202682337726845
-0.0613530956054726
-0.234313312936528
-0.118298044449751
-0.30781312369491
-0.184545396660272
-0.110068815545379
-0.20759652694355
-0.0147652529669303
-0.152413492033613
-0.151825694175749
-0.376634555567899
-0.123908973153085
-0.0287801953451022
-0.211027980461188
-0.0314932914062422
-0.249753822848312
-0.0670163789723977
-0.128405186465245
-0.266467436120086
0.0476203257945507
0.00811181693828806
-0.141418791567748
-0.0868099916874547
-0.276370664193427
-0.0514828911779474
-0.111913066468063
-0.167161118302994
-0.241178733758558
-0.089607727724916
-0.112134894393751
-0.109625292154764
0.0414129573309242
-0.0284655646416888
-0.0940663995101556
-0.102473571456626
-0.0544361245408125
-0.0363638028426716
-0.0692123488108128
-0.0753628908367366
-0.127577705114699
-0.0483299120133653
-0.133631115450023
-0.058594755205005
-0.0893053084469661
0.0428139680352655
-0.00865409596612061
0.0723467596587283
-0.104027848603058
0.102727096464789
-0.0517897497243609
-0.135529725137186
-0.0382245491047343
-0.0155411478355519
-0.152163333408463
0.013350651218966
-0.0162372392607855
-0.00826853055263714
0.00823583364372667
0.0250972644657473
-0.0134096899586161
-0.159313937114671
-0.134409985534636
-0.0693285488978462
-0.00269314315755293
0.00416006856562475
-0.0913808185552419
-0.0614859846398953
-0.104567347183704
-0.0321049720531274
-0.07726617142956
-0.119413417795504
-0.0103784410307276
-0.017827045050998
-0.00412435203852313
-0.0181004430193436
-0.0603970244747414
0.0170267025311809
-0.0821183114903677
0.0544376881193762
0.0190702691698028
0.0207658294628956
0.0127973920270975
-0.0218078338363102
0.0537848296983116
-0.0531593500521252
-0.111969624314645
0.193873197960084
0.00791791145675051
0.0602045066978612
0.0783684414357355
0.0528762501923181
0.184163650357389
-0.00664264691150871
-0.0610540223728829
-0.122845658860652
0.044364322314074
-0.163909035127383
-0.0024055278755305
0.108112627126015
-0.0100031666970317
-0.0439965982383592
-0.0158542481269338
0.0836483170244986
0.0356208840445159
0.124268391822678
-0.0279235551531006
-0.0500063091912271
0.123034100528988
0.114991745048414
-0.0154345624724041
0.0101401037566417
0.00513408053149081
0.123727542298324
0.0702756879491254
0.0871547564931144
0.119868414912389
-0.0988033204452209
0.0202905971091496
0.116510809326521
0.12403371716365
0.0214665769920994
0.105639519009436
0.132416552366858
0.0690472725278344
0.126637024691491
0.114154244760202
0.104936698861258
0.113644936925849
0.0499444976378375
0.166056723085101
-0.00272869665527842
0.0397418140976731
-0.0530618327396063
0.100351158030809
0.0459819376566335
0.115682212831703
0.1377203347308
0.0758903861290498
0.14012386290711
0.0459415381452359
0.180679153351388
-0.0373957142228864
0.155637198326996
0.103946830316102
0.147489949100212
0.0697537900224081
0.120314088318506
0.134847883550908
0.220456931134348
0.215633153815335
0.194736509822209
0.237980772239559
0.137344766736323
0.147816387160827
0.282722797090298
0.00661249541907909
0.116514685364105
0.203669261246751
0.246222242328352
0.288529699345945
0.0201161752376632
0.0974494405521075
0.244255637521377
0.192303182301147
0.190228867791353
0.0495015192720169
0.0495115026073074
0.178924401039974
0.279625401772745
0.0954740230489502
0.21711470210007
0.131115408226273
0.205323479554166
0.04970210334005
0.136334317890686
0.175339344065552
0.337435082967746
0.358612124165329
0.02898587991647
0.122011836699221
0.306211701615539
0.1387093231395
0.194125705792015
0.188602972055722
0.198958116490967
0.223828768578027
0.120200830771783
0.326235375677259
0.135981840987634
0.211238608448296
0.345204199438801
0.176069346029086
0.350547466037258
0.370138932872895
0.209222068202921
0.184660384503456
0.322306319642261
0.428824465757986
0.203862337485374
0.357009944515125
0.23733268229436
0.0984100602789243
0.208332022536319
0.294378223927216
0.116933772263148
0.269359245330932
0.350273356718997
0.392752198699364
0.243242300872862
0.250968204067885
0.16051232008966
0.296826637977779
0.217237235127266
0.192202848104957
0.208577828541406
0.341952848956959
0.259492527934719
0.438039421256553
0.269256556043253
0.359869921448243
0.188804466769847
0.284915410189033
0.315891406715392
0.279353280143462
0.234984704026611
0.201848536089985
0.223316656054873
0.300392366143471
0.305597103337287
0.3552765173176
0.254072216631349
0.256571736106704
0.270161319394284
0.304153163363798
0.411105019851589
0.296551171264278
0.33543377154647
0.395613298838995
0.312686078066201
0.300179304101147
0.298451190997776
0.299354402452552
0.398690057039084
0.347715978213378
0.22069174766768
0.383833147810967
0.472938221440284
0.42844390668295
0.253558743392538
0.30632244824866
0.212731290329379
0.342503124995676
0.312497788384248
0.448254636934281
0.203431003108093
0.376543752690551
0.221223480699399
0.309180430433536
0.241302738976387
0.338690435912067
0.348805000550529
0.380057767140548
0.417425742893546
0.391289549548152
0.389055832036003
0.437217040885315
0.295562482246235
0.467906324093039
0.351527512444304
0.339636752523116
0.47296360016679
0.441381454022278
0.303094802513501
0.419177853163524
0.336455086529876
0.384606378503584
0.425626874122394
0.467825793470748
0.407135095009061
0.344265667647999
0.524549672099425
0.360698764606422
0.401368433477535
0.439625265291179
0.331053000278638
0.341432265930328
0.388983563984175
0.479487682439968
0.429346592285913
0.480464273700402
0.461473271167419
0.47072909061692
0.528377109159609
0.428378706321758
0.380914286857707
0.508812693457329
0.372129825020515
0.549399353951992
0.507559581932559
0.446004006855148
0.583086124027938
0.372547600475051
0.351456009217471
0.239609565865738
0.453968717954101
0.349367359405174
0.407900763607032
0.476800732959545
0.591832792251969
0.469540249295166
0.374956110748722
0.437208755758124
0.538834510712068
0.475793734377132
0.528233728072302
0.493195924432878
0.481140366338976
0.556301691013549
0.632321718215706
0.416561231410561
0.586293757988105
0.49609359214502
0.513510900488878
0.516845656823908
0.475832777336148
0.512671601283771
0.551491653379504
0.524913666274934
0.565746754743533
0.427884280279888
0.51829167686295
0.519586589939963
0.390894558904532
0.50960964156873
0.474969702013585
0.588226803701463
0.557370758386728
0.647796113600594
0.535917346848741
0.551151980739179
0.424509037510503
0.475966817706999
0.34987763567465
0.495356162768694
0.612456313215039
0.531387651572074
0.672983348852883
0.406108317593128
0.452801054546567
0.524623509253861
0.64357300398416
0.417573602542666
0.542420389382089
0.532516696157655
0.486446264991171
0.557891855319886
0.562269301588788
0.605658228439112
0.627528615722845
0.564523200311203
0.590949186790661
0.594594909727297
0.605144334555777
0.517992370989465
0.590996551797856
0.608189612605038
0.479054865617039
0.744425372414455
0.588438404466065
0.485141874538674
0.569081038116703
0.544586440948922
0.548404346227551
0.632757473771288
0.74372387295798
0.526313894398559
0.56507941592603
0.505782932627246
0.508956801113826
0.539853364855412
0.520205402297225
0.665626938302206
0.570926320953312
0.709613732439594
0.588227774288894
0.568602992217803
0.738116290997019
0.501293120406488
0.607302968946949
0.492656552109969
0.478747756971536
0.553116440217906
0.497334486785372
0.642011078612073
0.768103426237945
0.708128432282683
0.709134402984231
0.653267629303764
0.617198942147827
0.594983068117458
0.720931893256994
0.534482837587553
0.582971239599285
0.686726541558264
0.589107387694891
0.590102847685503
0.628650591472745
0.722763216996818
0.850982657590252
0.660993316045287
0.680981179279487
0.676212450993866
0.721687878393717
0.591736036277123
0.721796614647108
0.577378865217999
0.703302621626753
0.584194767618973
0.661732535624799
0.667902714482105
0.672463984801007
0.860260210260028
0.543491135993611
0.680562357176241
0.70950154642761
0.788841444946281
0.820861495924069
0.623197874319798
0.70521721632381
0.683144414054778
0.836404783431594
0.68560518994833
0.816995000511052
0.764692133466364
0.711774188138143
0.649618520236593
0.84356551205963
0.71245247085123
0.83576315868247
0.701489945400468
0.725280670448251
0.592413737879382
0.641488693448105
0.757344080442388
0.785402363853712
0.718125968450464
0.816855852462181
0.679282119515135
0.721007093873672
0.80953960641271
0.665696571133941
0.754308822129078
0.635643989335286
0.795887549060376
0.765477900163703
0.677259762722165
0.678297184709788
0.71524787189689
0.659354835350407
0.70450094591804
0.656944350000803
0.654107373417332
0.79469796323292
0.737007169150604
0.749077339988984
0.762172493375541
0.633346641400918
0.625595063926121
0.712908195891894
0.879904780857599
0.850069971540841
0.741459301966798
0.757812425962201
1.02219144814673
0.79987909725182
0.715452251159365
0.692990015333426
0.72435597559569
0.835840878882323
0.831616992890793
0.762364754887945
0.895043595832371
0.781381766584748
0.730120533634983
0.729291617553147
0.80809029763162
0.659221692589113
0.867556319009414
0.595190811286841
0.867617945299445
0.786150392732449
0.957168984496494
0.955053926332665
0.933779737014054
0.875474978884323
0.774631775997335
0.882801545549127
0.737597387671361
0.847935561210555
0.773281340571746
0.81375379594682
0.875031710883801
0.824978728127207
0.702224198798619
0.936127963975807
0.856392685222011
0.883688566645358
0.835462890056233
0.919270601666729
0.882668671858362
0.934988390013645
0.92894862817275
0.803296588608529
0.882906072622785
0.930642069850189
0.870926286803989
0.847531615112131
0.956342146323108
0.959662220425185
0.800685743491058
0.903031751951601
0.844003264455355
0.895186271776919
1.03974379644331
0.839638708675549
0.808646216996045
1.04468867375428
0.937351663537814
0.919730460361145
0.962504012133164
0.952705220748841
0.970773079399903
0.835702708350717
1.03009927536652
0.866857680134769
0.87285351815625
1.03840701369043
0.895580484421139
0.9548734946101
0.892058015788895
0.798992086539558
0.996382389244518
0.897247484760822
1.29452045653975
0.882955695383783
1.02195532387674
1.05965898326722
1.00819948236031
0.870768532614695
0.948200298902742
0.854911854141079
0.881672867785608
0.848396418793637
1.05317283029025
1.16529464215567
0.984386191565796
0.983947278913478
1.03216818014001
0.952659473166731
0.920676030378737
0.989292102066495
1.05180276507458
1.01654209687948
1.01374220083065
0.979367687862978
0.921167856526253
1.0451561554644
0.862867509842699
1.0089833084078
0.944627145463464
0.885233322398533
1.01926441180992
0.754920382359975
0.886504622080778
1.05788323065962
0.959835195544216
1.0941959979069
0.950816140356236
0.935177166192204
