-1.03098378865398
-0.765649635687245
-0.972833240678784
-0.828195981569392
-0.980303498030384
-0.912563252645709
-0.872184358158537
-0.922041757953591
-1.01773451891626
-0.93741401968248
-0.828635007377094
-0.873381108872348
-1.03674177508114
-0.962867515337643
-0.93232849364367
-1.00863079857001
-0.865273418602151
-1.0476077983338
-0.885729244919727
-0.912271080007896
-0.884093207339666
-1.0659369583847
-0.872741851799475
-0.822078576634415
-0.939115847563016
-0.980953816118065
-0.890112484002667
-0.999128101889213
-0.759585137265509
-0.944799640750583
-0.859332323959243
-1.07569641250588
-0.99972611194294
-0.833029930074438
-1.06299336970584
-0.877279947865391
-0.992025624126287
-0.826543803840472
-0.940453404916538
-0.976223705062327
-0.815539362669751
-0.916125661723394
-0.947401085795998
-1.06137774024666
-0.95168774506212
-1.00622946328917
-0.857180399919169
-0.937360468100534
-0.906247388038582
-0.898273867028161
-0.950332817002086
-0.819802566045406
-0.906700209142472
-0.709469903925508
-0.945992757816074
-0.764011640921197
-1.08173306353916
-0.921352763324352
-1.03148058910531
-0.886699977780088
-0.913689819353947
-0.80547843612766
-0.835896162737066
-0.853848153259028
-0.811067845207171
-0.98420077970089
-0.808649324328978
-0.872800832873327
-0.796881909957461
-0.753098592711593
-0.899123190065468
-0.813183239436086
-0.765790325210427
-0.873253216685848
-0.924547230364125
-0.869356919574469
-0.893911935468041
-0.816597028708347
-0.820796749470384
-0.972326971032725
-0.688411168045464
-0.850129557040502
-0.921171956468309
-0.925438860139968
-0.91907081351148
-0.78145682431993
-0.803876584523139
-0.997624820433804
-0.967152589061115
-0.756521346912978
-0.882750912885993
-0.832978647576212
-0.946433289213664
-0.75004883200218
-0.81401090175301
-0.971472628632588
-0.821172879557013
-0.77089268341527
-0.848323469219131
-0.754612213141155
-0.845012153463775
-0.801448892957641
-0.67064094229624
-0.777632689072774
-0.884667655408139
-0.85754266965408
-0.836344592215709
-0.817791058233606
-0.722179631972984
-0.804783030662207
-0.730166176581088
-0.782334262181853
-0.828562432764186
-0.77059606137365
-0.840981551081937
-0.717502067505834
-0.663215084309327
-0.75799658972377
-0.823707270581357
-0.750768829919639
-0.883119735497642
-0.686548829057726
-0.744209316250672
-0.767617384419578
-0.803930022377009
-0.719031105374395
-0.709136809667593
-0.720347838650334
-0.691465259992742
-0.581614868678385
-0.807524573013351
-0.92484384567025
-0.675354847984958
-0.772277148629478
-0.597664254614656
-0.709202237987297
-0.704445519994526
-0.509687335805396
-0.657582026104723
-0.606794500471656
-0.745881780069747
-0.686835055590944
-0.528243372753687
-0.700752524125652
-0.747069068096991
-0.689427063074233
-0.716149517036032
-0.567454827632138
-0.746632641627987
-0.668534644493127
-0.732270457429141
-0.893801246104421
-0.785922815146558
-0.633465215861197
-0.634187813334289
-0.695536027558652
-0.651142417291496
-0.653491738707209
-0.784464164430515
-0.643731532908491
-0.604822362804306
-0.556898470885781
-0.714860530147035
-0.642936176964381
-0.591563694551387
-0.608111034269966
-0.666341179050051
-0.4454957910774
-0.590655488397471
-0.623561933888673
-0.56770962607041
-0.576693530659106
-0.68595626216326
-0.54361459458032
-0.759349944051846
-0.635583161005997
-0.719922859947578
-0.525992757262446
-0.547367659001331
-0.703884428368369
-0.551909780890156
-0.547070709943516
-0.667268030155648
-0.513780996674222
-0.521614192593246
-0.834542205965805
-0.666384064975986
-0.528160748088844
-0.624357064433051
-0.515785756760366
-0.622458003911865
-0.605444851453802
-0.628162430632596
-0.762819037812603
-0.686510418048678
-0.717180052549084
-0.535303452081204
-0.757083012531999
-0.675683363641873
-0.630216158254623
-0.728223459207501
-0.689260284344807
-0.551499169215809
-0.49731831072655
-0.713759761560804
-0.603307822437553
-0.61220828778683
-0.607981386894579
-0.517357403990679
-0.637107201078547
-0.617039825045621
-0.487858596504052
-0.47407505946385
-0.512044252802556
-0.535930857011989
-0.53384240543672
-0.623799402518441
-0.440892623143657
-0.531667628111761
-0.517169883711809
-0.618503396134232
-0.511743999956485
-0.577088854187471
-0.502403960163593
-0.695877239983502
-0.499250541514109
-0.518431960402262
-0.545066346049464
-0.516112969752925
-0.658591624692085
-0.59903236490903
-0.574195393948416
-0.524034424039848
-0.725106850617817
-0.525046683231628
-0.493745709227859
-0.581749802567497
-0.406079951434633
-0.561295139085632
-0.656941374550183
-0.475232586905192
-0.556515564282039
-0.469932144594849
-0.603572224624085
-0.48432608583747
-0.45048034052613
-0.43651300510506
-0.618013642571302
-0.412359524057212
-0.59090078438665
-0.490172306225396
-0.561473227002136
-0.380201197248134
-0.555552423273156
-0.337142555611632
-0.374592138573107
-0.439012579207637
-0.510622626880115
-0.528465313025774
-0.374662809987558
-0.464560434233393
-0.436952745182402
-0.4873147713393
-0.425585098735053
-0.466775133063942
-0.59406952479129
-0.34672166883777
-0.488999727825681
-0.374316308415521
-0.527793754744057
-0.452554240093169
-0.316104623958298
-0.446542096388905
-0.481144391159397
-0.579064913227892
-0.456730681372742
-0.414737184581751
-0.482423079896082
-0.3008882767818
-0.39129891473207
-0.507432688087752
-0.445156096522371
-0.372653275815083
-0.334018451714055
-0.270934449680969
-0.285268793356004
-0.411003363514189
-0.371013528456104
-0.35242867089354
-0.307442675076458
-0.298466426161164
-0.433526802915339
-0.381894604916196
-0.415306291973784
-0.345005492016249
-0.456431682873183
-0.498207224326544
-0.343318243530529
-0.19341038201762
-0.442623431725343
-0.350175886876334
-0.371198498888042
-0.370496015749132
-0.463887283576348
-0.370984141003208
-0.462115844231365
-0.450065721240536
-0.52389216950439
-0.344951297368781
-0.416691390816285
-0.333464415671559
-0.436044391068674
-0.425762730190469
-0.407943642325508
-0.409447803334305
-0.356952520240221
-0.510403108339485
-0.326308006548218
-0.354541340488212
-0.390342217428968
-0.355275773397148
-0.505166079011248
-0.395081195548348
-0.238627401290304
-0.349849533845815
-0.368990972414503
-0.299343393134982
-0.362527293453491
-0.480630965131936
-0.326703218599836
-0.309394697469721
-0.306117485229545
-0.236395696817562
-0.418617199365837
-0.372491441882569
-0.305231624794148
-0.38073237737434
-0.315632418567628
-0.246831331290767
-0.315942544190076
-0.320710179439224
-0.452221225942364
-0.219907142121299
-0.167044893011098
-0.256215029136479
-0.281528584016849
-0.339909106036081
-0.21532767633047
-0.253350183510008
-0.445303209994347
-0.186945677776146
-0.259510672840335
-0.433476179249667
-0.311838243632216
-0.313096182289185
-0.232882978602819
-0.237191991784981
-0.273761356167888
-0.279444782241922
-0.420890897277346
-0.249144079672952
-0.176169289549951
-0.311808202999315
-0.292584268949197
-0.371881885646958
-0.229416075826696
-0.353685062628329
-0.390717372093013
-0.298834590658737
-0.105911610402938
-0.289189845402128
-0.198640518440999
-0.293397863905717
-0.204328288194321
-0.295879281777505
-0.270482396812958
-0.220245752018389
-0.188883195559321
-0.15278510605019
-0.289610798496846
-0.405225434666963
-0.153569580398884
-0.223456668300936
-0.228922568342355
-0.178908110721085
-0.34671531503587
-0.157633411245035
-0.0906530963357923
-0.409124915039286
-0.243515074857334
-0.239817366912891
-0.105828841082188
-0.228761822812504
-0.295043686099678
-0.249300404522617
-0.411839621356569
-0.136763132950038
-0.262510277918117
-0.150312665262639
-0.226658340605894
-0.289760779512215
-0.159741042797518
-0.267475720586553
-0.287880531177228
-0.152319976387391
-0.106458410840873
-0.260331539076776
-0.1247708234795
-0.20597235150559
-0.0669039954354088
-0.154516263248152
-0.131028521622449
-0.282839463978694
-0.190124362179561
-0.262759455842057
-0.240026050013666
-0.0840394497328488
-0.172564162219402
-0.0999297958780258
-0.092793722933954
-0.221577228391474
-0.0457499444846142
-0.208674685119614
-0.222732961655928
-0.065412952669009
-0.155917360574694
-0.0270863100488084
0.0438450418159497
-0.0801056128610636
-0.14982705869144
-0.114758389530743
-0.200205472407638
-0.0659108419080527
-0.142686796952027
-0.145801496510975
-0.113837711325231
-0.131601911948038
-0.0796108056042216
-0.149028626746576
-0.283198293613531
-0.193348545088757
-0.12680559491124
-0.0514931618730223
-0.0570816838327356
-0.254768114312539
-0.0425764629062251
-0.0825932627029914
-0.00261436085307646
-0.222861844795485
-0.226306388090172
-0.0600405023569607
-0.102245367416417
-0.0717391122814634
-0.134075665459685
-0.0746269144040024
-0.150413325062061
-0.036463012927992
-0.221162288197608
-0.125106205981691
-0.102374150711596
0.0417778188655261
-0.0174145537096402
-0.152318110829168
-0.111441289147869
-0.176047708678647
-0.123270924329012
-0.274051769423534
-0.0718981694418754
0.00949288605523844
0.0510048324945574
-0.0422781183151361
0.0688479751285996
-0.165933042814888
0.0262804824028926
-0.0262086455813155
-0.166593576112856
-0.187747101561833
-0.200553265351736
-0.0100503152996242
-0.142944773049902
-0.0539366529565933
0.0327033308057167
0.0327908946052267
-0.0618656737199251
-0.164793099140626
-0.0402182018938666
0.0184591714700223
-0.147751478839295
-0.0749835176153708
-0.0904561206974682
-0.115647439255398
0.00441498570377569
-0.0514111910272394
-0.0578769113768965
-0.0540837870857934
0.0324981264123611
-0.0657794141006251
0.00688013693552705
0.131883892542241
0.0364976954350801
0.105689005555116
0.0583990147821815
0.29062144591704
-0.0719594348912593
-0.00732627143788003
0.0285382698308596
0.00797347733233588
0.0449352677981991
-0.0372395574544125
-0.0231170977491232
0.0962972760446074
-0.0395252143125436
0.0768937372045115
-0.0200376448962907
0.0697704669817795
0.0233928129253231
-0.0339592279258017
-0.0541610724358124
0.104471254787046
0.027881877982874
-0.00279414310200448
-0.0514757520878921
0.0843736450176492
0.0019977719876765
0.0485885529740169
0.0550279715935272
0.041010003622695
-0.0901027350464693
0.0591043501043687
-0.0367517652120482
-0.0566124027522705
0.0830362092061927
0.0297915407835554
0.294334253074207
-0.00793149031951464
-0.0204078643445387
0.0882545310408614
0.00069745689870121
0.00446664005734296
0.178796665168711
0.117247217871994
-0.03563898814135
0.179434886826888
-0.00829432218176806
0.0215285185062432
-0.012743117957695
-0.024559595600185
-0.0962242734500472
0.0407144266025512
0.00923369187656978
0.139765126414001
0.0331822917608174
0.00983219533278167
0.0065925341460411
0.108051578424
-0.0358136239188238
0.0482805180380427
0.0940537166345892
0.143179751317908
0.129190115786841
0.106634730854733
0.039228102795699
0.130078347398811
0.127348900248996
0.0386507590576199
0.292542780259795
0.138217597367307
0.118995397206368
0.221763236900224
0.181562506429251
0.243495701078817
0.130769275356134
0.248545458599424
0.25308919544829
0.151799791886174
0.21997377097255
0.120896593012983
0.0618209895203197
0.0741696817578017
0.255253122213317
0.1709765459542
0.0455359260118902
0.177557040661115
0.0386444065833211
0.0900854937230092
0.184766420939626
0.181177655324246
0.159827212977989
0.0853449925218944
0.0524302038292635
0.112274175123839
0.16888949458944
0.199335442059425
0.0555360266638184
0.0903363220483999
0.217131243482605
0.340755472019936
0.21324112707141
0.198199820505645
0.212833192863797
-0.00256278538440519
0.242007083755099
0.214399926029529
0.350053155770462
0.247560764206238
0.319609993408947
0.177460600116092
0.325663865360692
0.241791186830048
0.0729147874654797
0.242698001037864
0.297560447147005
0.123114668953228
0.199178250402853
0.157693809332478
0.26854226411587
0.199539145934618
0.394085313046559
0.397474874016159
0.071731539176923
0.394133615239439
0.25611729761231
0.159227190445672
0.307243765676483
0.344765457500749
0.129482896251929
0.235136999475677
0.180295655654318
0.160608426778726
0.121781580177355
0.27694036757618
0.356932491304813
0.304148865836095
0.312028298353488
0.264680854281833
0.188066222778338
0.260040599989044
0.177498768954511
0.233638065885181
0.166919100056497
0.442533328078633
0.316803736306808
0.192219013800361
0.293780652466464
0.328810175068789
0.239864983889731
0.2623237917121
0.368618135411893
0.128543748565107
0.178367445725464
0.424791485741805
0.332491451931949
0.507385650605563
0.321657402790818
0.38768097199101
0.36971413785971
0.28141056174103
0.287887030643272
0.305626525127517
0.369052738880478
0.481413861406705
0.270713020908006
0.357436629750957
0.347661257854975
0.373285876143631
0.408741494357391
0.307370686920838
0.202928727434849
0.42647896353416
0.366083619603374
0.151949821031061
0.52303045624121
0.386791016150126
0.34619622897342
0.347915651169198
0.338593429321296
0.48680548561999
0.399897135045555
0.504854592381271
0.371123500046435
0.374642190780951
0.453930752478646
0.42613129756175
0.44098241475392
0.398918387428293
0.486850037176162
0.438538466823378
0.421110588971767
0.351975807751723
0.260164779355848
0.382950918555718
0.350136128835495
0.388478684512858
0.310699207253999
0.442635493281082
0.254375718682787
0.41928937097739
0.467248488200257
0.434501220746147
0.4169256996178
0.404246261956498
0.273217073894631
0.371760611763669
0.309474446948319
0.476149433098827
0.474983623838799
0.48196390413755
0.434754127564884
0.546740434291023
0.452028958422707
0.433271614537706
0.504853379917117
0.558768312149633
0.500436205570189
0.386091826079807
0.482142541078485
0.341914802911821
0.333380585347348
0.453487250019217
0.449660014241209
0.552646510121071
0.397192112469382
0.425190936267319
0.427744365929267
0.41075367905726
0.451075793283481
0.423382654530825
0.439096068978122
0.553977472231318
0.581769233280428
0.490708251034326
0.445563840725096
0.449778708137479
0.515946795777584
0.388438621548253
0.505848704779584
0.333951559583479
0.526096060563472
0.539722388420269
0.462329054551244
0.364958795386843
0.545293243502572
0.395353412441588
0.648790813292329
0.673139887813706
0.719299090331819
0.365926774161014
0.385711013518586
0.577305864628736
0.437083732192637
0.430626392129341
0.533077277389206
0.364338482847102
0.42107206685479
0.501582285220485
0.44355143536617
0.474645168977646
0.354373187935718
0.49950272777992
0.576738378621844
0.498784373883266
0.380081154013191
0.513051867386339
0.571651067195662
0.449913414591783
0.424376499382676
0.377858246597451
0.576651606430099
0.453935255111202
0.56433518056904
0.572080328538594
0.569813801240728
0.416657388330945
0.437042391425845
0.685873000478976
0.587963568607137
0.615287128528587
0.55148763600049
0.463747364912644
0.693050229617917
0.551934882163452
0.639604710918905
0.37516567826962
0.715481995339278
0.502980949653581
0.643058221692359
0.629276859665893
0.598140224698052
0.50740231417315
0.543845591393254
0.436602483823425
0.652988446906211
0.678918100183642
0.650751703894979
0.522905139520175
0.543417185690633
0.397880484953818
0.573804303137399
0.525791825253768
0.666968772028201
0.591273337106575
0.662664816814455
0.693552039889708
0.618678287850588
0.481930662554449
0.72461640845694
0.729821434598196
0.628333098690483
0.463475545535471
0.734435452249946
0.683755102924458
0.554395183425476
0.718940882531799
0.589764401337565
0.431448176183475
0.563381111055725
0.531015104930509
0.588053258079132
0.649301140487168
0.695661964948194
0.531143763540047
0.678361678828603
0.475675408749201
0.653148518297235
0.675090808871343
0.584775393270634
0.672070070821759
0.589687649009737
0.823926391984414
0.737127497682655
0.738546746817357
0.663121468042
0.693992524086035
0.55699521884121
0.679066076633968
0.643355207719987
0.395435016535761
0.718390775771479
0.624087674191898
0.600799457208116
0.55880168201885
0.605905908657226
0.715344308704802
0.782511551831611
0.506930002492431
0.705536576776941
0.679549396485019
0.738478260665679
0.61317359389945
0.684971421433517
0.559869694063474
0.783976901314219
0.845275367820996
0.869026058478177
0.71073877493983
0.820414815145756
0.677128488485998
0.830124344091585
0.680606950761318
0.71522248192862
0.75586089058027
0.696470452658991
0.673624003027494
0.76861625721415
0.738994769506695
0.719807379431482
0.658965201480243
0.678025930026696
0.764512419427438
0.864747683755744
0.811799401743062
0.969706771998451
0.878941954858616
0.767399038407414
0.79404881900029
0.830641237169122
0.76200857497946
0.900184610567357
0.824811003348928
0.710022196015167
0.644335780552405
0.854560831698642
0.898602177801823
0.70639824695292
0.779306371737291
0.767265994738759
0.812730381484425
0.832509211160619
0.566714997858918
0.554753780255167
0.7859373471748
0.728553269592724
0.799401584285089
0.731891607050204
0.701731268428832
0.80494448096838
0.713761689515493
0.6492363038568
0.844140778114048
0.776002994758611
0.717307940846579
0.808121405965227
0.761289730121375
0.758081941844111
0.815909616718374
0.877856341725021
0.858955172119354
0.821709198358541
0.799534303660699
0.750366750432615
0.963591664677296
0.836809784710895
0.819705420811613
0.884591749967708
0.680743008463957
0.803619234203377
0.876000011639534
0.839623505635385
0.838210129107567
0.760668137279878
0.828779169583316
0.776674861422219
0.791111491258302
0.856414318756188
0.688514034348649
0.812612917394896
0.797663852518069
0.7392961794394
0.916930318975379
0.755939469225315
0.823664576767714
0.953275908224229
0.954674635370872
0.929471004207585
0.839405977271733
0.923954806405339
0.884797753496709
0.862328789710242
0.822480881684744
0.79888869156982
1.00990657506285
0.936093170348106
0.814850129835122
0.854534536838219
0.927662074718038
0.972961662943853
0.956952536889748
0.92500088193439
0.819592202005473
0.905049710676316
0.97496395730669
0.87852547118071
0.904548662215304
0.930629675553896
0.929839838013097
0.819895652122809
0.963929650345993
0.889474422457011
0.832761637824894
1.02249360169899
0.912825988731272
0.866196728495519
0.961260698926505
0.851396814282847
0.947743292688696
0.834024711173661
0.940468792895498
0.98926999208826
1.00080193771865
0.972311574290118
1.057313871238
0.923563752083294
0.950865982748244
0.779647650848735
0.996038736877867
0.99263033904331
0.947283987400136
1.01283219658292
0.954079182771911
0.89750750310067
0.991559304452248
0.971346873529916
0.925473641778083
0.947398491306093
1.00770357143905
0.950411187559037
0.932480260911263
0.94469862578478
0.999931554536702
1.12472348026871
1.10486132011529
0.840334211508999
1.1001104607845
1.08788534401379
0.98849916228011
1.11668853897688
0.983363418959129
0.971685698896467
0.986791403843045
0.775300750350083
