-1.1126823710459
-1.09740301280607
-1.02792817375371
-1.08226941568776
-0.959501906764955
-1.17439218819035
-1.06554234489216
-0.896720387335591
-1.03293032426089
-0.839036780703336
-0.910555643954926
-1.07423976577803
-0.997679729851825
-1.11926454304255
-0.931406794275044
-1.03458946157975
-1.00018652499682
-0.858299225407101
-0.92953791547463
-0.893942154460725
-0.9302929916567
-0.876890409039448
-1.01075092874762
-1.0075913883154
-0.979718063305926
-1.04236809476312
-0.880126685259007
-0.871350068480332
-0.853845798218425
-0.888740874213753
-0.849189240535731
-0.99839656434839
-1.00950047786575
-0.822234597487708
-0.912044751038787
-0.932186251499536
-0.918063314689014
-0.993179977787096
-0.84718450630653
-0.970562523839171
-0.962701691130144
-0.925290177550698
-0.90307492252952
-1.0828650651977
-0.729082020103135
-0.998772119718866
-0.886414572605433
-0.883677772139493
-0.918018430178321
-1.03974822192728
-0.732407568709334
-0.928919042761364
-0.891843264479748
-0.906358703189078
-0.871072997226719
-0.815663104560274
-0.919055497749199
-0.723626136969838
-1.031413618373
-0.847282899345858
-0.93430560357558
-0.803476218741139
-0.831158767225183
-0.88632311087551
-0.750188746163112
-0.857845990241876
-0.917955998454941
-0.80584265976464
-0.804346875060231
-0.79059685304742
-0.824436729855945
-0.827241074946182
-0.922135899605827
-0.815265100295512
-0.878615366053734
-0.847133923098938
-0.872133613607242
-0.747138476814659
-0.871079759565191
-0.857371631866662
-0.931629450527946
-0.924047439931187
-0.865551097636671
-0.873824821585095
-0.684688192939989
-0.928394069645047
-0.824288376783171
-0.863983634290289
-0.928705571857097
-0.790858878642351
-0.8604157131183
-0.91151709919949
-0.942231025505406
-0.63968572585156
-0.835617968528294
-0.87252008763425
-0.741630072972087
-0.822409601435002
-0.899576801855768
-0.79444885139788
-0.950169482907133
-0.80561837122363
-0.730774994302273
-0.91212003013583
-0.73340344853817
-0.862652587541551
-0.858745209870109
-0.80556180269708
-0.752626553993729
-0.778006902301975
-0.728547485479792
-0.74181366513481
-0.656942642653876
-0.815835505160324
-0.727395535274974
-0.779605465785842
-0.832356764871129
-0.716506317605502
-0.658591457483654
-0.779382008462258
-0.702934114998284
-0.910082348799141
-0.663785339131336
-0.696561144255155
-0.677429438067193
-0.859528424850755
-0.780454752319463
-0.731059495147457
-0.822618112649661
-0.784567602465274
-0.64689352315128
-0.826071862629316
-0.719493232095335
-0.627395784700141
-0.69761056082185
-0.705565916849488
-0.749555716863374
-0.859323409592734
-0.734383192653567
-0.845161449853594
-0.82413753219412
-0.629757968586623
-0.648286297971133
-0.76235844418475
-0.6106618451405
-0.687645466078911
-0.547789285518316
-0.427764608464501
-0.672902931363162
-0.693664611795826
-0.631597369150534
-0.661425754061735
-0.745230321765743
-0.504668580441001
-0.581539048108926
-0.540511302211627
-0.67780883377819
-0.463375232454762
-0.753141801674775
-0.753757626875099
-0.576292364940881
-0.600480121161502
-0.607018260993139
-0.62258542115476
-0.675451099037102
-0.677787570383858
-0.732931752519679
-0.717426692690993
-0.64156879981133
-0.632587220193934
-0.571151001590157
-0.661978508687383
-0.623891064244391
-0.615081526711159
-0.596971820731597
-0.688309950652011
-0.676750099880669
-0.651655411499545
-0.51070127098971
-0.680589533794978
-0.650116052651555
-0.524104371626854
-0.677821485539347
-0.664030247144188
-0.502210803031572
-0.504801490743837
-0.693645378858192
-0.706349574643845
-0.609274924897871
-0.678795283954896
-0.665881239857876
-0.531221088652238
-0.628292915822412
-0.70747145587444
-0.649822975046964
-0.663000158789433
-0.621562186373549
-0.831471047063031
-0.544805387824225
-0.578224903008373
-0.501657459371935
-0.650842139697448
-0.480121332240082
-0.565830880046105
-0.690647678212758
-0.565810191485123
-0.599362879728262
-0.535515246005176
-0.612971457043247
-0.511012504873766
-0.535120834391047
-0.563460799440451
-0.627019603518227
-0.406128900711783
-0.433601038323651
-0.647778485085587
-0.647262705154748
-0.708002423022779
-0.558171768098927
-0.508955814865699
-0.584903454811328
-0.431005387579583
-0.468151165149187
-0.677075476488572
-0.456037600967852
-0.723093083078747
-0.419566593195477
-0.597878581786651
-0.615939679852584
-0.524416111521682
-0.457039863843469
-0.567968347790598
-0.566400650117855
-0.65693609981377
-0.657749773744649
-0.582258898514689
-0.485301323788917
-0.475766479975218
-0.569884208634229
-0.346161099216732
-0.463031739836886
-0.597955116898664
-0.438112764737142
-0.456035356283785
-0.530637106515953
-0.55344260165544
-0.489861471161597
-0.513168525221336
-0.391467859106186
-0.52199477172078
-0.426092145186883
-0.471517523578036
-0.47924442526196
-0.609247012057863
-0.622799124925029
-0.518084868495439
-0.53531055357884
-0.447042322517832
-0.436091817922032
-0.542015945158188
-0.454131664502727
-0.541481936558569
-0.50675547322367
-0.514270707376371
-0.442061786680499
-0.327618395348668
-0.569455874859488
-0.425678572316448
-0.571705539111026
-0.617569250267461
-0.294842993665163
-0.491576113320462
-0.462285328518461
-0.418322451967446
-0.414481403671858
-0.471779086912151
-0.49893168378799
-0.375635247984729
-0.491503007350738
-0.401825904095953
-0.495010146564599
-0.399310193350698
-0.317680166336269
-0.48978895062269
-0.373800258021346
-0.483480756827194
-0.415110395705574
-0.41533143601748
-0.474994738044483
-0.362471661346981
-0.418718009980013
-0.340359219457582
-0.453448887806431
-0.401166320492083
-0.55646748679484
-0.612089026425302
-0.511859879774748
-0.386247161594609
-0.309110623405003
-0.43423148359521
-0.428033965604911
-0.484942616774682
-0.336357807543301
-0.372385341138956
-0.395764031878008
-0.346618365469562
-0.462011188491859
-0.417151682757306
-0.332402527646298
-0.328690538890304
-0.343992856309562
-0.429748634993057
-0.460821801972559
-0.366272783111194
-0.32812521045747
-0.368183086125234
-0.231555523103201
-0.348909254649986
-0.226132148887328
-0.33027970829127
-0.341419596899907
-0.256200041613117
-0.411909514093161
-0.187610801263533
-0.307825084887379
-0.381166563807534
-0.308120886179658
-0.25561648465556
-0.223046541955116
-0.354196984568473
-0.253785155461508
-0.317224830627062
-0.26057710653247
-0.333181428204168
-0.332280962597242
-0.480583713376335
-0.329541681793124
-0.216338475648775
-0.412026668010282
-0.451475038285429
-0.234050046642315
-0.42778602077926
-0.277507489914713
-0.306013066933413
-0.334966171727
-0.333075213765686
-0.20845201999641
-0.261993865601821
-0.287186114513986
-0.402209916715514
-0.243393422642543
-0.282145621408075
-0.354551413864559
-0.40019728859135
-0.469505069906331
-0.154264492904524
-0.270360276575813
-0.291346984665874
-0.17487740231653
-0.286163351145473
-0.168900109981963
-0.283263965305949
-0.148100681242456
-0.304511902707175
-0.355870045916529
-0.301560894023607
-0.312794663287332
-0.0982231148538144
-0.248052411558836
-0.219920591632021
-0.266778687351114
-0.296750128972747
-0.291421871954107
-0.10524565853482
-0.328084362733282
-0.141664133529801
-0.519350237001655
-0.248341462637688
-0.0933740965953721
-0.0810644968818263
-0.401811696651475
-0.291767157971311
-0.0127603929758319
-0.3497917805718
-0.21864658106843
-0.265066702678964
-0.06602424878591
-0.254000924505698
-0.232735130446041
-0.191458910578869
-0.19186115803591
-0.161098131100853
-0.0929405691508535
-0.270133781354995
-0.257734628882611
-0.246603121484431
-0.182762446557094
-0.212237561250661
-0.162898481489725
-0.219160038552559
-0.155959558008991
-0.163074967546244
-0.160185823308402
-0.225407303824483
-0.12812848818529
-0.0614331505252303
-0.211233852320159
-0.313589519363966
-0.149990308012385
-0.013328789763125
-0.245448525150063
-0.308665691517966
-0.193970222081548
-0.0864598840401783
-0.168405779122787
-0.205462946789549
-0.132418157902968
-0.135708917860702
-0.206571268896897
-0.0579133113069385
-0.204689826523349
-0.0334082794139303
-0.246323149990874
-0.111326236163211
-0.307893373086265
-0.163815583729426
-0.117565765996147
-0.211076014790496
-0.0240452295651643
-0.140003471913656
-0.131681713677102
-0.388844231274417
-0.116790271254074
-0.0246622453266781
-0.199491294170548
-0.010647552982588
-0.242349918108577
-0.048775740134938
-0.139237148497488
-0.254838624349511
0.038349876654101
0.00550282314946371
-0.162800050462825
-0.0815635325410276
-0.278473260442671
-0.0389728194714685
-0.11162073240896
-0.139421455638681
-0.256669077414756
-0.116412036597797
-0.105584722732535
-0.106303310303774
0.0510829822451895
-0.0295253475210748
-0.0844791281595651
-0.105746195057583
-0.0484670218596631
-0.0205497929287553
-0.0685248057631411
-0.0669189874127018
-0.156020336600983
-0.0456392838947515
-0.125215271399525
-0.046619368027688
-0.0706377175628806
0.0440466673263087
0.016885138325409
0.0602828962088008
-0.105416600102488
0.11064607925633
-0.0650728887947106
-0.141938775698589
-0.0078226532434487
-0.0107785452179954
-0.155546854191659
0.0213420723277241
-0.0398555873094306
-0.0192717078390698
0.0226163416491708
0.0192200441508345
-0.0324653368413928
-0.146755141144258
-0.149953892827529
-0.0754065354981279
-0.015850222040325
0.0103586956982858
-0.0785562556173199
-0.0679721464566562
-0.104386574731309
-0.0403982099385099
-0.0573886374380476
-0.129840169486586
0.0158452079212052
-0.0135915204587032
-0.0338932061804894
-0.0285285937643828
-0.0451875144961818
0.0389867915242666
-0.090068219860809
0.0572726323676542
0.0346905076972881
0.00806850460821928
-0.00400844897168029
-0.0215947729849756
0.0282122941535545
-0.0360506512089836
-0.101224471124794
0.176450618106678
0.00485897878332466
0.0360591016410855
0.0932531205625646
0.0645513646085196
0.190916553815588
0.0106825460717002
-0.0625346622902605
-0.113635132591767
0.0360764558685536
-0.153062207168374
-0.00892231517814738
0.10037301560478
0.00374215506768469
-0.0404263699588572
-0.0100974218152706
0.0847587921821118
0.037065086578415
0.0991186379332328
-0.0165917976081418
-0.0551822186712225
0.137304079463201
0.110174826851353
-0.0158804446935671
0.0228164334257327
0.000943433714451553
0.100841865848512
0.0729944469422504
0.0923385170368826
0.124634037089672
-0.0752422603683353
0.0403360890953574
0.107233787161565
0.108411341878498
0.0329198899920425
0.0942299801037504
0.133922181420612
0.0820935977252877
0.149167056643379
0.121476843435409
0.109546684561625
0.146253157962802
0.0677286128559083
0.173214148637696
-0.0267354087973901
0.0179433543437482
-0.0570407478025434
0.0912353512072508
0.0388532412941352
0.124302727987767
0.139488165557514
0.0945221729072679
0.12266691850114
0.0373260714569758
0.170030195682771
-0.0344302161386706
0.169180306994888
0.112067065119217
0.145369811332947
0.0407172942584801
0.124378099936801
0.098214487129545
0.191623406554745
0.231064763023601
0.172430778556354
0.231966841844069
0.125568027601723
0.153667813490459
0.271975973155923
0.00701858895948092
0.128563898116977
0.182092513120874
0.234159066259414
0.255020250810565
-0.00239992648456616
0.121428454969693
0.239723297484103
0.196384539538057
0.203036976789567
0.0600036753434063
0.0668089566681116
0.174923885115801
0.298842360363818
0.0962811342850044
0.211686914010037
0.144899356884112
0.205798832572466
0.0606876263827297
0.144256571608936
0.191668703330061
0.329460365382428
0.34396178163731
0.0253958250789573
0.131001574720064
0.286599467571111
0.1312026279146
0.183149875344132
0.187887985475318
0.204038270085385
0.199694255424347
0.10803195836761
0.332928157542695
0.132423668804983
0.207042847543937
0.352162564120357
0.180979636242075
0.361230350910285
0.376273765287536
0.203368759799616
0.191724975380985
0.326451652843668
0.417309363213152
0.204673285747897
0.371569971122007
0.27062575650297
0.100281445591923
0.219745166189308
0.291840362780222
0.113083381751443
0.259979907277365
0.332652739429799
0.400311446386479
0.256669736665276
0.245567080571753
0.178109287230975
0.297717907079769
0.223007330386004
0.187315373976331
0.188925302217547
0.342329629531414
0.277672267631245
0.4261994036406
0.277603418659907
0.365015161105915
0.183481351887647
0.31876368718769
0.292583745364914
0.264100015982658
0.251035849247519
0.207931968498776
0.210420347471699
0.26482028442787
0.316530392452513
0.356852088573797
0.248945858333244
0.228466959333378
0.271990063454186
0.28878485263699
0.402217194606091
0.317587811532021
0.33423090862263
0.412240898020371
0.32114896464531
0.293520540536586
0.286760233575786
0.285275920445122
0.404000225957775
0.345063037104923
0.221215559131191
0.349013882578485
0.465588747753267
0.447632395021285
0.268369436594451
0.322200764095991
0.219547896568603
0.336540476639505
0.323223922284491
0.437396309365146
0.220929262665254
0.361404415252083
0.22328194458982
0.29636307355547
0.234134862596499
0.331849582083753
0.358093839485191
0.407783737801621
0.415867370018546
0.391123337189144
0.391141519690522
0.434995499326105
0.2908786953855
0.458275499976876
0.35881371603909
0.327198052167849
0.471758160787144
0.439322956150269
0.310920975402522
0.394795816241717
0.332292318736598
0.378346892987341
0.410750898435694
0.485465477018825
0.382558988489108
0.335862553463092
0.52883132742048
0.357300172621315
0.400913837859515
0.443887268732289
0.312415747864345
0.351950307212441
0.380445106011203
0.472518362243839
0.462042736990438
0.440040552169009
0.454621600947266
0.464401123073513
0.529141362646562
0.421958609349
0.38646206732774
0.518050598076299
0.363386334416195
0.520804431676602
0.50919558987091
0.461698923541555
0.571512158385163
0.359998024474732
0.364187685683771
0.219024033359644
0.442813407123907
0.373143092845617
0.404314445186457
0.473146535694403
0.564467642907282
0.447615979924061
0.394420391170342
0.432988841388528
0.513532768235228
0.473498158382361
0.529492630961506
0.499409155759915
0.483891947732202
0.536565979126534
0.639520977017193
0.415991603557905
0.593718277006946
0.489313998973835
0.518194335979591
0.541790767366137
0.470042936621444
0.521261339171915
0.553862722279497
0.534906935613815
0.58262935750241
0.429060653133845
0.499389889458651
0.516416570337189
0.401260478542107
0.52331144880318
0.441099045063023
0.573963425183445
0.556794420735763
0.628587907401088
0.529255288778981
0.57622353921587
0.419597154716872
0.482366074359141
0.366859500473676
0.510177863028257
0.622635057889132
0.537039474011279
0.678610021967165
0.394338950711546
0.456309601602147
0.544678162698518
0.63170622561866
0.416795089958259
0.550252541799213
0.497609337001402
0.483327723164958
0.5394838631098
0.568155989245138
0.586953981151242
0.629437104310967
0.562641104511858
0.59728806327351
0.602920019893546
0.587857983362685
0.531294186961474
0.597246924443408
0.607918456239935
0.46163898163774
0.737855855297289
0.577764869095099
0.48650317684445
0.564618805394423
0.529372472952001
0.560503386777094
0.608438784873713
0.755686695851411
0.532027755152194
0.560643029207704
0.513889907075159
0.525554203966585
0.552284950507777
0.522667830931467
0.659886310733878
0.575445638743996
0.723195376447946
0.568329167532426
0.560948358569312
0.731810123277635
0.500048742028578
0.609903774405157
0.500404267280642
0.507528614728524
0.567923666682334
0.507023603559717
0.635067453214414
0.735733463457081
0.710647940005875
0.697642692093029
0.659297857536102
0.590673472777774
0.591822121318798
0.72406806670912
0.530917576058178
0.586685499948943
0.682022657977745
0.585881463972628
0.591916529952379
0.597040572154419
0.738205119557213
0.871454701621632
0.668835303743502
0.69193669175584
0.69010111696827
0.736821744838836
0.593958122189316
0.70009604139505
0.569648156344799
0.71890701651856
0.595813527240321
0.652233397619223
0.660585233960779
0.66973195063819
0.858073853841561
0.508619083410429
0.671739393921751
0.710087724886424
0.787150559053154
0.815363216221181
0.605479170415068
0.712324504141438
0.682827756601258
0.818186926503529
0.679971874170509
0.842217372938818
0.743781635805145
0.707619486131315
0.656028241404609
0.83245230667207
0.715623542756344
0.844354555665052
0.706112440146506
0.740809399686899
0.585619552234581
0.641390125758251
0.757200559333875
0.782284085281984
0.70226911142393
0.813045935742746
0.67942991066538
0.727110211393402
0.786691456452656
0.664212684166703
0.743832392999136
0.640365794346176
0.79738781564545
0.75979070533314
0.656924854801618
0.683321719641364
0.714650401938411
0.649517333956284
0.723678446340106
0.685854842848356
0.657710042079067
0.812128642558931
0.753648054632532
0.742853948553077
0.755412033043714
0.661108162524666
0.648907827789294
0.70893460252654
0.905235177056225
0.850522187355508
0.722426839466704
0.759249497529682
0.985446228248847
0.797423556248603
0.739590968761251
0.66601663582676
0.735346873733535
0.834237332690796
0.849089464648277
0.785611179575631
0.877863829197323
0.771940672298961
0.716616674669952
0.719619176317165
0.803344954967123
0.663518064731072
0.867604604708595
0.610060107316266
0.866131264993771
0.772948093363781
0.93803905613431
0.949118670347456
0.930106273091556
0.87205481345683
0.779071314831294
0.882584609658636
0.730425394534444
0.853830219420364
0.770804497413809
0.824218327734152
0.879558974700225
0.823007288424615
0.699328499186872
0.957192560541871
0.860147924137275
0.886954324394673
0.856504914365348
0.899071749225385
0.88307982554443
0.934869961202346
0.937188830753546
0.795210565454221
0.885414050044505
0.926166985275513
0.865074740732007
0.843037419507408
0.958011007013806
0.930730837759637
0.787976686880182
0.904821302843016
0.83984099947037
0.885907866493559
1.05165513316338
0.812313317935199
0.820746364657751
1.0266168916027
0.933342759170092
0.917188769258356
0.958866061915279
0.978061311191712
0.9799974503578
0.847911229823331
1.03046294072697
0.873739627551746
0.876217672401195
1.03450104856696
0.902055235727197
0.957628508784933
0.90693812932117
0.797455833505342
1.00004235306619
0.886770324953818
1.29438738038562
0.891645104440018
1.01610093469516
1.05960978821388
1.03701690208834
0.888637301448518
0.968837349590473
0.857514090746115
0.871617622379541
0.846754542669804
1.03527869066727
1.18561156888174
0.999400754150421
0.997238025942026
1.03643251026825
0.927389003949421
0.90674292829194
0.9873003892081
1.05604106832527
1.00086324468125
1.01513144265718
0.972963191261074
0.93910342477212
1.04103399743401
0.879868015151059
0.996228456512944
0.9117422919471
0.905181074165911
1.03832276651538
0.765964757766988
0.879876940989375
1.03906834519463
0.968459593556448
1.08383920258421
0.960708956888568
0.939282275661367
