-0.978174314911407
-0.889127813083233
-0.906050146234598
-0.902023854147076
-0.77606046634694
-0.970602201551021
-0.974227200494567
-0.957188571331346
-0.984168837937254
-0.935091121496529
-0.827946321463293
-0.881245004345531
-0.907767627379
-1.05782006046379
-0.949035817583786
-0.919120620540045
-1.01467232814133
-0.908172186151474
-0.864036302483741
-1.09264398725334
-0.943352533743391
-0.920735915099738
-0.788515669173826
-0.949347676932167
-0.897302714849197
-0.990788692225589
-0.89645806667059
-0.911002834199829
-0.909726334655147
-0.883689180972206
-0.981857052769904
-1.15319571978314
-1.00691358788238
-0.95668199014789
-0.981263106909774
-0.983729118117768
-0.914272729891174
-0.889278115889311
-1.10110975405182
-0.916746721529335
-0.978147312309421
-0.832743282170032
-0.857876354669528
-0.875847709045942
-0.838074633580274
-0.989329993275416
-0.964592567815887
-1.0569944681608
-0.911630117283642
-0.836392746718508
-0.924017004590363
-0.909777620113561
-1.03302764460927
-0.93213427560883
-0.687922471572616
-0.785540408803406
-1.01920825417116
-0.868367701748203
-0.897175958246482
-0.792848193813064
-0.796224288429869
-0.945737831229183
-0.689449015531937
-0.993486444431395
-0.999711239452341
-0.785767287263614
-0.797756281479448
-0.858044103000369
-0.870550489944073
-0.84270708426165
-0.816006465214338
-1.06792176567938
-0.950493482377166
-0.839027069221303
-0.898915524250102
-0.764737453292769
-1.04318414953017
-0.782577323166903
-0.787565275463194
-0.733431313158838
-0.795172793241275
-0.938613661770909
-0.739101642661789
-0.785923870876556
-0.912786397327091
-0.838541027555584
-0.66095346173376
-0.819028556250409
-0.78042480466403
-0.800166855991475
-0.937041479792207
-0.576456310884248
-0.776978700702537
-0.838534885526028
-0.719282990196518
-0.827775152289492
-0.873990447261054
-0.916925810609119
-0.872894234269238
-0.596863360351259
-0.867065412342015
-0.732124272517105
-0.731497157740128
-0.771907897902801
-0.99868032881969
-0.913736200605402
-0.806094363541929
-0.694400020417009
-0.723948663856909
-0.906196907521961
-0.606721817752367
-0.698658606805195
-0.772313241152933
-0.772940900877537
-0.835567398352346
-0.781423433759588
-0.749580352076647
-0.738460013640382
-0.82448821385258
-0.852356135184739
-0.715304354232507
-0.797807778664129
-0.76652925151785
-0.947855998350553
-0.780265697258572
-0.811330689610413
-0.736191054777539
-0.734811707598917
-0.656009037368998
-0.823927649497268
-0.755906776841878
-0.632564279224804
-0.961160412937208
-0.710674065033584
-0.72965685668553
-0.826442051843517
-0.539050032607631
-0.64892265831796
-0.829010294675308
-0.688157453860013
-0.793047170655291
-0.711910912245104
-0.712908183298709
-0.718663947064422
-0.728618381895288
-0.741261871583367
-0.49519350410966
-0.707240694773122
-0.759612291413641
-0.682995902657875
-0.668277280132702
-0.5762328182388
-0.729400368617012
-0.876390112131282
-0.625281771077081
-0.64437777809815
-0.604359479658015
-0.637810384010346
-0.805557793812776
-0.741150316906412
-0.7801925427273
-0.642609561577884
-0.566909581120509
-0.598768065679646
-0.69460299160545
-0.667506035703197
-0.703876033202826
-0.678865628146415
-0.60341179236337
-0.678655391486461
-0.535473516850552
-0.625355192952464
-0.606007046848336
-0.678182130701447
-0.642002372274905
-0.7418559092899
-0.509208025245551
-0.604999854195433
-0.687895395704598
-0.519800933886369
-0.677430445861343
-0.660088490751169
-0.633215850975745
-0.688866840538931
-0.563741456718857
-0.678422285043869
-0.750140413127896
-0.425409285719727
-0.53717012954935
-0.539333936427304
-0.617066571550984
-0.639632410119094
-0.639203021000836
-0.631122714062882
-0.553347378865095
-0.695470058673982
-0.687487829896428
-0.614255783011686
-0.654012794634839
-0.691467118550869
-0.671674862333112
-0.550079783316809
-0.606091220757313
-0.420279876976167
-0.659909403550251
-0.615265187731733
-0.544686451861159
-0.683739036153919
-0.569194230379723
-0.532675206214395
-0.495100595473105
-0.424801215680585
-0.437723659176712
-0.53023837958642
-0.571699345890362
-0.724885900030046
-0.479523507403044
-0.509937203555414
-0.473106448763029
-0.658649048600253
-0.688479011088618
-0.484987523682355
-0.614558899891628
-0.562508322385874
-0.542454346607517
-0.570892889006804
-0.547386397642572
-0.62107710603383
-0.620457285966106
-0.556265136454423
-0.405343643364533
-0.505656824877876
-0.382036557388092
-0.559390770410203
-0.510117696139402
-0.575086599989798
-0.397696702900381
-0.712754401161698
-0.660367926103239
-0.535407204634034
-0.604796598123448
-0.538619861464624
-0.511505531411382
-0.466256663845009
-0.483331941653871
-0.548249663407944
-0.372911970234065
-0.525822207164914
-0.467740786820945
-0.345787592557756
-0.578922598712302
-0.421252102671821
-0.436924603745221
-0.413479382415409
-0.587083906255901
-0.524079470195744
-0.582091864138624
-0.466260063467007
-0.661048701155194
-0.59853091173885
-0.41825334688885
-0.460943467961287
-0.553288908802387
-0.41034949066413
-0.41982270307829
-0.526127893173593
-0.537477167441753
-0.356006301276972
-0.670595105699715
-0.523521257116216
-0.500734455474831
-0.442044087452426
-0.44761550707577
-0.420374898900899
-0.392778392345212
-0.403835039634306
-0.52738660672109
-0.405442662522025
-0.533508572593353
-0.640944915173488
-0.389445340253036
-0.482897019045609
-0.424068875605887
-0.391884693937952
-0.475774735107312
-0.524992578626127
-0.446928797442488
-0.439431380227127
-0.45379525217348
-0.587912772805747
-0.372920391401287
-0.406426808181635
-0.490504439512422
-0.451595586424288
-0.444466227464094
-0.339241861064892
-0.57434732940655
-0.246609091692588
-0.369952215578574
-0.45913994957878
-0.425332278843329
-0.460726834266546
-0.554717539283517
-0.33088170781446
-0.424688915277097
-0.418582863243144
-0.306985968418157
-0.559272889612864
-0.402483037352401
-0.419653945564076
-0.367678898628402
-0.397999993604806
-0.43763971719721
-0.343147551760844
-0.353973030120394
-0.388627830053374
-0.427384736907816
-0.410072481354665
-0.397198260362416
-0.33618815757316
-0.373379202356327
-0.410617881222194
-0.320599582061188
-0.35033145246906
-0.36699007119164
-0.587859515615754
-0.330145833570303
-0.279494954496578
-0.374944045835918
-0.329833466705262
-0.388983942202696
-0.384491458512525
-0.405941863257864
-0.433134823317986
-0.442149389710802
-0.447946394829283
-0.287445154671113
-0.302001245321252
-0.412851944045374
-0.40994675200162
-0.314793554186127
-0.180817061463123
-0.527561572280765
-0.246155265579561
-0.319659257040328
-0.207315532729587
-0.173070711917837
-0.261308533401326
-0.295955856127574
-0.338684730096217
-0.350944875827482
-0.369849354135797
-0.340728974624358
-0.169381110046972
-0.404743109050457
-0.464727667350383
-0.337777055110138
-0.309757633252232
-0.328418732593579
-0.406001478238847
-0.13497382471949
-0.384692903538527
-0.348971203586886
-0.381360717561517
-0.177032137730632
-0.317909980805528
-0.270169933268761
-0.296087503749279
-0.337383230330908
-0.300804216965695
-0.108847395190642
-0.303433633346508
-0.232256335645342
-0.30728527877187
-0.374983002215722
-0.23707572816334
-0.268592837041318
-0.27771793248696
-0.235202732123973
-0.316397823158715
-0.209007703914139
-0.0761123976306159
-0.0895699317099768
-0.140371781889957
-0.333537918629911
-0.219474792547252
-0.185290109572989
-0.178720374053243
-0.0789136875603653
-0.25699841319126
-0.211483870782513
-0.284183249517659
-0.213647123882037
-0.237089224272933
-0.233211530092033
-0.234966715702516
-0.237687477601975
-0.23662611354081
-0.229524604556606
-0.0916020650764691
-0.311496118990322
-0.251989118609072
-0.178752198945019
-0.232252302096155
-0.185567428835014
-0.194963014208875
-0.112839402814207
-0.400131439296459
-0.225802836753462
-0.154971324409645
-0.159985569916533
-0.154536963124898
-0.223379312675525
-0.189527548323964
-0.139668985756083
-0.12525038070629
-0.214939419950106
-0.213421634109584
-0.143808563854905
-0.217175018683452
-0.210720317983142
-0.0756344350341303
-0.119877097792685
-0.133469847601185
-0.126112389485347
-0.189943011417169
0.0457800543787081
-0.256098613366407
-0.237736540600456
-0.13432433291931
-0.10844071141465
-0.2043090186832
-0.141271623359499
0.0793816533394488
-0.0761367029898163
-0.215305077880909
-0.185261129195138
-0.149673133622387
-0.0600105553878039
-0.170638264273588
-0.147760131368526
-0.195162753290823
-0.0530363654193024
-0.0179048018372832
-0.00279575617253406
-0.178982977139626
0.0190947402389506
0.00654727594940389
-0.100299026177265
-0.15684765212402
-0.177143250118857
-0.132443832299054
-0.0231648414433504
-0.08260991575275
0.0821801117520672
-0.133873027080624
-0.121586161599549
0.015681584435723
-0.0363828020326993
-0.0725182677560637
-0.0206287310929125
-0.140583416396145
-0.192544391891998
-0.0640291430202219
-0.15998713110501
-0.0472242746550424
-0.0591139742648093
-0.216229055354147
-0.0602536060786201
-0.192818308561262
-0.00955233012141754
-0.0384214779288231
-0.0314569918104983
-0.14860579878423
-0.0660745856442597
0.0244114536172123
-0.0957699775753105
-0.0162349217660518
0.0835759911348708
0.00829388531837744
-0.0612499425939519
0.0194755381060401
-0.125510931369175
0.00960526180686753
-0.014301455839611
0.130260755186118
-0.171459981278492
0.000643370439758395
-0.0697720475404673
-0.0604411826068788
0.0311518851743755
0.0535231945605538
-0.0647790514594401
0.0319524603863244
0.0412919184374799
-0.0838714434731048
0.102434807746252
-0.0367937563506867
0.0899084078400832
-0.0218173306856501
-0.00809386781385402
-0.0279564738496759
0.156468984425008
0.054942662525067
0.0263546403957702
-0.206268843141225
-0.0462107614976391
0.0801008851350592
-0.00319624283020724
-0.045970215974923
0.0835145736137966
0.0802523514093231
0.0926637405765066
0.144819410225945
0.0104940104491927
0.103151054959794
-0.0201546224989451
-0.00763987316640882
0.132205038682697
0.0817505487190546
-0.0350696309707731
0.0381898859672612
0.172173722738314
0.107562260928318
0.0483575583507801
0.127718434184333
0.0169993427903163
-0.0107162112251714
0.0179416063967677
0.0732639810052089
0.0523152110020189
0.140970644124362
0.219300407222411
0.251904635831431
-0.0765330044707859
0.188535124841357
-0.0127477743175118
-0.00741665282967477
0.129635732272614
0.168270098290778
0.0237300210739548
0.246578846564666
0.0186269910378302
0.0395124016355002
-0.0946075751370273
0.158807444012205
0.167501443311076
0.12657626129581
0.0357123934960329
0.0750433981108178
-0.0669051017749454
-0.0136831739939987
0.0799215770149259
0.248393492364842
0.130138346894933
-0.0266603395155591
0.242374884866339
0.0818746009691214
0.0787256065213053
0.236680120958395
0.134300730007236
0.16041713792985
-0.0373340229686768
0.0447102148616682
0.0413137181157683
0.223839612040504
0.0768753169735223
0.205626022049615
0.0153899743841339
0.155878036802984
0.222458618596646
0.07999424235277
0.0880984599453044
0.201965210967778
0.228310568915748
0.137321935240873
0.145524032361955
0.133661826908854
0.115511759802534
0.18127949888563
0.251551016588474
0.19398032067399
0.0871010365953816
0.127472873444556
0.0965092634778805
0.0731805466676622
0.183307960056235
0.28476555195084
0.205240192843882
0.188568635963896
0.032328669515499
0.212077068697493
0.183726428688583
0.157256932956341
0.182718453631806
0.0655059026305684
0.211971420009449
0.214090288567676
0.302408979722483
0.276484752331342
0.260952329399934
0.15731175892071
0.152599149351241
0.152463763193606
0.128662325695237
0.294574323534677
0.174083307802971
0.313911763965356
0.329059880606596
0.388319936096422
0.141871032470002
0.216445381835907
0.25452936915363
0.246149100235701
0.108842058753037
0.250728762591993
0.186969141739428
0.067150883889895
0.289020235379815
0.114487765431338
0.164117286298981
0.242314037225564
0.270328225454296
0.33642731968525
0.393834699816927
0.11787440595233
0.319584337658363
0.29763854699539
0.20380166556058
0.124136441346518
0.188305770803867
0.247293403481971
0.246213693349171
0.325801915694678
0.217154703076696
0.280836913336298
0.395800904251709
0.263920208917447
0.14765722293686
0.191769588287784
0.186482051962323
0.34015834182631
0.250675380099917
0.338139932195445
0.218676438007946
0.309249932228234
0.288415777253857
0.139752859570691
0.260703385875126
0.316588749319397
0.333937719684378
0.131609067463431
0.303300202525536
0.245321479644494
0.45993644666569
0.364457803504039
0.371129472121875
0.541700893566617
0.348638435492279
0.30129753023235
0.228807288418081
0.368217448535162
0.458515507613852
0.280156451266294
0.174472406852468
0.395152128980339
0.402039216888874
0.382856739158311
0.316429896672408
0.200100418150903
0.250211461635555
0.378175073721246
0.324459283570587
0.270647848045896
0.336571915091052
0.494544242972167
0.474028040906361
0.254825309661357
0.29019205802002
0.314805108496142
0.235571042756181
0.372395593401949
0.236479279224972
0.467800577802027
0.355048591927941
0.322377863553745
0.451092757166847
0.401224561836808
0.394355828042638
0.476307456062692
0.511948102438002
0.443481499139788
0.308455575945457
0.35334689713561
0.375187994355537
0.436017229902718
0.325874222389238
0.218333955161666
0.299914468740883
0.415989579213775
0.391354564153111
0.4323683305164
0.443387372805804
0.448565797630203
0.368087253725472
0.45287590247813
0.272547120482915
0.418549860123444
0.383137562678012
0.615717543861013
0.568679608973788
0.389220521204178
0.286057189518228
0.358818109147144
0.453204136683448
0.430624009816365
0.428791983881881
0.392579144175978
0.48810683430084
0.574550913308187
0.467017267741349
0.517770628164632
0.45132965240268
0.284199457709358
0.556182254177099
0.543058357335042
0.486462480556924
0.423971993889924
0.302022720719952
0.297083318555575
0.402027828137622
0.503915687772728
0.456274580843343
0.447794561780546
0.344813922332244
0.355380605824972
0.461947408446919
0.53715840717061
0.49117661970407
0.316377756045369
0.496796872130278
0.36156450471158
0.367737342106947
0.40728484575624
0.545654509422816
0.566327209926862
0.292152218300182
0.403082325858674
0.538543229224892
0.547389772275368
0.480401988544357
0.523282940443226
0.453309394057338
0.446204195726158
0.599598750204158
0.357757586780507
0.63106577850925
0.494469384409158
0.354038987336978
0.446347741304754
0.604072040873406
0.575566471993577
0.552332415022168
0.492796789058242
0.478482224394077
0.614612743910893
0.553627461723455
0.629240799226778
0.589161294996405
0.599057290879214
0.470286476118644
0.490846103262746
0.509937632136087
0.489209164578283
0.76823743044127
0.595967203556591
0.491581965824648
0.405383109860032
0.527750960230976
0.668269970692751
0.526572610010239
0.648945906026344
0.47646768673305
0.601274683014797
0.711384770496775
0.612613752677552
0.577617637048269
0.679879588212947
0.610782358891495
0.559145156385096
0.773713037386119
0.490724675051226
0.630251064911466
0.534618055333623
0.563130403934061
0.532790848391891
0.649538370722429
0.641280167964458
0.60510315239159
0.535273373553736
0.596141736882318
0.49081335377901
0.574416732374029
0.715096065647775
0.602514063424079
0.609324937669605
0.567881145766021
0.493881105769972
0.650911586877437
0.578052543235984
0.814035867994415
0.633017375243763
0.494747893435668
0.625458749207735
0.575430757109193
0.73135141078555
0.55187635862734
0.713741317055773
0.645173654461999
0.776621626700368
0.672496981730262
0.709122700401555
0.647318599056842
0.733363072250419
0.657996246211235
0.550325941670702
0.763749820514281
0.589549243408989
0.67513000897939
0.778134723250139
0.753565943559745
0.739077018507379
0.716910466070342
0.63253440720507
0.512599786757694
0.728431172842502
0.595877359850249
0.606223396743891
0.826031123163702
0.686273951007619
0.519713926957096
0.536196162171761
0.808014295901799
0.536833572926686
0.696524530814477
0.609473064805704
0.848661096176377
0.738655961869433
0.687912634394022
0.721421050051589
0.709722564105646
0.742807895186018
0.850521397431429
0.629293646592476
0.735591413369923
0.845886338179583
0.886257108317242
0.727896073661589
0.775021743342052
0.818924997713635
0.671642433976617
0.809704903661297
0.700108620095828
0.673304538664167
0.737558617296873
0.821432143449829
0.802822309882221
0.669439150661087
0.776907608182483
0.722815469791214
0.696578867336232
0.674050881985599
0.702455808406463
0.869940637369844
0.813458531384925
0.722024164249147
0.782984895751077
0.796487689622949
0.729281608259599
0.793089521125271
0.810334758239715
0.752616924139827
0.860371632163552
0.816433379449817
0.869935544265362
0.856259324514712
0.668180994019333
0.807546609040751
0.808958030550391
0.731309126150394
0.889320633452346
0.730900963609386
0.891963660579608
0.853776700508641
0.961394812866246
0.872969591000993
0.844524048474065
0.736111091417239
0.731500826302812
0.761455778149537
0.868405879708659
0.853250005119494
0.728691834638148
0.875026776312343
0.755519374309143
0.943087017237002
0.900421361169421
0.708042291672342
0.906708229689763
0.753282357817603
0.684553882246739
0.733417976604202
0.768834597274303
0.950594129876317
0.97889941552359
0.922331577348051
0.774209843606086
0.780878789628212
0.72693220988881
0.980934783920361
0.830975700901516
0.87291126320588
0.826909765766916
0.843826212812348
0.789780640707636
0.863830386392137
0.847058097654097
0.813094092465771
0.810970641118718
0.984296296871514
0.72654525910676
0.986836332541306
0.885448975936895
0.81938170423117
0.811650057762268
0.716585802115399
0.736320046317204
0.914628286726635
0.882830162999897
0.895056349962274
0.99756173158407
0.873511324361837
0.904137421533563
0.945776688253495
0.853508779771576
0.771283864402759
0.892989688636485
0.894751445205195
0.944376969084844
0.996068521688836
0.980943976642215
1.05650520423101
0.975745486704825
0.962337029108342
0.905948715207827
0.955440969915341
1.00013971366913
0.916830290490642
1.03399483303153
0.841643793917874
1.14949803638475
0.986388319601116
0.777459697884814
0.976380198807804
0.909176790073927
0.752123906537973
0.904113882588608
0.95447620382679
0.896556001382606
0.814070594087159
1.02716812230062
0.984951025186966
1.02634495538993
0.92886770184769
1.11263640275319
0.787059772961758
1.00657820844929
0.908975446435331
0.848686901928315
0.877938316521294
1.08386728465269
0.908691954808507
0.956207588486495
1.00335850107484
0.923032530764535
0.948498497014058
1.07736227076524
0.944214492747776
0.921825668749044
0.924304500395613
1.00273571946432
1.07018510520068
0.991885935642041
1.04029861786475
0.904680484828422
0.962397526059933
1.05333099210894
1.01801607790523
1.03690754292424
1.00483315255434
