-1.04487086074867
-0.995966435135393
-0.865769850840014
-0.944022728878836
-1.078269470068
-0.895370184918717
-0.919756481000125
-1.07111194628702
-1.04262179613781
-0.884025666660056
-0.821768167224223
-1.12596799035322
-1.01976718185643
-1.03338832103316
-0.874286995357604
-0.971512293750336
-1.1761987538849
-0.938794637715828
-0.946381938521541
-0.826606936960158
-1.00370299824034
-0.861108920400113
-0.927980345842414
-1.03208700051224
-1.0538290573656
-1.12042830733366
-0.932600084867403
-1.12164855994556
-0.944982183928952
-0.859252608443617
-0.983278706066013
-1.0655342877013
-1.04773726685544
-0.875229379584384
-0.94116719337977
-0.982272709345472
-1.09138192933591
-0.90595044521307
-0.92258962627981
-0.926738418253482
-0.91085759131904
-0.889055327866402
-0.813043881390795
-0.864162016550469
-0.924444884102732
-0.952386121758227
-0.975570257032786
-0.920819046132885
-1.00585103763669
-1.03399260287736
-0.994848492286718
-0.870063223102474
-0.910098007169911
-0.867644005549684
-0.935798034203165
-0.894352723570303
-0.887866126844053
-0.994786557279785
-0.799381017075563
-0.916853502924647
-1.08382154716031
-0.986962055229413
-0.705046578314032
-0.857144590316876
-0.755273463355586
-0.82525182914615
-0.781127942152161
-0.744986755305436
-0.856039856539359
-0.919682318215432
-0.932450849719967
-0.873918142762078
-0.847602096584375
-0.860562992927388
-0.87983196638075
-1.02810330668525
-0.740828845637472
-0.837953334921701
-0.963793229377718
-0.711598318693181
-0.867978485485578
-0.813501331406976
-0.783939691080286
-0.779646338128027
-0.825144790864901
-0.846455778238522
-0.81152692773453
-0.835613665485517
-0.852035417336197
-0.816276940856399
-0.869982658217609
-0.859763939631327
-0.746989246432436
-0.739909333403776
-0.773402232923119
-0.845402352810562
-0.849189756222235
-0.743774714353301
-0.801359935835461
-0.866985661954045
-0.926789096706356
-0.758091773739355
-0.823281368942531
-0.952907823451628
-0.800032400830367
-0.840121107846527
-0.818256020799113
-0.760129290776976
-0.80975479977609
-0.895092621447185
-0.734506358826622
-0.704444377115215
-0.770593841317183
-0.757807699605273
-0.751498252887027
-0.693135885458755
-0.704373611203462
-0.831845657939787
-0.879522233644684
-0.786533431561216
-0.731602969389529
-0.664126406439422
-0.792884406073775
-0.679813830230274
-0.757480341994038
-0.604499578343094
-0.598661566090023
-0.800322391213794
-0.719986739061642
-0.786028309048613
-0.697377298717705
-0.70477047861963
-0.810266844212074
-0.765842090653749
-0.652008427237984
-0.80771483473925
-0.79637469418826
-0.82897802283182
-0.723435954548457
-0.668886919455216
-0.743494889531519
-0.838751121484889
-0.753106219372794
-0.799294743550759
-0.744080475862005
-0.785137016872264
-0.714407642373814
-0.683971409660628
-0.517846143161345
-0.721254521819949
-0.690863847878048
-0.718873264531491
-0.72902696933436
-0.639104373422294
-0.599890704167914
-0.61484098571502
-0.742532925684707
-0.745360547550173
-0.681779178718841
-0.748192688086764
-0.868651845172553
-0.528558167404543
-0.71182384685782
-0.758724481830322
-0.716313749235433
-0.650318862657322
-0.697436493585383
-0.674201622197116
-0.723638922494063
-0.666253123849024
-0.678568217758075
-0.597961903354975
-0.596291389579636
-0.628650235821631
-0.693222401260781
-0.54034909872883
-0.855984287065546
-0.707051830531177
-0.726935113286148
-0.645438879405409
-0.650839658029874
-0.637019767766614
-0.657185712819738
-0.679173755208716
-0.538151996067965
-0.725292444219768
-0.563600943102498
-0.461927500767922
-0.593781260612016
-0.554351525297099
-0.570265150616963
-0.664851617760699
-0.626248878575227
-0.663699555587488
-0.658752981276356
-0.693035294301671
-0.684444822807065
-0.656526587946829
-0.54914951770076
-0.565243624124571
-0.681285027649599
-0.606724593130251
-0.693961235806276
-0.554507316610868
-0.584636073208004
-0.611364963052986
-0.534619591682527
-0.672637708406607
-0.756849354537286
-0.721942303402597
-0.620711387882228
-0.673942264038831
-0.63749219210477
-0.447064977983758
-0.482084179961975
-0.642244210779569
-0.448679794394223
-0.592599616216212
-0.432055489919041
-0.712519929106998
-0.648941426813192
-0.532118678887985
-0.59112948387414
-0.475428263757202
-0.487887365697841
-0.604165990889799
-0.609616962716232
-0.471466223174235
-0.371448123287302
-0.568688632186097
-0.393911529320509
-0.500096745035731
-0.659754363420763
-0.399542171489301
-0.425704958507597
-0.552600521898373
-0.346402606957044
-0.712473430622789
-0.551802772708818
-0.639729006216136
-0.553548981331261
-0.515971837998282
-0.574513065523773
-0.390090999562768
-0.536888959891839
-0.525864916660033
-0.57058109952718
-0.466825014877329
-0.656375442951744
-0.64466401447981
-0.52570905002199
-0.503375270050515
-0.613787152629964
-0.447720326920978
-0.460340154203867
-0.534327451678394
-0.666423208917374
-0.451080787918188
-0.481036965132763
-0.491914132830271
-0.586042424798535
-0.461101724314625
-0.288690873018582
-0.660598941031419
-0.475140848732023
-0.571166869045641
-0.404244111752526
-0.509412891207782
-0.457428090873389
-0.537142887365035
-0.464284256243676
-0.307168015353484
-0.589908325766818
-0.519444011018696
-0.471144652484357
-0.548001399722089
-0.409921326424915
-0.548265321467375
-0.483992226023554
-0.481278320537703
-0.613609230956497
-0.527346432069014
-0.372847030272246
-0.471169429245797
-0.356749926762716
-0.410367433716431
-0.288291173727618
-0.599923684396251
-0.516039691729119
-0.401737002690527
-0.394964435918333
-0.490290038482983
-0.248923588737414
-0.35174344735053
-0.238667562593878
-0.437569196792021
-0.410362344680925
-0.463652202547402
-0.509638061839019
-0.319926623654762
-0.471401907713194
-0.273752924051732
-0.337236596084626
-0.443856526684965
-0.464770044764125
-0.35011172778827
-0.243753872731532
-0.370752271465279
-0.443442281611528
-0.471574951924636
-0.412603612682827
-0.35672893420647
-0.308534071476685
-0.414615031833153
-0.489218820791807
-0.291692014804286
-0.378887297602462
-0.336841824085638
-0.447401316154589
-0.325463995989955
-0.372664004517916
-0.434680485697527
-0.411011133271394
-0.476771568878996
-0.324108526276353
-0.309522067281982
-0.374311722380404
-0.513467864262259
-0.335491898687032
-0.175276658742784
-0.31086436410512
-0.229142990811347
-0.434911689601574
-0.289077348569304
-0.0335147051358279
-0.339817535471256
-0.323975630294425
-0.409517923716646
-0.295963363609202
-0.339165878739593
-0.309825685936885
-0.308467445103043
-0.12280715708987
-0.336511694627108
-0.181718698087879
-0.332195258413225
-0.364057364996052
-0.273483556162221
-0.310110158291392
-0.266093075220321
-0.292389780646832
-0.292038773017
-0.298128907150446
-0.353145639080569
-0.203312808163942
-0.241449505803866
-0.328218080757322
-0.366827255536063
-0.372035910368827
-0.319030886500431
-0.328944193775803
-0.327907844204096
-0.423474701723315
-0.16214877624193
-0.280320951255416
-0.277990678277818
-0.236081681416751
-0.29323968481231
-0.198210784229494
-0.285059455624945
-0.1776492545482
-0.223952772620197
-0.274587378431475
-0.232297223017499
-0.224779505615563
-0.187525779449741
-0.274512931306268
-0.343532422775017
-0.171893808932839
-0.230830659624775
-0.339278505230274
-0.330729339048334
-0.109682271177913
-0.205023036365364
-0.119802406262236
-0.234129442959089
-0.182285173880631
-0.200900246955271
-0.26037764321652
-0.331623293301972
-0.273004913101793
-0.262111462080194
-0.239725917585063
-0.13577424770418
-0.182465036423446
-0.157348257814042
-0.272512220372434
-0.298889871774755
-0.172157588803923
-0.304574452412751
-0.0806557852879235
-0.203412546606901
-0.263111273478965
-0.20149523666066
-0.125439429011427
-0.213846889322733
-0.210527836380987
-0.259433937643628
-0.292134992580513
-0.166784813228224
-0.404013915527363
-0.060116938949759
-0.223099935924531
-0.267402915506454
-0.156799323054799
-0.0252841363254738
-0.260946840420494
-0.14825489006224
-0.145497491685416
-0.231041675768728
-0.438051490088674
0.00445633927742568
-0.268067494783139
-0.190443082382928
-0.170126403651003
-0.128483847838894
-0.07460301281535
-0.308553805500139
-0.17061789847115
-0.131763176702853
-0.109489765164911
-0.25384061369917
-0.149475457982731
0.0283745521389561
-0.261433033834576
-0.196334130689533
-0.296255145755424
-0.132696723048585
-0.165704934589036
-0.149592212498714
-0.0829503366390973
-0.1404270530914
-0.136126234074655
-0.041012793210719
-0.123776872542426
0.0074671511876894
-0.0608542752024634
-0.0405451689382596
-0.141572199780788
-0.159503931422646
-0.273524468847706
-0.150591986879329
-0.105623590245264
-0.117513503206072
-0.0679360209737292
-0.0734701405634811
-0.0815924936295644
-0.0753334345522676
-0.101983826833359
-0.0737710539623045
-0.0889993565146423
0.130192517726315
-0.172086626683372
-0.138846162055342
-0.055187938375715
-0.083465021657255
-0.0337873099065413
0.0341749987423092
-0.129499226925737
-0.0628829839188359
0.0446610015985824
-0.241723223906487
0.0489609174649075
-0.0726670112223996
-0.0386155131147771
-0.0803607422707726
-0.134862742619532
0.00419724387585031
-0.20021087822778
0.130933986694905
0.0434856939292739
-0.17111285730504
-0.102484882702186
0.0494427527556548
-0.0929366401742222
0.0354288077640169
0.00283788689944529
-0.138860323653874
-0.0525415638646243
-0.0495225490270434
-0.0275220734112045
0.0779610679307293
-0.105201670217327
0.0727147589743817
0.0547329117734627
-0.222648713586783
0.0303600180320071
-0.0763632488340198
0.0531733755445209
0.0351357747962113
0.07578806418771
0.113554500267743
0.0583362110972637
-0.0276304673237611
0.032607970016253
-0.0301791398495855
-0.0464907481327413
0.0307498275524035
-0.047260127015045
-0.0402454117871129
-0.0540238693269579
0.0110848470659748
0.0826038051665773
0.0106168914124078
0.0017726299677274
-0.0117407775846096
0.209298077011042
0.0459845259808392
-0.0332016407930961
0.00869727084934858
-0.144134308502736
0.0568452393144904
0.00833172408550774
0.0265859181213713
-0.00519794311390846
0.105363147873618
0.260657364823366
0.0758220378359568
0.0789829071589482
0.0145141879389424
0.222952864589289
0.104485464798366
0.0639086860026445
0.145747653299146
0.110923922714979
0.0744035613131667
0.140821548777286
0.108521259656325
0.0113967899805122
-0.0397167557667805
-0.00140158115182865
0.0713428758989415
0.10315095662412
0.135271617433367
0.120415931199857
0.0503560314122713
0.179273161670759
-0.0331353231845007
0.0671126096080676
-0.0949457944260427
0.237879891553171
0.106267081445669
0.00825898329579676
0.151325245593507
0.166144509289879
-0.0772103137843502
-0.0332325417414268
0.0840394556477267
0.0697063027712188
0.188739328975024
0.110347211566704
0.236038410193472
0.036539878848837
0.0659202279331112
-0.0105075248428688
0.119975525241322
0.114973787976441
0.160191831946763
0.162424623811831
0.196701587203868
0.0685402627253237
0.189042912125506
0.233006412706935
0.280020032215198
0.159040392794078
0.0410142550383989
0.265519070429637
0.272683564327146
0.114015786846736
0.14584681261674
0.28859453491197
-0.0481447224266973
0.0435275501852288
0.181053120910967
0.115426645331475
0.183824067747049
0.0861302913652751
0.0516656666787677
0.13434984427827
0.235779185728894
0.113622073224127
0.238023515833221
0.0533437618177616
0.187992354997502
0.118134107114142
0.341256940475343
0.280940031018668
0.353031402954896
0.0897622044036264
0.129259581942224
0.126420741319858
0.183520829680091
0.111750110296886
0.250856909264338
0.154886557234993
0.384149706494642
0.186766481827519
0.290644793223513
0.243235267015959
0.210540090278734
0.272185998174402
0.409175212638566
0.0440329230752104
0.206730747060542
0.341568597796623
0.34023732960304
0.166195573644406
0.0918620679503332
0.320746713367589
0.288679138885798
0.203649256839337
0.151677416005047
0.374332173190337
0.297626893183584
0.144097864003167
0.272762702634049
0.347197433549509
0.186995444478434
0.214656799204966
0.167827899300731
0.419249009192306
0.240667947451908
0.128096774256217
0.330455906386162
0.317310737085093
0.275970929422909
0.266793395000056
0.224990761772133
0.173195684339637
0.322920932280152
0.22947751097023
0.171240932455394
0.167737881830027
0.237499156745172
0.289470289956688
0.443019115360475
0.3440754466562
0.205316876467844
0.344025640227376
0.18326290204121
0.273361693246993
0.341177026129601
0.323836725072234
0.274893768208569
0.147082341022726
0.395942615363175
0.394990080393243
0.31417643290223
0.337622501855323
0.274050496755481
0.275971303774177
0.319835283206367
0.328390040472833
0.3490597627193
0.171361911624002
0.407798255330846
0.262731368584288
0.352109282517147
0.190312348247872
0.269404893770927
0.288598751791736
0.444302761609522
0.405904919730444
0.254519645358591
0.369528362634298
0.280565237225521
0.419080092797232
0.392258753515794
0.50823482090341
0.445789527233465
0.283708386255478
0.251414700406069
0.32044636513397
0.489242707649758
0.471901495181969
0.379378082902963
0.141567328433472
0.479654033357289
0.316342652632112
0.385363378610905
0.328356690756653
0.432642595391888
0.301254224925093
0.407911271942725
0.356919640268201
0.414865616800352
0.400473840599397
0.475382895996924
0.523452722695076
0.335803037491523
0.412142288417502
0.500098101443628
0.439515196216608
0.475199305541749
0.478443243470072
0.552910561177546
0.343087965805335
0.31587577481066
0.347699386825408
0.420414844569694
0.421603568488089
0.398935725410681
0.420730140575123
0.450904472508509
0.295602707868072
0.414753609463552
0.456753399660193
0.430995265994051
0.347797473362635
0.549924744022143
0.44305511022881
0.352613751383533
0.502218012414505
0.550241424764946
0.47573211570329
0.375427765083248
0.484329536783548
0.445548400985441
0.602817431448547
0.569104272870537
0.434827817346702
0.375746606239191
0.47124564691192
0.413429170205634
0.344142834099749
0.431618906701908
0.434088630373014
0.638803430372674
0.239304321946261
0.40813705649922
0.51871801255508
0.412323317095183
0.381538338233562
0.427475430565804
0.431585162801099
0.416543445750378
0.636564506294406
0.532039587103029
0.438670613952162
0.542574413088307
0.493788207584679
0.416747789618282
0.600360505003704
0.463123526171928
0.448525584297422
0.671615481896316
0.590884238340945
0.570674687804726
0.451824328624691
0.567324071961198
0.591638694301558
0.550668304794094
0.476040440625317
0.601919752254802
0.477826972314528
0.379821955815405
0.561045750960958
0.490335215711882
0.442044493712969
0.633065475188258
0.391718561491748
0.572084556102088
0.500600253348946
0.58680275272773
0.518461659923411
0.537103490706335
0.499874336577346
0.362042625417403
0.594625380698531
0.690040636105177
0.613068728298431
0.582305370642622
0.658398656637235
0.488899516073305
0.565032855436112
0.597925758671608
0.498821455505238
0.572824584561228
0.577252666478437
0.748423666373692
0.643085167088215
0.633916873497397
0.599543493439549
0.523036510336493
0.762412313271002
0.555890077412377
0.525518039026846
0.376281080154383
0.579520012008601
0.625893608385181
0.544883200147194
0.575084850472179
0.59076695086711
0.58669298633147
0.690908765865462
0.588295614305164
0.537935295422575
0.689652216043008
0.674805440118585
0.438892085065681
0.732552401161756
0.712144635134452
0.622666417264673
0.482113634450345
0.681090562099782
0.690696665150121
0.466669057381777
0.503356230171394
0.559678938208322
0.77395976699728
0.801055626154127
0.713927795007952
0.644516543850943
0.539264564864771
0.664148066922561
0.581955781968769
0.671134613807538
0.519470873487589
0.67580495648594
0.629444462677906
0.608370218989676
0.841192018698267
0.834750645420489
0.753211264726852
0.700901390245965
0.541400197015296
0.695701769189457
0.727834924326871
0.668319115967455
0.611146645648325
0.52503642427843
0.58481272948835
0.773172516493799
0.711561750313962
0.649854233849701
0.663333980390265
0.679342758667952
0.716840211632085
0.593157866192127
0.733253843013845
0.685393839941787
0.80291372334213
0.650319231290093
0.734504596714649
0.771632496286397
0.834518160795982
0.641225435191041
0.803856209361112
0.658458525101432
0.778354800269914
0.792600972331977
0.696618263494256
0.645463455115168
0.688895065145025
0.772154483540328
0.697396804206549
0.767271935413661
0.629498666586681
0.845405811779154
0.694476274797099
0.669246226539632
0.742273672673084
0.584639758116181
0.781759877055256
0.559901668784236
0.700257150475481
0.901549327016134
0.690351656400311
0.760351980476297
0.654946980546706
0.770651299896493
0.739342113293643
0.726284048529915
0.783974712001185
0.790040414480738
0.784478928057793
0.613059077301571
0.823425572883038
0.797569379491238
0.67127883812478
0.710608081352715
0.802184431611288
0.82462658440273
0.837566335403202
0.704858701557917
0.892375007380007
0.806989055776752
0.889019302863392
0.555937439788556
0.775026146304052
0.860036480832559
0.678353988466061
0.762862168315958
0.749223942729489
0.890878102817256
0.832948354865743
0.76402921781201
0.884705651280184
0.817135475045653
0.783510272642139
0.777032879055042
0.885231733833313
0.809293295312714
0.897308394204199
0.860764876044559
0.825900886801295
0.830795770009883
0.912506706453401
0.764385713621967
0.799889663956811
0.760457862671002
0.71789316098176
0.989969473685635
0.903742199472164
0.850387818224327
0.924752498932342
0.936066628291088
0.764240939360608
0.832601493484025
0.901523489148652
0.911003131384861
0.753336600174362
0.857006454778579
0.981278920000814
0.991131267583928
0.788412588032127
0.885053689487398
0.92203436317618
0.937155864350995
0.905868396734461
0.906686052221406
0.774292865627051
0.968997041095882
0.946133177694095
0.926184286589523
0.835560119030005
0.775481337839611
1.01952245612966
0.846506459007396
0.800398390196689
0.998380247058956
0.762556400861537
0.835481390163199
0.920079598960824
1.10044477021683
0.942587984145287
0.950586223952646
1.0248611422972
0.925005669188967
0.903219677794921
0.934046019398377
0.871906147105452
0.976628604588978
1.061122751043
0.936706169537402
0.874388205020133
1.00081092441777
0.937698255071591
0.908719132066298
0.903369235227322
0.884260505884906
0.910215699261341
0.877800981827137
1.13784610325628
0.995828137035217
0.877981123692228
0.93847240330305
0.968156717718159
0.909289096792534
0.998332323081058
0.909999813562763
0.910415584820735
1.06862909275205
0.970361287965954
0.935408848254877
0.973015955201512
0.897463085073705
1.00847976879842
0.988366403097808
0.990860413224444
0.898692911762541
1.01768913519318
1.02155891945083
0.96769752808235
1.00950251648906
0.93097411611118
1.04469312147892
0.890107159433023
1.06090302813433
0.835444873522248
