-0.983427485149992
-0.880159128670255
-0.854567558968691
-0.915799187989218
-0.77553760681107
-0.986337945528825
-0.99400632437103
-0.957661446487775
-0.963534396529958
-0.944020778152807
-0.833319088703841
-0.897166402649026
-0.902945749280588
-1.09012660564595
-0.9061039197411
-0.929213053269023
-1.02909896948049
-0.924419763858655
-0.882213506059468
-1.09594080796068
-0.951320115117126
-0.964380443376138
-0.795150988266833
-0.944125137543493
-0.884603775760355
-0.98574290531459
-0.909694207620167
-0.907401577435096
-0.933897049874649
-0.899628209664314
-0.976762417302223
-1.15226237383967
-1.00802522425148
-0.943189991938728
-0.964726561094309
-0.983252018542436
-0.922312338297063
-0.878600368254606
-1.09639510644044
-0.917652550079547
-0.953312086548569
-0.820387076340657
-0.866119122854786
-0.891511399539164
-0.828154143242252
-0.990760705765904
-0.977586488922692
-1.03059421559953
-0.898068437373216
-0.855000141415736
-0.908802981655839
-0.93379895149618
-1.03254004848322
-0.930036565765262
-0.696017848481502
-0.801128573437281
-0.999280931900706
-0.8472959213139
-0.904305617093705
-0.803910474479423
-0.789174156536925
-0.940874277679239
-0.68991783426103
-1.00200710330581
-1.0118389045618
-0.788695566076586
-0.789842788768662
-0.862232229817001
-0.872221968178317
-0.854853432332727
-0.823051048084457
-1.0613532719983
-0.958252473035475
-0.828388373319123
-0.904829960202827
-0.763183131449753
-1.01422026771563
-0.766984245491815
-0.789178470788481
-0.776181402850604
-0.814651853100395
-0.942395479310678
-0.74893446660311
-0.786405305969712
-0.913781240616963
-0.868095808109026
-0.672727440897221
-0.812286104782272
-0.778175592832051
-0.793562678790525
-0.950330561075031
-0.591007450242665
-0.790301976445962
-0.816882516579848
-0.686667587314119
-0.808346411260216
-0.870670640323513
-0.867622247644573
-0.860428201757889
-0.60124544848917
-0.874621965892157
-0.732625829480997
-0.712566127459173
-0.758104906895808
-0.968093907920508
-0.902450599031132
-0.804368053714184
-0.674057488769905
-0.727037678430635
-0.912322471743318
-0.628328932291299
-0.706846381573906
-0.765411101505781
-0.797531748554821
-0.826254148855615
-0.76956295124302
-0.750542096457459
-0.738950629732533
-0.824244233510802
-0.855863153022392
-0.707916647426189
-0.803847815086558
-0.773642724214447
-0.938567581654944
-0.784963863858425
-0.807931916957969
-0.755435620866703
-0.753253292027459
-0.648970891247577
-0.808607221703485
-0.784404381521416
-0.625745373571387
-0.944448993870827
-0.707435400691389
-0.736843870731871
-0.838480284586198
-0.557387535795885
-0.662079913399741
-0.821246570474617
-0.690282804241228
-0.781911467559831
-0.737915733042255
-0.710905733335316
-0.729006888224855
-0.74297138785926
-0.730695986092786
-0.47782592524988
-0.695184725770229
-0.751756616184727
-0.67709351443758
-0.671173091027098
-0.568681236227656
-0.693522674759012
-0.8594415693836
-0.627812912015676
-0.675035879433442
-0.609023651138696
-0.627352780427098
-0.785683806849915
-0.717787960864625
-0.770588088846302
-0.634249940066413
-0.58297501103047
-0.59809615593803
-0.678910009285563
-0.686445830999444
-0.708367871307097
-0.694306732371064
-0.593801858167587
-0.663530840459344
-0.52799875924416
-0.628901480005177
-0.619608469025943
-0.684646618852288
-0.626490327941035
-0.746129017393587
-0.49322328648531
-0.608569797457649
-0.672040003197694
-0.523701083712922
-0.679775582737563
-0.656248412434813
-0.630653637218448
-0.680652591583414
-0.583679357607777
-0.689298281380601
-0.755090863486721
-0.417629395360578
-0.525340204341873
-0.523227726184167
-0.635838782674971
-0.673707199459304
-0.655927801815971
-0.63922715225989
-0.554177049077025
-0.715447504878658
-0.684380958346155
-0.604588789676954
-0.642080702457359
-0.695010624462974
-0.662247518424649
-0.534530799369159
-0.604694477997854
-0.450686731271368
-0.672853868945098
-0.625376783823859
-0.550414052020813
-0.679158896759313
-0.578502866002909
-0.527942688608874
-0.489474270951615
-0.419941697407806
-0.441916657567396
-0.528767651728411
-0.563760950509426
-0.721273726900847
-0.486695961283207
-0.516729880185373
-0.450201306155978
-0.657686418055609
-0.704850818946578
-0.495506934091025
-0.615169784627327
-0.573518633840011
-0.53008129720683
-0.564912280669853
-0.543662902143016
-0.633920645440913
-0.64166580215306
-0.566532214240222
-0.408613799104995
-0.516471517350026
-0.376319751238064
-0.557376199865536
-0.508969199168181
-0.562150415578973
-0.366179010971417
-0.717848272887864
-0.663942523778734
-0.520908765045107
-0.60783092632591
-0.534919399154132
-0.515006858450256
-0.483649034878959
-0.471088874108495
-0.557633054290514
-0.363007513158946
-0.499019213827372
-0.465840376055426
-0.352491933233549
-0.569505265059255
-0.422670839066421
-0.459210479554558
-0.423557866502053
-0.593577475877123
-0.508569001517224
-0.573101016724578
-0.455861618237601
-0.648963721367868
-0.587188446140864
-0.423205539513209
-0.439690872084936
-0.535209153260472
-0.427204599035756
-0.426957608987063
-0.533929985496722
-0.509347071468159
-0.371679436848773
-0.685303052441055
-0.520131656369159
-0.515291383839829
-0.445889535629422
-0.434708295341336
-0.421834688382666
-0.38503564592951
-0.402441994201417
-0.538742938591932
-0.410325144072746
-0.525669182051254
-0.640553009679564
-0.406197359094911
-0.49474900112371
-0.426770224474246
-0.382246206534451
-0.470801042076388
-0.524339970736219
-0.48595452407433
-0.437190766173771
-0.458949178850275
-0.589376981708811
-0.363892485276224
-0.39640953845922
-0.491166380522047
-0.440840789975478
-0.473978886614707
-0.330165941458716
-0.595275962334283
-0.246106673581283
-0.397818840933191
-0.464150152448937
-0.402111684914041
-0.429217735144773
-0.552239727048062
-0.352185704502951
-0.40722383708483
-0.443389722230794
-0.298645914346176
-0.554681583066219
-0.417065601506114
-0.433655027852259
-0.380485507096085
-0.428236462187432
-0.453952128602871
-0.344546256458056
-0.375525915365898
-0.378338700408518
-0.420027644212537
-0.393721237032425
-0.370333687644493
-0.335474417090299
-0.38583909218493
-0.40260645831718
-0.316758719440958
-0.355744857553395
-0.378652634699085
-0.578491024676145
-0.345086001244776
-0.272308022604251
-0.399955081508088
-0.345208459453787
-0.400667304770988
-0.397939928824095
-0.39906292907498
-0.44570253572995
-0.425050795336879
-0.459628667969877
-0.303064906009624
-0.314556115779279
-0.405159562814679
-0.411168624372765
-0.318715332149137
-0.190593618584516
-0.516023125436098
-0.252125444013318
-0.322354139676659
-0.216878219228195
-0.140579025226828
-0.263883443001591
-0.297771557278552
-0.323864258896564
-0.362280813068498
-0.36205335676438
-0.326610186206067
-0.147521407039247
-0.392436608672739
-0.455448688868779
-0.343531184971059
-0.302751614727853
-0.328290497023736
-0.398060090609379
-0.143441514499376
-0.387554780119728
-0.342646226769629
-0.366653877518098
-0.182485729964055
-0.304829007618847
-0.270809167194813
-0.284488279956622
-0.345921742517235
-0.282855303535107
-0.122165422791197
-0.276472743847362
-0.241299159666951
-0.284416163025018
-0.388206590139232
-0.247304769049338
-0.290689253464807
-0.297846786173824
-0.251801310009444
-0.321807578240998
-0.24357983689723
-0.0618489705575967
-0.0859083574789479
-0.172223201013204
-0.335621019573233
-0.222871531392965
-0.181290303431187
-0.189663800823206
-0.0718927678499051
-0.229918334714185
-0.235522410156501
-0.293023384765413
-0.224733738372699
-0.234290013627003
-0.231104004186586
-0.225820412170497
-0.221631546776351
-0.233993584915693
-0.228747132187137
-0.0872386430971715
-0.304036837281985
-0.260418934520376
-0.195887272688808
-0.212883147998901
-0.214586310418367
-0.172946771781369
-0.124473981838564
-0.408296504156879
-0.221225974057339
-0.170360622484393
-0.143762906382207
-0.164162495736037
-0.240072883173758
-0.179059405659256
-0.139836429107802
-0.132802335144511
-0.224096707967993
-0.228592128547991
-0.119614463118195
-0.226481639767886
-0.19521690358936
-0.0669267776491013
-0.103876698041519
-0.127404265950475
-0.13145459066311
-0.167269020192625
0.0329135850309689
-0.268959901874596
-0.21627126560738
-0.129307082455364
-0.102305673669469
-0.178727869549186
-0.145382545165299
0.0840650629025667
-0.0651019014872142
-0.207338219178255
-0.209053038174374
-0.137295414924065
-0.0699178162757751
-0.154026239099532
-0.17138761948091
-0.178419951514601
-0.0440831241829062
-0.0111040693797243
-0.0089769848564399
-0.161020899018415
0.0145121324187832
0.0281167983924115
-0.0904411824708012
-0.187577386700202
-0.175302531115498
-0.11156413825759
-0.0344793437442226
-0.0755395576434991
0.0795004409988072
-0.129110267162856
-0.130700564750759
0.0332123018099765
-0.0240183915782271
-0.0753994698547995
-0.0259381540245982
-0.146926829227205
-0.198832059639057
-0.071436757264842
-0.15390460546786
-0.0573101280818968
-0.0622139460429095
-0.218111730774273
-0.067253176135205
-0.170638395630508
-0.0176946888927187
-0.0493955473955722
-0.0300680385299714
-0.154973833572237
-0.0427580017557648
0.0077872073055365
-0.0870736847241801
-0.0242251764748902
0.0776211810363431
0.00118070334118517
-0.0640147813637844
0.0198763000657553
-0.111472711031428
0.00778589056158143
-0.0258727393720423
0.112477686682865
-0.168931723965622
0.00831816233225272
-0.0854651368820256
-0.0498750515646851
0.0422032099603983
0.0448079282169146
-0.0621821974037097
0.0190988019297734
0.0507707928208482
-0.120705676244215
0.115678788367498
-0.0527787492566731
0.0912618673280077
-0.0312404515467494
-0.0215886228408525
-0.0334653423184722
0.164219849473789
0.0503535678306943
0.0131190890769473
-0.214470588162121
-0.0356709712530456
0.0588826278453886
-0.00332223464750689
-0.0453110314994765
0.086754995501881
0.0723819458492784
0.0835123227797825
0.14064951003569
0.00279735680410046
0.131408643063538
-0.0218006495451893
-0.018663582197288
0.146346142918445
0.103335295999225
-0.0517130569976276
0.0528370125087806
0.146239270305849
0.0921654863860244
0.0497218372500917
0.138780334006404
0.00829709734579822
-0.0334053393385111
0.01529571654755
0.0714546909242458
0.0690328953981203
0.145459393177308
0.218107894143781
0.247430408088666
-0.0979834119999431
0.179212510604476
-0.0343320035761668
0.00124973477570066
0.127357383719589
0.180233983611254
0.037645974729942
0.209334314704578
0.0149033133662045
0.0311950147885427
-0.0842730917033897
0.163813731974134
0.1767444383326
0.138555644038779
0.0263807537495764
0.102883655333546
-0.0481570149356233
-0.0118954044669635
0.0560969880411174
0.244759573825911
0.122414829063454
-0.0142320416642575
0.242519766054924
0.0940256110843487
0.102712514694651
0.236779478931691
0.135482804125869
0.15057493897726
-0.0362933383710296
0.0485765986638353
0.0389024260758098
0.21826731109728
0.087276354129675
0.209267636493255
0.00548467517780992
0.129964705105598
0.22229749644194
0.0736689905165687
0.0902891640315154
0.206222360868212
0.215363017244275
0.10724029229544
0.138035520914517
0.128416531009222
0.089037298290097
0.162238221561624
0.24484396924229
0.217038578533613
0.0778148457095857
0.114892750006864
0.0896803899645504
0.106106401978109
0.160855649202845
0.269542360309407
0.213240375535881
0.203581470245915
0.0377458187788257
0.224871413668465
0.169189006074242
0.184421520068618
0.155074596383523
0.0791642329011354
0.211319572347235
0.217888636411938
0.297639364749361
0.246453209611469
0.26030882441019
0.155729719744586
0.15364781467265
0.151303673282299
0.121184531174734
0.280373567948144
0.183477835542667
0.309036383189645
0.32953542809412
0.398187997712948
0.144290763175977
0.222787420496308
0.258070600916819
0.224738626788267
0.111035328487643
0.241257138990651
0.190510023951399
0.0792678094445131
0.300089218876839
0.118296249275166
0.150980108976581
0.247403709275453
0.25577669985618
0.300721918435354
0.406788764434327
0.121008502449413
0.313294615187888
0.294081758525527
0.195068577155926
0.11826337631524
0.215731892921412
0.274476845964068
0.230347255153651
0.320685129264477
0.211382687437748
0.276540109629506
0.400177757525798
0.259873349323396
0.125880808623845
0.215713443534471
0.205904556698103
0.309131570905334
0.247887058205616
0.337195852997683
0.240561670509674
0.294388011402457
0.292716549089592
0.138672762004883
0.257682168933842
0.294522795938835
0.340278620918913
0.149158715556074
0.271154319783475
0.243316816506401
0.445680016215747
0.365501047886482
0.374526876211999
0.525425099509325
0.342587639464628
0.303609807420309
0.238747306835269
0.352788808146192
0.466978706053504
0.29099828626733
0.182404924163568
0.391521395785797
0.393118808424695
0.354104427831206
0.325618855335074
0.195155920906626
0.248727230101736
0.374057943545372
0.328159077364741
0.278808374225254
0.32719635398446
0.493150570387086
0.471635796740835
0.266037008531408
0.275678352481298
0.309560024413405
0.252833962255891
0.349307519708048
0.230430018460917
0.440958903719884
0.345890962523663
0.339022113734429
0.438895879754951
0.419946468734885
0.405467788581822
0.481846987125519
0.508033893543086
0.447690390699477
0.305577628866876
0.351453308559383
0.372612154207484
0.430341381550631
0.345294316993853
0.227200044529221
0.283116769341748
0.438018362929833
0.373771258063514
0.43979379729878
0.449466179812854
0.442388011042263
0.33248487643836
0.437393647812444
0.275477608998574
0.440136073256109
0.385377844458259
0.618930271667661
0.563201382600751
0.378647006415685
0.274935030801443
0.377307087914607
0.454578901800488
0.440134076027562
0.409027370840609
0.408186746819959
0.472671634825476
0.584483601699898
0.465055949912411
0.520480017172573
0.455286524586145
0.287124757916599
0.538277554064714
0.546706967073976
0.469637501314425
0.423263788179949
0.316557027350721
0.294423473541434
0.375684352681778
0.487225536077313
0.415568329403904
0.454036807038557
0.352846660758038
0.367830775160117
0.461654657198367
0.550718629833164
0.502606907528469
0.316132891774917
0.477947686701772
0.388238146455247
0.366523093126159
0.383661598471165
0.524681074436358
0.576440274460939
0.288040300323064
0.39469030191629
0.53093599629171
0.545922145248271
0.492979432685424
0.516775938723181
0.42062939088103
0.474250904278617
0.612203182739883
0.350271480580213
0.651518425373519
0.510695082546454
0.372732837761787
0.448705145479786
0.600096805276391
0.599866739613064
0.535788517018972
0.503741453056087
0.499491325122197
0.591822722535013
0.543877113331309
0.647248981984768
0.588402460142714
0.598188185781591
0.481453460321355
0.514068335590239
0.498046951263484
0.493495547330479
0.757198874594324
0.586803179308499
0.496580845822366
0.38208300676359
0.535022569803683
0.669987038962555
0.520587660804638
0.652450059743883
0.45272721977092
0.573425939297975
0.734016896538069
0.591785502552462
0.606998717863668
0.704135195582002
0.627928006298595
0.546733691889849
0.766255243444329
0.487418927667534
0.637539137258204
0.533121267586671
0.555998940864179
0.547680854992497
0.657852300161288
0.62871827733057
0.60784001246346
0.560353918192975
0.603207549872788
0.4912318022826
0.597932221856075
0.722120660696587
0.605737480638397
0.599015639262781
0.579725923878401
0.495174071860224
0.669510595339275
0.554677328628607
0.798263429326983
0.626958796773129
0.485826001930397
0.625808036974816
0.591252218791329
0.711524332271756
0.583222570169427
0.713416361621395
0.652173661029644
0.762398405159782
0.671834899764849
0.710859677118659
0.66416878948237
0.712989930276142
0.644195112927534
0.567317840567107
0.740316354107579
0.597395576288217
0.673354277959866
0.793905699030509
0.747299977899658
0.724919574365847
0.713894324643379
0.613027300910584
0.522840229963383
0.72241342432901
0.595255832618032
0.599319891760959
0.806726806867341
0.681365292535638
0.535446007129956
0.543717381171933
0.797101810459152
0.537189267020546
0.714006361325804
0.615477813201281
0.850196461206476
0.750079712022654
0.703132152099277
0.71569457841997
0.68586424696214
0.75911224336313
0.842371954330378
0.644166742102091
0.736135767979628
0.846218796696658
0.885799946778672
0.732209339750923
0.78723707360212
0.813310275211155
0.654786162748966
0.824963050697554
0.697616604655689
0.681327427723351
0.717188552348622
0.795270645422911
0.80777692903767
0.675455794136536
0.774428875404711
0.728288396379467
0.702860383749134
0.675342259181666
0.689406484607156
0.898771778411977
0.820370836250584
0.725050389811128
0.785453232655339
0.768576473577555
0.704610662350571
0.78645571537145
0.794963951955295
0.771619536177593
0.854865163953408
0.811410992817133
0.87027042820145
0.855338692050175
0.67874323477878
0.792710831621088
0.81543824341589
0.725300354459542
0.874623378576382
0.726939571566202
0.886409768843671
0.860777929289336
0.958681337519213
0.863019234362422
0.851344438963178
0.730312144008717
0.723191406995422
0.7456989036992
0.86623343254544
0.858281032098046
0.759058353980317
0.879116325856053
0.77931161312341
0.939198400639227
0.894064471291084
0.725209896527783
0.91676427916842
0.749310977903137
0.667174961142761
0.732588624402769
0.745377633141306
0.951268995259026
0.958147344964639
0.922419295535422
0.7926567825447
0.797774713133712
0.740144181077599
0.981153746067931
0.810787317367046
0.860471464975949
0.807009038915897
0.857207433447561
0.779427557791815
0.856217814167518
0.847064071026957
0.817302779537195
0.81041831737652
0.978558831835468
0.737031622152048
0.976511975718371
0.897276142025919
0.813177486346868
0.78775416687701
0.720876690567397
0.747154355245834
0.894724746197038
0.878262948557575
0.892336751728148
0.995416080535305
0.860067447781004
0.884123071485744
0.95038330219424
0.853334079743269
0.779912200924453
0.895481257378654
0.895720594039202
0.950937580989773
0.978247171175407
0.966619825698416
1.0767105942335
0.976514188399459
0.973129316667984
0.887116146266432
0.978422683074311
0.985419794657762
0.900866200972815
1.00574347811471
0.836829992547241
1.17070664241784
0.997989351666474
0.7759043221138
0.977142694475731
0.883914643135183
0.746917958145067
0.882130325649257
0.968728320352361
0.888862662438778
0.822194867719075
1.01011361763241
0.948396733836718
1.02064186226148
0.929381947024661
1.10134492345059
0.806662312595949
1.0050231210367
0.878423801708012
0.847368292767948
0.871711644206337
1.0876171662538
0.896008710581279
0.958054285978597
1.00840045858414
0.934783605876325
0.946844838063564
1.0596324527201
0.940278019210584
0.952928978867947
0.92992441994494
0.981746339485227
1.07719474406798
0.992778090086928
1.03597880835955
0.92336143159991
0.940580017484368
1.04997898658636
0.988044547578245
1.04588437621614
1.01166218689711
