-1.12808560798606
-1.11562283974073
-1.0309519426379
-1.07407489940051
-0.964930416928554
-1.17906536375438
-1.0776751659862
-0.939241957111811
-1.02996330169909
-0.846594078404972
-0.914633840066555
-1.08497186146542
-1.01328738155207
-1.11696022217927
-0.938372265555308
-1.0598813933707
-1.02166454284871
-0.854154604570161
-0.919061520141359
-0.866522283696494
-0.931153725878666
-0.865373225919703
-1.01878916975149
-1.00903158375833
-0.986136705255925
-1.0517289293004
-0.890687435959272
-0.895204966359313
-0.830416244365318
-0.907292603292016
-0.863726283558906
-0.995745512213
-0.996682858020862
-0.854891096998752
-0.918437108997304
-0.935017139452454
-0.927652775554588
-0.989658052353449
-0.853222499755223
-0.946906126209379
-0.930291258389005
-0.906879287432995
-0.94657115842588
-1.09775877016065
-0.708881565647375
-0.986933645432835
-0.896160537840447
-0.89762502451306
-0.916645025665246
-1.0352619577145
-0.745649438822446
-0.908290356750446
-0.863638059963672
-0.900634506347532
-0.86860495452765
-0.833867079528549
-0.926057421308314
-0.719501526698188
-1.02065827122733
-0.837666623637583
-0.907959582001742
-0.812920756513847
-0.828765559854121
-0.878236878936167
-0.732134557463804
-0.864624301831955
-0.926678864101793
-0.80359586834249
-0.817131614752142
-0.800777517799353
-0.825926923753533
-0.822574753712823
-0.914752306835847
-0.816967118796242
-0.863085207208915
-0.846575518838202
-0.88239914090117
-0.733419625097049
-0.885398860314769
-0.846891747310237
-0.934943348826467
-0.913947282270469
-0.865463220517288
-0.881067257767921
-0.690256604473381
-0.949053892973864
-0.794973191609776
-0.830955679393335
-0.92693709575768
-0.782010570031066
-0.849937839656664
-0.916113224039722
-0.940930635009017
-0.658679332372177
-0.813620652650051
-0.875218108416685
-0.757125369425454
-0.835448593918923
-0.891573965826383
-0.817847631286831
-0.921103306863115
-0.806790918659824
-0.739584107602364
-0.913458761717926
-0.733572266432889
-0.85564771891097
-0.860666174256451
-0.815310593526278
-0.777049017200869
-0.797513125046299
-0.730263572081793
-0.738077090447736
-0.645269384763091
-0.811794508746621
-0.707736520933731
-0.797036913219634
-0.832663683872593
-0.719169875894072
-0.655895845077655
-0.780322429404711
-0.707346905649609
-0.908274034696844
-0.658351762428088
-0.710769728464905
-0.694207948431958
-0.85623302015323
-0.778036002938524
-0.715120061729681
-0.828786482885945
-0.788121681076844
-0.666190776555134
-0.815882425300733
-0.712989909947102
-0.631803977756221
-0.720504300147548
-0.714717293636898
-0.777543539100522
-0.854329994684757
-0.73700479052261
-0.842677696287025
-0.832634423821452
-0.625217332871277
-0.651187953819321
-0.737105696709269
-0.60059851224069
-0.69517392558472
-0.5396477809261
-0.41235095139419
-0.651089300561182
-0.68947398636464
-0.617290934768397
-0.651711191084098
-0.754427750876182
-0.503305647719376
-0.591059443081312
-0.536698580834804
-0.657253817501978
-0.457915789328197
-0.757366343605719
-0.763987203112002
-0.582155837449682
-0.598573602963483
-0.584379826773484
-0.637092055045205
-0.675464413720905
-0.693617308390403
-0.765038425352587
-0.707660717917111
-0.618873929132951
-0.62747460468815
-0.574704147118026
-0.633158888191581
-0.61166151070378
-0.611320529238828
-0.606538074213411
-0.699720545326702
-0.684255730277025
-0.662248014314261
-0.514460989280451
-0.698668947794139
-0.655576292342066
-0.51926164395551
-0.666546631374013
-0.655379797734647
-0.518391339663409
-0.502075569718203
-0.700575795564022
-0.707575407127113
-0.601527311991262
-0.665803182897463
-0.662746281605224
-0.531496205797214
-0.637682298187012
-0.714932502016986
-0.636381715454086
-0.686242504742921
-0.625793734453521
-0.808904341388215
-0.521682233871963
-0.58211961053371
-0.480659946928121
-0.649117322741806
-0.487643316280381
-0.589223996203146
-0.67831126765174
-0.573162873457156
-0.60111722682925
-0.526951545936263
-0.613501013590553
-0.506041253088694
-0.531056992197479
-0.568155764472455
-0.636723146751887
-0.409648217745185
-0.42811542994583
-0.640163539647156
-0.658386003964615
-0.695714225943476
-0.542091297585096
-0.50500478194472
-0.588410504687339
-0.440303305589443
-0.462098164127556
-0.690496192224106
-0.446083096699539
-0.723001818570363
-0.411644738716324
-0.596030166931103
-0.618034693893271
-0.495011790182602
-0.437277211073454
-0.577532174398735
-0.553464144818449
-0.66900164596234
-0.657523748702837
-0.610051192309322
-0.475121122292693
-0.472440658756715
-0.561406318999467
-0.305338623324308
-0.454768805672706
-0.606418657782997
-0.442287079031589
-0.455542819142832
-0.553436737302185
-0.552655156203814
-0.480872080863552
-0.497682797215215
-0.396686772161764
-0.525226140434709
-0.430247006579777
-0.454583476589707
-0.472719082899873
-0.612020149888231
-0.637949696342738
-0.505324414806609
-0.502756184753778
-0.444978535782723
-0.429966052313935
-0.555831335717813
-0.47925969096745
-0.538697280485308
-0.487945798022816
-0.534170622082775
-0.468761141959779
-0.330251206495707
-0.579306155934262
-0.423121106692682
-0.59589558607371
-0.618875672548045
-0.31197426625602
-0.466771116699477
-0.474854265168331
-0.436303447295216
-0.398512806705171
-0.459472751972827
-0.50998033666743
-0.379149314600384
-0.498312171982986
-0.405575483965679
-0.510104724855418
-0.411858395404495
-0.303507451754839
-0.468254529949771
-0.366000033912069
-0.486514219608571
-0.410345212284278
-0.41180030751458
-0.494344043926806
-0.345236060471745
-0.442552209146576
-0.333821853677905
-0.434996534256154
-0.40210870928329
-0.553952442848423
-0.613659098221221
-0.527678799134878
-0.403037213674435
-0.315192592016276
-0.431518635743804
-0.413689221650896
-0.462929045463824
-0.335165586287802
-0.363662758566532
-0.398543423256399
-0.353267093863333
-0.440203405409975
-0.439699232359845
-0.335491787963348
-0.325093340188957
-0.355298576340813
-0.429261262992438
-0.440252136149378
-0.393428402197173
-0.312079796379285
-0.390878623880456
-0.218658481961156
-0.332797562318653
-0.242227408592918
-0.326338808659974
-0.336986616360363
-0.268670624064801
-0.401809180783415
-0.172656375317844
-0.311564617675445
-0.379057846874426
-0.316543969998653
-0.238368787091837
-0.217143550360976
-0.331802498580546
-0.253064899582181
-0.324725631223267
-0.270952228638425
-0.339540200501861
-0.337198231064135
-0.478577744784507
-0.342319224992298
-0.183757216197607
-0.412766814427264
-0.457718660194885
-0.209873008277666
-0.42424081896715
-0.258162711717863
-0.31719560950451
-0.336659491065138
-0.351371006537448
-0.206265580387494
-0.264382225267773
-0.265399269862898
-0.4116965753712
-0.221875978163908
-0.269687407878661
-0.348937747421447
-0.389312518607109
-0.466328566458199
-0.164509168287059
-0.274263437313102
-0.283315863246251
-0.196524488463671
-0.279223087000338
-0.158970807298181
-0.270444729033705
-0.146853789024012
-0.308117728631166
-0.356912993575132
-0.306997087692699
-0.311392645744326
-0.10731511064648
-0.24003292084363
-0.226846090988561
-0.28724820905038
-0.262114392734685
-0.297451258285438
-0.0884712066472761
-0.317217099336165
-0.143912813384341
-0.498273006970308
-0.242817265827793
-0.0884358539872615
-0.0976634665744244
-0.411310366101021
-0.259322465416099
-0.0459857240479211
-0.33517325763451
-0.194239752442382
-0.254615883080335
-0.0611833146137314
-0.234353370602249
-0.239291405698423
-0.195955024099471
-0.16523394996782
-0.159955334308026
-0.0718089174741318
-0.274028764725644
-0.247532313481913
-0.237106672823512
-0.178620271384286
-0.219518420598093
-0.143036366639383
-0.214431181016139
-0.147279394455342
-0.165746783104797
-0.137930330228885
-0.220955433224865
-0.130565757886202
-0.0774310260104111
-0.226979126113972
-0.333377188608932
-0.169373289646563
-0.0408177646464832
-0.250810379867154
-0.318321189268667
-0.198249439088787
-0.0670321550743799
-0.148593590629937
-0.214598787063595
-0.131674953141288
-0.162691678818778
-0.212257708482728
-0.0744484913809697
-0.192872355008424
-0.0485559042811217
-0.243923397859776
-0.113529618940175
-0.311502089669257
-0.167323990522961
-0.102547920666258
-0.204208444604403
-0.0110087843020807
-0.138118584350955
-0.16129862964422
-0.401418425195413
-0.109292197474607
-0.0323758202353755
-0.217979595511759
-0.00398139732438289
-0.25069270736958
-0.0743796352194443
-0.125810347711544
-0.279228978399689
0.0475481149303571
0.0155604567877906
-0.146244052805657
-0.0715532378233069
-0.2825520689361
-0.0539264981325705
-0.10274444539987
-0.174923213288793
-0.250997433264685
-0.0890773407361027
-0.121828676550177
-0.0972998257701254
0.057436324233035
-0.0178550188690304
-0.0900366217738143
-0.060639087794202
-0.0529675389843542
-0.0438464808783957
-0.0701832526205041
-0.080178939406045
-0.148879212992127
-0.0403008804726786
-0.148103334621827
-0.0488275364611431
-0.0791489706943813
0.0342759714844136
0.0122672397173849
0.0821675821482595
-0.0922790807559393
0.0973906114058052
-0.0641351756901323
-0.159324522868345
-0.0185063597179999
0.00225891963762891
-0.15066789567623
-0.000325629245340683
-0.0691822087034234
-0.0238477447317661
0.0291162343524104
0.013987518120266
-0.031819059132373
-0.160422188718964
-0.111828668495504
-0.0600500765124172
-0.00906322028773899
0.0427748427199151
-0.0953908038502013
-0.0799643835471962
-0.106187902643026
-0.0274773594227772
-0.0455668832033119
-0.128241545434942
-0.00742564505841069
0.000778733215799524
-0.013385606432687
-0.0250203555129357
-0.0421393506181155
0.038174089962957
-0.098265602025102
0.0524369583400556
0.0185974102669378
0.00410871138631943
-0.00560435152698688
-0.0277623864697307
0.0193274985994256
-0.0462101966706646
-0.122474785610887
0.178177060120862
-0.00123623409912611
0.0714736553575282
0.110412627288929
0.0455740596788368
0.183540292175453
0.0194064171739912
-0.0659512695594461
-0.112567885626888
0.0443678903646522
-0.161547278689061
0.00267106019021657
0.111529259092806
-0.00424418755218962
-0.0399264849349436
0.00812549877754711
0.07637097651331
0.0449242366356426
0.118857271588835
-0.0311681361129701
-0.0672176469673672
0.14070324256144
0.126658567912535
-0.0345632358226123
0.0258610940898224
-0.00214517362005835
0.116306634693141
0.0635515289251917
0.100989084968549
0.125950655089615
-0.10854367972167
0.0317887433621188
0.0995781478231202
0.127990164346612
0.0308584811437212
0.0893798371114552
0.135980456864197
0.0815691097725662
0.150017737279255
0.124663328224174
0.0939522040392432
0.12330214207795
0.0655188451407619
0.187848923348996
-0.0197617147985513
0.0213847712523352
-0.0506722234159407
0.100935913431385
0.0411154255492669
0.130037776368272
0.145181482436286
0.0932190438163504
0.148605328175368
0.0366055947554541
0.156582443128263
-0.0271678666486466
0.150769828872877
0.0879698137704017
0.136467652884127
0.0701849305865593
0.110471480377433
0.113902963438988
0.206238864777298
0.229872264589248
0.208742537194918
0.230002379200241
0.137832654240397
0.15288460434048
0.301909132992813
0.0354411043784682
0.119851181028267
0.187393033368321
0.237597130513797
0.26339351606957
0.0113748575842076
0.117188028124908
0.261676331293588
0.182178287575874
0.192026251547946
0.0534088303558512
0.0552401032858931
0.181310911256342
0.277067198353019
0.0985791739792007
0.235197167590853
0.10639705037487
0.189022944149274
0.0588675929499114
0.140427955892997
0.154975994836125
0.354076237726253
0.358992315957549
0.0310749141598399
0.10974051993571
0.299490472559923
0.129784921385979
0.17721119186572
0.189508259105214
0.174148382868175
0.212253489854076
0.0929825589349712
0.324165170581291
0.148532819424009
0.20014294284319
0.321693142026493
0.179542103375883
0.338736206165445
0.370361626374909
0.191127694722888
0.192696343433369
0.323348283272052
0.426005012910862
0.219471491546803
0.382883597068651
0.247781751042961
0.0920427060613299
0.196710489384016
0.282737563920528
0.126226248864058
0.251116631872442
0.349155429289191
0.396730028008894
0.247620622242772
0.223443854755745
0.165000673339991
0.292107038629039
0.231786375315088
0.195692882308237
0.187473140822413
0.352964004052404
0.273925853128924
0.449778850057592
0.268848682745773
0.342907476230476
0.189153850954338
0.307029115727467
0.295885902955936
0.293704559932817
0.248644295047488
0.204383403195332
0.220277205489755
0.298996818706323
0.311983129346443
0.364755972833989
0.243449404327726
0.256502249218849
0.275819736971897
0.312478909672219
0.423487615818276
0.319615674215214
0.36312588475688
0.411165483226942
0.325084060781625
0.305412675878306
0.275168052686623
0.26686052608055
0.395861567111907
0.358306466954921
0.222193180090139
0.382640293400401
0.476500042240723
0.442480593934876
0.243143443721997
0.328665738294734
0.236041635248051
0.342165804493497
0.312939299053434
0.437743990366561
0.21296706385171
0.372039738901644
0.229073600460827
0.29615669311595
0.225986777400709
0.357065229131826
0.361936066780496
0.382988252392346
0.408311901358072
0.391130559258443
0.376701175949207
0.45731582091249
0.30332312899514
0.478266142187771
0.340649992691917
0.341498982385982
0.479531158765339
0.468126637852862
0.313624268484194
0.411413526400635
0.331377384923283
0.371560534766966
0.412888143176156
0.482940236805352
0.387458147358595
0.344102825917409
0.500509143837257
0.379928949104803
0.39891992618871
0.447712560759009
0.330670337483554
0.336163388964484
0.370035961118311
0.466659348207363
0.443729896674906
0.461162155671858
0.484001813991989
0.468668905936231
0.554796651938719
0.438538717845093
0.384569756541656
0.514919130088469
0.385010777351905
0.534853608135808
0.525030291382453
0.451313523844548
0.587822935617419
0.369736844147649
0.364118434915145
0.22526577950558
0.457346468176389
0.344888756380865
0.404464762333733
0.459968454098401
0.576195793410322
0.470117987453322
0.394426018927868
0.453002673953835
0.552697529580973
0.477056385209285
0.524815454080318
0.514472915990465
0.476460348370704
0.55338735783984
0.63818152058531
0.419651930850576
0.593145693072714
0.499321425133095
0.520095911019447
0.53619042355595
0.469940559798782
0.506931046717856
0.544815926886018
0.520778613283073
0.588032974988146
0.423995408459481
0.524640791573664
0.517252447584212
0.391366946791821
0.534052784615529
0.453998479385178
0.569794514296184
0.563149396344745
0.666467868263009
0.54416555404934
0.564711484130965
0.410501623768546
0.478112158508777
0.354599831440968
0.513697592174908
0.600444577953601
0.507680175057951
0.683907881634033
0.412299392883567
0.445516470462551
0.518194882242036
0.6509454971211
0.429147456225634
0.544498556375125
0.530606281514993
0.478418094847493
0.556153655897583
0.560178450623637
0.579912630475727
0.602476205625643
0.58161715434579
0.601234795097485
0.607137308445628
0.589492471190101
0.550240290846254
0.600366698623249
0.603369491363597
0.479815019949223
0.721279286588118
0.584512171272948
0.479095659987634
0.567135545778485
0.535738024256604
0.541294748057906
0.623851476281146
0.746939270219433
0.520047521099162
0.588423201888613
0.510370044620726
0.512556860293401
0.551989994207091
0.514170251294206
0.645239098087416
0.592063145320561
0.712926478585948
0.574209970058105
0.567086051786566
0.737019510015429
0.52336313206256
0.618539209503547
0.499017623898143
0.479327277781059
0.553790556211457
0.517730515727267
0.647621360623793
0.730756796113023
0.715009881750843
0.679128049157483
0.664460034356754
0.614246218458888
0.592905395507136
0.713612001158757
0.516555111332127
0.586852965198613
0.680642572183628
0.586654965984123
0.585597883268376
0.607886449824486
0.710153481430955
0.868594277692982
0.646151832351245
0.663608706594204
0.677520336710246
0.741847854187442
0.574633361413624
0.690659657741658
0.561505100418096
0.687239136142884
0.597094231280213
0.659798595609909
0.656911305088489
0.677946573519519
0.850405464834975
0.539457059576575
0.674410959693068
0.705183101386295
0.786896520728647
0.820384228557151
0.617247766274802
0.716843043438489
0.664606686967062
0.843038358928042
0.705274555501521
0.84220022281913
0.748308091442053
0.717582395289755
0.651797844216131
0.827698921869902
0.71829501068164
0.840351465183905
0.701634854749961
0.736214579564425
0.582655783627462
0.644680981062966
0.756480878869556
0.77832700029436
0.730788301008817
0.827560240471376
0.663824700134109
0.72875371608126
0.788518921622829
0.668485686446656
0.748895877508909
0.65289773010863
0.793239381860336
0.750185101784906
0.681962201641878
0.692733308286668
0.694773184828585
0.650857953180141
0.705811470843384
0.649093217823309
0.668448922076135
0.774395656976207
0.738780008461122
0.739334341480269
0.776202600127901
0.658859859998124
0.62619238566569
0.709199427972715
0.869176468882407
0.855881766695252
0.745954127001536
0.782866831346575
1.02252427581
0.798751582271608
0.727223142281862
0.688093675933168
0.73354000778414
0.844733770084976
0.840305123670531
0.749146785237993
0.867043797988459
0.783814038519762
0.726953230467356
0.740573572786232
0.790331407282886
0.666796257647155
0.873904430843348
0.604490495471972
0.867097471802132
0.778171966726246
0.953842566895985
0.966063101490239
0.931000059404453
0.873061584308407
0.772989472358142
0.881415851132839
0.728476021946021
0.86637563595722
0.798917350993064
0.818301715728466
0.867076926387021
0.808698185752624
0.680987384375346
0.977758602145402
0.848589325747166
0.882213309362374
0.835204823659805
0.904156438498528
0.849842790836013
0.931626401321589
0.915930441716988
0.804644087213763
0.894652118086395
0.924449644818958
0.873468325851856
0.870523973086541
0.959271703825561
0.95413554542364
0.798070490576111
0.905893763613109
0.83633946404772
0.879408059185463
1.06292938487761
0.835573463128327
0.841973246601655
1.0210228042645
0.942160048024874
0.924272671952421
0.967933515813425
0.951009348239911
0.98107638452718
0.871217735680211
1.03655947682146
0.881427815561206
0.889004578475048
1.02337068545272
0.90436624244473
0.968114110232869
0.904959478141739
0.793683270096348
0.991035508281722
0.895191395499321
1.28297902090897
0.888580819576228
1.02771473968
1.05805792319794
0.996686332419006
0.895760269452835
0.955662630765458
0.854772629189235
0.911927340413034
0.84807025428983
1.02657616694977
1.18646146140694
0.992250288037947
0.982771505268995
1.00668744326491
0.93808997372522
0.91884391297618
0.991719020988121
1.06391915588312
0.98633693110599
1.00793338720415
0.957881181780677
0.934096384908866
1.0686165829397
0.847049073412028
0.985622074805826
0.938009605785385
0.902438644509023
1.01536610051043
0.784286536960187
0.880649120242777
1.04407701249717
0.958702757873599
1.12640588873144
0.947515595578301
0.932959598531236
