-1.0708440038673
-1.02693921133826
-1.08085610697618
-1.06068416191858
-1.11838766772571
-0.865646482458902
-0.816235479408691
-1.09108359755049
-1.01397209646699
-1.05696227201881
-1.00892887884915
-0.962160010614999
-1.10298195873712
-1.08357419660456
-1.05058641510954
-1.028011975122
-0.841796523247057
-0.974757230358612
-0.897561342416005
-0.870077518225589
-0.945587303552453
-0.977537537060448
-0.868530786187764
-0.876109132529073
-0.889205050265346
-1.06639716111727
-0.934071998645632
-0.92180576955159
-0.716614877609677
-0.876948776110479
-0.939899928242849
-0.82026255927919
-0.88213934051122
-0.998947183350725
-0.997235656678181
-0.860844706025801
-0.88387373524488
-0.850543275287746
-0.971385872483865
-0.831476241270835
-0.869571654263593
-0.982698833104524
-0.931544101071326
-0.911790044456647
-0.906862188760122
-0.798071050932542
-0.926017409246535
-0.952443442987373
-0.851916169343082
-1.00091088746445
-0.693550768379769
-0.950786997251427
-0.915330554553867
-0.832650806917233
-0.841551299653801
-1.0374772975463
-0.905925081113652
-1.05769776590696
-0.995662362104731
-1.11897766831986
-0.944766551531144
-0.882326512211964
-0.811035936982954
-0.854653162650956
-0.981992777603348
-0.90004588215073
-0.7934101902933
-0.936772935392063
-0.890063123599423
-0.883111501426702
-0.849336377715671
-0.778152727167982
-0.726759372761381
-1.07841692038454
-0.804333988359459
-0.723172463350993
-0.746065742544037
-0.882916382683256
-0.937938242273108
-0.59098427254426
-0.720792517036827
-0.998809497655003
-0.705960264386665
-0.829375778453994
-0.890597422281758
-0.874614892035724
-0.787232433586726
-0.740772193685025
-0.852155249083988
-0.716103140435578
-0.826694613927142
-0.818780623533131
-1.05068551924332
-0.751980480510879
-0.938915921655752
-0.740643811444839
-0.752392537362684
-0.653253606579838
-0.69599182484292
-0.958001904353373
-0.731533797704549
-0.841285810494576
-0.745219122265689
-0.68540651499899
-0.741579487133299
-0.714915347630492
-0.802292922900554
-0.84234137071428
-0.713769036715561
-0.724573566756859
-0.728305228595413
-0.846197056509204
-0.784424621588328
-0.658390195466609
-0.671440964394213
-0.713232509819457
-0.883348910373869
-0.829174127733971
-0.746924323003325
-0.857140434229304
-0.724838077436679
-0.791226348964158
-0.755799164369934
-0.747525044545887
-0.785456284570967
-0.636401081129783
-0.820838317431643
-0.861583779029008
-0.761652264479682
-0.573238162903295
-0.744952991575072
-0.672976545416704
-0.788409016455499
-0.616041394041043
-0.654878100763813
-0.729514428241655
-0.62749526325082
-0.722038092825145
-0.803260793831264
-0.724031831601678
-0.867199182849994
-0.633499373350821
-0.678957194251798
-0.509738368466457
-0.665667162017312
-0.711037343164815
-0.716125355664176
-0.729393978407458
-0.766926600706129
-0.700439974967476
-0.749573041400933
-0.537315279865355
-0.697717187385289
-0.634053007532578
-0.668650603600809
-0.76613088673591
-0.72623931228659
-0.538204552389655
-0.712719761884433
-0.824697048114604
-0.715821459975008
-0.81423091708617
-0.847331581574819
-0.793570468595764
-0.628776040897819
-0.506758947200163
-0.839935021751153
-0.683866896587143
-0.702540179411608
-0.743024292606461
-0.58608999031671
-0.705501079506316
-0.563587119143844
-0.627729982729335
-0.646055089703785
-0.602598055277506
-0.564788285376974
-0.693146552101136
-0.682137743891607
-0.683984922129199
-0.581348874459467
-0.505911787430663
-0.712650384488335
-0.562907721955932
-0.654303670801735
-0.710255667687663
-0.708451535334957
-0.612063668786218
-0.684112178051475
-0.65817393376365
-0.618528707073075
-0.592044050350153
-0.69116746779057
-0.625395762372742
-0.732303615543191
-0.715002476362247
-0.588065436856956
-0.654360130171661
-0.620802847399198
-0.638800628495639
-0.648971841771624
-0.653261054215905
-0.611482868481272
-0.648467092129601
-0.528027467742237
-0.467856354291415
-0.46352524316869
-0.634708532479396
-0.608996438546005
-0.665461699706855
-0.562881512508217
-0.663070829028757
-0.555180069788777
-0.658937478170679
-0.563410972700092
-0.700633319642288
-0.503802558358062
-0.554089962311356
-0.602424487701614
-0.484380061567288
-0.574051919857548
-0.593054194185708
-0.562122733669496
-0.507455620910334
-0.655581738888395
-0.545543033012531
-0.515131011572584
-0.460832391726743
-0.405285661144497
-0.564432729251151
-0.611668854937558
-0.506735604541565
-0.722201760396973
-0.504753786090483
-0.559925383395839
-0.525823203261892
-0.388107513307336
-0.519884606744827
-0.489744162504413
-0.475980943776102
-0.517922594692517
-0.544980281465159
-0.651115278264876
-0.599697478389063
-0.524610222478073
-0.479396607277339
-0.694145514887867
-0.496069317743121
-0.588847543829542
-0.556750878543036
-0.438276827754078
-0.533062344897493
-0.409935602886384
-0.413588211041044
-0.449520392078286
-0.62052531445766
-0.538834327647758
-0.407652017582732
-0.528279308077548
-0.516431245170615
-0.521668858153331
-0.455963838429275
-0.484478820639064
-0.472942463640821
-0.628207890230537
-0.585462831981804
-0.512058927666172
-0.462625636991828
-0.442603011110917
-0.539725261239797
-0.706119542304401
-0.444274571888307
-0.458559760641188
-0.387342653406468
-0.381990096964823
-0.411980185801079
-0.534483779042607
-0.414375025545375
-0.295080372392353
-0.535783811042895
-0.310399819961956
-0.484422176573163
-0.410894268094189
-0.564182589435278
-0.471926604556925
-0.43942784628129
-0.475964375156081
-0.484417442262717
-0.552198221803748
-0.292760820188184
-0.520449694605663
-0.449822379438572
-0.299392896815975
-0.472819790565204
-0.408324666425664
-0.52513247513249
-0.345856964342288
-0.369994348810919
-0.330059348644976
-0.43003880949328
-0.442794279690049
-0.347454831149189
-0.250011763886425
-0.310913599374635
-0.435387445147739
-0.37219238052828
-0.39368799092018
-0.429170018325789
-0.496622275169729
-0.446472670127629
-0.46519121145729
-0.398528092396135
-0.277734478063282
-0.569728270706572
-0.274481159451654
-0.377645716700642
-0.448094096496271
-0.40838634248329
-0.403238701241468
-0.408739526021908
-0.374129582922472
-0.420708704840983
-0.331580563056779
-0.342105948962009
-0.358602923549372
-0.182777179903888
-0.321774539121983
-0.508652502814224
-0.406819492901065
-0.37745519967819
-0.329663006240796
-0.321537041230184
-0.421249278307908
-0.326164726919482
-0.394540250677763
-0.324956086202622
-0.187856627696011
-0.106706843196531
-0.298494501465409
-0.377104166011752
-0.254906402275453
-0.295161660132093
-0.414826897745954
-0.41703157911123
-0.305969718553581
-0.1968690962357
-0.259562760966534
-0.458282804567866
-0.310240079071755
-0.268683258437668
-0.174019502127768
-0.350292451082772
-0.249249180845621
-0.362282971631894
-0.36756066508968
-0.274258863554811
-0.37065180738707
-0.301545854945629
-0.133319778600691
-0.355528584685263
-0.233552530284007
-0.329239402351082
-0.394922857070239
-0.217907978000764
-0.238350373412357
-0.378336069950856
-0.141989228632749
-0.257774266479725
-0.233225166908001
-0.383119691711203
-0.21430325049062
-0.206995243323496
-0.266289682922508
-0.130671066761902
-0.296761510779499
-0.150726122585971
-0.334914163349963
-0.235856781755835
-0.279952883533105
-0.389707046063912
-0.298940769130221
-0.179120950301007
-0.0612607098451964
-0.296119403170969
-0.259097165030158
-0.260400800718727
-0.303524225237446
-0.261897840820805
-0.172095894587417
-0.111926555404576
-0.294169534883095
-0.181406275868423
-0.151194737612211
-0.291491148624973
-0.222739098584465
-0.231401681895252
-0.165327256428743
-0.214353896293305
-0.2502639751379
-0.230057480421354
-0.309048366841845
-0.260481051180952
-0.333713825969713
-0.0136341069358313
-0.0890796928401227
-0.261143447275892
-0.144473696934811
-0.0760576770181706
-0.183788464436304
-0.223425909945313
-0.131334171342452
-0.203529359611373
-0.139106057475507
-0.0462502032725765
0.0226013775112447
-0.181047024076374
-0.137233254998755
-0.226137671206201
-0.170525713168262
-0.125018021689425
-0.21978918567372
-0.00429076793984103
-0.358264330417881
-0.169545514572257
-0.333558183703071
-0.135535072912304
-0.21836524190968
-0.164419353900047
-0.0896880022507948
-0.0879994396912733
-0.220368664349259
-0.0647499226903964
-0.0928969527059943
-0.150851859449602
-0.275135096350082
-0.103522104706521
-0.277650990505897
-0.161397977273024
-0.104935738222091
-0.17837259454355
-0.083473471513765
-0.263251912447369
-0.195327435479373
-0.0105344845410244
-0.228179275686241
-0.153782708038139
-0.225247274505743
-0.0118988316456909
-0.0940814426086464
0.0857173783966819
-0.045080885370064
-0.108676896643806
-0.153625244540891
-0.0132900744576513
-0.190822163950979
-0.0164954960104014
-0.14116320862546
-0.128257366391222
-0.0589815298645615
-0.0702399542902275
-0.117624731970465
0.0202886535683039
-0.12518093067406
-0.163105158230064
-0.028384209394612
-0.108696608262657
0.000667458063548378
-0.125639764786863
-0.112586016247027
-0.136166752130522
0.0458823650861442
-0.0259225798820543
-0.0293448682181606
-0.137529680097124
-0.103080043728855
-0.0903272249786931
-0.0973127696874444
-0.0835282170122786
0.0913423730770196
0.00550080589511705
-0.032138138848791
0.0636071220519314
-0.159222903443939
-0.13478933921566
-0.00164750142263547
-0.0976968057471152
-0.00789933227329329
-0.00993172019683649
-0.0146103313667122
-0.0816138766158959
-0.0872666951901901
0.0287078943812195
0.0290882343178809
0.0378225427055038
-0.0597886491386268
-0.117899967672815
0.00342801832138475
-0.00794251009817849
-0.0634423639309291
0.0811649186016552
0.00331335400656431
0.0500618967901282
-0.162852726754081
0.0235895202805611
-0.0707777506919983
-0.0696786025996425
-0.121867621061042
0.0871979777628168
0.0448963590976346
-0.0148129341866095
-0.0309383317990471
0.146289935554872
0.0789132119193674
0.123788506568509
0.0669327938656137
-0.0053637072494076
0.0701746628425477
-0.0873924195036198
-0.131510591568202
0.0715940651288755
0.0666391225393785
0.0374389840339073
-0.0374637685313653
0.00416785712870254
0.0359706613613819
0.0328592901638111
0.0717403593349821
0.0119587723457669
0.0164575459141395
0.00872825591064197
-0.00470614593489126
0.100015535638344
0.130629941273397
0.13546634656976
0.0475535301363406
-0.0104619883994759
0.040629466937219
0.100001601920172
0.202180096345241
0.0870557884990227
0.116638768470468
0.0417638363072254
0.0611967151188568
0.0940404865084059
0.086741369473501
0.10080127465478
0.144900566394782
-0.0426947789484899
0.095330056803326
0.152685412802311
0.0610330353931391
0.195090555638427
0.203464354097826
0.0866490196315458
-0.00145793153615719
0.179215704253344
0.17533153801199
0.0916281401609443
0.119830357393521
0.296961724605419
0.242535737347769
0.0422838711771295
-0.00931229973572454
-0.0392124944800109
0.106990038254235
0.0847228201128125
0.11183233953453
0.125082684992891
0.0453799103655386
0.0525528396014046
0.18828839120047
0.274557329160561
0.120020661571218
0.324168417192469
0.162490407812688
0.134662171328794
0.256688027812137
0.146364708878641
0.0338109691865124
0.313535372210082
0.261013132885577
0.0817456496541524
0.151995644727937
0.280136376333576
0.25038897690036
0.118218087962892
0.176767454520507
0.222281908264087
0.132354999161831
0.1234588899694
0.0803275702884602
0.345371923425684
0.260572592571467
0.0620215993907157
0.188513904249132
0.185582407739648
0.273274799952982
0.188325939151439
0.118640295680535
0.19556254398295
0.199541244805208
0.305659236539703
0.270416172460636
0.277858107595741
0.159915636357752
0.260167381828226
0.161351336778095
0.178263467061832
0.243527834219865
0.200876933745114
0.299674486961649
0.244350028624231
0.230667670387926
0.16925854429627
0.23148110532359
0.190189961470068
0.249362528027378
0.0245516888638909
0.319289173152359
0.353417881099273
0.271184486960281
0.156165176326414
0.208894322790176
0.306962969877936
0.302537462842009
0.323285099042857
0.128671145676013
0.194183664085229
0.180863148921895
0.218061007874749
0.23378548885299
0.209884788500876
0.268228803712542
0.227305570196206
0.145621135385368
0.215695034401485
0.324740171882227
0.16994301610243
0.213597511632991
0.354885003187393
0.2833589955976
0.189505337151043
0.20496926946658
0.250728710652278
0.387133340518034
0.315341348737926
0.350473987994133
0.270069114091174
0.380379269981236
0.271124921756291
0.391944769484574
0.382848775022384
0.410847680138245
0.192169793726042
0.374199584146221
0.128475243371389
0.360076791497316
0.372015568553693
0.270018895272101
0.339631401837584
0.317257557675434
0.290028135787888
0.294650545113228
0.31469670152167
0.400317980029848
0.307811905910566
0.259729185690254
0.405257593122403
0.291447785871611
0.334716501201558
0.325537455487707
0.101835786426571
0.445097984991474
0.362796241131118
0.417150562608706
0.320376670437019
0.465540185911134
0.218113211351764
0.347270791033117
0.395472459369076
0.297102561665605
0.21809452008301
0.329161007043491
0.255412160438938
0.364568972872983
0.311322374952695
0.401156721690424
0.468562928528326
0.422864976934896
0.444616603284405
0.4184246327576
0.312046178028103
0.320067700179798
0.407085006055429
0.323293341626941
0.537923414525874
0.312783132783529
0.480868878525653
0.557805074704781
0.500212076506492
0.328998749886431
0.518009038407953
0.318592784333962
0.245613629123983
0.337474461461237
0.475954615328005
0.385778677124914
0.30448512638763
0.570908624080118
0.372675876747304
0.412142148990518
0.382053800216989
0.363279300632542
0.276958487340017
0.408608787777248
0.38041871958226
0.339187663310827
0.569123070338088
0.500275517481347
0.378447408702002
0.455574666195574
0.373222915944719
0.437891552907683
0.451993950283639
0.545753061879659
0.508269996008694
0.487775319386461
0.500978751808444
0.581122616675643
0.546616577082718
0.491994042404913
0.616281345921705
0.535918070095609
0.370232447015989
0.387891976640939
0.388420349195496
0.317437144097604
0.485711061448228
0.500553042547587
0.529496243119204
0.479838472799621
0.547355993692892
0.384261699917752
0.390384384474394
0.425344900867549
0.430593877742313
0.570290851930591
0.633338034847584
0.451419920653512
0.587483465206861
0.41210304491927
0.526747423699855
0.475580650604092
0.553233781487475
0.502916539376472
0.424779569659136
0.576511220299714
0.470108791182481
0.601434144741973
0.412802783805886
0.463924205350635
0.533583873398189
0.595240246620423
0.487884547721632
0.537565100088331
0.510836962081261
0.508900227614562
0.271150296871304
0.452235397519359
0.557671792592378
0.402163113756139
0.451437634562817
0.437382712113515
0.582257720034322
0.568595999990428
0.566985645970527
0.487172648802889
0.510757112589068
0.665210051632772
0.462674448481248
0.575334065601909
0.498625460823056
0.525481465799135
0.484701017945766
0.472378828716475
0.50179093239745
0.561714869722301
0.522990109885524
0.566822620756809
0.661967642637293
0.73199451850225
0.575334713514201
0.614743100345225
0.598785495595538
0.676514067811838
0.54883083126273
0.542131768730601
0.619998460329275
0.542033131157571
0.602757146445674
0.7585497374691
0.648847507581418
0.552497276087564
0.638692354061123
0.688332976154809
0.629227321837853
0.482636735914008
0.644082542324173
0.521975468584437
0.647223534023534
0.593728436824808
0.617743359662293
0.73545378711841
0.474346799416331
0.629106369433132
0.550060916869878
0.599251712496116
0.561279541151011
0.784598256196275
0.597066445751153
0.546729145607996
0.585971291360683
0.814033480186609
0.60209992001382
0.568704370576298
0.625764257418814
0.741318300747749
0.604852075194634
0.578764102632672
0.636750608904802
0.659634483934708
0.775884288848602
0.781675739823942
0.673933614414924
0.883268710558431
0.707569645095968
0.541858430555308
0.613116309587204
0.778774809171332
0.751813895335159
0.698500659517937
0.652484730883194
0.648855964849802
0.720654526241479
0.79694311792493
0.975029368701404
0.844042518357784
0.667942264311877
0.69949277159372
0.695376967437618
0.716363127077086
0.717805326144162
0.700216682950018
0.640081322952866
0.692405567029182
0.551562276274245
0.72380455900313
0.662038862994274
0.79210156097069
0.741781776287005
0.668332668335426
0.615721326126904
0.767296380211649
0.880647115315411
0.829883304244346
0.580279495035843
0.62950696421048
0.752375557079765
0.653324733959896
0.662587818375951
0.612066607824674
0.729390205568773
0.616813088351319
0.811784178747714
0.670139740848088
0.798041585728658
0.775306825456888
0.708439405991158
0.80201049327655
0.790408244137291
0.553163649862842
0.566674201229703
0.664077973148756
0.65657853513371
0.873637502781019
0.775811950619002
0.896126980673593
0.833608683642229
0.767554720228583
0.779581448484308
0.861509748526119
0.850521694784525
0.747814233960151
0.77207250548748
0.714587875682924
0.906192933575267
0.779632219764503
0.861341942071184
0.870732922767195
0.788189556919861
0.862669430421966
0.863696120239513
0.859284350126216
0.840201650383311
0.858771675931737
0.799239010058525
0.981187779585643
0.685038871847886
0.785825208942299
0.788805575183569
0.888145494950729
0.971191632258824
0.891640859031895
0.863356519258288
0.9125153410012
0.692442571284399
0.788703874297932
0.872828553290588
0.74060967696302
0.680368097731673
1.00179592323681
0.90925770717741
0.728998532861117
0.991344691815299
0.770750566770232
0.934147608232104
1.05179926742482
0.844126236650375
0.921235824602565
0.626272165731237
0.879996400466337
1.06256690884256
0.820561410226456
0.851632057953836
0.88262995978409
0.923929214581781
0.819337376162725
0.878560917175033
0.96797099576885
0.932528079969012
0.903311348853432
0.944431843274577
0.766935667367202
0.890579754157535
0.994831198937501
0.931067966369161
0.832633015043334
0.80512368508408
0.895949485054536
0.82913829366307
1.04420102323905
0.915203432683407
0.937230640651801
0.941259498595609
0.872775510660778
0.823833499674644
0.914026067844602
0.96219468747108
0.867737067112278
0.899701240897411
0.913447809883458
1.05053443708452
0.83502986783472
0.840662652913128
0.903761943049146
0.953705902194311
0.718553924248014
0.962259968833248
0.860278362550154
0.894761206684523
0.882074807173146
1.01488694345361
1.01491224759215
0.986073664355655
0.868538175779843
0.921131102793877
0.991243029638677
0.795478193913832
1.01941627558282
0.922917314311985
0.999112883483809
0.88972542479193
0.82888172352849
0.874493607204027
0.953180663782267
0.968311008713832
0.866752020477623
1.14420560909881
1.10330826081289
0.926574410325554
1.05652156525759
1.05879489495674
0.88667097447271
0.931199910914109
1.11799459141059
1.16964568694555
0.983905136311392
1.01750029293657
1.10771701200165
1.01109717482791
