-1.09224132481034
-1.0271028426521
-1.07653454597532
-1.05762289579854
-1.10583463548368
-0.848525546560047
-0.806069915571849
-1.07325452297542
-1.01418386282561
-1.06749068621616
-0.996939159218335
-0.962866512610996
-1.0909472611133
-1.06737903676634
-1.0506251262317
-1.03118616231512
-0.857986671424813
-0.983536959424951
-0.902420379333796
-0.880960381627377
-0.956877595485465
-0.948741324666325
-0.872326184638469
-0.881017638582036
-0.9093452081697
-1.09072213832713
-0.95010105119446
-0.940892819993544
-0.711898675464052
-0.859192027116247
-0.941503458071263
-0.82314828147111
-0.86856375168276
-0.968485875706689
-1.01110377605685
-0.86413035392804
-0.876074967157341
-0.856590620754689
-0.950361111685282
-0.828512565139103
-0.857564617301495
-0.982026433923037
-0.930502150576536
-0.916152213368992
-0.921683488358758
-0.845651644335379
-0.884702362870167
-0.945227008482026
-0.859398664535206
-0.991087712771249
-0.704548988995613
-0.966050246039318
-0.918505480540888
-0.80861631191528
-0.818453564246439
-1.03213303198379
-0.903162176352174
-1.06301721970518
-0.985430843109196
-1.14275758388917
-0.933715636831762
-0.881372222186322
-0.818746768595612
-0.863198310626449
-0.986165117837992
-0.902823510860262
-0.781378978995352
-0.930780569868035
-0.898752156714963
-0.884159222368049
-0.8621124271079
-0.774847734267311
-0.729453933698422
-1.05913255366164
-0.79389052403961
-0.744638995391534
-0.748090692858776
-0.873441500595574
-0.956155518759311
-0.594174183316154
-0.693318942582868
-1.02454134039093
-0.683356251020311
-0.809995431584261
-0.903893306711465
-0.884174721578469
-0.781299400189749
-0.727639643074252
-0.859644100546841
-0.723343305917591
-0.855144792316115
-0.814886479416516
-1.02055679901577
-0.738568426281968
-0.949579081872765
-0.739371511960851
-0.755647050532704
-0.670357799588424
-0.710781388498532
-0.953266230348005
-0.714121082619856
-0.845883474466354
-0.759717201783799
-0.688253160183927
-0.752420289363228
-0.716102756161081
-0.805210955983098
-0.837922112540233
-0.707989982800214
-0.747158851405735
-0.71901880284743
-0.853051147052138
-0.799103631930128
-0.663909966522205
-0.684824727891617
-0.720342752346879
-0.885608934927153
-0.815512137635741
-0.753076648495566
-0.859297910749144
-0.739547495600169
-0.791603798087172
-0.762621516069684
-0.724757061517209
-0.79486903610917
-0.649089508859012
-0.805736790559402
-0.871543461921476
-0.74825243072672
-0.588152253713346
-0.71544704788514
-0.691711473909905
-0.783337383384335
-0.611428808565455
-0.659792992170617
-0.739453878796335
-0.630046771314533
-0.75112945788835
-0.81825762814742
-0.745303520224075
-0.885981491534894
-0.637817259048776
-0.67230557743868
-0.530245673382694
-0.668486522553528
-0.714269104393193
-0.697861467813294
-0.72405212093488
-0.77348270769638
-0.678276528008592
-0.746777057125805
-0.542666597644498
-0.690937192480227
-0.6546240124911
-0.677518813724003
-0.758217669689233
-0.715932209995352
-0.531872944137477
-0.683160393623773
-0.79991784431587
-0.717350609699161
-0.840575371198567
-0.842841943129095
-0.81748032976229
-0.607622739856197
-0.512561107191355
-0.816291825848181
-0.682282449293298
-0.714257948858561
-0.752363418066654
-0.578299720941546
-0.712383776913389
-0.571600434173974
-0.664411972204582
-0.647583963425991
-0.609123362781199
-0.564740433580715
-0.697824964553459
-0.693167891494075
-0.677258323498482
-0.552340474173365
-0.509839640586722
-0.72123754903583
-0.547641926447053
-0.644832874637309
-0.698091480520182
-0.701100752626274
-0.615381999709114
-0.685215834879004
-0.669581407808771
-0.584159322014332
-0.587360108350101
-0.670189320147644
-0.633714314872132
-0.731076592365262
-0.70754773652915
-0.597958230614268
-0.670886780937581
-0.620983996290679
-0.616843207603306
-0.630065143428465
-0.656932276196795
-0.589260338782493
-0.637493499167798
-0.526775011436896
-0.441791076784892
-0.457221854176147
-0.630639633659326
-0.609961721839435
-0.652950746828938
-0.585238430250969
-0.685754149751067
-0.543909652806264
-0.653144788382795
-0.589680324898146
-0.695137662295302
-0.485034537543063
-0.562716947814942
-0.601830192922644
-0.453834384551918
-0.560578656181473
-0.592409171642345
-0.576212788269016
-0.500245238857925
-0.666544987630468
-0.534990590956819
-0.490048194396602
-0.46222467210735
-0.394035405467219
-0.576197625384908
-0.628731821259688
-0.493073015090726
-0.732883086671332
-0.478975408860131
-0.585969667389463
-0.518645368060199
-0.3982268511899
-0.537349064520512
-0.505539976752843
-0.487030494420609
-0.53469120945436
-0.538543275462591
-0.663817323871516
-0.601012118155469
-0.53972663461311
-0.482868011194874
-0.685522801720451
-0.507307933129677
-0.613030261223452
-0.576610388172993
-0.454868189662494
-0.517950184018449
-0.422099893489073
-0.40760296248166
-0.466576953906145
-0.617496460466349
-0.51178788606209
-0.417348870557252
-0.521671244964738
-0.548441306185299
-0.521260337776114
-0.464175142449075
-0.499088171789427
-0.46838458159195
-0.649534985102056
-0.619688158877873
-0.491308925477469
-0.475130856245354
-0.463708844064062
-0.522861881458396
-0.709684214859573
-0.438066274272438
-0.482202901607275
-0.38664210385097
-0.386745687742743
-0.410689786452875
-0.526825169027462
-0.414771333382307
-0.297580421887492
-0.510410763724641
-0.306650510220293
-0.504067298024586
-0.409654728392364
-0.559229297785338
-0.491863547090544
-0.447935391390387
-0.468507353241196
-0.475435564256831
-0.543290498246831
-0.317281967030317
-0.533582810617255
-0.4391695639973
-0.287973548216021
-0.480493191641873
-0.41359739892829
-0.518771429665718
-0.360691487523224
-0.372757461332038
-0.353231157662283
-0.406821786672639
-0.458975195382444
-0.347841285693317
-0.248540720736465
-0.332242194452827
-0.413290651571541
-0.388322470468585
-0.388521961388517
-0.425920159666687
-0.476795091849557
-0.424463318456135
-0.472883481380261
-0.389710859437865
-0.298298139071049
-0.576346256760291
-0.264565170311416
-0.380667431149713
-0.449761238307983
-0.386374575045451
-0.423641205986652
-0.431070975434465
-0.360548263398882
-0.42122548013963
-0.31063068370197
-0.355621532428809
-0.3484603194536
-0.185608723814424
-0.334382230839074
-0.512424018411731
-0.395413886595649
-0.38317501659933
-0.323491600809788
-0.30228920758583
-0.422589390285738
-0.328339381100735
-0.39120392045116
-0.324100800753442
-0.197671435134751
-0.108734450627217
-0.280648022139537
-0.391130479184165
-0.254248759841186
-0.283084771843338
-0.405258088928623
-0.405210368141409
-0.293130615997989
-0.221588280325003
-0.266193291218449
-0.465389661070516
-0.337533827071827
-0.274766217486936
-0.201984110822795
-0.368592427008405
-0.275880707874237
-0.358505294281848
-0.35707781579266
-0.267926528386385
-0.391245634027758
-0.309041267103348
-0.162714699793119
-0.361349902672096
-0.245146732821944
-0.326342334308668
-0.39831034975104
-0.214694597490486
-0.24194646636284
-0.367226042422167
-0.126966416950464
-0.246873851062208
-0.225618550549633
-0.389595994797691
-0.192313752711174
-0.208025759245836
-0.229449337592527
-0.12582136528619
-0.314670205272937
-0.144472254222779
-0.318281136117133
-0.233357637064244
-0.277649650621224
-0.37265771272434
-0.273688435439
-0.186769535705134
-0.0702676464505295
-0.29388115860814
-0.25848832244793
-0.272959457670914
-0.301592447592493
-0.255931997960557
-0.170468241638376
-0.107847965742945
-0.309185073678838
-0.172422134313732
-0.155826695913607
-0.301205919579094
-0.221761538803211
-0.246188959052579
-0.163872989138996
-0.255773431762254
-0.25810104829916
-0.234859589650239
-0.305726678470351
-0.251173587579156
-0.331410074544652
-0.0212804241641547
-0.0905560946601252
-0.245817973332347
-0.141551544729995
-0.0816482065587635
-0.167030881560001
-0.215274047626219
-0.114477526530645
-0.205435521773564
-0.153392074310961
-0.0586718162223346
0.00219199575557752
-0.187159203079936
-0.143577441494792
-0.25017046168373
-0.179442784242755
-0.127380718777326
-0.242490693321896
0.000507136598210321
-0.358693060754854
-0.173043078958746
-0.338853393291286
-0.145895588632749
-0.224498219433784
-0.179643682489511
-0.0912154206188815
-0.108712898586724
-0.220775664406709
-0.0759010547760695
-0.0877156081689489
-0.156801352997623
-0.265275207029632
-0.105549684551397
-0.281714839855786
-0.187721950081338
-0.0922242241348861
-0.16092432814829
-0.0773059826456
-0.302280485370649
-0.180814990169312
0.0129824308325746
-0.239656854094137
-0.163717375973224
-0.230192969432979
0.00801179756929953
-0.0787377100423769
0.0826616028972475
-0.0324043727402983
-0.0977286997576699
-0.139305392710903
0.00956333831953486
-0.192795443705275
-0.035406837475993
-0.168615502503434
-0.111467235930451
-0.0516134874866482
-0.064280114916449
-0.115406690346361
0.00128488908334229
-0.120558927925168
-0.175248283980259
-0.028898413363048
-0.123885127441848
0.00308207689753508
-0.152951365956178
-0.12726134684055
-0.137448687553474
0.0284374842971529
-0.017389608919114
-0.0163189589047239
-0.124280756442648
-0.0979780281353525
-0.0920849371077547
-0.106002125632098
-0.0782433968926324
0.0977375546741401
0.00581829880449071
-0.016780150633137
0.0597006641015152
-0.171065070308653
-0.134883758229777
0.0177203301265567
-0.0847688347342257
0.00751083058416187
-0.0264131117728987
0.00128489625074425
-0.0916806138016522
-0.0932375021343613
0.0180151066264751
0.0243750462646536
0.00953435118262146
-0.0471246741206173
-0.111431176950454
-0.00419298740947997
-0.0211740725636379
-0.0434221502900654
0.0959865243241875
-0.00349128993129366
0.055317257721976
-0.136924664905806
-0.0109565658618346
-0.0972507182461007
-0.103099128272949
-0.10211482170483
0.0866193384365001
0.0506992106184159
-0.049480935842878
-0.0333633435502399
0.142050203072534
0.0795858300642942
0.119834067789579
0.0818165701355148
-0.00199469712731605
0.0800073071966053
-0.0785771475167218
-0.128059996345346
0.0759677806491243
0.0726038726478799
0.0160837210280029
-0.0332916804236646
-0.0127965083907918
0.0561155053329197
0.0381773541616563
0.0612118463221709
0.00636388721257226
-0.0155005546400906
0.0176349746988795
0.00569444751205106
0.113744084287828
0.109380311855431
0.138227407404665
0.0378614262465886
-0.000141612548297927
0.0419507278751488
0.108340131956817
0.202316379438204
0.0880723389688744
0.107508971139965
0.0265942500723394
0.065226779425065
0.0943720152515336
0.0992785011316917
0.0973386508162974
0.159921941648187
-0.0598102078777584
0.103238187918305
0.142165460078858
0.0621366164616783
0.200261844293495
0.193619601566267
0.0938359992096609
0.0133537109360566
0.166013847264483
0.199380316224496
0.0965809801541446
0.120127328240025
0.297547789418762
0.244022461367333
0.0600420869951737
-0.0183458037222823
-0.0573296378905144
0.101562614450679
0.0906358946880437
0.11500571152748
0.131521162450892
0.0458619709778875
0.0570381666663212
0.185115012329274
0.283658311389416
0.119075386526133
0.304986701890461
0.17450041986398
0.127506668653741
0.259393799489237
0.133730079720842
0.0332745179707196
0.291008408277325
0.245560815260459
0.0797664692065007
0.186586950325746
0.258219739087126
0.248122773580715
0.146880534312097
0.177658220973216
0.233985896570949
0.145676254075843
0.136355144552319
0.0841539508458992
0.351024523582523
0.265489648068574
0.0294528895574365
0.182799509477435
0.205171138338018
0.268311226369238
0.222750161793998
0.124403095355016
0.199113347826277
0.192392950809127
0.30129198287765
0.278383229216517
0.252734856102353
0.186980101622641
0.271416221350706
0.15998871988474
0.177628677773996
0.248111416517531
0.209090458520771
0.284107127235025
0.227845701115312
0.221559790980699
0.181850249978838
0.233862473564513
0.204930572077465
0.219113969743582
0.0503114600702487
0.307028614049726
0.345398264252748
0.279119061288938
0.171101630771488
0.22682943437841
0.316212546436981
0.335209388956273
0.316982929987494
0.132201604614964
0.186705526658113
0.182935599602935
0.231972479371041
0.213652943995341
0.21322711120722
0.290404978451859
0.197636807709597
0.15773488288277
0.215938506118259
0.304026432718363
0.167036998662363
0.241878693402407
0.330764175766494
0.298711694637431
0.18542483547731
0.211668602858092
0.262143216627477
0.383386006840612
0.293449998215207
0.358291242241573
0.251814716561799
0.380528074652874
0.292143271228264
0.412141597075878
0.363864573426236
0.411918028426715
0.191481559111947
0.361393180690136
0.161650395377474
0.376012012248734
0.371929133969362
0.265246079323479
0.336598909279185
0.311883177311304
0.29350827126118
0.325236165311604
0.301142185511025
0.38870206835521
0.302246016765674
0.258431571115352
0.392816170152323
0.286725478802142
0.322342264595221
0.334480152871877
0.117640851422606
0.427462608194959
0.385470887721935
0.424649344609404
0.311063949832328
0.459994436494618
0.240274136338958
0.356845278648641
0.424796092180482
0.305291363397354
0.223958182576856
0.319048475997203
0.251721919277013
0.350415972018411
0.314734811624395
0.388985907926166
0.467655557090519
0.441110635468553
0.46864122273255
0.432503652911242
0.33228752376369
0.310418037721058
0.380294680187033
0.29975484621367
0.524890870095178
0.338692736001895
0.474124419623417
0.531952629199763
0.500333774583618
0.344529741053244
0.514511696889654
0.311982113551608
0.253555766110022
0.347159053013118
0.494843722903982
0.386948450651824
0.319012824365478
0.551641917658732
0.375506842747773
0.425121709805764
0.361595439129676
0.382685692296723
0.266314243413405
0.411465624606991
0.407099677080452
0.344879710172419
0.557128881783922
0.509836354527112
0.362329195169523
0.44864656683775
0.382234508288814
0.453951925234797
0.474982469211752
0.523696882612709
0.511319787992666
0.462313898199908
0.5109520720154
0.583146782210188
0.572088682488032
0.483414948987143
0.639651629984896
0.51316749615713
0.362704095052403
0.385725084455938
0.375890022700422
0.334637113937632
0.48924934736298
0.49764133979037
0.533071620970693
0.487812016363496
0.538403744150219
0.381239468799217
0.405642517779289
0.417096303125961
0.442999255468358
0.577625178417421
0.635718630655819
0.43193228825942
0.58128329774258
0.408099395323154
0.520549042694345
0.487511644535369
0.566886824938399
0.510268243208234
0.439950165588548
0.576244514751944
0.470719174922971
0.614174036483542
0.40473293114202
0.463518560700219
0.534966402156749
0.576685729627791
0.473515985526321
0.538720875379101
0.506190178695167
0.507968852509801
0.292543102690111
0.447271573284678
0.584082613569748
0.394812861962463
0.453436775218277
0.405713273753769
0.60692417086534
0.572486255385133
0.553481656917492
0.524156321348975
0.509425007435424
0.672992559019974
0.475898079830984
0.595189620156812
0.488479315750526
0.546899181652322
0.484974313965358
0.481043112870801
0.514986618787714
0.534875782734963
0.538476861354177
0.570576554309842
0.666531716430046
0.720630610567009
0.557145611627399
0.610992232419446
0.598324845874975
0.678533029387113
0.557366532137543
0.546706999020974
0.624645375239837
0.536401975179498
0.616515466700026
0.739780741784157
0.642713700174132
0.570092699486933
0.634960309119261
0.671143782601407
0.62139035361977
0.460511359928253
0.626534678650939
0.496483922283456
0.664941981790095
0.582076403966541
0.611226749093041
0.730373370667736
0.481894760258003
0.621311503836053
0.55547843374389
0.612939522593789
0.57876933520273
0.79192901065099
0.595329490889297
0.557042972224607
0.601118224705715
0.809202848444762
0.623525988946306
0.567296495398158
0.62549038141886
0.757953822029916
0.622068287935268
0.549114543820956
0.642560854115503
0.660802999629021
0.796303885809242
0.776765325460261
0.677819169486906
0.875520426198289
0.730726135466136
0.560885991827674
0.620489067437203
0.772111393228456
0.757839650478317
0.686837640117148
0.651518878346631
0.636148786497753
0.733757892242127
0.77906577543726
0.9834777732979
0.833876128679678
0.645934626690215
0.727706843442023
0.690766347621853
0.710504419175804
0.701608480039288
0.695941956651217
0.647623601929637
0.720245437891737
0.536638046099594
0.724730652490244
0.67682769661598
0.801023765423863
0.770441247353141
0.683103369694293
0.621875670206152
0.7636502391516
0.912127200520169
0.829012279160195
0.57821945954485
0.62524305989751
0.751951557698795
0.654875618994871
0.691265446240032
0.616880233863503
0.723342212305847
0.632956427979026
0.810069538266015
0.6526484840012
0.79649686200524
0.780159707708168
0.721825632783132
0.83602200553827
0.778135663331963
0.515893057174781
0.559958952570118
0.642612548950938
0.657575433029611
0.868426951372081
0.781868198408875
0.894863203225078
0.840519770626518
0.756252353131927
0.802870442285819
0.866561484808298
0.859696306385057
0.750277462638445
0.775450767143171
0.703360042763692
0.938643040994753
0.763995521261028
0.87816904864621
0.880055117773735
0.78744789390065
0.881454748353278
0.858172869059033
0.8612712350659
0.840392628760798
0.863818251356412
0.790642906109101
0.968093482083149
0.684290652808186
0.7779964844358
0.810299212656017
0.858182850470798
0.931556768319082
0.860742747723723
0.861071052880049
0.911343050502726
0.679890261790563
0.796888023287496
0.859913518103687
0.742176712114785
0.682563947462915
0.980742905818661
0.898132554712901
0.716915242040361
0.98086786824779
0.763569293236463
0.948104051115871
1.04162990431733
0.837223044009047
0.936944484288748
0.641291482057637
0.892573871726915
1.06763961205573
0.807487957062549
0.824254363830687
0.885529143789556
0.912619307652146
0.81972697942329
0.884832881010326
0.974289826689398
0.944848591712836
0.905299534463864
0.95384264505129
0.75757474752788
0.8902668251795
0.985294581548838
0.926739197677225
0.811854685285928
0.823630169605347
0.892969481340729
0.843551837421369
1.03872992513393
0.923058800320562
0.942057883732627
0.95710724952681
0.86705452550639
0.828960386848104
0.92740461599802
0.978154477166059
0.856670789553633
0.924469798069767
0.907922115137496
1.05751363345849
0.845196037650448
0.834130021358165
0.900350614599883
0.956580145973058
0.734652797931306
0.964801007722875
0.830898164315415
0.905912145520654
0.896533382042689
1.01502857839495
1.01309531495586
0.973867469294564
0.86553112159634
0.931306002229703
1.00645806182825
0.80273688085681
1.00496865687321
0.915779790757287
1.0146936954128
0.90652744676435
0.829805181390699
0.853428450352691
0.959215153321605
0.958178954523319
0.861957240807066
1.16702496059506
1.09823820631943
0.936527598331631
1.06846679418823
1.04467145876764
0.876373072644628
0.923213734868602
1.12938125767223
1.15005435862037
0.979754598242402
1.00528648413546
1.10705819837806
1.00495804016809
