-1.09772906760631
-1.0443545912308
-1.09542872946923
-1.07125424568473
-1.12267332084997
-0.850428789392051
-0.822278417477525
-1.06684297278828
-1.01199766209697
-1.06843050757487
-0.994634266984748
-0.977693474706075
-1.06766534145099
-1.06384518580795
-1.04466723921296
-1.02859889519842
-0.861619562709573
-0.966970004822031
-0.895068295316616
-0.884827963806381
-0.916977596278269
-0.964421644792166
-0.854589631127699
-0.871957277843494
-0.894482040951384
-1.08996119446643
-0.947833647718751
-0.917442082291418
-0.721467718082557
-0.861352534129594
-0.953356115946687
-0.816708168953319
-0.867447076855661
-0.985722410117826
-1.01391040736334
-0.87756342215956
-0.886058232296323
-0.850566619269806
-0.963674839765527
-0.823505319880593
-0.855958039803655
-0.983868870298898
-0.935338501648441
-0.91614337308603
-0.905777790242497
-0.835068638916273
-0.888716785243697
-0.956741742610991
-0.870391398806286
-1.0007165986597
-0.695520443155219
-0.96743243756605
-0.892924445064168
-0.832536021268334
-0.842187165406932
-1.04746601943685
-0.895475604390947
-1.06708737176641
-0.977572527171008
-1.12491535235371
-0.951560065036432
-0.873938576095884
-0.810098751227512
-0.865389421545044
-0.989412446128395
-0.887129469230047
-0.774486974156615
-0.954290705652245
-0.885230622937279
-0.876765993260958
-0.852342785317987
-0.783807834541684
-0.734235114910128
-1.08454094485173
-0.837721009549294
-0.743939821160979
-0.753690621421812
-0.878126447275675
-0.949029472765892
-0.597802342384775
-0.722087984061869
-1.01824905652944
-0.686986389309336
-0.833803901564258
-0.887926762168303
-0.884624196773777
-0.789155063159913
-0.720195584758664
-0.840652620039683
-0.748069467588951
-0.834662388907032
-0.828560357882571
-1.05697683340353
-0.745396207211387
-0.95583769273817
-0.74423567834687
-0.744851426051368
-0.657490359753213
-0.695445634098605
-0.958767522311847
-0.709315783785898
-0.849224246652228
-0.748640357752019
-0.707806345616416
-0.742180054174204
-0.719110958477219
-0.796389693935621
-0.861003001358654
-0.706031412723539
-0.735545478351578
-0.71490737068034
-0.850063604334581
-0.796414588111255
-0.675924986847651
-0.68639085254859
-0.720372298230122
-0.884595193666278
-0.826549896396892
-0.718475925648479
-0.847913290379598
-0.751763338031012
-0.780396216899035
-0.75184334241157
-0.728823194845032
-0.784450677363835
-0.647590714702672
-0.80535921398657
-0.859654306055265
-0.743455949439149
-0.588230449002887
-0.717382779903331
-0.667378793587156
-0.796005070396055
-0.601408392615775
-0.638167062034683
-0.725823821357833
-0.64132675355642
-0.737101096179775
-0.804381043749102
-0.755158392471444
-0.896283511317761
-0.622390678023493
-0.661168937299568
-0.50267204356135
-0.677756003314196
-0.722240381299833
-0.689360519788843
-0.717275188540784
-0.762003363545874
-0.699320752937236
-0.754511052977809
-0.535750325464157
-0.675979525265775
-0.632102641661491
-0.680015047369659
-0.746163782883891
-0.725432222036469
-0.520538437174933
-0.717049045237894
-0.809139190414651
-0.718236780993352
-0.817687496551591
-0.845712484757851
-0.823092604579853
-0.621434313476151
-0.49725713121003
-0.829205757372774
-0.676750632463155
-0.724398354218312
-0.740003644060226
-0.578522580682199
-0.7186305535738
-0.552145089387457
-0.663305489798591
-0.64734983529132
-0.606072791321124
-0.558958394464158
-0.691008443812159
-0.697791903277161
-0.676912464383616
-0.564813633449031
-0.503727691306647
-0.729545607093401
-0.583106411149595
-0.660550606794822
-0.713044173221237
-0.694252814177211
-0.595345809709263
-0.680408430135765
-0.641822621498352
-0.595050302262844
-0.592137196714409
-0.665657802936206
-0.632913265539496
-0.724848830323819
-0.682053055334529
-0.596656524229385
-0.654160828543156
-0.61801999420318
-0.629704307006132
-0.651364280481226
-0.662335946719334
-0.599137423549166
-0.640004887645044
-0.51732775869029
-0.4350365259359
-0.467434118262745
-0.629756475603696
-0.60517282845513
-0.647643422689197
-0.58686571799131
-0.666035718892754
-0.543248728937004
-0.650714423376782
-0.57295281003586
-0.690801498413446
-0.516012242645844
-0.573916896858992
-0.603798088834278
-0.466629987700464
-0.563590181756788
-0.595031333190047
-0.57479226497477
-0.488905026592596
-0.63937811290096
-0.516677989004603
-0.499118093848473
-0.456566625283078
-0.397222752170455
-0.564145716089447
-0.627686198790314
-0.49636657131388
-0.719245653764844
-0.498549907879745
-0.592644690998608
-0.505430267687066
-0.376478491123824
-0.542829549806558
-0.496617221087602
-0.495631887206934
-0.520073262876396
-0.569033731599245
-0.664402692907393
-0.601470696730884
-0.514041729734145
-0.473410343241326
-0.70973753712723
-0.494675736901261
-0.603224451800776
-0.563584457101139
-0.447513021490457
-0.545383641219336
-0.403748104675635
-0.404190580839069
-0.456656375297345
-0.630773536365319
-0.514531621124629
-0.427694564843203
-0.529714904167433
-0.534975012279848
-0.539438657981713
-0.453749441141826
-0.487106596971081
-0.476519235836002
-0.642240605565695
-0.613985854763383
-0.496408688164477
-0.471387262212937
-0.463138376473678
-0.518541039828291
-0.700483553038497
-0.430904187036005
-0.46867332930981
-0.397499365587992
-0.373693202670956
-0.413508481133801
-0.560773677514101
-0.433206773985765
-0.28907008018644
-0.517296645195935
-0.319842377475342
-0.512269287343128
-0.417386085033747
-0.561185013053384
-0.477739347552889
-0.456899495429772
-0.476454266172154
-0.481832871701684
-0.567455166040395
-0.301603558419135
-0.530072235115007
-0.467962047002455
-0.305914391536055
-0.486771555516145
-0.399191580888503
-0.51598406624888
-0.346169006831333
-0.358299319385875
-0.3369286491221
-0.41247724039267
-0.433093460818709
-0.346893757610818
-0.264444314124328
-0.308368095941418
-0.425353317448923
-0.385662054498608
-0.376267995879907
-0.441268277273119
-0.469075754087771
-0.45938878652458
-0.462095395053474
-0.408640737778489
-0.301543421712049
-0.591369844367589
-0.26871332358631
-0.397035329549609
-0.420469923994155
-0.386347105633085
-0.389095397405443
-0.398489336358934
-0.37826307641011
-0.421745771778879
-0.346492295981845
-0.343108807871342
-0.363503084250285
-0.185423131858978
-0.314947000098607
-0.511991237084473
-0.418048832344647
-0.383205633043992
-0.312792941739391
-0.308525556977039
-0.418201252151152
-0.308825283240439
-0.406433519082271
-0.3239533446018
-0.195940338726268
-0.0967815720298285
-0.304719873722013
-0.406165420082311
-0.229724692188836
-0.2949901640951
-0.397104694221379
-0.422344752830974
-0.29054678044325
-0.206669161924619
-0.271933366381109
-0.475253041971732
-0.297206470111274
-0.273363318375511
-0.193213180271998
-0.393147730750357
-0.241333652537276
-0.361175244291383
-0.368276045130084
-0.267220404012168
-0.389981892907967
-0.2951929290699
-0.164058031224201
-0.357408564347358
-0.240768873199655
-0.33435074893733
-0.38270361955812
-0.212958630822861
-0.237263993338177
-0.370133429135061
-0.152528222453986
-0.258302060278166
-0.218867560624895
-0.396660265622174
-0.210365888749467
-0.216220644050256
-0.233060155664206
-0.13780853241489
-0.310019828877014
-0.158008198246055
-0.337677561245573
-0.233307971718532
-0.261867882388758
-0.367469162195053
-0.259132386290713
-0.206001501580687
-0.0569028569833533
-0.298394641616267
-0.253862901309713
-0.247893905212303
-0.301091355291013
-0.261669544484639
-0.158770254995075
-0.121169829961868
-0.314346938721451
-0.151903701814922
-0.168195904582317
-0.303706665570795
-0.202684686158914
-0.237801345554153
-0.183145771916998
-0.231668098683534
-0.249666114214559
-0.222160437766409
-0.313990810897412
-0.254847802244021
-0.33053275939839
-0.0179450235555703
-0.097162844584161
-0.256865971048632
-0.121525343194715
-0.0916072695484551
-0.157643139785814
-0.222739021491779
-0.122400870666111
-0.18763246600052
-0.153226410807285
-0.064354524515638
0.0214042889848908
-0.186037695548876
-0.144768131286227
-0.254778587931336
-0.160681274541165
-0.118133208001603
-0.226063597160987
4.11581384298166e-05
-0.354388434127059
-0.180869585288845
-0.334874522297051
-0.128818326215604
-0.204597022666593
-0.163027329740044
-0.096577925559755
-0.101203012392556
-0.202174487848504
-0.0615306526674234
-0.0906491308606912
-0.174188129504837
-0.249886005905004
-0.107766414976146
-0.293369366611918
-0.195296498091047
-0.0982022259470966
-0.173204878679777
-0.0563063938803762
-0.280481688638252
-0.162640161328929
-0.00948516827417021
-0.22488465812785
-0.162147169828021
-0.238790808348308
-0.0190194552398655
-0.0795647039287343
0.0639068109873845
-0.0342336747424001
-0.0926490733185947
-0.161001101878714
0.00837855531844638
-0.209477483656728
-0.0348354717106129
-0.190314794048485
-0.115135977326998
-0.0681965701084521
-0.0555411361195302
-0.134722081793493
0.0152068777893038
-0.130785825315167
-0.159172120901068
-0.049397034058141
-0.132850526835117
0.0019339898631269
-0.141981095756155
-0.114413879644588
-0.157819005710154
0.0545302803787832
-0.0224171043416505
-0.0119788464413063
-0.131354552734124
-0.103451698069788
-0.0673879406634948
-0.0996758977286078
-0.0931798528416127
0.0793770251634688
0.0027782378724423
-0.0377593429709965
0.0546468434869788
-0.172645146492459
-0.1070735263028
0.0151709697992024
-0.0790149438008491
0.00713874361440691
-0.0218146654554895
0.0243547624145861
-0.0946712885046601
-0.0856565693037159
0.0397906500172148
0.024036569051122
0.0365395851869418
-0.0570267729457214
-0.118593955926409
-0.0139606011412565
-0.012923226226418
-0.0530206445956469
0.0871896912714698
-0.0326850215579948
0.0425151311868849
-0.166348938781946
-0.0131540123315102
-0.0788606685108526
-0.0921021815589056
-0.112009384779712
0.0804691328620897
0.050650316935271
-0.0270499340302257
-0.031760031294734
0.15733897373875
0.0862452818975957
0.111432919459219
0.0653041396386397
0.0200763130506485
0.0901435590920079
-0.0825590101246733
-0.117550422263809
0.0745105542210141
0.0791735011935884
0.0165837882650821
-0.0421246850514654
-0.00876601417288137
0.039569617125842
0.0410920692856242
0.0718373900661912
0.00833929628269251
-0.00908053359481205
0.0178488461511165
0.0206228631959056
0.132966253937941
0.120323054597556
0.133542330975384
0.0478408374168581
-0.0208702936828831
0.0382939962342449
0.0967788341756837
0.20574137898695
0.0932102824699467
0.11041654611865
0.0250673432827512
0.0621702974152459
0.102148922769694
0.082236977564381
0.103386714726661
0.126531316648898
-0.0532811825031273
0.109928973498871
0.130919407569516
0.0663541514310431
0.189951416994793
0.192393696478329
0.091349424065763
0.00979366739030432
0.179795492897619
0.195546825762332
0.102949864600681
0.138541533196737
0.288832749536294
0.252384149154431
0.0537134642308125
-0.00498500458951896
-0.044622661021351
0.10772451314842
0.0930148450779952
0.11439220712103
0.13735083193965
0.0373412328739502
0.0465223208851941
0.177467130068969
0.266302488161268
0.118967046168591
0.317655439316482
0.172464539680523
0.125543231023367
0.26526132896183
0.133845000543654
0.0435191365026582
0.30604345167251
0.247441099266558
0.0758800992605793
0.187295087188762
0.276989340812702
0.235632422271971
0.138966192518264
0.169458548937461
0.225306155887374
0.129554492738224
0.1183927598492
0.0819655577847018
0.34525575778524
0.27107970945859
0.0413932868093733
0.179674133555917
0.189295380261256
0.274085919030214
0.193839113099431
0.124321060466521
0.201093645082524
0.197931288884104
0.31723963664989
0.271798782122101
0.280618516741594
0.179090178806275
0.280142197946647
0.160287027085006
0.184380867966593
0.254532389911794
0.208674005269294
0.285989119451181
0.237759455525062
0.214193328867072
0.177550924729272
0.236669409181944
0.198929773191168
0.235328909810948
0.0634975029835593
0.302468548986517
0.374062491337464
0.275270376424845
0.153060485788325
0.229548122467307
0.324338383498504
0.310525702553218
0.300846010247054
0.133985830915939
0.196097488064843
0.195034327620032
0.232010518043955
0.211054561691098
0.22668729204347
0.290783823471146
0.1938755250364
0.164293398345949
0.218093636473929
0.322041104652458
0.147331914248361
0.221575563100774
0.32536401420398
0.285183007545135
0.206209234844465
0.210570623990269
0.264520318753181
0.397307592836153
0.287468548438572
0.359590860905455
0.273562585426712
0.38729232081942
0.277490099191619
0.427486753163026
0.371604553279274
0.417766992191355
0.197397755363936
0.38096640399774
0.163603121332375
0.36726671363466
0.3348371460091
0.251311208862921
0.329823287860005
0.28832431366153
0.282966018641617
0.336781858555778
0.327480181944001
0.382393397665018
0.302789541045868
0.258523104434703
0.424776806918593
0.286346070241001
0.32433189207924
0.336781572367024
0.10335708437273
0.442587937304916
0.36878373249237
0.419168348859003
0.317602844531868
0.44534790269413
0.216925364405271
0.339294365839405
0.435167776842447
0.3010369502477
0.228322361024593
0.315294162315882
0.270953829915291
0.367609034789212
0.317994922689033
0.403896099682645
0.470883806095015
0.445871677416984
0.462378543289235
0.407572943019193
0.329892134739541
0.303977018072936
0.391372339663015
0.310829966818759
0.529467203100805
0.342820294888552
0.489985524742722
0.550808567332592
0.509050320159512
0.338169303070461
0.51002493547516
0.322532904416878
0.240489580021182
0.339771769752323
0.504250636209292
0.392760633260906
0.297475369667097
0.540690133058779
0.350044863676598
0.405529535010443
0.366006730328464
0.373564285752178
0.25838161289944
0.419099627371735
0.386964908109415
0.341859171308214
0.541748622463894
0.520612166958089
0.37761962607261
0.437658459109934
0.371429315300004
0.449618999818571
0.464320344868366
0.54115724903312
0.496058231124655
0.479301943535318
0.511389687995931
0.570587657781715
0.555060434250324
0.478291223116854
0.629592944055141
0.518435639363287
0.362167456608339
0.359983639401466
0.399679553827726
0.34641677497667
0.496741278513803
0.474680265241605
0.53944909283551
0.489431536754996
0.553516144642438
0.383682668669175
0.403774819046854
0.416767519673037
0.459957733449517
0.566593340861839
0.626840988422253
0.44420914385764
0.597798960367571
0.398241974279569
0.521214042605772
0.471221148722
0.538711449146945
0.516038924659135
0.430766575162246
0.582728392451815
0.460678714380559
0.613967906657019
0.417800728233757
0.477948142570387
0.529243577938955
0.580903356738829
0.488466796890772
0.525331133092844
0.518559179649585
0.495305292338203
0.286209234240521
0.450705225072966
0.57352827952222
0.382224358672953
0.450498744105722
0.403078691713209
0.593283449366011
0.576139237957131
0.543795626640936
0.509593123580886
0.515008123989788
0.652877097897833
0.481007721764485
0.607004315823437
0.511211849158043
0.554011650465979
0.492452609419948
0.484210722714731
0.536369945446229
0.552828664212051
0.53023153197705
0.582393629680373
0.650704247332622
0.726392775994528
0.574271477915018
0.598192664950383
0.584591754902874
0.679820398702586
0.561807690848647
0.520205073407266
0.607249030543403
0.525847709484572
0.615884837430875
0.749213448244356
0.635166712808222
0.561027611318823
0.654952060995615
0.67033063594425
0.629042197493458
0.487310149763447
0.629882254260822
0.528629383985203
0.652623948340152
0.584888140892502
0.618099030333045
0.748425668356059
0.470704810315563
0.629188458480862
0.563196641218433
0.60463674451408
0.573190252443707
0.803021921244278
0.594481024976014
0.545712910978333
0.61235043394284
0.796589284229211
0.608710692568178
0.588922378576759
0.636587862758998
0.734050578724133
0.622277114277016
0.580026843407976
0.645726095103141
0.649979142958832
0.788355577780015
0.772859717859701
0.682081491727575
0.891886396328396
0.720625547397555
0.542145378514878
0.628302589972105
0.759572682956374
0.751389134028311
0.683808315205672
0.641162181814046
0.661834938986788
0.749404740908726
0.801059935669026
0.978807670691364
0.826601372108429
0.666494047837744
0.714323309714872
0.71316397733811
0.713253593700007
0.726582437431475
0.680412887334224
0.642423495927591
0.695657645459658
0.535139741667855
0.726065684268323
0.671699751602637
0.809082285399213
0.756317083898146
0.675406064582706
0.616658453995482
0.755081866439615
0.907181376282432
0.842168355063177
0.593108614735068
0.627326943929541
0.730594368656152
0.634367540741633
0.669870342532836
0.635101086661697
0.721694475309464
0.634720080167518
0.804510550329236
0.659756547451126
0.814501412747124
0.759515814791656
0.725490100734846
0.784083525866305
0.783508848735206
0.528530388914753
0.528629559425264
0.658701428813772
0.665923072345699
0.88866022382928
0.778807418204138
0.875182169654619
0.829246292072164
0.766993146309344
0.814521319552225
0.87558335405503
0.850104303741074
0.748690306253168
0.783813635700732
0.719135859720142
0.930431719270711
0.769939172853486
0.87986450947611
0.870611664016614
0.788885566268245
0.885058991933135
0.849481108459797
0.869203811429698
0.832935674523734
0.862249347032908
0.778889597285273
0.963890524263874
0.676717171456899
0.785084702348731
0.766585702668794
0.878601827850876
0.941603741052382
0.891618090805734
0.861695784727167
0.907459113254695
0.680006485075108
0.799949440165312
0.876799669968302
0.731928435650913
0.68453332330969
0.977702182862619
0.903204059194426
0.721736390809625
0.973287873836996
0.770780526520586
0.933312743448029
1.05201560655591
0.834913552629909
0.922747700131874
0.619330872310563
0.878040593329554
1.04629219429666
0.807121286669593
0.846755627776314
0.866042971464711
0.903705514409979
0.806319085559717
0.886545070275839
0.970676117518372
0.935506856756656
0.917502558817948
0.956716530582923
0.764215891444054
0.89311268133235
0.979343756046469
0.934952280226268
0.816032074854954
0.795514219152056
0.895716788097366
0.832551830643325
1.03947992683302
0.92866322232986
0.920719122934907
0.943550003145219
0.873012898754301
0.825386731410993
0.922274125949683
0.952149571897458
0.846130388839862
0.905822901692229
0.918406941642948
1.08128454791024
0.837881418127267
0.822514039428917
0.905330289878561
0.951640223917406
0.721002906843773
0.979186851369446
0.82944369381138
0.899461094648763
0.899602693874237
1.00316732180255
0.997532149481555
0.977524129887715
0.858925767653952
0.912509739498882
0.970942161834917
0.802145299861742
1.00063055735644
0.923815563074863
1.02034303010731
0.90709215151475
0.830908328237122
0.865668029349961
0.969676669851432
0.966924900764296
0.858004238965701
1.15847898703371
1.10893089327483
0.952593986315889
1.05286525996717
1.06208013380779
0.871308521810269
0.93551270205134
1.12553983591737
1.14740780617554
0.992428526705627
1.0179562097958
1.10690151493243
1.00012027798322
