-1.01620674871185
-0.778470808552554
-0.979666356935799
-0.842279815593916
-0.963816488863398
-0.912619407745339
-0.876454304329943
-0.908492587048277
-1.00547248008915
-0.924295983648195
-0.837184863762398
-0.905131819277749
-1.05365391700083
-0.962121156098944
-0.941350405806812
-1.02014939241396
-0.858671943275501
-1.05240627959286
-0.867547995512801
-0.926716897191287
-0.922711281608183
-1.07306920992641
-0.874554958061131
-0.817344133776765
-0.934381312716205
-0.95367421272104
-0.901934376799733
-1.01950017270812
-0.730516465184913
-0.945606149411243
-0.855961949556303
-1.0512213545236
-0.999587877579929
-0.803215344852694
-1.07490175230274
-0.874914969385277
-0.980031124099706
-0.837145665189159
-0.926976607193268
-0.951803324174637
-0.820952750835249
-0.913541437021749
-0.947178794717639
-1.06108430950596
-0.953035693900855
-1.01495551726129
-0.859345299362394
-0.932389903275946
-0.907051418344503
-0.9128139301275
-0.944584116736095
-0.825991870921426
-0.904780581674295
-0.699623322890556
-0.955386631267317
-0.747068480534004
-1.0845055657629
-0.934159862883398
-1.03954671177481
-0.881778633194119
-0.887824213259459
-0.818096669816267
-0.837384559021457
-0.868711635967861
-0.801985204950758
-0.982179206911876
-0.849196993216787
-0.882286005170262
-0.781736950413137
-0.724556776640843
-0.887648870416458
-0.808918272617298
-0.774901153224394
-0.881244130057757
-0.888379403344569
-0.873976879464047
-0.886716406819102
-0.819579902597788
-0.833416500793608
-0.961769201637366
-0.685464052145497
-0.809767382309772
-0.912029414821103
-0.920927803897704
-0.917145979369682
-0.801119851540648
-0.827493122094416
-1.01591361552363
-0.969355899445561
-0.754660938762769
-0.884386404562857
-0.811831687554384
-0.95237806083658
-0.767307044756793
-0.846405983214167
-0.970668017911869
-0.801013621135066
-0.77863329998718
-0.860978856454266
-0.75459280446673
-0.812832949080337
-0.796188652062681
-0.701382369112064
-0.775563159729989
-0.885111735536814
-0.865556862648996
-0.846193568221602
-0.794137678539591
-0.709190698515514
-0.802997188853805
-0.713877674924754
-0.759773533436678
-0.840590239095756
-0.748627936373028
-0.843522158053696
-0.701724358225848
-0.683147626452198
-0.757546305345271
-0.846619294431946
-0.767646820067432
-0.855994555199334
-0.690865212641392
-0.758899428209477
-0.770120421537589
-0.814254493038118
-0.696987496907368
-0.710258116299006
-0.731861785329003
-0.701557559340505
-0.576511952648125
-0.822236821194552
-0.903147495755298
-0.670628963184127
-0.792619832560644
-0.607811650970364
-0.707178648051583
-0.711017268165386
-0.501222415425365
-0.660700116495946
-0.624485035133977
-0.735491111437364
-0.697770573439947
-0.549021688563939
-0.686527190214063
-0.737893002293766
-0.690983461246776
-0.709571116592844
-0.572252145346757
-0.725638405294738
-0.667574720823732
-0.698790904162877
-0.892087671470402
-0.759775368589695
-0.61792665853656
-0.618436707466454
-0.667855668357065
-0.650120763421954
-0.628350068771162
-0.758816799409103
-0.658741326384687
-0.609739621060431
-0.551219218128835
-0.734423419888707
-0.654611220563313
-0.601137214450735
-0.589567103544653
-0.665017611680881
-0.441832181552205
-0.596708123672094
-0.602094496258934
-0.566646067847755
-0.553917640594045
-0.668225248064284
-0.540812884615399
-0.74833447134416
-0.639894667695689
-0.723710303026372
-0.524804605995093
-0.557617409149078
-0.712510684312171
-0.560880124390135
-0.550705524721981
-0.668806311287871
-0.504929745077461
-0.543435603479265
-0.836616213090139
-0.66822829319866
-0.530730338256371
-0.630345918774753
-0.516155635439145
-0.645074763788967
-0.622486956349037
-0.618842440407243
-0.778648100954786
-0.668962102383125
-0.729759488457964
-0.524058869731985
-0.769197866100498
-0.666326417342558
-0.649780528439626
-0.725568558449448
-0.685286717176332
-0.551950130431246
-0.51099467187936
-0.69548405291421
-0.617027588241235
-0.586308768090547
-0.594199270295195
-0.530885305858634
-0.665067384507992
-0.618808938197281
-0.506058059716871
-0.451285115930651
-0.49179474203143
-0.527787038198332
-0.543164405000436
-0.603478894377758
-0.456786763248658
-0.540655053259775
-0.507286453525288
-0.609562310023616
-0.517252092657856
-0.568674943213235
-0.514061719852812
-0.700012372464066
-0.481987420043214
-0.534272137919981
-0.550613415294208
-0.525469605892734
-0.663591626111743
-0.581142540411954
-0.570664834001847
-0.525642643596005
-0.724314894677582
-0.521579023506642
-0.48854005711662
-0.568580886689453
-0.383439566267305
-0.559210272324588
-0.654058543671429
-0.47953982344327
-0.539089187960523
-0.475590591027387
-0.58088055483774
-0.468466017051916
-0.450998164649331
-0.405985587110845
-0.642325340505949
-0.410697117763327
-0.590690107963981
-0.491046253732529
-0.573484562652855
-0.386625955733192
-0.547127068298841
-0.336204966698548
-0.355939173853371
-0.450614831808104
-0.512575245849301
-0.518477017987671
-0.385985021534506
-0.46523943739601
-0.445618085100107
-0.501571683749046
-0.432777413103358
-0.469132849188201
-0.604878854112554
-0.356694585144128
-0.498311121470398
-0.403195262841052
-0.52614226763098
-0.451556528681431
-0.324731875847482
-0.456120779275344
-0.485415572915648
-0.558179654229656
-0.460554177400826
-0.425441168607099
-0.485478981883325
-0.298731141993088
-0.391917217032017
-0.52414194461463
-0.458887568518993
-0.383857072842493
-0.334869138836205
-0.265488180826348
-0.288555852021071
-0.412189954140749
-0.369362535427064
-0.36153049898555
-0.335067427487791
-0.282423883043138
-0.44996194299192
-0.416628403915467
-0.403370522422109
-0.334557199138382
-0.449514709965208
-0.513090820510455
-0.341673041526739
-0.183719594969674
-0.443000094120136
-0.346246968404874
-0.355825281815765
-0.36811378753534
-0.467375582115621
-0.344498510800566
-0.446969234940167
-0.460811672142949
-0.513972414228861
-0.334032833523261
-0.421361894053
-0.343373655361355
-0.443258778726867
-0.428707433462197
-0.404913622520267
-0.395838178917738
-0.366746831043047
-0.508521278030859
-0.333756089218243
-0.335909814918561
-0.388354690527255
-0.359412311986447
-0.507259684081104
-0.397697734448481
-0.240936597008602
-0.34508870805114
-0.375546384577574
-0.28731651515209
-0.363339885691191
-0.489450402308434
-0.316023403367516
-0.323352772250177
-0.295411369788463
-0.231125560308313
-0.435074664726029
-0.36382439085347
-0.319087951508389
-0.376841390929001
-0.322205495499415
-0.268394204541408
-0.325602562554783
-0.331925946188936
-0.450480624921151
-0.199263251256523
-0.177101453635518
-0.246631949882791
-0.28769236533635
-0.337117443421332
-0.211827999511842
-0.250566243484885
-0.447789100826341
-0.196186150849397
-0.274282732321764
-0.444955487820068
-0.304377618781041
-0.312861276831522
-0.250184462188534
-0.27201063733299
-0.276051407184296
-0.266201620853113
-0.412249205977153
-0.257685699291878
-0.191044700316002
-0.315974329395487
-0.288348187066587
-0.357301812561867
-0.247677068441535
-0.351402804707631
-0.402630518390953
-0.298489822371732
-0.111975247232401
-0.296028184875173
-0.203382620445961
-0.280854002030063
-0.215134812597562
-0.290798744101161
-0.268781583376921
-0.215016865648661
-0.194781084670247
-0.165470294518638
-0.277165647420184
-0.412913044404519
-0.147179365770572
-0.226473234544936
-0.223141313960979
-0.18162076865477
-0.339551445845007
-0.178145096407603
-0.0898569910080916
-0.377780464822113
-0.253577202362755
-0.232322142959903
-0.126930586078395
-0.231858087112448
-0.283212512295696
-0.226229326633118
-0.40888898336186
-0.151685623806063
-0.257652690037089
-0.154699298806219
-0.216937260998828
-0.280489455921073
-0.174766018754564
-0.248713598339408
-0.262568407035536
-0.158308185287047
-0.103079901454254
-0.246146471816526
-0.114775539867429
-0.19513323070539
-0.0759969208069101
-0.161684464516841
-0.133569803206851
-0.278031428135282
-0.186407246570995
-0.269198496127647
-0.250363596048528
-0.0719068856794956
-0.157969856893711
-0.107510709137085
-0.109782936018901
-0.21269687446771
-0.0440923414537226
-0.200733666159737
-0.215467214875221
-0.0935940748638825
-0.192817449871456
-0.0158848173883595
0.0370229233014928
-0.0851003885155391
-0.149289964266741
-0.102582851259778
-0.169836847782732
-0.0463119845258433
-0.135311922136808
-0.149396195174849
-0.135064164287677
-0.10530589717748
-0.0796145631893389
-0.163384882609194
-0.306842375440884
-0.197015894124112
-0.125397970730394
-0.0720623395076353
-0.0558797218035668
-0.275499477458171
-0.0479367404063676
-0.0894623198833677
0.0195709501833277
-0.195966263083655
-0.234464393844542
-0.03599973374816
-0.0961301844049209
-0.0921882119137813
-0.149989697491738
-0.0920314020066186
-0.143660555022042
-0.0345099617880706
-0.216976987959415
-0.125541391717194
-0.115404784304118
0.0478396108405051
-0.00628847243923608
-0.158475660991341
-0.0936312595073439
-0.161622293485116
-0.10350697501362
-0.267608250283356
-0.0750053053947894
-0.0051065949338611
0.0373496727634326
-0.0753964347338071
0.051840599051192
-0.18145330828925
0.0236689466075391
-0.0236428134783469
-0.18164560456361
-0.161660704267757
-0.210834551927625
-0.0206063173754071
-0.148234855764818
-0.0319002955931911
0.0351985228915175
0.00169730320887198
-0.0672189923028822
-0.155274642630997
-0.0250128028521911
0.0183438912131357
-0.136670641890066
-0.0925807034963042
-0.104182342742999
-0.0948193110905103
-0.0113672273853767
-0.0416410958354057
-0.0696931020817998
-0.0324229496254788
0.00267879960047856
-0.0561723951645059
-0.0178138295631304
0.118165859365649
0.0527577340845671
0.0902353941436326
0.0672261577685699
0.274158084460116
-0.0555384714919148
-0.0272956915387399
0.0455572704304165
0.0177630216540194
0.0505711972731511
-0.037127139407272
-0.031579689591564
0.107232521188619
-0.0533042311813237
0.0557393746362786
0.001970709609746
0.0627199813855537
0.0365655246523016
-0.0104456671163861
-0.0591396668094098
0.108240018525932
0.0137112182612261
-0.0152292088233265
-0.0282462696120949
0.0971698100518606
0.0106609877058047
0.0620844169094574
0.0518928854584365
0.0250556236521361
-0.063486728189292
0.046729069844221
-0.0459203850710624
-0.0560579011870462
0.0762578519542816
0.0167875226893811
0.311937200219059
-0.00462508392686369
-0.017284472685168
0.0845915359587155
-0.000260596845798738
0.0192295268922426
0.171664046067838
0.0988426524888874
-0.0235292640783373
0.18861870435608
-0.00910044169202226
0.0171947559831834
-0.0182072025851803
-0.0157020781675397
-0.111960946662791
0.0324775441003197
0.0235119661342891
0.149213756014282
0.0230203120050769
0.0251534224628288
0.00557452936257323
0.104134174287068
-0.0379339102162441
0.0617570453974148
0.0860223334377131
0.15351990217785
0.145231185744934
0.102004993359999
0.0383317035469125
0.125237554553855
0.121877780334263
0.0548230375372918
0.281521257891245
0.151308681056387
0.102154667128766
0.204602591121844
0.16659370874621
0.271512112627897
0.129828009820482
0.249793424774449
0.260052128975243
0.154611795784847
0.221319468333386
0.120741010256227
0.0746922924383928
0.0787120794087284
0.240894534084862
0.170116257124518
0.0485220320357519
0.18067897919613
0.04692714498864
0.0847986475251677
0.202541804691414
0.192495785814961
0.148424046965801
0.0881074744750266
0.0649743589551279
0.0959480915097025
0.158155314374407
0.206489820050071
0.0558226646030003
0.080804393333698
0.208453101834632
0.331886578928231
0.221378163981407
0.181521718760344
0.218374936597558
-0.00147427654238727
0.236139257541596
0.196809975374334
0.354060933500956
0.254892747813708
0.317572619871832
0.199931336021723
0.310544293727555
0.23089366972324
0.0833696714104115
0.247177952449166
0.270906913468009
0.130502532970594
0.227803465408368
0.147965836627061
0.265589445959662
0.195126604719398
0.411887470180008
0.360911302721505
0.0964888630934768
0.394830064753027
0.279582925550326
0.162774206635092
0.306994958179092
0.350190039398104
0.105777550725226
0.215195662027714
0.181231274497625
0.188189354676605
0.144441463670355
0.24277323809085
0.36991980983721
0.299620106996796
0.317714790670744
0.290155022812856
0.195723801834426
0.276779191379348
0.167898304039671
0.218609351007209
0.148245388012087
0.425924934878126
0.301914463324616
0.184899583685532
0.286648887852927
0.328399190683105
0.23663330085845
0.239397842557276
0.372049606310697
0.149197974592294
0.159826861735159
0.441314331536712
0.313946371780033
0.499169818531908
0.34110297527789
0.388101614256153
0.353985272856063
0.295536502243183
0.269965024219437
0.300411560840775
0.369728275181057
0.445688449896091
0.282679269676122
0.371507181728963
0.34435414755242
0.358620133380281
0.410348547345072
0.315403186256269
0.209119716932516
0.422702311747482
0.358917941746601
0.133820241044501
0.553503168376493
0.389861560069854
0.352701836617465
0.338760816069286
0.347933394623913
0.463922830254392
0.402287267763447
0.517244577255931
0.354054654911235
0.415166614399644
0.44283529110812
0.414836305217089
0.439109706906639
0.399866370005161
0.488191037963714
0.452103400292847
0.420676764684349
0.358792717973932
0.286993083615574
0.401256829128519
0.317586704400482
0.389016464599774
0.302524865468667
0.43620884018639
0.270611016785568
0.395873562658712
0.447130207633121
0.439186145341203
0.421454014171778
0.390187989314331
0.268171097484176
0.36597118788397
0.323428037499811
0.481650924791788
0.491223211259409
0.457606928109418
0.445134326083135
0.563311572725767
0.441320986788689
0.432490773321843
0.505846404772169
0.539477964585672
0.509885771152311
0.390192720275223
0.47303525158577
0.319487026781545
0.34596686998855
0.429597515229454
0.452913210228868
0.561784290085391
0.400636368289731
0.445250885055074
0.445928052670495
0.411779802423394
0.473361591893429
0.405337135534156
0.423826500957073
0.55717241334329
0.579761099556637
0.474788395092195
0.430710712581291
0.452239290007357
0.510270986816602
0.373449996034578
0.511193009304989
0.319697559344982
0.559815503674232
0.532215698922147
0.457481431821617
0.387407648925346
0.553845873670601
0.420199444278358
0.641933110117217
0.700378226200782
0.708997068893669
0.415878392217364
0.38682489112232
0.585736279523536
0.444484322625704
0.436640130818386
0.540588922862999
0.353204615695893
0.4038832048784
0.48753335158198
0.464963219425566
0.475032841617565
0.363336902097045
0.49507798396787
0.577841211109071
0.51484373104291
0.383507391788067
0.531111407202236
0.561723280993208
0.422500919145739
0.430554971678763
0.385086118421682
0.583338099071384
0.478866792006603
0.550865197891486
0.547969134978296
0.580515988853043
0.411296195783804
0.433765192125282
0.682456484227705
0.590024179252547
0.610644571884495
0.513858286910372
0.458720713684452
0.71042931438681
0.552513267344366
0.578234693057966
0.378056596142236
0.720430713577282
0.542283589615844
0.639335218527195
0.617783871360412
0.588388940611566
0.509991110222246
0.544364993515883
0.455525247779909
0.641756814519638
0.671514532296061
0.648594232904305
0.529112731390696
0.532686792974065
0.395562325198603
0.581006587933324
0.536826311146563
0.629303625540583
0.593300154699861
0.669042225749218
0.66943266645119
0.618085798305189
0.493542193147801
0.709414258510943
0.745659943248666
0.590627207141413
0.459922725243499
0.751526588122854
0.692936439267463
0.556499441410795
0.720812286619602
0.583151437296439
0.419340344592154
0.558882632208029
0.520381883895348
0.580508690349137
0.644953495019824
0.691882993858117
0.534179283594382
0.687937407295881
0.46564032495252
0.656865838348257
0.686881086983359
0.598487859328483
0.667953358070748
0.597103507493545
0.827597988837819
0.732534807147815
0.729698158428091
0.67522094428688
0.697209104438089
0.561628560917095
0.680093768384574
0.634617741783475
0.399475054128664
0.720390685453696
0.621925348804586
0.61215124756284
0.552666954478802
0.602506592792455
0.716618882545757
0.762203697589918
0.506439818464145
0.706235522262842
0.687461925199416
0.716082666317766
0.626408472651192
0.679179237679721
0.54917334947282
0.797214196834591
0.834161130038864
0.875285990070883
0.701648272538124
0.820902460742156
0.667244267476047
0.840748447585761
0.685889149522218
0.716215307880195
0.778720282149346
0.70271016703245
0.656254107977332
0.763598552570551
0.739235823042261
0.709037480715015
0.646913487241365
0.655482705932408
0.769237190400342
0.899434600938575
0.80043242336659
0.964566155173045
0.891843013365525
0.778507536300769
0.819820234781054
0.831491615524219
0.759758741448804
0.906689457350537
0.852315250753734
0.708546180983336
0.651424619792729
0.857661560755673
0.876665536680341
0.693595307793111
0.77469401329608
0.760014423812729
0.807863425894125
0.845905945291747
0.571693013875303
0.562793309529469
0.790856746941228
0.743622872006402
0.815877834556588
0.732012293299971
0.717582162700554
0.791889163838614
0.733523045079109
0.664068053167569
0.838464239942109
0.785903632061436
0.718012712616347
0.820826394567737
0.756682735624745
0.755602383590934
0.821638495488875
0.918800404023563
0.856768804090135
0.81717548309539
0.804625376395482
0.755684358220714
0.968492923003691
0.828203615100125
0.818555120997991
0.863612652416322
0.681016583153153
0.798778842898615
0.888169107245519
0.828695211495115
0.846260277814385
0.730431391611055
0.815607470319498
0.775830250513413
0.79854910680124
0.872990994373548
0.682560684387586
0.784370054901116
0.805179064463061
0.770485391244791
0.931099164461531
0.738169846247278
0.818818376481235
0.954340174623235
0.93809686254059
0.921105304203602
0.810411321229341
0.92997687346623
0.873416604925807
0.850196908448684
0.810875083479575
0.806897224837178
1.00868299790382
0.93654035951698
0.802686854317567
0.84951196974508
0.919448660842721
0.971580176015048
0.925305721708021
0.914188588592054
0.784598573096413
0.910968960587168
0.970062184002111
0.874789351613962
0.888420162746036
0.924218240217987
0.940240850182053
0.826613795594428
0.972677713005454
0.901205603611281
0.820725586489992
1.04606283083445
0.92278900149507
0.864419791043673
0.96608775748691
0.850291478971694
0.934329303427256
0.838585532387719
0.967674389395159
1.00298825007834
0.980569097342988
0.975252564580776
1.04593745706806
0.912559919005387
0.948024763410487
0.775663472178997
0.966815781496187
0.995261066051841
0.934282318971708
1.00139288041815
0.987109815254172
0.910275426303557
0.968078809541026
0.95160078918537
0.919524795022585
0.951256944604945
1.00562103885713
0.951938018764906
0.924626485420402
0.941499633128996
0.992684924587368
1.11354717619198
1.1140371768899
0.872396633332327
1.09277963193131
1.04003690567044
0.994363223066487
1.10756019638247
0.999982417395294
1.01232346737534
0.976641910452384
0.774260211086236
