-1.11489820811544
-1.09277833650314
-1.02441906332669
-1.07661634694966
-0.976868432456724
-1.19156398744378
-1.05309007396488
-0.910043887677775
-1.03251693716278
-0.858163231824247
-0.90488697997293
-1.07959205833052
-1.00924971592516
-1.10614712150342
-0.946755522155482
-1.05497990201684
-1.00978962583271
-0.850034113031234
-0.924657879647684
-0.887939315979855
-0.919638074553632
-0.876991131278267
-1.01337317307985
-1.01264074124392
-0.970588906093314
-1.05264282107124
-0.883450728887113
-0.894897046861434
-0.846434990558656
-0.908922925421748
-0.846555110419183
-0.996487970642106
-1.00402858494823
-0.846092349470824
-0.915143199263459
-0.935858225704955
-0.917449690099644
-1.0165685592987
-0.834667297926736
-0.943551165172043
-0.961317865863252
-0.926999323866455
-0.935224248553677
-1.09088841107973
-0.711972758203878
-1.0013194914373
-0.903655463448601
-0.901050019389079
-0.911576743040919
-1.0268311100454
-0.730201457809784
-0.913821739486477
-0.896323636535809
-0.888059096597946
-0.883478675066559
-0.840036367693379
-0.932888614964215
-0.723290004402115
-1.01383517596644
-0.849004312509831
-0.922916417097015
-0.818181155893307
-0.814859640847584
-0.874234594564833
-0.743908952817721
-0.860784485293677
-0.92590952207433
-0.810537839309876
-0.801290246768119
-0.787441943204014
-0.841845502026064
-0.819924496551106
-0.922006334755559
-0.813321427345722
-0.860780390630457
-0.84482823431057
-0.871742441109948
-0.726271887078084
-0.897341609325189
-0.848145992687798
-0.951178595295377
-0.914397225621984
-0.86199047654491
-0.875223054337409
-0.672270961229441
-0.950536768939435
-0.839961243636532
-0.857498686989845
-0.924860620335341
-0.791781590971652
-0.847881553144837
-0.912231417694032
-0.930314906571464
-0.642904609570732
-0.813475611381195
-0.868069762150638
-0.755598025694648
-0.830812898862165
-0.899893583193901
-0.803466522682649
-0.927380622271065
-0.789167765444603
-0.740034189520313
-0.916448153530271
-0.709118895656213
-0.852469636192653
-0.836493005086859
-0.820780423043634
-0.749139043939678
-0.781345448307321
-0.726533646621674
-0.758354010303728
-0.657944874328067
-0.820948972513392
-0.715897616344472
-0.790062059823592
-0.799237941653813
-0.703705361963403
-0.682640459761282
-0.791878152203242
-0.694332692813532
-0.908337308250583
-0.662925039300431
-0.721501474752063
-0.696213608078054
-0.873062382428321
-0.763330735996809
-0.711205091542844
-0.829079451493022
-0.766032693421375
-0.655176924321138
-0.836703155039474
-0.713606417777866
-0.627809458937654
-0.710599289027796
-0.71414084634254
-0.759467259415987
-0.86024208247656
-0.735913651356932
-0.857540472152063
-0.821708167579419
-0.631706664003167
-0.639617085452235
-0.747996392094257
-0.622156943992214
-0.671024073277356
-0.513846225470449
-0.402624842547181
-0.68053845868441
-0.670904728264961
-0.62860197995994
-0.660424840138817
-0.71085375374194
-0.499079153377949
-0.596441118831189
-0.531124772948223
-0.647490996007892
-0.458269574611846
-0.758908669473133
-0.756257912610057
-0.568534292078811
-0.598154501094422
-0.60133694785732
-0.626621930667425
-0.670507555327791
-0.679781393980745
-0.742950252803538
-0.686914691166613
-0.638677379413172
-0.645649049843177
-0.576046386729693
-0.634521766010633
-0.630491034551854
-0.593781295772852
-0.599437399067479
-0.695970801502708
-0.663687827419709
-0.64799156366957
-0.525033056439521
-0.689664101625023
-0.645034081218554
-0.509759591497062
-0.659392446991319
-0.653377154711544
-0.509921227988376
-0.510817809744319
-0.683701002844796
-0.697132242158792
-0.599751671592419
-0.648206926537896
-0.652100904156553
-0.538433658752087
-0.63527771570327
-0.692836306092844
-0.629875041736011
-0.684569385533326
-0.615445095704333
-0.790045994600787
-0.543343896747518
-0.586037382833011
-0.484341212218468
-0.650540949614806
-0.487516897654164
-0.577023542639876
-0.689269123312384
-0.569020442608624
-0.59567016342342
-0.54128526235774
-0.613810607192947
-0.500685544468098
-0.529038260572769
-0.559772766587857
-0.64751820073891
-0.405292149315687
-0.43969036425985
-0.648956201731482
-0.64554486877385
-0.700151767563396
-0.533129239475792
-0.505737625305704
-0.583918490374426
-0.43965212675489
-0.458733600965858
-0.675862863356034
-0.444051815557604
-0.734648713925977
-0.414745426461837
-0.578404711101265
-0.609984759374112
-0.520374929896669
-0.452128977499755
-0.569260487580536
-0.559874196985361
-0.657959403917702
-0.661699786359572
-0.586414612227699
-0.479176807466195
-0.47383378935137
-0.573496346596731
-0.347111828664484
-0.460079827788738
-0.620248114320377
-0.444761744893581
-0.454605361234974
-0.550291600597498
-0.542113561952555
-0.498516622027137
-0.488943445117953
-0.356472386968397
-0.52374945642019
-0.437261497367653
-0.467039434972317
-0.460240494941735
-0.605643551751665
-0.625109910277402
-0.538854476405478
-0.5397180231327
-0.432088631222022
-0.439549592282814
-0.5323042137934
-0.474118275547316
-0.551108763843369
-0.477727576074314
-0.517692701709916
-0.454155202441512
-0.332421236430675
-0.55740745327475
-0.422445109978936
-0.590110851925853
-0.620056471603226
-0.311780238404851
-0.495959143177576
-0.465126452373522
-0.408199452526372
-0.410692996743558
-0.451904870126507
-0.530139406307168
-0.380608949388291
-0.50034160585841
-0.407372444127649
-0.518143477830839
-0.384754776787835
-0.317742344937098
-0.50957847279838
-0.359630953362288
-0.501465167006748
-0.407984123094526
-0.380029259715225
-0.501825461584161
-0.360492544968417
-0.41595685367431
-0.356486312575391
-0.422522851717076
-0.400699299110532
-0.535417628094334
-0.603509309632478
-0.519659989958781
-0.404070091968795
-0.306699260679137
-0.444287493879845
-0.435244871775318
-0.453761539489597
-0.330202833560489
-0.342302580071654
-0.398003301286174
-0.340336563641064
-0.443932634422713
-0.420555742689442
-0.313760847369151
-0.33301113636393
-0.347571653179875
-0.425499994271333
-0.440201520689936
-0.378428260500546
-0.322465783078544
-0.382047666679181
-0.224089303671121
-0.333925735295506
-0.249248451504441
-0.322090429178233
-0.346202762507289
-0.270893285302217
-0.397168543984251
-0.158881761479763
-0.323151443503113
-0.394890931681968
-0.326853062105419
-0.256350701944778
-0.214291463294742
-0.344171097971424
-0.248159399378814
-0.342009480879032
-0.266069492601439
-0.347221362709408
-0.327009167095605
-0.480248716582251
-0.317887928304086
-0.197630122717416
-0.410129790295019
-0.465909981102508
-0.208231289465555
-0.425864182739421
-0.251162083534624
-0.30354756860709
-0.327337892987774
-0.35197991616883
-0.194321949971393
-0.275368602788229
-0.275241118189017
-0.43484077477467
-0.253846075517111
-0.273837304591451
-0.382524552588012
-0.40682426453602
-0.462075057893656
-0.152816192664027
-0.275637043355481
-0.277064395483941
-0.184792118201559
-0.300140314431971
-0.155910076070996
-0.289266591936869
-0.130667104855351
-0.288256338917153
-0.360398773312851
-0.287515831227321
-0.308862722610907
-0.086837905327571
-0.233595504749828
-0.2264690100098
-0.284473973427938
-0.257609277286248
-0.307090612955957
-0.0970257570974745
-0.316161752279173
-0.127632166141374
-0.497697392232181
-0.250682410889458
-0.0932220645881474
-0.0680034059179176
-0.394451229207142
-0.293363558710114
-0.0185725793632147
-0.339396872440616
-0.218198409194172
-0.272881199267698
-0.0799456210366033
-0.260214900913975
-0.237156317027787
-0.196063910033205
-0.186897211880704
-0.15500307722793
-0.0871551761059946
-0.266950885640884
-0.24318935051702
-0.225079244422221
-0.188031835656957
-0.204119016066085
-0.145841635121305
-0.220601335059628
-0.161021615002721
-0.158388315462467
-0.146960483856173
-0.235314656132931
-0.14174746453016
-0.0758687721102786
-0.225045541140835
-0.317007760339004
-0.15260615466505
-0.00901242825433684
-0.255169768349708
-0.30402098227678
-0.182451105726712
-0.0883084285088468
-0.162237510998675
-0.214589003169519
-0.134363705771848
-0.165156074786656
-0.193313215440596
-0.088480282026822
-0.221758866515624
-0.0579436702566013
-0.240590576146853
-0.116744850138222
-0.304348872287179
-0.18528420680688
-0.115044010566972
-0.217066495497915
-0.0257512358260314
-0.15459197965559
-0.145288317011879
-0.388636089860721
-0.111596672705049
-0.0394017957749453
-0.206024521324053
-0.0118469688670439
-0.254814656376227
-0.0681643554013063
-0.137949997439167
-0.274142875149312
0.0562733014905734
0.00734794948512821
-0.151337792100279
-0.0880175541177473
-0.287218925777512
-0.0486918150697321
-0.121948552266646
-0.15442072095843
-0.252147012223454
-0.120756390750603
-0.133578206615933
-0.107523952163189
0.0557641445140764
-0.0282368951278108
-0.0892260899171078
-0.0761326250262838
-0.0530549070488543
-0.0389983214927916
-0.0774683826616987
-0.0668296082572813
-0.151751120833211
-0.0481298753185309
-0.131728694636359
-0.0365789058469803
-0.0818084962085223
0.0308211571298461
0.0159319890882436
0.0434166600131582
-0.117395031019974
0.0802413288141765
-0.0702388375215205
-0.153639139727505
-0.0118370076270082
-0.0216427217429634
-0.137347498050236
0.0251487283811304
-0.0473069528655905
0.00417130873930883
-0.00227279915241819
-0.00203936551072261
-0.0343660233736342
-0.182792774205113
-0.111867946414906
-0.0730326370376638
-0.00885190964055249
0.00460231203522605
-0.0755156159256378
-0.0644983716061677
-0.120892529112146
-0.0477785583805189
-0.0718614598533883
-0.134781662048936
-0.00582175890090399
-0.0305920696557659
-0.0222234102149115
-0.00136173911672427
-0.0500414830964848
0.0186429007867094
-0.0851811344243987
0.033585116253573
0.0184017792048448
0.0188959102232015
0.00914604705994838
-0.0222420213542118
0.0272084504574177
-0.0430560863826438
-0.0893397070425269
0.192799831795017
0.013232969117896
0.0535140794624436
0.0923254573161993
0.0355472051650287
0.162957558081838
0.0191719758732504
-0.0579113181393515
-0.12826740329814
0.049982292370718
-0.154801950035622
-0.00304219148872671
0.0975809731897409
0.00968660874061579
-0.0432443665697142
-0.0222499060103491
0.0840855038995286
0.0366143934876868
0.113259303694153
-0.0424328381564534
-0.0376606418904075
0.107019601812633
0.101658348208805
-0.0297506512819252
0.0240994501737169
0.00566095927316005
0.132191644842784
0.0882135640068025
0.108749449234291
0.121355187369716
-0.0948110795108068
0.0443167686899795
0.113597052638675
0.122410382376818
0.0213918053521672
0.114061957955029
0.138026349684286
0.0811776154083169
0.144994126692649
0.119850118554212
0.093863110952007
0.139508377851476
0.0716717226294356
0.171502236812028
-0.0156557868286162
0.0321099890889363
-0.058838022622827
0.0959821773896472
0.0385728813977122
0.110980192743511
0.124961119673598
0.101304221596512
0.143488358889138
0.0368005417369592
0.166514370511232
-0.0297122413861474
0.161271714580101
0.101045646353492
0.152520073566304
0.066252496236387
0.12479748743089
0.115257457999459
0.200730251740899
0.217769826794993
0.188416742504988
0.217532238520345
0.13814390495776
0.165422054630669
0.294013871998425
0.0126025524132965
0.125186852430381
0.196461686907839
0.250285475404992
0.288570888960753
0.00298667872934984
0.10366814468727
0.245661863820546
0.19263365793992
0.208233014753056
0.0531096869125926
0.0647160195240307
0.173016905245599
0.299948376785054
0.0773966356801922
0.224951534821624
0.134763247091242
0.191747469090526
0.062407874635743
0.157944439555489
0.167034231909455
0.319266379250447
0.359321459123966
0.0415348002302174
0.116501119763692
0.307223356690377
0.146121046176471
0.171745824052121
0.185669501796637
0.180976297068014
0.21405048733456
0.108487402460504
0.315257310960341
0.14737826075096
0.20325705051039
0.314929877253851
0.175411464514193
0.353734246605568
0.387713553460719
0.20570397013078
0.18857240353537
0.333020908768627
0.409262398670309
0.208081647993219
0.366617363604026
0.26100758034942
0.102152107325568
0.202914377961252
0.318970011329362
0.114215332259566
0.254148372654022
0.358375871301458
0.390309606349219
0.247266339102034
0.250502320602016
0.157912403643388
0.306828527983508
0.219870652365302
0.210443515600539
0.198208512992726
0.32453211592796
0.264896241401992
0.440812011239366
0.274966581366304
0.333018019914902
0.198347988173123
0.30601734478312
0.28749835850949
0.29270747484688
0.259881661431203
0.198998444689462
0.230446038765511
0.301269761369915
0.333351084459823
0.347715167154119
0.234120393083446
0.238626911695078
0.260333186402871
0.310746398768082
0.420355147904808
0.300104993841231
0.342652889336135
0.391818482522072
0.309452385549369
0.316535388487179
0.297229462440289
0.278368071752679
0.400310831147505
0.334369881084692
0.209379101494519
0.377877519787271
0.46933083456929
0.444258139822851
0.263878674802628
0.3198244223107
0.211147110757723
0.343891843521412
0.308838169992305
0.466496228866158
0.217129717628209
0.381788360319135
0.231111727237741
0.333587770493692
0.244661280729413
0.342399769864668
0.362476470803834
0.4125901690023
0.418074656168021
0.399430181519878
0.377926253292523
0.43097178065905
0.288660325492617
0.47460792384108
0.348232242641754
0.362363687438987
0.47429030715327
0.431560387517588
0.289746045893635
0.408673799403445
0.328416495316316
0.374979051062471
0.419942707507953
0.481991098449775
0.387989030776044
0.340487149667737
0.513688471148522
0.374395372611002
0.401192731865035
0.438607580029018
0.317388274116872
0.327443877981205
0.396520173856024
0.472974622451018
0.438094023521978
0.479395687528521
0.464016800699438
0.466230199690714
0.527058820108253
0.40154248268274
0.363221162557341
0.517018032620856
0.368624917184063
0.529793631343865
0.524407198491848
0.459775998230526
0.600036434589548
0.350795365168626
0.369563552051784
0.231274424630098
0.463547806302871
0.357904339516445
0.417895489523626
0.481233927964027
0.569056814827889
0.464973146094792
0.389455310872747
0.425158728596947
0.544769354350215
0.48953119824267
0.526268827129846
0.49104780009358
0.483611655475972
0.5371955443444
0.627057549169604
0.41673900087188
0.601345430979753
0.482108026543414
0.523812719366841
0.521626301379163
0.464456610363828
0.508578074885223
0.560295211029473
0.513396824311443
0.574378437161437
0.415654640168038
0.511626312744747
0.48768220478855
0.411560218248225
0.54006066532548
0.447846526269953
0.59995201245816
0.56431958539884
0.637460662794879
0.531758892097318
0.550234065102808
0.425844805019116
0.47776427798331
0.351074129214189
0.506964868033705
0.597392443831078
0.505439140831914
0.667348340179735
0.416213228791804
0.439626626214183
0.536606042162656
0.649641179021651
0.428598465572267
0.537837871748565
0.526851569728768
0.485608987889172
0.562968627108111
0.575531883825961
0.573952394494557
0.622386006964134
0.592041603150158
0.604395541292159
0.61622713990191
0.563440047858325
0.547949179898903
0.598595732328961
0.603727224554349
0.457781943998899
0.737113201829282
0.580106807378508
0.494707326008801
0.570281759135129
0.537856941527657
0.554037694209043
0.632728401860274
0.750624095326931
0.529901784608891
0.5736212853209
0.514205203557955
0.517360885271667
0.554844712580332
0.519153875529726
0.668470555747658
0.58113923034411
0.707641183942515
0.56061523140246
0.579493801026327
0.723473188281495
0.524177692134042
0.619204885027183
0.516637811778579
0.513110925031694
0.564655618825568
0.509849718720055
0.630983572090119
0.73612538596034
0.720809501769245
0.704741502718728
0.677280768370124
0.617956216094341
0.608988049547049
0.731696764178989
0.536866193206657
0.562552306522348
0.668501877743124
0.593231968171559
0.590323800640354
0.606669651320663
0.718586721948661
0.871628096112171
0.662257785138296
0.672033892627163
0.688164711320186
0.752039056759673
0.595312037913848
0.7120940345678
0.5700352132425
0.707374610527871
0.607048555227825
0.656684748987784
0.647448492833434
0.675769980364587
0.869751368329211
0.524448163200989
0.690029648625881
0.691415607329468
0.775903303691513
0.804995851901063
0.600729463487181
0.696931000776448
0.679949218669359
0.818965828867852
0.714458353961502
0.814948691916431
0.735194372077068
0.689622499911192
0.650666294060837
0.837498734892637
0.720218716424444
0.823682395321866
0.721041756946557
0.747136649174901
0.576315313275991
0.646798783861386
0.756865102021936
0.786183371763944
0.719018810242037
0.816191573551211
0.682097203667332
0.718200221967546
0.803723057650857
0.669008289303223
0.753053506693444
0.639959979945929
0.792714677560634
0.766499882292449
0.683878053533171
0.678219698362451
0.713747669605903
0.651315127475001
0.705852370409001
0.665557822558828
0.661607027652253
0.781588338276039
0.725163944975984
0.746081720418369
0.750451629147851
0.64964105448201
0.632625427169668
0.702964621221071
0.897548530294524
0.847963625780349
0.736576338869574
0.746040092116629
0.999247790609729
0.785927001640867
0.730448310699922
0.660694685361534
0.72649292158638
0.86203999037648
0.83817054953868
0.762370374614389
0.891156386035318
0.773035761002735
0.723050383763369
0.74406929710498
0.803874633101293
0.653970830206466
0.882045213920698
0.584060905248482
0.886171276221722
0.786357283291921
0.94908539887021
0.945783963675684
0.919400581849362
0.880906105340926
0.775258030558931
0.87921679055224
0.747475426168838
0.851187045661947
0.780748363970379
0.814537943957145
0.881224735900719
0.816950535405451
0.699308089704487
0.9621237163221
0.865585197393269
0.898127032481521
0.851870619811538
0.881080684289333
0.887028896168437
0.931680481183036
0.931119470281334
0.79426974632403
0.908469647432394
0.927590597505439
0.872931764459835
0.842197267298967
0.959167170186262
0.953559570988026
0.807601462188852
0.906972020941114
0.858331262424591
0.881338919884815
1.06835436741634
0.82712521427791
0.821091651934392
1.04760172682368
0.937182294441929
0.895205263739285
0.940013189168587
0.949451755377172
0.969705915648354
0.838015222002617
1.0283779259108
0.884361195182552
0.864981532510871
1.02104091964703
0.89846265766822
0.966357410217329
0.901631242431865
0.797348581580406
1.02232682427347
0.905961892772069
1.29326645902661
0.890670610498695
1.00804179980166
1.06962657232002
1.01819107581789
0.872340659530168
0.9727402375248
0.853904314731508
0.880732585391595
0.851137304074359
1.03962331279922
1.17615147265641
0.984968398215938
0.944651877796165
1.02219914436927
0.959343701621713
0.905958939954478
0.991229841013048
1.06627939993788
1.00788427779121
1.01153168151738
0.964692372493515
0.951026150339418
1.05534398655133
0.862113775092195
0.991310740481519
0.919439055117243
0.886185442638291
1.01552005102421
0.771582978877894
0.870682870016905
1.05344010006389
0.984857344967899
1.11462975253063
0.923000091400626
0.937123041557414
