-1.03393824733228
-0.765257663810473
-0.976172260158098
-0.848303069813211
-0.974241987471348
-0.913797841042106
-0.864728926408448
-0.900783405717312
-1.03940419258588
-0.924419549552368
-0.835012312629581
-0.883727536459592
-1.05048327872181
-0.954796644531221
-0.936506724297474
-1.00801356186951
-0.868621333336274
-1.04520605465078
-0.860929168673293
-0.902784745137775
-0.917838518618335
-1.08290658319666
-0.879401975111282
-0.808584173887841
-0.931010125098654
-0.963661344641832
-0.88977191035448
-0.995156193194479
-0.728169691309108
-0.945914811793735
-0.85404446929065
-1.0422305826125
-0.996909861012719
-0.824678882527649
-1.09888545861299
-0.885855347644183
-0.999602838091837
-0.815509020009533
-0.930391948581895
-0.965906354211037
-0.807712738533444
-0.888414088196961
-0.955573669541834
-1.04624789371419
-0.955675952152024
-0.994916162264039
-0.856206153484813
-0.920794351799676
-0.884999716271858
-0.899401230627279
-0.945796434867538
-0.818059141955329
-0.903121601400854
-0.703178004973609
-0.958197462163495
-0.752521108349477
-1.07500918574566
-0.934250625701823
-1.03361436257367
-0.881305088829193
-0.895413863113755
-0.80380663309729
-0.844667155417617
-0.876692608423078
-0.798061523903622
-0.97445422597046
-0.831309489311951
-0.887793268561141
-0.788119992713811
-0.747902300437907
-0.883882211871379
-0.814295774601348
-0.778743009775243
-0.870018906280388
-0.910637973942292
-0.862837424554275
-0.899141298916797
-0.817989283431615
-0.833982227792583
-0.968552799586107
-0.711608689117193
-0.809135908471608
-0.925792891325981
-0.927357258003983
-0.929528357980591
-0.792410750748118
-0.805351251435087
-0.997271668398281
-0.950091597402935
-0.736429548931283
-0.899497601350484
-0.837249553066384
-0.950888625830967
-0.758026181280621
-0.830347681196174
-0.971055064231979
-0.808895933477155
-0.750938066393777
-0.833476581271414
-0.762492324262506
-0.828476739644992
-0.815894658956692
-0.683020830452141
-0.805766495299235
-0.904529996824157
-0.853011413720434
-0.870603097352743
-0.803010251760684
-0.715129513917694
-0.786775916250591
-0.7288675068881
-0.757544125406269
-0.829074539464988
-0.765833748923552
-0.843782587600565
-0.720542152380145
-0.679270240974779
-0.749783632895723
-0.851571859156821
-0.749936610344827
-0.876234240903206
-0.696433422717498
-0.74243802295882
-0.764405917989434
-0.805163759287188
-0.70695865622037
-0.712784548314191
-0.727738081128237
-0.699810954380274
-0.587676915894707
-0.816610663322595
-0.91776650422581
-0.669592879257431
-0.808177733177492
-0.595010097991584
-0.71093562860234
-0.718730542097603
-0.519671525923313
-0.670179344707238
-0.619163054574576
-0.736517829483133
-0.68254846558083
-0.545860832199515
-0.671567950704809
-0.744723621076698
-0.685594315710268
-0.717701679172533
-0.559374908490504
-0.739436185751587
-0.663163272859058
-0.706624693849843
-0.905799367599547
-0.747974500020683
-0.622804826988691
-0.63091176768513
-0.678023267177679
-0.656372490631733
-0.639618581508695
-0.767641447690396
-0.655735358152264
-0.596423406891534
-0.573865475408474
-0.715529378885491
-0.656952545458733
-0.608216464364575
-0.596222692664298
-0.657728476802408
-0.464868190349807
-0.600501512161763
-0.602769006599341
-0.577873594151652
-0.564838920352126
-0.700874069521709
-0.521786142442703
-0.749967090159115
-0.628682361280738
-0.728017823158168
-0.52702759104694
-0.537775319227997
-0.696240994402444
-0.552809829000489
-0.527975620404061
-0.668576729247312
-0.511473767764536
-0.5315261878832
-0.828087936731685
-0.673593162328145
-0.526520712998301
-0.611546262119476
-0.522275123144214
-0.651337958152806
-0.595004743783544
-0.625590009950796
-0.762014268161072
-0.694366970690462
-0.714288294832378
-0.52693286996617
-0.762450418768033
-0.678452093305975
-0.627826626609011
-0.733495376923095
-0.699735565720654
-0.552847859544762
-0.51447096337951
-0.700761719758831
-0.618611930093227
-0.599921849127612
-0.611319094609904
-0.555509602392333
-0.652900801043047
-0.621024671617832
-0.49235401413842
-0.472604570262206
-0.49164827909541
-0.536627454753934
-0.574233452589843
-0.612232764568365
-0.459372346534167
-0.539124797281166
-0.484552659846135
-0.624604390424279
-0.521137065195761
-0.577094813364194
-0.507205170532043
-0.694268041296139
-0.510697357370406
-0.524757403193152
-0.519412609444762
-0.52587608945747
-0.657294005919743
-0.58571176739176
-0.571988395521219
-0.531054577160069
-0.746598839846813
-0.530903832182863
-0.510012650963956
-0.582417540540249
-0.389001084986639
-0.538352318389599
-0.658319702918803
-0.496034516466469
-0.550247899337838
-0.475974296199236
-0.586455305785019
-0.48851111108895
-0.441251736492474
-0.425589992011826
-0.650353966528706
-0.417709646181159
-0.577888422715309
-0.504701054400373
-0.560150464214393
-0.367151983984816
-0.52992750299007
-0.347576638872438
-0.373101677088357
-0.435939544002618
-0.495807089218011
-0.529174909533275
-0.381673738794624
-0.471415177599136
-0.440011701715721
-0.503960783356323
-0.433620760584278
-0.47175038809356
-0.598533075218785
-0.365164210300322
-0.511132854002575
-0.384201671151728
-0.522587051734245
-0.458997665607472
-0.316499740317856
-0.434782201634229
-0.499885774244044
-0.587307198217621
-0.455790889547395
-0.427276117555924
-0.477812265775823
-0.319233451813794
-0.38072345583055
-0.518078447931068
-0.452287095526799
-0.369784760231471
-0.328298255332883
-0.267435020303888
-0.295999301754396
-0.401064415607155
-0.37781803147979
-0.357205166306497
-0.314540520170472
-0.314366355495138
-0.450991801238227
-0.40147413642167
-0.391438961819614
-0.336851123600231
-0.449735157293947
-0.522021447434927
-0.358697486547253
-0.19170156617244
-0.435851751251047
-0.335235825675598
-0.376132485825801
-0.359072575615288
-0.472222731459995
-0.361798113732057
-0.477165249759272
-0.439301465911139
-0.52690751631182
-0.357905243851507
-0.416615476675381
-0.340464615357592
-0.448880196865705
-0.430329343727534
-0.414889780731307
-0.414135438820501
-0.371308802819804
-0.49464220677034
-0.32534389247967
-0.359739065378619
-0.364289169217892
-0.355355051186593
-0.516734276440707
-0.405264542246185
-0.23007924438387
-0.318637474544128
-0.372892592789344
-0.289184246267318
-0.366818135734319
-0.485325833344625
-0.326137241207272
-0.292914646880003
-0.314178637706104
-0.234667334385675
-0.427795590028292
-0.381769741938602
-0.321889217593862
-0.370936220659681
-0.323087381722844
-0.260169603480664
-0.341407075495976
-0.330136506144613
-0.446708652709051
-0.223359281151865
-0.177358920680044
-0.257468693911038
-0.272562110355752
-0.314820053912834
-0.200427744113962
-0.251235391687421
-0.437319415856391
-0.19748209059435
-0.269759000952415
-0.436165424457188
-0.322061842470899
-0.321905784926927
-0.238317233383541
-0.280243705501289
-0.265878928210681
-0.285828238554742
-0.408867261529137
-0.250910253034925
-0.194433970110992
-0.331847697800976
-0.282256543584684
-0.352829336846662
-0.245099382156894
-0.357406823064186
-0.403186434205124
-0.31508964090623
-0.0953176732560471
-0.300330368491219
-0.214265842965103
-0.264483356120233
-0.176824722876277
-0.285209119032199
-0.275608022224414
-0.23810540204318
-0.192976052529821
-0.153276758717944
-0.275926281964865
-0.385349472818846
-0.165305086443745
-0.229204809635686
-0.221093445809584
-0.20107761524168
-0.348361368333215
-0.179194802911774
-0.116661912157673
-0.383212983713526
-0.241400565728416
-0.243281611340301
-0.121916089828894
-0.220770415825566
-0.287807520317899
-0.237019154251008
-0.410850420693905
-0.159343080026995
-0.262422530257695
-0.153164196947537
-0.223067359328278
-0.30918522129081
-0.176349571449648
-0.263319413808192
-0.255358494278439
-0.145899989884865
-0.11672382677942
-0.267985098454349
-0.105699849444253
-0.199670235893324
-0.0862828872635097
-0.15166845420068
-0.134521771388042
-0.2925514758693
-0.187948588616488
-0.266744839896045
-0.250416205059126
-0.0718612700815815
-0.170744659563284
-0.0984718930643199
-0.11283767434018
-0.207163418172871
-0.0380422515048248
-0.205367879831394
-0.205400329256362
-0.0840518856476064
-0.164491809598483
-0.0246493536930235
0.0483797046516885
-0.0782970335643018
-0.141178325040387
-0.117299887256364
-0.187839564869649
-0.0628248992225813
-0.132468107471934
-0.140064155062779
-0.120231945479717
-0.101746448597615
-0.0795490524306678
-0.134915585246554
-0.290755858950489
-0.170600973333027
-0.112496583776249
-0.0834991354497652
-0.0722289577057687
-0.258040108240142
-0.0774001851691251
-0.0777476633189045
-0.00163933418650722
-0.211831223337311
-0.233047569419724
-0.05258696163352
-0.103312389238768
-0.0816595207528034
-0.156024755043347
-0.0926081680916209
-0.150974085122859
-0.0333595270406028
-0.219345103835399
-0.110957257267755
-0.093317125768987
0.035316540693003
-0.00421298245240069
-0.170232864648688
-0.108069659213026
-0.176167950569532
-0.108695838059387
-0.256377428050548
-0.0639046144866815
-0.0170472232555903
0.0616831729919431
-0.0650407796868599
0.0609989716538501
-0.159122952092799
0.0169701803114783
-0.037805813401721
-0.155669704261355
-0.191126777427333
-0.21977363635372
-0.0334901009051087
-0.156734096705712
-0.0503774473142065
0.0222024588848607
0.0051926667542642
-0.0617816003179599
-0.154467371959017
-0.0508327034139983
0.028089155643659
-0.146727129655281
-0.0729190689213875
-0.109537577824849
-0.0996506375739365
-0.0097855198011169
-0.0416469380822433
-0.0680671603692379
-0.0601725488811995
-0.00738359728890601
-0.0693646299076042
-0.00436275091355846
0.121963335236056
0.0286431507092148
0.100435897115813
0.076422197224885
0.283107843652544
-0.0717854712987267
-0.0149051200815001
0.0446440247357217
-0.00574740162550292
0.0420551063157407
-0.030315820410638
-0.0257307758459338
0.11561651194529
-0.0588405900352428
0.0789306073610587
-0.00403358199910101
0.045365437381408
0.0293350962702486
-0.0192097942902219
-0.0774173871857709
0.125152260090889
0.0180989864848172
-0.00307188961314504
-0.0355863397989261
0.0739999948207769
-0.00472302498974925
0.0417687985235882
0.066725308670298
-0.00314651864265173
-0.0816574777239213
0.0507468375911271
-0.0313607643898747
-0.0655296825484072
0.0701019236770949
0.0123433180416881
0.310221527576904
-0.00795516279711867
-0.0216226986469801
0.0866897313972712
-0.00751831466663897
0.00516924569662945
0.165669164057114
0.109045272767007
-0.0258045465213461
0.172288211546857
-0.0197702069990131
0.0241731426269609
-0.0116041897967728
-0.0159954440754946
-0.121036351745258
0.0343207130711818
0.0148323324804237
0.1704038099741
0.0197076660706866
0.0040935707522375
0.0176554676005477
0.115656498303843
-0.0537542590893492
0.0634174005128254
0.102426395011237
0.137543320239712
0.133413870823987
0.101597837702929
0.0541891106760337
0.138287533023508
0.127139726817526
0.044590634016073
0.287024420174095
0.138846013086736
0.112286149997762
0.215408651915342
0.191614137611162
0.265255297684713
0.142591736511829
0.254371216012486
0.270264319731052
0.163809854023918
0.222395471355781
0.125221399596664
0.0803936624936569
0.0812883477748649
0.242947248647728
0.14542698749851
0.0448179970413913
0.177652612210882
0.0481114485303506
0.108020974395054
0.18406960385206
0.183230133143002
0.158523139976492
0.0755329439951388
0.0522043417459906
0.11241956936836
0.174163591724277
0.198385460818285
0.0525804024444376
0.0963344129361716
0.219778528496693
0.344364273014632
0.204034419623207
0.171178791891973
0.210721686680133
-0.000734222512097639
0.23775035822272
0.217182511899294
0.347370493312081
0.243994559108243
0.316654208451798
0.18519234823936
0.332343649244168
0.228635809670149
0.0691961111837647
0.244655372311567
0.30139334920901
0.136109058790501
0.204857152293826
0.147080374907176
0.283201920467498
0.202212538703413
0.388690404146185
0.396021213082463
0.0832830028799031
0.386288389703936
0.275786944612473
0.162616795643428
0.295866377689975
0.350914852629784
0.105662797814637
0.203346262746294
0.173447738960961
0.182223617248679
0.127831036775737
0.267757996983621
0.356000195999537
0.299482714219938
0.309638143956731
0.280430188536386
0.186456148826286
0.271393754449452
0.186871155806939
0.216555161821301
0.162819876283584
0.407504856773008
0.316252387505899
0.181027399256291
0.288937344647968
0.334381608141015
0.233150535873315
0.249194778842922
0.394009621920419
0.15369401831954
0.192305646117689
0.429341266023971
0.315894841692672
0.509974000579751
0.337338155182745
0.376893478681172
0.361050848989702
0.286091471038424
0.277746308447437
0.286743522242346
0.356992640820121
0.473053650689675
0.279307032034141
0.375915921388161
0.359441913185634
0.373646443303803
0.4100140877188
0.314151965765591
0.187958525059596
0.435444888194627
0.358268987543593
0.160159592930567
0.546352544589981
0.407215369165273
0.358083677860369
0.349543850052181
0.35905434348429
0.48955996962853
0.392315534263059
0.516608631871111
0.359891336049457
0.368842215294149
0.42918142331165
0.416884459513321
0.429323846555839
0.386169194457697
0.486873440774041
0.463964853339473
0.425118573283397
0.347968219869747
0.266166378836084
0.386279423577951
0.345891332653678
0.392528443523874
0.31398574175232
0.453871732056104
0.27211116007739
0.419155160923121
0.445720381403676
0.447740158452823
0.432347280940417
0.426110469883043
0.261323473619506
0.369509471255576
0.311442991569847
0.486156266689003
0.482104005637596
0.471254501644115
0.452488692436986
0.549712033702941
0.462601686858095
0.432307133367616
0.509639741211471
0.53284883832957
0.496869742260239
0.412141199207046
0.494649488060903
0.325060642726529
0.357146066206336
0.439886002914932
0.450761399096817
0.575825638426991
0.42076198767765
0.447011919756307
0.418931808967141
0.41656384202241
0.470822473811084
0.402295766366163
0.432693676810164
0.54280564012929
0.57327234023483
0.498371743948483
0.445605632311106
0.440206246566002
0.506915628122419
0.377475772562137
0.503675265661482
0.329120942526869
0.545239779773307
0.532346238186852
0.460661630494855
0.377029945668642
0.543126345836213
0.405080942348224
0.639802023718556
0.695498657091084
0.718266185721879
0.386821352746308
0.373273965077628
0.561480011620768
0.44629673291594
0.445179208487724
0.538999810724697
0.361222263821458
0.408436663566313
0.511516599448007
0.441427938529294
0.468087876249784
0.368165858781842
0.489137171732392
0.581043326295194
0.504170345778332
0.375225614027809
0.517350545471197
0.577408981033039
0.438563615598448
0.394884645983512
0.386685410831467
0.571043169533591
0.47706056514128
0.560384813392849
0.559534319874707
0.560828929445782
0.414635260380126
0.413616174239839
0.687247772533719
0.573215669211979
0.617788256477312
0.527915199188637
0.460188700532533
0.705450631224823
0.544949524565909
0.594644231791678
0.398577906792405
0.71041591746766
0.514719327821085
0.648382683438107
0.604991528496159
0.581726480804808
0.513820121539982
0.539071119770265
0.453783921971755
0.64299265690682
0.690857186966707
0.654462848562494
0.523125744342303
0.53910117297232
0.378446740729693
0.589411970111443
0.527562517426665
0.6460882476053
0.587477190604545
0.661040365606653
0.682567422668781
0.609025477903866
0.463037797509386
0.720216283843426
0.743704068897559
0.628231883438568
0.436061312512256
0.743167683080757
0.692433691964734
0.554388553418722
0.721391723583018
0.59475611174864
0.430840670773834
0.569072006336777
0.521232502143536
0.57811011668384
0.659462056275396
0.688870148878101
0.538407469351929
0.676098477043274
0.462959775407224
0.66247103744366
0.684978735883953
0.580468663601041
0.652416898811408
0.567053366853085
0.811492152868471
0.730874053674568
0.708005277174471
0.647258890700314
0.691048870682301
0.531492746247436
0.694281972984734
0.632612909255334
0.384027266601819
0.70380263398521
0.632885965274427
0.625876076088892
0.550714021620553
0.602376383926889
0.731706850286169
0.758166423507425
0.519422645287302
0.687450004014077
0.66074671172854
0.727974973932765
0.609747748108411
0.677309638741175
0.559512808551041
0.784185561038473
0.818727342129589
0.883983851954451
0.697868738299199
0.807422603315261
0.664797493088316
0.841729111850378
0.668146809239645
0.719774193033211
0.784458361567925
0.689895320378589
0.658587663432771
0.779214212629474
0.740483268968039
0.697808116885955
0.654826390187148
0.654937612742026
0.77157643749851
0.89174805339652
0.786178148611594
0.983631540765478
0.872961095335126
0.787606897734084
0.790347986645921
0.83413777979703
0.753855818586547
0.901076647847601
0.855781572326583
0.698485681417097
0.639210378007365
0.851802626462796
0.892693681741534
0.698577295013314
0.768158229384389
0.776947798984733
0.826005851006976
0.849782798905665
0.575638039573744
0.576208447518768
0.780510857309334
0.720624168127049
0.797070206231815
0.751526588655166
0.719175190726903
0.799468673642604
0.739923412293925
0.68079680344309
0.854140707706049
0.759904256113808
0.725669522613551
0.798474523190625
0.752872796550191
0.749767682727534
0.819940399835343
0.900171666352209
0.872044472301877
0.817503670354385
0.813978058609485
0.751890570507879
0.954349127418697
0.831931260664291
0.831907079903515
0.858867953850601
0.676060939341778
0.814803969201874
0.900689116974298
0.845812847252126
0.827993228390914
0.751274111750677
0.804536331662016
0.770317994730996
0.78339006240379
0.851179063505535
0.702265843538796
0.799940648248018
0.799882522526094
0.774200970471252
0.924136029571775
0.735534737907036
0.812871124251393
0.951674015901922
0.935628946829806
0.9382534629014
0.814872350847742
0.941299350105428
0.892124886101676
0.867316184650613
0.798201327503093
0.816888661875584
1.02370300452125
0.926492399654997
0.816123823971396
0.852638677988205
0.926603392239134
0.970559526182894
0.9503885910928
0.920262274274243
0.80311888578559
0.907375409919207
0.953862315423502
0.85921469130025
0.880679666062222
0.936540104674857
0.946986897081407
0.835104467071219
0.97477809551362
0.89797696965167
0.812832960615414
1.03185547683014
0.920025202415811
0.887047074764917
0.952364926720888
0.856862344461111
0.946067247403645
0.849108961722316
0.957144939646659
0.983018655052071
1.01118624578342
0.989194399825963
1.03314794038514
0.935084488741435
0.950409755434281
0.791340432224493
0.974024512213791
1.0128799539353
0.947164417286131
0.998097139278032
0.972985241500344
0.906873767968834
0.993260104943578
0.945850469356329
0.91708342431719
0.953505179219092
0.999277014970366
0.951960420691804
0.901927239890221
0.952904438244097
0.990654312663564
1.12054414381741
1.1002265162339
0.848670706914194
1.08400568047438
1.077794109587
0.992901650470244
1.13340285268096
1.01065075103761
0.971190599838023
1.00443476967132
0.765351654822036
