-1.06072761389533
-1.02636089940563
-1.07848010384133
-1.05710140167894
-1.11883612520759
-0.856173586605968
-0.802286651878291
-1.08795021252341
-1.02171495222283
-1.06150652343366
-1.00245745602365
-0.953017309133607
-1.09083500320592
-1.07347296127138
-1.06762412000177
-1.01416805204431
-0.859959016411478
-0.977079638021083
-0.897545771387026
-0.868287540199185
-0.947271681217552
-0.971054950196077
-0.859832384379162
-0.865481882243727
-0.90494374430402
-1.07864123526117
-0.950060183163533
-0.92661858132211
-0.695632077315529
-0.864927190488487
-0.942324620398808
-0.805068721600736
-0.892141662432873
-0.980596095824159
-1.01178332856089
-0.863822519713274
-0.881961404790614
-0.863986439358229
-0.961782533407338
-0.811805675030555
-0.886143675887032
-1.00580578972835
-0.950780887246384
-0.908467293338305
-0.898724602466511
-0.828010153477052
-0.913278972002554
-0.947304101185071
-0.880995175401742
-0.981554435895899
-0.693342504102948
-0.945228287801585
-0.883371506794856
-0.828361220918805
-0.838796654212955
-1.03836987988295
-0.909753615640773
-1.07342693127026
-0.999432911659455
-1.12501589742555
-0.94352071536024
-0.879760212814865
-0.814952538073694
-0.858201053494985
-1.01336103271365
-0.902378349960053
-0.790213281167187
-0.935969271535894
-0.871584843739461
-0.884525412288817
-0.864397611579158
-0.75985100559026
-0.727103144028616
-1.07073324936943
-0.806047715558633
-0.730131714380185
-0.753571890951052
-0.885878112313174
-0.946837488507464
-0.564935825139405
-0.719801431816922
-1.01995493859312
-0.685435032140873
-0.827189903445
-0.910775144715759
-0.874194991113144
-0.784376186938366
-0.724656885115007
-0.861493047804971
-0.715220231217822
-0.832782466529226
-0.794748091466064
-1.04952870781938
-0.735760829386098
-0.931028668191341
-0.757908012528587
-0.753415274721222
-0.643914427483661
-0.713054632719915
-0.941708849943766
-0.694095589303729
-0.843504100796137
-0.75705566732009
-0.695449954278373
-0.753829850123035
-0.732611426794661
-0.813056200541448
-0.866293449676906
-0.722526650925825
-0.721838938515835
-0.712705790329441
-0.852427188748818
-0.793952531623045
-0.656546450132141
-0.681968415281645
-0.739512495909584
-0.873632284031742
-0.82485902141596
-0.734109700135802
-0.85557590442383
-0.742689835648171
-0.790785149429745
-0.766826843573693
-0.74467742479227
-0.783188337353583
-0.649338564839692
-0.811929749389407
-0.857126952380916
-0.762432879393528
-0.57173099669867
-0.704782577560054
-0.690000544815796
-0.794926030313659
-0.635037954654327
-0.642976119892672
-0.75143473337206
-0.634377344658097
-0.754998946682059
-0.796445244406171
-0.734612165232581
-0.878792518447339
-0.645349091532667
-0.658274984416802
-0.527708981039881
-0.67948523045424
-0.704438280168713
-0.716944092682337
-0.726952473633729
-0.764842517793707
-0.702375538218297
-0.741724381191103
-0.530886060955474
-0.695306339714667
-0.639577017643657
-0.685880388862561
-0.762795578430162
-0.718240895461218
-0.522715946222549
-0.698599442445583
-0.796787786464545
-0.710837610690045
-0.836700639154413
-0.825518425418921
-0.824375191206068
-0.62837595140867
-0.496898443356152
-0.836737637176656
-0.675571915687227
-0.729001902012689
-0.752696370707444
-0.561063207693269
-0.713096600149729
-0.554948794062517
-0.656228718914371
-0.63579075606902
-0.586265739560428
-0.570948690937919
-0.707193637127329
-0.702330201949625
-0.708235624000818
-0.567539423270594
-0.493716436586359
-0.716841032499219
-0.562310345104137
-0.676637486817206
-0.701499599183793
-0.701813582185566
-0.598102535339872
-0.685924967541884
-0.647639296981914
-0.604932356612445
-0.589529470028305
-0.690024596840038
-0.634002261182765
-0.74258144293633
-0.697509213957029
-0.59869847209342
-0.662352045521664
-0.622081912692706
-0.623486643336853
-0.626382377847315
-0.664496850062093
-0.630805004082873
-0.652510961116391
-0.524375326998827
-0.467171690586873
-0.453426949607249
-0.639595236388823
-0.623020652721608
-0.664264815070583
-0.547117431519713
-0.693816221934789
-0.546284510599489
-0.671260056871161
-0.570424277102127
-0.693292581287908
-0.499064367580392
-0.567151838620795
-0.600580333913534
-0.480288370351929
-0.566733705914686
-0.598444407381331
-0.564389329268754
-0.493676232973514
-0.635516412991388
-0.536138325315472
-0.487676399600297
-0.46599289964896
-0.396497303075705
-0.573175591948494
-0.629944016896003
-0.477337586369104
-0.74008881136378
-0.504830463012152
-0.569529885294342
-0.52523797849618
-0.378658782288736
-0.540549709181599
-0.482760493396508
-0.472601150860994
-0.524478490488686
-0.518747033991656
-0.668972284603775
-0.611917563551522
-0.536077653930711
-0.481094884317223
-0.714345790447938
-0.492110507843677
-0.614102242049591
-0.577760730982676
-0.451215519128542
-0.529781704966037
-0.386221142667708
-0.394635563633331
-0.476946138668426
-0.634735187206459
-0.52907604589365
-0.41929604917478
-0.525601682347716
-0.523562227651417
-0.531168512013235
-0.461944861549649
-0.502691839848597
-0.470675563327832
-0.634688654282299
-0.590710098056842
-0.49984929724456
-0.476730286272062
-0.474936394037454
-0.512280815708526
-0.708510946561989
-0.443201868920397
-0.477369935525875
-0.406830057737679
-0.382508988151142
-0.406361210127765
-0.536102207560734
-0.41361436116467
-0.282833374369108
-0.528664593214646
-0.295225353235223
-0.49669366977699
-0.405136922959797
-0.558930979104822
-0.484461053122506
-0.445181636770767
-0.469471505829439
-0.471246264722742
-0.578237388047995
-0.315225981304403
-0.531141351775734
-0.454374039211372
-0.29083311662594
-0.482079368623531
-0.415499461846659
-0.529076507070321
-0.357119568315858
-0.356900759491774
-0.353639461002421
-0.419128419249643
-0.457279089427055
-0.346923715076157
-0.257598775789373
-0.312801191682964
-0.436143667733986
-0.362181792158101
-0.385763602903131
-0.423340503267974
-0.488593583301521
-0.437774944693969
-0.48203276654931
-0.415814978941687
-0.28413390743963
-0.573819671054108
-0.28082008531934
-0.366475984204051
-0.420048656530363
-0.364302604941611
-0.40457003258607
-0.410263193208858
-0.384822515502148
-0.413848678047147
-0.312842376453559
-0.355816591322146
-0.352186426204919
-0.193667554943993
-0.333862127427108
-0.50155652159989
-0.427953610633281
-0.388322775568791
-0.317258679409899
-0.309129198690192
-0.428953156976546
-0.317802783276459
-0.403810425210657
-0.328901425493331
-0.209849632098114
-0.104146658025163
-0.277813298473902
-0.38438066729673
-0.254741485711542
-0.280777079021496
-0.396610587374738
-0.421033652573915
-0.293057865649997
-0.212779790643776
-0.270271058158833
-0.461713701692827
-0.312936830378227
-0.259717605629051
-0.202624070384515
-0.365927474075869
-0.250831192126349
-0.367509629515387
-0.36688254529504
-0.26639497623535
-0.376174844553179
-0.297286550396451
-0.140101784305096
-0.361997074246781
-0.254499235847298
-0.337158057658427
-0.38701785700572
-0.219340605243275
-0.240783216556529
-0.381494189585552
-0.141082573378393
-0.241993291400733
-0.236688043552318
-0.382267858569891
-0.205227792762856
-0.211092391477426
-0.241466485853492
-0.120925681713606
-0.301187590064581
-0.167719296661337
-0.319445816023306
-0.210064541865157
-0.286544251977926
-0.39274680280255
-0.273199835733721
-0.18549763920806
-0.0661785200222051
-0.282732677579195
-0.248039816281727
-0.274752312795182
-0.291153640861834
-0.262935523835167
-0.168753632758082
-0.104661372659347
-0.294199918070703
-0.154247712117311
-0.152183283974441
-0.269843037382895
-0.192325497877309
-0.250052763015325
-0.153919122577093
-0.227839510289625
-0.244266903963556
-0.243915092212414
-0.305824871525165
-0.237929061264697
-0.318119099336476
-0.023950549497945
-0.0804766080218973
-0.271808112392028
-0.139397343990849
-0.0746940513649101
-0.175492158954353
-0.215590222080243
-0.139832738008563
-0.182859561747624
-0.180779435884963
-0.0544724018929141
0.0140915872724506
-0.183315789668924
-0.142940650036343
-0.230597121762744
-0.175861130271842
-0.0996424936447679
-0.24050128352004
-0.0109351326245785
-0.354452849913744
-0.179580710035468
-0.332087052056004
-0.141843232351908
-0.198256653712704
-0.174619529360044
-0.102985337914728
-0.0961945314850461
-0.217794677616206
-0.0647698352583159
-0.0751576435117166
-0.155000460625068
-0.286640802731889
-0.100216533381876
-0.269079255830357
-0.17934336270543
-0.123054514169628
-0.151730929611095
-0.0704227122841366
-0.286461622044949
-0.170456357237821
0.0140251908999758
-0.239559623027517
-0.145765607371545
-0.211874096663744
0.0132782150208401
-0.0795556013655309
0.0588826529022141
-0.0170737363587987
-0.110101875190031
-0.154657808869963
0.0085883852207487
-0.190980107020381
-0.0592071189911774
-0.170466511441115
-0.110805052726504
-0.0547032271213833
-0.0706213115191078
-0.109978406093609
0.0138231986197265
-0.133492390903487
-0.159348740096013
-0.0600671989750576
-0.133309320338915
0.00903139931795166
-0.143641452831657
-0.113219264016332
-0.13899592898995
0.0387877015182756
-0.018920010204564
-0.0195091945843004
-0.115237612853024
-0.0917738662472096
-0.098279719333164
-0.118842263899568
-0.0820758178982487
0.0869763001844683
0.0135339796268906
-0.0357210173438857
0.0815167894957255
-0.173184794604679
-0.128577355611381
0.0214740775679938
-0.0873195697050385
0.0149387039112276
-0.0103255843227638
-0.00340058037766753
-0.10687517082799
-0.0888844071643782
0.045423793697703
0.0191098190786974
0.0293746104847114
-0.0722918179457755
-0.107057028341048
0.00304541961567891
-0.0332657867893988
-0.0643060950520657
0.0998179328048398
-0.00242050531628099
0.0397430725420149
-0.167798013786951
-0.00785861569657015
-0.0741548019093858
-0.0714009635738986
-0.123137886664501
0.0933546080417179
0.0407657744503392
-0.00922052711200782
-0.0377155405975632
0.165803328522034
0.0830606387470465
0.097116002162709
0.0672861242307821
0.0187003056882309
0.0789155373628021
-0.0649220690802458
-0.119992962411499
0.0855753476664206
0.0666264821438174
0.0372576121429769
-0.0248509896860494
-0.0223975983501278
0.0771206095918121
0.0476402463625737
0.0547681739627802
-0.0123977270213055
0.0103518439391946
0.00123818538237153
0.010703013406183
0.120170902669189
0.144990343301759
0.122835196268722
0.0473828446406395
-0.0156662123555808
0.0291353671790585
0.0993278971911637
0.2463225952314
0.083587460444208
0.119566051465187
0.0299236052196801
0.0764131316133965
0.085041578217527
0.0716352841065805
0.110749654746867
0.141542586264527
-0.0365253772070464
0.106820366099943
0.140973998003751
0.0753757711746451
0.20562579907764
0.19736275230786
0.0831546673949629
0.00673313624904827
0.190177636362855
0.188316819160011
0.0742956587657057
0.134033540506777
0.297808763810415
0.258762353033343
0.0408651225508136
0.0239608277943382
-0.050048626071268
0.0983448828588352
0.0896424757848205
0.111462534102577
0.117532440961946
0.0591860832930185
0.0506151269501658
0.183539697140674
0.279921104009723
0.127947359986033
0.305130679551435
0.157873467600268
0.121254191650368
0.251490629130333
0.138743352794203
0.0389083816782746
0.312439139805925
0.244455073143756
0.0740934539628679
0.171958921807066
0.270953716569368
0.235669082024956
0.132840870020765
0.171876018935784
0.235096496845309
0.133330252440935
0.131042864397084
0.0934737670347717
0.340606336188746
0.269395050167216
0.0750343219098378
0.195793036414968
0.170905242781171
0.250071789077906
0.216117435945331
0.124800208783139
0.20353910174352
0.187751246196408
0.308603392371085
0.262883037180812
0.284417545874479
0.166751523774393
0.261964127624607
0.153931960005708
0.164988755144048
0.249270374706766
0.207815592080441
0.29265311996632
0.23675241463754
0.224546994480974
0.17656270130287
0.243050531224003
0.190159721037465
0.234304971480063
0.0661913575224347
0.302055621158833
0.360667320289234
0.289409329049591
0.158917023864846
0.238105170567439
0.3128120122747
0.32663435147202
0.303599972021131
0.122235409202783
0.182914748452783
0.195991970304514
0.22553660453469
0.217093023408282
0.226615043103923
0.278392613440051
0.220987269507677
0.157573522804703
0.224612943396974
0.319972859557035
0.148974061698137
0.211115738278152
0.339081601731525
0.290699925248642
0.198146588542408
0.220167280027586
0.259859606189663
0.386664950136231
0.298639853125682
0.370788188436892
0.257791358896057
0.400972776168721
0.289700809395677
0.422836486435382
0.363520412049086
0.439460265326505
0.175023813954156
0.367613099026006
0.145100705537974
0.368076012755621
0.36847268716779
0.265611657376028
0.362031268172801
0.299895874724507
0.290364269161493
0.308705183321589
0.316565358409623
0.399933055806031
0.308155707814839
0.276973730953883
0.407967841989134
0.268429246813782
0.338253837658456
0.312571386727735
0.114399212889377
0.441459812706451
0.370977243024277
0.433210614014922
0.316078069533865
0.469573600656018
0.237615664336705
0.359857466312199
0.43347755801777
0.31587449801219
0.229096195058417
0.315088127445267
0.266184991943362
0.368137957567086
0.296406099758374
0.400842217189827
0.495454961153945
0.437113733371343
0.471140167142847
0.414981571964247
0.319842411351515
0.313712901297824
0.395799044160937
0.305431425473342
0.547298332511273
0.363016055675064
0.480887029170121
0.531466525734903
0.475039064196553
0.341181424070911
0.504008597150769
0.302816690306685
0.247835416626427
0.332466461322259
0.47324584148601
0.375983345265559
0.307384907688346
0.554164124015289
0.35595816386226
0.398282679194617
0.356124982911435
0.36820717985314
0.25815042649386
0.39789627227944
0.369701841337882
0.341447138772384
0.56479198386255
0.494742581259267
0.356438474540633
0.424871051340271
0.376941218431029
0.441000621417052
0.45541682802958
0.537750254956574
0.474927893949125
0.470711274881773
0.496075463089714
0.587364297355769
0.558090156510284
0.467007719483171
0.629228895656884
0.539861159410072
0.340592571285792
0.369959232841449
0.396326829184837
0.329666442036051
0.493748866689878
0.478358366322204
0.526905861261515
0.48697766663551
0.544964606362639
0.400076930799716
0.419777774766424
0.420413676577303
0.437982907308533
0.56729694625698
0.663639935126877
0.462468048185187
0.580493275632991
0.402821399062365
0.518060895671821
0.493372424286684
0.547693356046725
0.518574063164718
0.439872695734987
0.574458849774753
0.483136147214294
0.585940597036539
0.410732737183323
0.46309399338276
0.524368933864303
0.553498294813933
0.472788792550078
0.532147495369086
0.505068905102424
0.504663914707671
0.296311942088969
0.46269225003187
0.567777833111664
0.38965985378414
0.476304229744793
0.408640048774552
0.608748138340656
0.586177675208001
0.54086076059393
0.500002553261911
0.516964967982866
0.647315387815911
0.493955420734137
0.613202342151929
0.515751957629407
0.54365621541612
0.501494923244274
0.481542083334668
0.530413482338083
0.563872756563054
0.548676591288922
0.558211176050955
0.646948049086303
0.730604605769658
0.585867097241479
0.611734317898333
0.620116419229457
0.691628242049205
0.550822560283638
0.541633312172095
0.630627934544839
0.514442204945382
0.604033350613352
0.770811337152525
0.64542299503092
0.572407367040974
0.643548241548767
0.667107103676392
0.626929328156951
0.477573505967898
0.646902887687204
0.497920906487877
0.648740470979948
0.583404498420273
0.618766592940284
0.743431583795256
0.47067808229935
0.626017999564173
0.572932008170372
0.621773644486604
0.575909488252782
0.787988057402418
0.585649985059342
0.517047056240859
0.611152096275464
0.807830497319113
0.624608694909156
0.581015856867285
0.645526788031045
0.733320578741995
0.622726886146497
0.556817749350218
0.647194359833942
0.662210686915673
0.7834346617577
0.803342935743512
0.673709244178594
0.883375954574343
0.72175958434322
0.543595528288788
0.627801543981718
0.757467055978627
0.744382510400974
0.696716217922048
0.640852789790227
0.62902847482377
0.763599810960915
0.782610880378999
0.964859445490182
0.811674555367065
0.670635544013919
0.713811196447203
0.698655641596526
0.68520966318647
0.719590609255113
0.686876857275719
0.643213503994188
0.685632642069224
0.550964095977255
0.720904266237165
0.6541439142307
0.79612256624685
0.760560700863249
0.665319465349295
0.59872439040662
0.756737727565727
0.904189077062109
0.82392758935007
0.581233327630464
0.627938608840522
0.722008233649142
0.645368491939802
0.657282357347763
0.622802723639635
0.71775944644263
0.604915460317984
0.806128227012402
0.658052898691957
0.78455840760311
0.756226900798845
0.737584621689111
0.823399099470955
0.789347683532819
0.534423964680715
0.552235595236129
0.645165214943612
0.654498741816526
0.87757553808557
0.791868161706604
0.878894898248765
0.83365344598912
0.754813614114499
0.783536323414743
0.88298146632375
0.860869334012143
0.756016037033063
0.778819369046721
0.735352205061733
0.927698241844714
0.758936315749862
0.886799887477552
0.861788441951605
0.814284642068388
0.880032646050193
0.852087460095761
0.863651102313122
0.818215444710971
0.882441170848606
0.797146497831356
0.955211576404961
0.691524868691668
0.763901103124469
0.776988768685176
0.881758017966112
0.945351959988109
0.868314032058872
0.853724121644013
0.904076911900022
0.714758981769859
0.79811221399312
0.87809907895503
0.743069804057004
0.690000064887789
0.983380737709016
0.895623279022842
0.726365513023257
0.988475044520606
0.7639701019508
0.921198815715745
1.03563435384753
0.845653073584503
0.9298961987433
0.629090537208607
0.889403620278031
1.06499104986686
0.820884404558937
0.835250116056045
0.897547730494854
0.912941672198113
0.800813123915977
0.880866292757184
0.953637179143536
0.939071820093261
0.909941254091224
0.957655212623362
0.774719716390141
0.890376612884413
0.981630684219272
0.933961423396259
0.819977251120412
0.803189450952012
0.89754787862746
0.844544941557822
1.02723206973607
0.909866968271758
0.970532425420112
0.962043158194086
0.895856762932037
0.821791189359788
0.912767171076142
0.962990086083571
0.868182062943668
0.928748616051409
0.911642010307613
1.05578663308643
0.84443798393829
0.854458124620908
0.909702034270494
0.959161258246735
0.726598726043325
0.974781079133537
0.848003727651667
0.885699454016282
0.9095749232635
1.0018974497866
1.01239367157909
0.983972538217784
0.862606780638717
0.928708288202817
0.994224260420077
0.797450495628492
1.01207175513303
0.921842529698117
1.01400855711039
0.885156341422075
0.831689850327446
0.87944351269108
0.967259376124495
0.985553850896819
0.863180319862974
1.13953978067776
1.11315995874357
0.942828996688589
1.0495994258783
1.05263556113164
0.879034466937779
0.930077403923177
1.11216587661903
1.1605703241413
1.00384610982846
1.01402451424813
1.10132521447368
0.986848039337248
