-1.12207020852058
-1.09295459725288
-1.03303678300577
-1.07871217105632
-0.965732533357274
-1.18169811694077
-1.06408018955578
-0.919373051818611
-1.03448475850411
-0.857453009429175
-0.92407869482069
-1.10007683759831
-0.993912032472055
-1.09993720844082
-0.939699952453052
-1.06257310729486
-1.01209145144389
-0.855601356370881
-0.934601633454416
-0.870930787798863
-0.925130518471915
-0.872060313773146
-1.03583200670931
-1.00843432624621
-0.976272179942011
-1.05755160109301
-0.880349584026025
-0.889088302074081
-0.845492865411176
-0.905558299514091
-0.838377045851302
-1.0215032054788
-0.998212039205461
-0.831179210915222
-0.916182103794767
-0.922661311712198
-0.907988598077065
-1.00711295609527
-0.837360932989705
-0.950501890420853
-0.949581455450256
-0.904448691265749
-0.93569070656685
-1.08023561884661
-0.725779099330695
-0.989176779508011
-0.895426219645684
-0.885724313846371
-0.886639454019339
-1.02798511548861
-0.741019118418441
-0.923571436329923
-0.887049283653668
-0.89367974664145
-0.881340836711653
-0.834235498874762
-0.923411445736653
-0.722530086267384
-1.01674083537991
-0.814945318736468
-0.929132070578604
-0.822220367572126
-0.820339230961108
-0.868363360533634
-0.737826020617917
-0.853891602114219
-0.914369003189251
-0.811495236326798
-0.810008325531871
-0.792850488067203
-0.812103904447365
-0.828575629102956
-0.922672076808533
-0.836928568180527
-0.864901403397002
-0.837818539889654
-0.873528541161977
-0.748679215656744
-0.893395083706991
-0.842393245758051
-0.925810110922507
-0.918366662435838
-0.8503036041272
-0.889039484957901
-0.6923658948184
-0.939411302986771
-0.834640007640945
-0.861933815431305
-0.939202524417803
-0.813367725279995
-0.842915046986152
-0.917359978336785
-0.939832550924426
-0.634868555609916
-0.838555322229616
-0.866967614989439
-0.752287113679907
-0.848605929886727
-0.890122287757149
-0.817233833006717
-0.924499491014855
-0.772879233365381
-0.716948379245994
-0.913177869358733
-0.727456180782836
-0.840878733126188
-0.850314590212104
-0.801562359715565
-0.751815918970942
-0.78013185775479
-0.749935846905442
-0.75007846485372
-0.656439495057298
-0.803168953866395
-0.708704692208987
-0.792796198972047
-0.830262690958014
-0.715592052108855
-0.675640780048708
-0.782579076741997
-0.718953333949142
-0.904915836305549
-0.660911112633837
-0.701094129544673
-0.696261161689935
-0.840861117687143
-0.770518456728414
-0.717765382604172
-0.821267239604996
-0.738350332576951
-0.682198850322299
-0.831838502760762
-0.708844726871281
-0.636510359090623
-0.720048621337084
-0.708865063321799
-0.778804259085558
-0.84878413222383
-0.720003442410979
-0.838860932680906
-0.821425470305246
-0.61739099258998
-0.633449563178078
-0.751860461595298
-0.594064769455214
-0.690085038323891
-0.518879905023649
-0.423288921018352
-0.674606731595804
-0.674139749876259
-0.61613647283389
-0.640589910853754
-0.737288439623235
-0.509211096184594
-0.587236785492984
-0.530687349949377
-0.655890030458243
-0.440008327093955
-0.765853728688304
-0.752407223417887
-0.591448708500208
-0.601110895492032
-0.604929280612366
-0.622474243939779
-0.688243866816579
-0.682079548322255
-0.756042414835939
-0.705761073481108
-0.638975370678418
-0.628125169161291
-0.559358365381128
-0.649907287702038
-0.618932011085974
-0.599852117309784
-0.600508478758545
-0.702990025857695
-0.69611922598752
-0.65668540449295
-0.525044433648316
-0.706419164739543
-0.662281387948824
-0.4956554164379
-0.686815939838505
-0.666095332689683
-0.533605067251049
-0.50989513393078
-0.685097516138015
-0.716541356455394
-0.614868347903793
-0.655129262531128
-0.645102325262663
-0.557169822249939
-0.618385485463469
-0.712086143163798
-0.648441882868086
-0.673038017176007
-0.612520970873202
-0.80545101672379
-0.523250893737728
-0.567181742654083
-0.488871475533277
-0.649820476229471
-0.474519211943421
-0.58223946189819
-0.677501000553395
-0.558216784513958
-0.611662139874368
-0.515281291309081
-0.624299610803744
-0.514832912751657
-0.521717498727836
-0.582273839374726
-0.635773464202214
-0.407291166070205
-0.426550053180828
-0.626716464133716
-0.645265125972541
-0.699022263817328
-0.521708577101441
-0.535859386349412
-0.593465424384987
-0.414873852484447
-0.460630111702815
-0.676931266444389
-0.458984524880533
-0.733719222524796
-0.415685688991923
-0.595872455326922
-0.61740948248699
-0.50035159526233
-0.455165304614756
-0.564419948126857
-0.554918981600822
-0.661624415302852
-0.659879021245377
-0.59356913449619
-0.467215055728326
-0.452516865342633
-0.577605045795083
-0.323928775645967
-0.452024959220462
-0.624820992336906
-0.43663440451556
-0.438904994074417
-0.527159889727801
-0.54044495456175
-0.478432194086916
-0.46941891426206
-0.372892335496062
-0.490383247341424
-0.42783987673704
-0.465248010202362
-0.482004126632893
-0.602583244003265
-0.651785875692999
-0.52031839084794
-0.497948652454938
-0.440143161028284
-0.449257554316142
-0.524847320439912
-0.455268204860874
-0.548619682109774
-0.488396357850113
-0.519680510586778
-0.449865636072697
-0.336460478871352
-0.576060249168256
-0.428551791898215
-0.577391121127934
-0.623981756556037
-0.321024330793264
-0.458042037438446
-0.468540683405593
-0.425676153903975
-0.404359852087301
-0.458984909095268
-0.507237659002978
-0.384749023516171
-0.495486182974406
-0.407069239036467
-0.523125165361347
-0.38131115313273
-0.312220435944931
-0.486191106393121
-0.359922553350276
-0.492951497887221
-0.416149761768312
-0.379936191365545
-0.508585265209675
-0.362004367878328
-0.433862998409981
-0.344219670330759
-0.441893428820513
-0.397346718036956
-0.542942945076939
-0.592092707759382
-0.525218410953122
-0.404989839686586
-0.292884863318644
-0.438804416982564
-0.42595221308681
-0.477130316128856
-0.343133612789876
-0.356638490091512
-0.406498704845865
-0.32941783463154
-0.457282268679575
-0.435413208838197
-0.344116493825725
-0.327953613531811
-0.34224977312089
-0.427513148522614
-0.468819463495997
-0.378198331999558
-0.329295492294351
-0.388920293903397
-0.215481994415961
-0.345186137223249
-0.262819754884164
-0.349675905276198
-0.346754143825234
-0.276651497502125
-0.390981016775042
-0.163581103241893
-0.305399638086654
-0.389152522787405
-0.300372048275596
-0.252913279092058
-0.24447770519554
-0.339084486292394
-0.227461380876951
-0.324688985597479
-0.254695131983834
-0.337800927140838
-0.33947402148292
-0.470638886222851
-0.326429810555877
-0.208702293257448
-0.399961850683105
-0.451971076730816
-0.2349802170876
-0.417791721662369
-0.266869645122102
-0.292092610972386
-0.296600159748183
-0.366052635332669
-0.218257990195389
-0.244304095384084
-0.275453755732484
-0.398146220220893
-0.244718004053663
-0.280873121852014
-0.347042561412775
-0.39440537031379
-0.457437672638572
-0.15174562160736
-0.265270445866154
-0.273577449855102
-0.16299647831769
-0.29308640825883
-0.156320768008009
-0.280924067309508
-0.15066190803787
-0.296412718840655
-0.346452179058267
-0.290216550195164
-0.314481338669874
-0.0885369899876848
-0.222483132749235
-0.215839796322944
-0.296073319928346
-0.287015157205359
-0.282345878902418
-0.0999879261762758
-0.33017258844865
-0.130030980941083
-0.481284652619242
-0.223579514632691
-0.117893766529337
-0.0899663991673765
-0.408406427861588
-0.284079937176975
-0.00626539450367091
-0.344038367141687
-0.219735864238302
-0.248187851388618
-0.0640958175673478
-0.23135401401353
-0.224371323741792
-0.20320599334323
-0.175330439798401
-0.174237514723005
-0.0691503891969132
-0.282684025690698
-0.262244673747054
-0.216560005163988
-0.184618723412871
-0.207048941734203
-0.14407812077968
-0.202784001006304
-0.160725862474593
-0.151189688903127
-0.130483676134808
-0.227919793393453
-0.13991414204781
-0.109834037336134
-0.231512198311464
-0.307793809931596
-0.155375668130569
-0.0212398364987605
-0.267365587640865
-0.315805096202191
-0.200979454141873
-0.0986637009752375
-0.167621670500239
-0.204329447821341
-0.13396395023677
-0.160540078252777
-0.200819165185185
-0.0624382255119854
-0.227373278793621
-0.0578153009180399
-0.241350117028599
-0.128512715702748
-0.314843799803937
-0.170610636424951
-0.100571086391565
-0.199325849493246
-0.0200809101375016
-0.129540229767276
-0.156489517343231
-0.378801595306899
-0.100313188622547
-0.0439862681980706
-0.196399279962265
-0.00553868739978886
-0.239639717677918
-0.062361610165231
-0.132935327758589
-0.259856267470455
0.0431559678134854
0.0319838698904123
-0.161804018024217
-0.0830885305485335
-0.276499334456596
-0.0364807792134674
-0.109551778181425
-0.148646072395426
-0.250245960467112
-0.110363749807999
-0.114446394347167
-0.111095784965017
0.0555619225905899
-0.0201033724534267
-0.0933851696642661
-0.0735333618966008
-0.0374475949494974
-0.0306818748298454
-0.0718390823846225
-0.0761895892395809
-0.150791850596663
-0.0412375536151702
-0.117400741389304
-0.0635608373732563
-0.0855218164806483
0.0441231416485604
0.0201487488074492
0.0704622925558918
-0.108896077255225
0.104425253862433
-0.0568261556994962
-0.138425382001321
-0.0315437081428535
-0.00290605633473083
-0.143028922243485
0.00795645089060783
-0.0292607644785279
-0.0130441651550376
-0.0171753296998373
0.00530202894193812
-0.0121150973848506
-0.152030757209152
-0.145497792473148
-0.0540128933590741
-0.0273795573760669
0.00936523521697277
-0.0896577317425146
-0.0601893893777492
-0.119889892348749
-0.0310052100354009
-0.0514565595205186
-0.143479767197602
-0.0150469977040496
-0.0174545332946302
-0.0254472431545893
-0.0172246271215277
-0.0718648197894271
0.0255190563278902
-0.0925047883174395
0.0299409811509146
0.0258395232153674
-0.00412264722855105
-0.000315053187016599
-0.0220450508469518
0.0401108182807183
-0.0487870084591598
-0.101808190561129
0.185214993472567
0.0241307505905572
0.042737993273988
0.0722350886594299
0.0633030804899239
0.179818729593953
0.0102486018977607
-0.0699421523268781
-0.112552896770999
0.0497916424810712
-0.161371129592212
0.00140971018781241
0.0953023275410445
-0.00933670375690175
-0.0373401977663433
-0.0171030885209228
0.0914858883972564
0.0426083708056914
0.111456211699854
-0.0316559529909213
-0.0453838233069178
0.122498309528194
0.115875531095451
-0.0297297436544067
0.0214171153989413
0.0036906582549276
0.124661358837886
0.0832542665041046
0.119540343890606
0.133634135692572
-0.0905000684995839
0.0292483070684762
0.123819487593602
0.125412087928161
0.0257116603738905
0.0976493211655809
0.143200606166564
0.0766359145237469
0.149583680324806
0.123332398718358
0.101152325827248
0.121718000474843
0.039515251297834
0.165860051932817
-0.0254901734635395
0.0186178374358851
-0.054330579768185
0.0805719561330416
0.0395788573041188
0.11077173203642
0.144892239186397
0.089333727926881
0.125603469788841
0.045174135797066
0.178320406818937
-0.0387626855668524
0.137409403136387
0.105007396891729
0.158594921333936
0.0536390651469058
0.125244644866378
0.122888449547825
0.204594632855698
0.225806100379229
0.185905192843876
0.210608676174889
0.124786353911456
0.144582026449328
0.295152645717134
0.00511333995670196
0.130823383468601
0.173273034597019
0.247216535710862
0.264885395078816
0.0135338633656005
0.112840156131605
0.255015260513897
0.21076544845259
0.193888756710613
0.0393335919922981
0.0488982638732087
0.190771187570323
0.28724182117109
0.0792516032491106
0.21322831831405
0.127573284683531
0.20464575717008
0.0695533299860775
0.143642034685005
0.188658258344169
0.343293768632608
0.338718718956976
0.018441647897426
0.126035031168794
0.320267434735429
0.145131227037033
0.183834178829966
0.200573766198049
0.184871871156882
0.209741193469034
0.106684134191029
0.324357863574851
0.145811480083907
0.193566833035312
0.319095762712419
0.175837969279767
0.352015972270306
0.396990722848783
0.203587330597436
0.197877583516561
0.317509604696972
0.408424104607145
0.199812751141452
0.362527693380551
0.259944403451625
0.0806107401215053
0.211900202820069
0.297686351162512
0.120269852151211
0.259662819229163
0.313948985598999
0.37659046534871
0.255374932131376
0.248156751147409
0.170338779456064
0.295109103804619
0.215192777574769
0.187633922488208
0.191706698146609
0.333220237876805
0.262936030776895
0.446263854593342
0.282037656069155
0.334102854059955
0.196654484376334
0.318854233258318
0.275963068264901
0.280982341044585
0.256263990455842
0.205550750453083
0.20682034264378
0.314855239666415
0.309148602934563
0.36627337565011
0.252874678178246
0.261774652418475
0.272368379790446
0.298098671050156
0.404006703547299
0.311154529064851
0.336422310081989
0.400451491943133
0.308955424284621
0.301693715241708
0.293861185167079
0.284413940276712
0.410631815945512
0.339440350878767
0.217117926628363
0.375726668421573
0.48490310152702
0.45163840274843
0.246907865735371
0.316617051569414
0.241539824273724
0.347052492385679
0.294493559480844
0.448911263770807
0.222305453209131
0.367243330205546
0.22579864161838
0.304736796856177
0.246296684640732
0.352453121290406
0.370443743470821
0.38312319708209
0.417556283477947
0.380755942325499
0.383222910921531
0.431914052272684
0.294148624285074
0.479342641574036
0.347703697071087
0.356755184743564
0.495934651918051
0.4284486909052
0.304279734059692
0.423350841498524
0.308368895205972
0.36245303626077
0.393843190034512
0.481405579480192
0.370626524848044
0.351602137710113
0.523299790475054
0.366683318967152
0.394427978532748
0.4638755101503
0.308771857920694
0.341840556778633
0.36976473802854
0.476834459040174
0.450284829779691
0.452134137016936
0.481323607559685
0.466212522881028
0.533801363393764
0.431635649989394
0.358541283170926
0.520721791079865
0.370784096727914
0.522102474812748
0.516222098275098
0.460735038636283
0.603872014947795
0.345404660954907
0.359928951133285
0.22285272146434
0.447183186379785
0.339823419565692
0.401986361402829
0.479145423864911
0.567197627514009
0.463752256633724
0.404914570781412
0.433878198309382
0.548970023631898
0.475708753814389
0.539900486658306
0.499997091782131
0.48780688107912
0.585062941620894
0.629294420168584
0.423564726984943
0.588291576009462
0.491246294529795
0.533768717659113
0.545012266481442
0.472928931852406
0.529157487198296
0.547556252481061
0.528885248855217
0.581925421602285
0.428320792844978
0.519572646548414
0.508705187310137
0.406148718539071
0.525347523739662
0.459346484619473
0.594725740847401
0.573202967685515
0.651194454189828
0.529033269925675
0.564842356555195
0.413386526712569
0.477213653064273
0.362768878622627
0.505198298518108
0.60706748579702
0.528536257085613
0.695443929116775
0.407842962032426
0.445162855692273
0.520251048688773
0.656111563943399
0.415540176220843
0.549729670153887
0.516787100179704
0.471958415745572
0.563902014560642
0.564306567789637
0.594342368094098
0.60328127422686
0.579589576030609
0.604167040876087
0.61926823015708
0.57497838091951
0.528113358633427
0.605318729294076
0.613422780693498
0.49381234911392
0.743577873044042
0.604494923794599
0.494496667810985
0.566884366428637
0.528382788913807
0.549489931174458
0.644344974943164
0.764238224226409
0.545185984985258
0.586723945810181
0.524571015090661
0.511853703440116
0.533852075782873
0.532063085237157
0.659597048085439
0.56933863422611
0.71458285723335
0.570569056003722
0.561596848824945
0.752853493445253
0.521113508869184
0.620453317384468
0.50661664642467
0.494600501730495
0.548480950519296
0.5214905874223
0.634976433144009
0.730753070291292
0.728115755858681
0.694090707485377
0.660828146289927
0.611929780064535
0.596272861658311
0.697100404457222
0.532410313348919
0.576118779036705
0.706490011055302
0.588295949495768
0.577360936113115
0.627603457992884
0.716517162071878
0.850052555387848
0.666724504753572
0.679166872165573
0.677188447957549
0.734807448574938
0.603881243606955
0.717901104554603
0.576007935687743
0.717784173338547
0.601124555637812
0.674431275902811
0.663924485777507
0.680693257400866
0.861149123654628
0.518560549831375
0.672502702630163
0.715791474457847
0.780758718737202
0.816111318732949
0.61454301811279
0.707793120658512
0.689628869211472
0.835530069323612
0.703933663071565
0.817222189243522
0.754061255881336
0.710728427613485
0.6602372370313
0.821521032523769
0.733274211984093
0.830965058732577
0.703441225188705
0.729739778855477
0.603412142251174
0.661980780990642
0.751660868832829
0.798786665235344
0.716642913092632
0.819320361672497
0.693790755957552
0.711282476943929
0.799348732184875
0.66933645801177
0.764272150697797
0.620904686705058
0.786551914442075
0.757282425830414
0.686104022916961
0.677618547474423
0.709047135718101
0.657929090753261
0.701482227173744
0.642040430185391
0.659442323654985
0.805285914145505
0.728235907527139
0.761483882827591
0.774547374163345
0.664829698031804
0.639926239827556
0.699690965898305
0.890063001618257
0.859115562292696
0.739140327933973
0.774014118533208
1.01037694426678
0.795867324744748
0.728789780752976
0.687524962906482
0.739208730113159
0.852963736999922
0.829478023013801
0.755126285742672
0.882934994242267
0.779665232867594
0.736048419513913
0.732528278748052
0.813448339746333
0.647018460384255
0.900578029277777
0.61577710494637
0.857637515320625
0.777649584346842
0.960521843085957
0.941601181753343
0.9602904550911
0.872287792542228
0.787199156954234
0.896431007661795
0.756557617637353
0.833663717229847
0.774280357072663
0.823003047936652
0.86470883901527
0.834571474466229
0.694203945221506
0.948050729071903
0.833329318562303
0.876680990989266
0.843311116397734
0.900746310535525
0.884467289760259
0.933763131593023
0.927667000957684
0.783986407073119
0.908067044235138
0.925841383054945
0.885137683625592
0.858594139719441
0.955799368609185
0.971384214939005
0.805707710631495
0.904306692962051
0.845177335224566
0.882045593821482
1.06125449624949
0.824276982713797
0.809247906262751
1.03125141922004
0.943058379640048
0.930664251758084
0.951136246488488
0.963108165376712
0.975960033217991
0.835823544468128
1.01850838584251
0.878397905212437
0.877507796488042
1.01494720221938
0.885269202278543
0.974465350873619
0.91270471000508
0.781482246571583
1.0134886218269
0.902035973845982
1.29668977499955
0.869453867682842
1.01921129332672
1.06341045394831
1.00754050356888
0.873985141010358
0.957409868228865
0.855245933289772
0.881348112364066
0.855576428386294
1.02457193536944
1.19449452677189
1.01103094186138
0.981965377330069
1.01175974216221
0.950697428479456
0.890714689031408
0.991717338938854
1.06339739354007
1.04412322810583
1.0116317955806
0.948414115435249
0.944026768272323
1.05772671306949
0.867734609501786
0.982276635380807
0.915009305051418
0.893257087873658
1.00864743123384
0.759162229363785
0.859802446237906
1.05673168867219
0.979737381563943
1.12816382690603
0.95031365111218
0.936571077166002
