-1.0801660953542
-1.02152092836203
-1.08518080644224
-1.06699879906081
-1.10970184063307
-0.854924673711177
-0.815632798814526
-1.07158846458138
-1.01878938753999
-1.06981079347642
-0.989855690062843
-0.957071515015984
-1.09292072265433
-1.07115778001351
-1.0566939795534
-1.03796569205762
-0.86184228170542
-0.9620263552742
-0.871778237570242
-0.879988916218691
-0.952059641652307
-0.953388489612271
-0.856587458902417
-0.875019367589561
-0.893974239667297
-1.07511566593813
-0.948138066656817
-0.922877440982721
-0.718067335481119
-0.880367537680923
-0.940344835613196
-0.825911567765236
-0.892721400723089
-0.965933899439746
-1.01091289985919
-0.87501197731132
-0.902937837300415
-0.85791567740155
-0.967251159566073
-0.813964831940265
-0.836008116448507
-0.975449950374968
-0.942556540240548
-0.910414389493323
-0.909496637597418
-0.835242492429186
-0.898479930454213
-0.94447787906718
-0.873422209876515
-0.988140606937436
-0.686020635431375
-0.964335454042982
-0.891595818112079
-0.80254782959643
-0.823140952793947
-1.0170285360303
-0.903268105185348
-1.06059296375044
-0.998503547231562
-1.13326978461265
-0.914854678269989
-0.901196744810561
-0.824828837583177
-0.84469922420329
-0.987973231658317
-0.902460257410055
-0.771484255815199
-0.943274491337983
-0.854316703577143
-0.890511107493292
-0.859764475756421
-0.787479382418645
-0.732242675006038
-1.07555260816873
-0.829534099789628
-0.742661479868968
-0.745372725198217
-0.893330930205188
-0.957612304265352
-0.589684992319072
-0.723833262728472
-1.01016373838754
-0.6668470846242
-0.831373753208116
-0.893708648133583
-0.865300050398321
-0.769748193971499
-0.71998616513381
-0.858396130763584
-0.716175260798898
-0.831203544090647
-0.796299945311432
-1.03834325447211
-0.73826044396764
-0.945604444730837
-0.751454970151784
-0.732272787807204
-0.666422451061813
-0.693638646230257
-0.94380573196
-0.723561341530409
-0.852076075011721
-0.74574405571099
-0.681815273864565
-0.760460460445661
-0.736460390468347
-0.806830021458933
-0.845408666390531
-0.702776932117057
-0.745238564276206
-0.733940156991824
-0.851685359992909
-0.783379723812841
-0.672965967571376
-0.686681979295951
-0.715996839403541
-0.876856611201625
-0.82790453484595
-0.729295991628558
-0.844216814925953
-0.746096415947965
-0.800071442198823
-0.749294081280684
-0.742592860192989
-0.801525845670457
-0.640593366531621
-0.810190957813004
-0.855280751293763
-0.758537442406936
-0.593446659875817
-0.710047444247925
-0.681808202552614
-0.784825606863811
-0.600211987740817
-0.651317815254908
-0.729244157577845
-0.629231820608704
-0.739391648925596
-0.819048716408604
-0.756192549886887
-0.882371155479449
-0.623501170246964
-0.669564333072683
-0.522426115640238
-0.678318998278637
-0.711782614601797
-0.704710442416898
-0.718328602124895
-0.762384725297301
-0.68484331989608
-0.723234801947362
-0.511852888349765
-0.700312761894304
-0.653379980861031
-0.697088280089006
-0.765886412404263
-0.717733149595897
-0.535109430756644
-0.702550011696296
-0.806576251857666
-0.699403060712733
-0.819074804965891
-0.877294367493067
-0.819316034776279
-0.608858094963104
-0.500416624026696
-0.832420027829959
-0.678902360339223
-0.719933843913979
-0.756278593962163
-0.58314718704955
-0.713498418612432
-0.572673809977903
-0.636590541367207
-0.635862262127429
-0.613333304385823
-0.567034629904724
-0.696118827979913
-0.686137595412881
-0.694044168574961
-0.563620457982495
-0.484342434779684
-0.727286087948184
-0.574204345313798
-0.668106046802815
-0.700082533176093
-0.703312468469111
-0.596811888733404
-0.679943582984701
-0.661403096356903
-0.596808670507845
-0.579196344344831
-0.684199083908258
-0.650584647117212
-0.724121090392541
-0.690559298862597
-0.589357556082226
-0.655885139576833
-0.627080617591183
-0.619110841465351
-0.661677078188895
-0.65500747010076
-0.597818825250142
-0.643494446820529
-0.518179354308354
-0.45954130590029
-0.437021957128954
-0.649944627287152
-0.612426166418478
-0.667291199646004
-0.56668762276019
-0.682785774800421
-0.550472813964665
-0.65444320500868
-0.589029510872584
-0.704751391497598
-0.500225287023817
-0.586996481650003
-0.611154636317509
-0.491338635409263
-0.575453721452
-0.583070603438456
-0.550200794416778
-0.492682753601815
-0.662621700449889
-0.538573605814876
-0.501394261772159
-0.454029276737041
-0.410131760880159
-0.569768692729755
-0.616853078828292
-0.483584979013419
-0.734451012026391
-0.510861163112343
-0.572625654321531
-0.533644984311827
-0.385254981067859
-0.540136095940978
-0.492784708192913
-0.477281595221347
-0.528407030543635
-0.546034614212308
-0.663774143906754
-0.620226993957767
-0.542008271609801
-0.463318437197679
-0.676528583935742
-0.492586125701163
-0.617978538313499
-0.57932427532453
-0.444928255498166
-0.534576906441387
-0.411229546600361
-0.391484766622609
-0.470454632185551
-0.627635125390296
-0.517250894837858
-0.424315844248283
-0.514265797284565
-0.51695590232375
-0.525576856941712
-0.456198637137787
-0.506253985526518
-0.462720022931828
-0.637643617849556
-0.602059562579647
-0.500346011433939
-0.480867796718618
-0.442629064995712
-0.517779751916455
-0.686379057843413
-0.435467870300854
-0.471324124964794
-0.39423144014835
-0.378022820822671
-0.394850805137469
-0.534123060501282
-0.409220657262019
-0.296464172150874
-0.529662876334723
-0.295377244133562
-0.49541269241273
-0.400422312893277
-0.572767080140326
-0.480132420712722
-0.459047238706896
-0.467873552176721
-0.475943125240735
-0.558364088329529
-0.295718679790337
-0.527392855605707
-0.455975089564006
-0.290658603351059
-0.483977040562635
-0.409578455365441
-0.516900954348562
-0.369362002165823
-0.363883475255915
-0.340473634730751
-0.426182219388168
-0.461732877391065
-0.359296196355815
-0.249689599612888
-0.325275878478849
-0.411896900097263
-0.369437967299896
-0.405026108686153
-0.45059693245214
-0.490997586364762
-0.434179912389625
-0.437659638554573
-0.39365228587022
-0.278612537362323
-0.572662235279518
-0.2947032324255
-0.372781018336127
-0.430610385026576
-0.389055052249512
-0.411705821360766
-0.41837361752945
-0.381221137322852
-0.408756507893206
-0.329800158302685
-0.361369856401512
-0.354472138015545
-0.205062871380535
-0.321697074809567
-0.522652284780108
-0.405824516150815
-0.377233782646903
-0.339244307728161
-0.303222525147215
-0.414389167845977
-0.317789730431642
-0.37042457817464
-0.35299880413793
-0.225930099786436
-0.10354984623485
-0.289660197831532
-0.383947411267017
-0.275392915255811
-0.285034053007393
-0.391769910196811
-0.42394126112765
-0.293808165426911
-0.21023815432311
-0.286929282662086
-0.463367678648044
-0.314751473159589
-0.259880152788602
-0.197269256205195
-0.362736290160183
-0.245411115240878
-0.37420126063859
-0.337588801081264
-0.2575603771903
-0.368061945729955
-0.309531412097857
-0.162207806431198
-0.358599459455198
-0.250570422178862
-0.330903309174785
-0.385788773503056
-0.210075783344571
-0.217811287611829
-0.377402466981037
-0.153876617642505
-0.227960962053326
-0.221168962730672
-0.396459524281567
-0.181280992423682
-0.213709889467831
-0.242058304963361
-0.1015369051961
-0.319524849858122
-0.14576783060327
-0.348714629544139
-0.2351314605553
-0.263121130364889
-0.369314986120892
-0.259143062285319
-0.195650739418792
-0.0570655582175886
-0.310881415749163
-0.255883845215144
-0.261218181978763
-0.297219245881364
-0.258400908094038
-0.185313019852975
-0.125820378320525
-0.308713521843997
-0.16898517925517
-0.161857567627525
-0.321515091945033
-0.233388296127745
-0.241436631783585
-0.158548480619781
-0.228689083636682
-0.256711255045964
-0.229487980806439
-0.302828384900995
-0.257904183482177
-0.33529236253151
-0.0134684503644948
-0.0740885741574277
-0.244474851432065
-0.142319391578907
-0.0636704055419033
-0.184426460544853
-0.228873307389179
-0.127596092806359
-0.18264723515958
-0.160636145761192
-0.0474978765858809
0.0134923109240368
-0.183698689250452
-0.148150356815321
-0.240473250586746
-0.179123605733103
-0.121265572567366
-0.212636348662241
-0.0124503506448621
-0.347455767185107
-0.18537406106763
-0.354703128967368
-0.15046580061413
-0.2343920075674
-0.163855241653264
-0.103495982736617
-0.112682657201217
-0.213936280576516
-0.0696981229174659
-0.0849907947427157
-0.151214290578314
-0.282790561563406
-0.0877012706517572
-0.268188417317654
-0.17325938540257
-0.121547488197891
-0.159357221051143
-0.0752237133524344
-0.274473910396116
-0.17666032701281
0.0119513322234541
-0.243138637453207
-0.14572107450039
-0.236646038711599
3.576225054175e-05
-0.0784927939055389
0.0831141083169321
-0.0352791246493865
-0.11314678420418
-0.167461494397576
0.0107030337644009
-0.214290600348801
-0.0402393722946589
-0.171472860715874
-0.0966170087875291
-0.0671693329783579
-0.0796814713111548
-0.127587881314448
0.00820373729680595
-0.141621768439249
-0.172001346916304
-0.040684736288772
-0.12600191682587
0.00295138952298602
-0.123829048433236
-0.11894206171386
-0.144981139208537
0.0439551977999874
0.00527101270088789
-0.0219970782386237
-0.116600314636711
-0.106656556358592
-0.104894109024253
-0.10911011036279
-0.0628852914539505
0.0788036917063419
0.00655481666151037
-0.0201387338342958
0.062106891734465
-0.153818032232262
-0.12800486613873
-0.0078970695332554
-0.088952742204286
0.00644121106883909
-0.00182768355505722
0.00350159671689474
-0.0991537950313334
-0.0916017791048312
0.0529686462966811
0.0265135866505051
0.0249797430169237
-0.0509085662349004
-0.115553275887077
-0.0141485325859814
-0.0106812416512725
-0.0708664554487498
0.104768561499373
0.0111971297558715
0.0345261343828691
-0.167215634988321
0.00770675062250202
-0.094005285401284
-0.0969689408527217
-0.114260705265129
0.0816651185945679
0.0588125853867673
-0.0145753644672274
-0.0478296294823877
0.155304471932278
0.0793339431865407
0.109201729312074
0.0601096502807034
0.00829198749546205
0.0611861079674483
-0.0714149734845211
-0.123212265275145
0.0833457509218049
0.0779923873110113
0.0207356216802003
-0.0329241342588609
-0.0152821839113086
0.0498552294203261
0.0392870743832379
0.072881781019203
-0.00307287011412279
-0.00749838492963873
0.0208473599016219
0.00454576032444263
0.105265256161169
0.136707983229465
0.137848168764144
0.0413032799272758
0.00248285399248769
0.031612397465169
0.0969297536642712
0.215751292974195
0.0886785608811902
0.0986022034206728
0.0381996716704343
0.0735080555175522
0.102225414691825
0.10650658367784
0.0912367454047469
0.151893966371398
-0.0605516102913136
0.132440440654158
0.153882787389175
0.0761114317828363
0.183839752954259
0.1883722540476
0.0865015411743685
0.0143745960756497
0.179032460926539
0.197786489339341
0.0982260961315384
0.136935200381318
0.286816169808058
0.25120972997894
0.0503717166120884
-0.00408984875070182
-0.0527617717137188
0.0945542026385084
0.104348415104369
0.141954448269514
0.146190930840378
0.0514886894593639
0.0499922309576638
0.182509386870841
0.275220121405315
0.123137324927098
0.291902698916809
0.155093449870099
0.119188099287693
0.260160991602057
0.161501954243651
0.0443945199254424
0.308315052544249
0.235170464766389
0.0648979708393227
0.195184163749446
0.246065018563797
0.235340320515063
0.121014194082023
0.193523920926946
0.215475340138232
0.122153574976769
0.126759917532749
0.0939618202851052
0.319578342540039
0.268623035220749
0.0602010783910385
0.201246648108549
0.204455161138828
0.247516433444542
0.205565988127325
0.131995695291137
0.200712761962737
0.197282273939989
0.322593961220792
0.247595551184346
0.277023146548771
0.171864801860602
0.264783148332735
0.133487680446653
0.176998877445241
0.251842434669231
0.230306827892832
0.289608188438433
0.23313710578799
0.231501266723467
0.159134300703332
0.228489393247061
0.200794903094423
0.208762280865588
0.0659941058636996
0.308762191432713
0.365751095971319
0.289049377996383
0.150060634033074
0.226361633440804
0.307024200327053
0.318584843373036
0.30152732533867
0.111578318225334
0.20348219432166
0.18056724463534
0.233861581951593
0.22577583870951
0.213822998994591
0.268274994699588
0.201340155275976
0.156504609458439
0.218735195272478
0.316133062925509
0.164165933908325
0.227498789120601
0.322282716405288
0.272624337434607
0.200262130806899
0.208434247907495
0.251706459886791
0.399738747329057
0.284156980411736
0.395077959039372
0.269308796507475
0.397198336622977
0.279384003836623
0.404665619058152
0.381187431408834
0.430399720052682
0.182562351210269
0.36868526940162
0.149540680344792
0.360504152266024
0.346185831810061
0.264011733029341
0.334760092732309
0.304735538574349
0.281694809432706
0.316369057672559
0.310005474366272
0.371850925417564
0.302526316639265
0.249882198179276
0.412253167702341
0.284392265073682
0.334781087025267
0.322862152506725
0.1013415236269
0.447172560180809
0.370176267650384
0.404547653930581
0.333645974801358
0.45564747935501
0.229284962162955
0.358279709416465
0.426888903513032
0.305187518704552
0.227780020613159
0.311372079564456
0.261249911021598
0.361420590881532
0.317347816339552
0.41909879849268
0.451160908683462
0.432902592725731
0.44787057404647
0.408042797644848
0.316491737048633
0.302186572133637
0.38772740426196
0.30532985652418
0.525471866462566
0.326026576295742
0.459519518363029
0.558652469743198
0.498305337225529
0.345995916510704
0.50986918625819
0.307906989631659
0.252865998155677
0.346889936140663
0.47420738298761
0.3781442130358
0.300612511946837
0.549383423776328
0.364974884608084
0.400260502632295
0.384603614531716
0.348841332778047
0.274874397067503
0.407738109311056
0.390629755408893
0.346106854113195
0.563338144260113
0.510247229499886
0.372261713879282
0.443418855937103
0.389205525985296
0.444557821753767
0.472609858687851
0.551828178481158
0.529490514291773
0.472801000310657
0.50022069937856
0.570879719315561
0.556431548696373
0.501424033611064
0.634147652999965
0.515384570968288
0.355513004018177
0.387267774757459
0.382786753027549
0.343814266821232
0.505895890213283
0.49707659660886
0.539313288203964
0.485099528360795
0.552585540994265
0.401123363408923
0.409273269693942
0.43230860449049
0.439143288029616
0.552850469079216
0.638981971618976
0.450951830299903
0.601694831475187
0.408605862341815
0.531617301271783
0.462574196445513
0.539532412781188
0.502050947700517
0.456794489515161
0.583573168000388
0.485515616513998
0.581027229803974
0.434831735059468
0.475502984598408
0.518343115527604
0.556431952874286
0.481291057634715
0.540584520008027
0.529132121499043
0.482095676395403
0.285024457186835
0.456483228393607
0.589728670634351
0.415100075916474
0.457378134853563
0.407276603559414
0.593168822092926
0.57845839415449
0.558542802886925
0.498101984627835
0.510499584770289
0.656648067952138
0.48300617771513
0.622593985030511
0.489322986517399
0.541231046250534
0.490288759565888
0.475881450127146
0.513948811656843
0.551063856445802
0.534911927390706
0.58472612981328
0.642330733589959
0.713608148954193
0.562238911772584
0.620139379707296
0.600119238096162
0.668475260632461
0.557261902338094
0.546549698962316
0.63265395982993
0.523103050182013
0.619109203344259
0.734516227841864
0.643670666502395
0.569399850542474
0.658072317742142
0.684607102563892
0.634426954174813
0.454440138161606
0.649109060451354
0.496207146548191
0.663402649024706
0.595692778506836
0.613539907564652
0.741111809885624
0.476740661638607
0.61840072868056
0.571340050910984
0.603086359657845
0.569321529572196
0.793775623540671
0.579607931064011
0.556775118318815
0.600866196266065
0.819747924819617
0.625474103566202
0.56836265126147
0.618500700435613
0.74197849419111
0.606232754615382
0.55927177621838
0.638423959073608
0.665786220908904
0.773606186202647
0.787813236096071
0.673531944709136
0.890021918696671
0.728500270186545
0.568404374912887
0.636381526373406
0.786056655260176
0.742518590040749
0.671610814575274
0.638730540333616
0.632223906424819
0.744986139798087
0.785675691253197
0.950913004189034
0.834939207951411
0.667574256489477
0.690651556859636
0.685838225183056
0.704126509820576
0.719935345687336
0.699053525766034
0.64428064723861
0.702786621253437
0.540011028356375
0.717361629237369
0.661179200183989
0.777193278434945
0.762901796975251
0.689771797001268
0.617245934107663
0.747680724240985
0.903361078751129
0.838190818772883
0.564321492383827
0.622233641267224
0.720577714957323
0.671500405102936
0.652713552281055
0.61252245343858
0.736494273085583
0.631042719918759
0.805474069093264
0.666448581848536
0.807850041358887
0.761235515544591
0.713542493200875
0.815527345501009
0.794289122015031
0.534150511950718
0.575606039347725
0.653606357494787
0.660306262576332
0.878946074759449
0.783133202000797
0.89420662836858
0.838888479814559
0.749523097001029
0.810607943620048
0.850953087595684
0.857928364914678
0.740211893981397
0.773989950530131
0.697275137080839
0.918561283580687
0.779458683774586
0.855496224054283
0.875807272432234
0.785199369067119
0.884607355161604
0.860637272899723
0.879894861319343
0.83825395452867
0.854506713268619
0.79990599818902
0.973390832718425
0.700785526328254
0.779054973008644
0.789107603948854
0.866449538326206
0.939644652590028
0.882835732497315
0.847542745023686
0.913129787000954
0.67516913330783
0.776513622020349
0.895885121218667
0.730852159518975
0.686869643808793
0.981169459546525
0.904723803072646
0.725979965973994
0.982663349161796
0.749050579794197
0.943394133050682
1.03891293198361
0.860220347828457
0.936679508618429
0.625603171681239
0.881999063439683
1.04706367120899
0.79893976914243
0.854680037578081
0.89762557707656
0.924088136454216
0.809529155363996
0.880356108428691
0.970956031750389
0.959953913395638
0.922032581814774
0.958665617270671
0.756885826980999
0.884743002561552
0.991067605039328
0.937729332410967
0.826004957692264
0.809934149379317
0.893015227063293
0.840909656983672
1.03473890757502
0.932737764033388
0.936478938594724
0.968501703801024
0.871692593783364
0.817455090505567
0.93176815510968
0.953978849644695
0.859338545813395
0.906108735149522
0.91641632397629
1.06950335996094
0.832650572004648
0.823793648225825
0.90103555052978
0.958258519707434
0.720075374179648
0.96487198525332
0.839070204544733
0.894300627240859
0.909055032542609
1.01075017730737
1.02179968186969
0.993009544840604
0.867038438900327
0.924060690351788
0.985076172608947
0.782544827429561
1.0073715724794
0.924060184850527
1.00579974640248
0.889757154628554
0.822579647796653
0.839663047316176
0.9600632634478
0.96301799670018
0.846590268955079
1.1637221068986
1.10238428584115
0.939300395191358
1.05319707790474
1.05279475742704
0.899245063587793
0.919294137484519
1.12282625945603
1.16452513090394
0.98928290370052
0.97790820811681
1.11807314402713
1.00615398374537
