-1.03887990322968
-0.981978981011774
-0.879134514620871
-0.957916224554332
-1.07485862235795
-0.8836147503201
-0.907135500346294
-1.07946545686399
-1.04885475784891
-0.902662367640715
-0.825008053528548
-1.12737115952107
-1.00911316822476
-1.03495976043752
-0.869529457639676
-0.978076621185988
-1.18555483243716
-0.954394712794319
-0.944460034759483
-0.845567628039939
-1.00393918894033
-0.865258438305879
-0.932317033347976
-1.03090142530397
-1.04886996063183
-1.10065472163618
-0.923822387125872
-1.14331925275273
-0.944774564896305
-0.858344794586849
-0.989416398800728
-1.05389034905978
-1.04645157472492
-0.841282403393786
-0.955075208676986
-1.0132888858404
-1.08959058679747
-0.888110818897733
-0.90553935925923
-0.962393248982386
-0.902354222721116
-0.883875554751226
-0.823729200686949
-0.859907274070721
-0.938684477902239
-0.960118010511675
-0.991656422685764
-0.917724765442283
-1.03863949909364
-1.02874356609354
-1.01447849295757
-0.842783002222706
-0.917077366205049
-0.864499142081265
-0.913696242860192
-0.891029775120838
-0.855606741182915
-0.988264107175375
-0.787592357421246
-0.910814331224952
-1.07352610022849
-1.00670423874412
-0.712676470708557
-0.860808075674765
-0.778318991367531
-0.815524255509173
-0.77189744295411
-0.749075101615004
-0.854836285594553
-0.923091856878261
-0.940658639972399
-0.877688472127219
-0.840106422445298
-0.879439060637834
-0.890986724498091
-1.01377352368944
-0.732260180194825
-0.839904910400198
-0.975731207601893
-0.705112840906942
-0.885521120022043
-0.798423939100123
-0.772608703756134
-0.77481880700717
-0.84531875536527
-0.836103944851984
-0.827306339069981
-0.826101438255666
-0.84343059866546
-0.819285464569176
-0.877727476688537
-0.865746387805855
-0.755914703084897
-0.744813902771435
-0.766452877634255
-0.843993307313276
-0.865731220256656
-0.750332324471025
-0.799358967892289
-0.869942242149865
-0.933393683151975
-0.745891997191765
-0.845868699362354
-0.963926878013391
-0.79832614638711
-0.861008709299367
-0.830163766650192
-0.763368608060283
-0.772184774303494
-0.922575533680945
-0.730472685287263
-0.718154470321687
-0.776307067129954
-0.763515901381981
-0.742373844270318
-0.684593277610037
-0.69092441594776
-0.848304776954312
-0.877115357781168
-0.756466883482984
-0.726660947845051
-0.662037637455142
-0.782462642245444
-0.702668607347226
-0.738435520288059
-0.60238057102872
-0.620976562315162
-0.787010841243548
-0.739720281121869
-0.786087186505602
-0.674965202689948
-0.680621820341009
-0.812489067566064
-0.752765833889718
-0.634302686972032
-0.812000567675009
-0.810582712826738
-0.826884613295747
-0.737330118024487
-0.677478485447066
-0.758374956063677
-0.843638486470872
-0.736856693640729
-0.796041764004737
-0.739778018984616
-0.785831011417006
-0.69673514405989
-0.653489153671531
-0.51795392700448
-0.728664002622461
-0.720498749784049
-0.699446723347298
-0.724901076148918
-0.630614505712537
-0.603342330713836
-0.626899973783876
-0.758746167833102
-0.750099900861402
-0.676294647116512
-0.737123426074054
-0.875749633663045
-0.524954415608377
-0.726537716690833
-0.754558541507184
-0.711552563859865
-0.640641527704694
-0.707642339134359
-0.655977825720856
-0.708549848358926
-0.667914507498318
-0.692498520077207
-0.600670510288805
-0.598709683512961
-0.63331053188342
-0.692338784385475
-0.543506698359138
-0.861883429945262
-0.71647545396313
-0.739361712931761
-0.6732852074177
-0.662999128075935
-0.650109656548934
-0.647754592336227
-0.691638906613732
-0.530593307683277
-0.729433275176211
-0.577963553910118
-0.464432982270283
-0.620407357081453
-0.571095453301175
-0.554997216590543
-0.652340239089776
-0.614620412004985
-0.656774721671476
-0.641254529126975
-0.698364452780929
-0.663993911208247
-0.655344873781598
-0.568879148348722
-0.567959718865778
-0.676393710285535
-0.613421564069967
-0.710769084012823
-0.52395427487283
-0.5952643855482
-0.620965263553388
-0.538183467173426
-0.668221912165647
-0.729748155299356
-0.743810707444363
-0.62541925363174
-0.673692070374176
-0.647557572074348
-0.444140774740307
-0.486528518860818
-0.653791783053739
-0.455106934928221
-0.579800037380307
-0.437439437697062
-0.709242004875676
-0.664962073956228
-0.55290892666531
-0.583928673487619
-0.465900805503392
-0.476830971506217
-0.610340328751826
-0.57475311617604
-0.476161913483893
-0.354428882856131
-0.554764069349647
-0.43475898413225
-0.481197900083326
-0.664086449274354
-0.420442070936204
-0.44943928865949
-0.561564287502629
-0.372472357637555
-0.72355760917998
-0.555311607879316
-0.639444677222256
-0.563679476446177
-0.523478640902227
-0.573348833743141
-0.402354714960713
-0.532568406663206
-0.520646895684003
-0.565477698598331
-0.47775435744445
-0.651531489315827
-0.642380623765416
-0.529475084731181
-0.499798841013718
-0.635153719959065
-0.470796952636553
-0.469739486928552
-0.544629788918463
-0.6421907930891
-0.440071212500861
-0.482878671681907
-0.48812545273443
-0.552653008879373
-0.476839683502527
-0.294370368007167
-0.641273074589824
-0.467917194082234
-0.573459839586499
-0.394756199843621
-0.502371276128452
-0.469946506882996
-0.526247366591253
-0.453549338563824
-0.310023556772533
-0.608838701384174
-0.55268872238317
-0.464591424055388
-0.546897760710513
-0.422266947370795
-0.57144683704646
-0.487255761024621
-0.483835812135146
-0.608048041333365
-0.523569671266941
-0.312954217346299
-0.451283007473205
-0.369718344427815
-0.441861062185761
-0.295871548889832
-0.628932028903149
-0.509318830368043
-0.396990166060444
-0.410882065515681
-0.488554173458468
-0.216565566341111
-0.367587736274756
-0.23670412518944
-0.422901091955215
-0.404493729171177
-0.467056106399186
-0.505524014483928
-0.323017155933444
-0.469696774773624
-0.255631077259943
-0.340581047953518
-0.436634658273446
-0.476731154893522
-0.340967833085595
-0.239013444462213
-0.38656568295248
-0.440840042223591
-0.463237988808467
-0.406317110377237
-0.369328603470543
-0.291948664471134
-0.412889340994667
-0.446067038439413
-0.278224358159024
-0.39427479883943
-0.348525709166149
-0.454489140683892
-0.311016288955009
-0.366987026119954
-0.439626769632278
-0.391275257871135
-0.457359099023347
-0.311827955373074
-0.308295209820194
-0.382102656728676
-0.505523878039438
-0.360317722507403
-0.165465594802831
-0.315663242601814
-0.212498336101696
-0.45108291786534
-0.285079578697696
-0.0274786193686615
-0.325965528257105
-0.336486773994782
-0.401027169591791
-0.295861255036446
-0.334507170022581
-0.302300393140731
-0.294186969899191
-0.107571936696586
-0.338092406045859
-0.180158765158187
-0.334547407867679
-0.374176223078116
-0.281565346165435
-0.291714263696288
-0.247479267352481
-0.289830435650703
-0.281899076939154
-0.288059652623348
-0.363226029857627
-0.198002852003212
-0.234414326081723
-0.331352407071047
-0.376203943346462
-0.347155102842903
-0.330204056767101
-0.314736947383155
-0.342245153607881
-0.413127705758426
-0.150594625897161
-0.272249317087556
-0.2683636776088
-0.225425923104149
-0.302641155458754
-0.220565013068438
-0.292737107856828
-0.174827077848816
-0.241595435584586
-0.261317504296369
-0.260902785233205
-0.221993855556676
-0.175067796287041
-0.283042710903728
-0.34951670939412
-0.180473853416259
-0.221189296642532
-0.330707216098483
-0.333947568379212
-0.111112183220151
-0.226657677122622
-0.123015579048082
-0.244165975365684
-0.20255828787701
-0.180146820191005
-0.267585803184271
-0.325680123596797
-0.282266653466576
-0.264493678354991
-0.203675378531481
-0.148554199332218
-0.194182432210719
-0.14043071743777
-0.285700054886462
-0.292091936743154
-0.186803812779428
-0.29304003772021
-0.1001037818898
-0.190993602603386
-0.278947339125164
-0.21241434617447
-0.14536501363073
-0.203502094628831
-0.200302989850707
-0.257307440463675
-0.273206284446269
-0.176270574504376
-0.385232711034401
-0.0543295870354016
-0.204227363663782
-0.256772553619344
-0.146411785595001
-0.0140049448433625
-0.24904764513769
-0.159330945328229
-0.147412777339123
-0.220047783904968
-0.419175404319689
-0.000398059666415435
-0.258982706855084
-0.165950603556447
-0.154863169538507
-0.132221043452519
-0.0790400155276145
-0.314319651462905
-0.180994437568009
-0.123999621379179
-0.104261707344663
-0.242779630677127
-0.132934614989265
0.0258215892831107
-0.246645795842092
-0.204618444391901
-0.294825456603127
-0.122394116423445
-0.170941683837281
-0.134511911279403
-0.0776696982105645
-0.145153469910599
-0.138376392469223
-0.0309209906628481
-0.138016062832782
0.0102754402126463
-0.0675589775769229
-0.0629748753078021
-0.145002862053912
-0.158373398466551
-0.275959055246352
-0.145983951446897
-0.106058780307874
-0.116817323215226
-0.0725983841637802
-0.0799077093905931
-0.0760303455366948
-0.0699294166474124
-0.0935800598178869
-0.0842331093249647
-0.115256758974085
0.137458537102642
-0.165413230835694
-0.12479372937997
-0.0421255564784474
-0.0952207209183174
-0.0330774767172809
0.0352779620067264
-0.149635013117226
-0.0559625027221996
0.0180264144918351
-0.237936278274904
0.0428657659413448
-0.0827831492659982
-0.0356561313861289
-0.0884819816648433
-0.132338651095081
0.00330405076034093
-0.177207502002129
0.129217570752035
0.0692363097091809
-0.168778561734277
-0.0993686336357339
0.06605960794004
-0.0930519798295353
0.0410271642606672
-0.00159712243804733
-0.154880811677226
-0.0557423370632556
-0.0505466744856095
-0.0557489960320759
0.0678770488768781
-0.0919365958503283
0.078503171276618
0.0546057462818068
-0.219379740663388
0.0336347991388461
-0.104256377601382
0.0419225751118672
0.0275479683816524
0.0614400947263929
0.104671403894622
0.0593279332684293
-0.0347646921338874
0.0330722921723816
-0.0400344200126441
-0.0211764640398272
0.031553286594285
-0.0343106868875755
-0.015717147614524
-0.0545260029849769
0.0254291514854898
0.0908878368826963
-0.0039574778823773
0.0125646873517736
-0.014471278409437
0.21532320579716
0.0510228441548913
-0.0362346746032818
0.0409145626991875
-0.133149942894491
0.0403890767444076
0.0098051735679403
0.0186551223915984
0.00914801740823928
0.114052129883109
0.261200009868323
0.0715983172424617
0.0763100552845949
0.0198703300096584
0.237745431915753
0.114945557029196
0.0661909917848212
0.1443979306724
0.0925907441983049
0.0712468084687815
0.137769652551071
0.101622080354532
0.0190082561671654
-0.0479085055969157
0.0197584827834054
0.0815057691123205
0.111011630978222
0.155339888997478
0.114276586554656
0.0703069821310727
0.169322134020678
-0.023421459611467
0.047888105609479
-0.111391436503455
0.222420099635014
0.110794473411731
0.0097496403063929
0.147414070936316
0.17109384834679
-0.0730399939638606
-0.0356036562408145
0.0953551127813106
0.0853498439376663
0.195704348619709
0.105777379999131
0.227003663965246
0.0454878134750289
0.0635371903254575
-0.0096965236610565
0.108570938107954
0.0904134115692939
0.167942078615839
0.163702179020581
0.198839218778731
0.103628576557649
0.203077524903653
0.243666067016494
0.263403464352198
0.124656734511064
0.0305092680229718
0.254786151166956
0.255794221133599
0.102875706856492
0.155657999699348
0.292968676805885
-0.0653548527646808
0.0488594510113267
0.184966164444469
0.10393309772746
0.195074126872343
0.0735955614104975
0.0463798301439438
0.144979921068683
0.209618219932977
0.0958109037428437
0.256223547158633
0.0656904987773978
0.180896230540062
0.129069055373174
0.318295733359166
0.279190981373349
0.340922446755047
0.08916251686411
0.147283838122258
0.112515579891239
0.18047739066025
0.118564498225769
0.25243073082447
0.131066749235851
0.374274537226127
0.204724228953685
0.315678885243773
0.231552591061644
0.221782806953691
0.257548233760371
0.420563209512632
0.0528100034586304
0.192849391117913
0.345540471593134
0.350985241953437
0.141103922775311
0.112755875724496
0.315639890729516
0.288804710435059
0.206649468423408
0.183629230892254
0.371025641932382
0.304231780814031
0.164472626382313
0.262713187037178
0.329817696975254
0.197377973423582
0.211373381226156
0.178628594621049
0.430808175617093
0.240069843607233
0.163322875218905
0.340569534410389
0.318830853078864
0.286708784474092
0.288104548332993
0.214618198488289
0.208498224878769
0.320992127758212
0.222572928708464
0.171216090830781
0.182885179117117
0.260164011650969
0.303759115879141
0.460278671799625
0.360510008316737
0.202521082779034
0.326709746977956
0.166680965565472
0.266705670945409
0.345176051864418
0.314324208301074
0.284694352635827
0.139485701043043
0.415471494621272
0.404435229324871
0.304491971277381
0.325251158224589
0.277380922090674
0.288780327932256
0.321615301006109
0.344525458216976
0.350131722481279
0.165397954150259
0.407527970830954
0.272541357695973
0.358041708257031
0.22851255994553
0.273312752375517
0.255123188910303
0.438762059316746
0.394008492601651
0.246591364442723
0.388591193493254
0.279427882098888
0.42052997221657
0.363591592412201
0.49184487526104
0.420983820190286
0.279946633488428
0.258658467214272
0.343764799680239
0.472966015616485
0.478547289520024
0.372383760461945
0.138242776008645
0.461672431153588
0.303394409250893
0.384701987146404
0.325694276667752
0.414795609636409
0.290063815825168
0.40633829656218
0.358562178769375
0.394791033363095
0.380857500145009
0.501820353757121
0.521548597002356
0.31441253726338
0.443478753774823
0.498071545062954
0.456473522867697
0.454675168093766
0.460857479344564
0.535313503972205
0.35238897478037
0.310414097498774
0.34239628175039
0.42707379866186
0.441326817752878
0.43217858407433
0.407541563803856
0.431105276174224
0.300619092508634
0.397121269721329
0.449044290580315
0.414077887695509
0.371516329085227
0.533414342293291
0.443512760637118
0.336184510363292
0.502783707290691
0.551187906606522
0.484310542934983
0.381914465731838
0.481403217677446
0.460746888557784
0.614107128247826
0.576438315110877
0.44110189105178
0.405784785267173
0.456167965081737
0.413837324635465
0.324730615377724
0.444593687621702
0.428942712820998
0.62803493741829
0.244774451416976
0.407363410927812
0.543824625762076
0.414466395798589
0.386939213273296
0.456568026090905
0.444327458401568
0.41600997038498
0.610314804921287
0.530612346272457
0.424124332245624
0.552984917888345
0.493908730072134
0.388515831305298
0.613459497541901
0.481405845499611
0.419741504346338
0.673873674583537
0.614324196899379
0.576465249582045
0.462519939808367
0.547872401438344
0.589003152570491
0.514915512878666
0.457165351119832
0.584048756366179
0.456232088871433
0.363075022593851
0.558895304225481
0.498285742891375
0.427521819619505
0.631969508995598
0.359295846516765
0.561669762034523
0.491467774647213
0.580828458814855
0.531772651769357
0.535934540820412
0.502744805160685
0.37104855573455
0.592713022372547
0.673378410805632
0.63169437226133
0.567581066067114
0.648765650850411
0.523099309976425
0.581629432944582
0.619151211534932
0.513656043917963
0.550748707076285
0.574792910222092
0.735138570272498
0.628969142608863
0.629379836408605
0.604572839849426
0.531072732892437
0.756347307645613
0.558992038950501
0.512720945332024
0.360855843512157
0.591357963457497
0.635564821810885
0.552051866753351
0.576784952831068
0.578216751453756
0.598093015464266
0.680835982021147
0.58131371734959
0.549030236182792
0.674363995238263
0.676980232729225
0.4353517668993
0.73617669308629
0.704694548986225
0.617556513191595
0.481339220378361
0.674615982570078
0.696924005214079
0.440472774166582
0.506056474745516
0.53849623426903
0.781953486578855
0.799849600354237
0.690350865303808
0.650403290120277
0.535810195579877
0.668907887786905
0.592722780060457
0.669000350710336
0.509089236272846
0.693497094694699
0.612931412300586
0.600275141647714
0.841512951343592
0.825006686980812
0.744329562698138
0.71732372844043
0.548661720893546
0.698021417146505
0.739069794367414
0.683015926965885
0.617809571798114
0.503010142808935
0.5844596665557
0.784274370142526
0.67354588678399
0.626463986325576
0.666723396701574
0.668284786827383
0.720503533295019
0.573385525843348
0.720746294244756
0.693745262739757
0.812147070334257
0.655292784324502
0.743615990656806
0.793122594598727
0.83495450132368
0.640673285832726
0.79609462224358
0.645841470816746
0.786697346529917
0.794192244822082
0.702145774436958
0.647883198152592
0.69289279995268
0.773751618805624
0.684297015798469
0.787118337739395
0.604662847528254
0.840756719786428
0.700587704025277
0.683661349668077
0.734354234211243
0.59635186416077
0.783657406270731
0.549707596319487
0.694944076197652
0.870060468657003
0.704304145201375
0.750116932760331
0.664312558362044
0.777774634314413
0.708971390634187
0.721815606893579
0.795726109243546
0.795058103921109
0.798745719827367
0.620620638214861
0.802630667372019
0.803871683273177
0.695885297835906
0.717733632043894
0.812792836632695
0.816573797596275
0.866181359580118
0.73636085903238
0.875364472183932
0.791466951318133
0.902515066390259
0.554145981127055
0.785829586313884
0.8762816371442
0.665266573055386
0.759988600156594
0.741095166867581
0.891583334649563
0.825901351597785
0.759182418788199
0.866231914730586
0.825400592262658
0.774478070003372
0.785392422376215
0.902118767623896
0.81493488839427
0.860404384056577
0.846244719949107
0.827662385424483
0.841494096029607
0.916994914901332
0.757708117576843
0.781580524210967
0.749122216775458
0.714990549424866
0.986432929611103
0.882991057107544
0.819380209683324
0.935330336885492
0.949077484698342
0.752228287044195
0.838974458130352
0.907829748730141
0.913546914034979
0.737987171165571
0.864875949000141
0.994477316140966
0.992366473213673
0.792805138115814
0.851405166062963
0.927777167510129
0.943391452699981
0.874974598614816
0.897816928452457
0.783596741894446
0.976117587776131
0.949287340096724
0.946070280812278
0.831681400752698
0.786133728980818
1.03317266100469
0.841813309245462
0.791753855715163
1.00085307826112
0.768806629711103
0.816840617808795
0.919841745773397
1.08058108156751
0.949488881291176
0.934451847729388
1.00239388712966
0.928337763261941
0.890595839649095
0.943921748073889
0.890814321143441
1.01616635188623
1.03640653415489
0.953832000839374
0.887518035650124
0.981045504019863
0.91422084033887
0.91721357745945
0.910774860109406
0.869342518525463
0.914985330205122
0.8529974914928
1.12247475462196
1.01272840529174
0.858446082679246
0.941254558660177
0.971776073160658
0.910369004250399
1.00780469594739
0.895084615507091
0.940598348103387
1.05801268398505
0.956845160695255
0.9451844479017
0.961500818389336
0.864919303892898
1.03245910491791
0.996304065101988
0.972274862851142
0.894027851426988
1.00591981948976
1.0111969314058
0.958769599265414
1.00715419282481
0.940649744135149
1.0472736900428
0.888708862793141
1.05914921795433
0.837439816516096
