-0.993794164032481
-0.863228324854334
-0.883063895990422
-0.921545612331857
-0.766314009145785
-0.983406637376379
-0.982812908648535
-0.952855814612292
-0.983586210958565
-0.919764321237254
-0.860148383042592
-0.879133659215951
-0.887694731304628
-1.07395136278516
-0.934154588697955
-0.92566060477312
-1.02784957106789
-0.925296093842929
-0.857771781454926
-1.09290272823413
-0.952376749208758
-0.959558001597196
-0.801334190792862
-0.948929511309086
-0.905525458788797
-1.0051565016388
-0.913585704826091
-0.922167495583902
-0.927885624915807
-0.906278626991917
-0.979481640557195
-1.12221203951996
-1.01970609953584
-0.958958989501463
-0.979066075924504
-1.00172506739287
-0.915121194588312
-0.882642910237488
-1.10403758931816
-0.931019794378952
-0.949469865524401
-0.829026053927377
-0.866645933754489
-0.86933594344905
-0.845566527125545
-0.985226736044027
-0.986140621278925
-1.0519037612161
-0.913109315134893
-0.83154899990077
-0.914949631857265
-0.915818479194438
-1.05167441807538
-0.932864976846646
-0.703331688217707
-0.793632696066114
-1.00786749523483
-0.83647971852984
-0.896092231171939
-0.775455284292051
-0.813962768354255
-0.948370335894273
-0.681328042205006
-0.98728845352132
-0.981437704916782
-0.784313284954958
-0.775196540695126
-0.863060659880679
-0.853407320578808
-0.833780101374738
-0.822082378609
-1.05191711109021
-0.94450305316929
-0.835454225942039
-0.868376630212466
-0.776712590872915
-1.02525018523696
-0.765266752730448
-0.78792491610414
-0.761897689435774
-0.796991934688197
-0.951880403127259
-0.755472123524086
-0.781143479199363
-0.910925334208979
-0.867509418732163
-0.644084734470921
-0.831133333690616
-0.795134170796313
-0.807354146485484
-0.965208158862421
-0.587453335075234
-0.781632913128879
-0.83995245455553
-0.709695607846922
-0.802465681879488
-0.843838728605449
-0.868922401775744
-0.877770565225996
-0.586190116932562
-0.872413617863114
-0.712072953927348
-0.705108378382729
-0.755001601208214
-0.982532844986138
-0.923209874955142
-0.798892536453459
-0.689971207653604
-0.716349826671304
-0.926521628192225
-0.608424153296828
-0.702823582815957
-0.771910993007897
-0.783515136876845
-0.810220642345709
-0.778487865073176
-0.733314994910145
-0.744225938237009
-0.808687644046014
-0.853419518109845
-0.724607482544798
-0.798770616968988
-0.771197998511909
-0.948216757390314
-0.759054008308533
-0.82364496778115
-0.75161856996573
-0.766135466625188
-0.651414713495184
-0.824737471958153
-0.781898844740697
-0.628352609901762
-0.981864853660496
-0.723320028371289
-0.720268926428747
-0.821706557984442
-0.552746330435765
-0.650173231864919
-0.837856283283641
-0.7061079451232
-0.779603473543885
-0.707206175723397
-0.718010006634178
-0.710750143644505
-0.73912654761323
-0.736465858490167
-0.494812563557596
-0.701538899283602
-0.740575794183196
-0.690101906975347
-0.681802069706731
-0.556819552486135
-0.706006577281265
-0.878100354695067
-0.611996117607007
-0.628946646204166
-0.587302876600074
-0.647537806527153
-0.796789919440768
-0.721479737029646
-0.804107404847561
-0.639475340217043
-0.571964177989882
-0.609262569437215
-0.671647687115565
-0.683889461279023
-0.685293822416896
-0.70050654818702
-0.62512577746444
-0.638647812423138
-0.53357367963612
-0.627896697387347
-0.607007273137039
-0.657613566902211
-0.639327403602217
-0.747162984564799
-0.496875240629281
-0.612842111837177
-0.68350407567224
-0.540902287507166
-0.665912303032626
-0.652990739278715
-0.625731550888685
-0.684646994561171
-0.559399330447666
-0.701838487248944
-0.760637528948282
-0.427892736438984
-0.53137980786664
-0.547904867474278
-0.610043345269007
-0.661749202646106
-0.648280200641467
-0.630874989975569
-0.556790916392386
-0.69813946712125
-0.694792986467574
-0.60641742971031
-0.630408851923879
-0.692106285860694
-0.657655893714934
-0.551635969365297
-0.614913344593214
-0.435733033524025
-0.664807814290121
-0.660562874171129
-0.563164457539646
-0.680743614326593
-0.58186664778169
-0.559577903072123
-0.463571094504979
-0.428954387420332
-0.441191718524938
-0.528395057387621
-0.569105738803691
-0.738836209996562
-0.466169899510426
-0.494190140913722
-0.456725731226684
-0.652588254763736
-0.695842555719757
-0.479547374832244
-0.598798810441615
-0.573985626397146
-0.535979636178368
-0.574784282914257
-0.537606363561689
-0.627393525102753
-0.63289147386667
-0.557542321779182
-0.401048175649425
-0.516702978704704
-0.381254340910414
-0.545571923545085
-0.515196278345107
-0.573060485661573
-0.398029643826477
-0.716817052531983
-0.642445950167748
-0.535832783711037
-0.616959714006174
-0.518999893600913
-0.514928569536341
-0.482618759567879
-0.467451587950996
-0.580164739137236
-0.372705291401283
-0.512250268323845
-0.45780960772064
-0.34694611186347
-0.588474719273299
-0.428685903404146
-0.478582460316064
-0.402069336083632
-0.613111352022069
-0.514383996901027
-0.574123476147427
-0.460155944173512
-0.655427616538896
-0.593600245382861
-0.420746471819943
-0.443615650237543
-0.55046388970896
-0.397481657858686
-0.42394279171243
-0.524517967572454
-0.547057353043276
-0.395728287344919
-0.657027405365978
-0.532822431356407
-0.502065059865116
-0.434660333959406
-0.431558985980607
-0.416763853815102
-0.390077259764417
-0.423936250738868
-0.513369431795265
-0.409794077435698
-0.522459499136396
-0.634718290260136
-0.397294937217172
-0.506378088409254
-0.431082383924686
-0.378745757157844
-0.466482431925904
-0.521626601539821
-0.45853459194835
-0.443565994797741
-0.431845839415249
-0.592166685143133
-0.395452299455553
-0.404078421939004
-0.485522486628808
-0.458773603183295
-0.475788507991345
-0.334636352764939
-0.578197940882805
-0.260263322327135
-0.382392292904411
-0.458514600806058
-0.415886705078071
-0.444237078505635
-0.551310754184001
-0.330156608773514
-0.42308460927261
-0.414262835409128
-0.322576770413775
-0.555574295986675
-0.387645367134472
-0.431737538410722
-0.365811925332176
-0.412089858952002
-0.442962162299813
-0.360925566225954
-0.36489394306462
-0.384653194641181
-0.420728307945573
-0.409840337125586
-0.374762985007778
-0.353381165277266
-0.362767394786909
-0.418467616471924
-0.31829747757213
-0.36027971989371
-0.382274301767671
-0.572856328077585
-0.351343826984788
-0.27233125708941
-0.364115059436539
-0.323432970355765
-0.379846826418802
-0.377862104484348
-0.410327289878689
-0.436040209761231
-0.445271682503878
-0.430619804848698
-0.305814170792556
-0.30880885460792
-0.41959377959631
-0.433259316442845
-0.323699886884798
-0.190304687676728
-0.519957576794935
-0.258100485210359
-0.322835039667081
-0.197299048455014
-0.158853067849323
-0.2663016794874
-0.309578290151927
-0.330754169177966
-0.359651341911622
-0.353617760744907
-0.327832603818002
-0.15640672457641
-0.397547613372968
-0.46559195366337
-0.323436996347979
-0.312168379508991
-0.357685130526747
-0.395328766096109
-0.145272949790226
-0.376767533054362
-0.358512059656464
-0.382433905458935
-0.196137350613823
-0.301242935057791
-0.258972379245724
-0.280066624286241
-0.332972158374796
-0.308132100472031
-0.125519420508947
-0.275427074346903
-0.237787199247755
-0.311962669492141
-0.372156120363915
-0.235828079488816
-0.290994273596738
-0.289180475674483
-0.220501337503928
-0.323078825749891
-0.225357535839183
-0.0788007341809763
-0.0851630213206425
-0.146752333110642
-0.334900997603146
-0.241366784863623
-0.190563866224789
-0.175665713874076
-0.0778654607189867
-0.252374388980535
-0.220973952613359
-0.298053018481158
-0.214112393624889
-0.217603537732138
-0.222681786032933
-0.245334522743399
-0.239109518606428
-0.243909803842277
-0.227918934563363
-0.0739929093063258
-0.303654088396115
-0.246696129806078
-0.182412590840188
-0.235453403971906
-0.213668601972717
-0.185319218419033
-0.12545146634784
-0.407271615390223
-0.22484916227857
-0.145501512867201
-0.158080813672552
-0.178104301405872
-0.217494413061479
-0.198329800911718
-0.141260528175801
-0.12948333474094
-0.218298989555184
-0.217155506405362
-0.150859996133883
-0.22082800340103
-0.202165365629971
-0.078028551721594
-0.0944009713890184
-0.144564552428799
-0.137242675584446
-0.171767947826225
0.0377304564006697
-0.26111027448782
-0.238427308010181
-0.124563201405676
-0.124871963047895
-0.220940166007919
-0.129074400814736
0.0775424632810726
-0.0687970777712078
-0.202422488072538
-0.202604523562151
-0.153409488024425
-0.0434555521052895
-0.166542248381282
-0.158156728256723
-0.198551172882182
-0.0353250254110595
-0.0239555608147677
0.0320481068796811
-0.149471261826176
0.0208020654466879
0.0124836105660097
-0.0867195582713489
-0.167209145382022
-0.157248492774909
-0.123457181664444
-0.0150006451605163
-0.093927987237203
0.0885653530764371
-0.145688489062179
-0.129087930192433
-0.00993505523781739
-0.0534603817069504
-0.0656787785683301
-0.0210024670380792
-0.149432491315169
-0.208119679187411
-0.0751297182679744
-0.180004523292651
-0.0604611650779296
-0.0516683999919704
-0.208854187522959
-0.0361159095508928
-0.205505634571053
-0.00235628656170796
-0.042606974708278
-0.0308697073841566
-0.146998939614412
-0.0433590592545804
0.0230185851564048
-0.116674656281586
-0.0191716135761103
0.0963509702296389
0.00809907231674449
-0.065076326073231
0.0413803315701317
-0.127888685360122
0.0165817663197115
-0.0263655392344654
0.145087362581549
-0.166365225798659
-0.001661053641446
-0.0730456886123301
-0.0645912295696742
0.026666192516064
0.0265045776360037
-0.0708166312683398
0.0246567288779534
0.0347257961459101
-0.075195854577329
0.108537094814609
-0.0449523263740479
0.0881170898030367
-0.0271350792216548
-0.00762959119363028
-0.0337924812075892
0.142242593351103
0.0732556865381421
0.0123697869902402
-0.203872296976918
-0.0446600622259166
0.0755917106208722
-0.000627049487486609
-0.05031249438942
0.084453990237785
0.0756304109636557
0.0906597647294396
0.124315486394343
0.0182574809531764
0.0977924356966963
-0.0342466165293806
-0.011362191031478
0.128350524856978
0.098973492219362
-0.052476511142649
0.044017188902801
0.151577391046963
0.0972002500276663
0.0504898874955464
0.139095575705169
0.00679926579020625
-0.033217952960562
0.0158836214609531
0.0604924452383081
0.0691981811675192
0.145807122066001
0.230898779895474
0.258390377835005
-0.0747198332641769
0.174235669336692
-0.029231160918273
-0.0191524147051161
0.109534787490022
0.16538065116681
0.020999819113869
0.227390143647515
0.027643099196646
0.0431293456009022
-0.0742822368895841
0.136413609701286
0.15756456272451
0.118401189693564
0.0417067581930231
0.0872568770853487
-0.0712344648457757
-0.0162107068635209
0.0557617505607144
0.227522787560687
0.118231293192983
-0.022056015820416
0.268296331205564
0.0719528500496193
0.0854823420676686
0.234668239370852
0.131835329033703
0.161884668680742
-0.0286014852994086
0.0221174429586574
0.0348732573012443
0.190062918543277
0.081859238314357
0.210679976458215
-0.000351809216359225
0.132782888405051
0.231311789560699
0.080528236140776
0.0910910943768332
0.214526460895472
0.223370452327986
0.1104586486536
0.128549530919205
0.133602018352191
0.115113477546405
0.174225720849494
0.22966859986015
0.190353163474533
0.0858424306852628
0.131948771015364
0.0818322881033524
0.102215675174546
0.194629433586517
0.271274744692868
0.217882100128236
0.186038322360013
0.0199566872760332
0.214541894998526
0.185414237803433
0.164554240523757
0.157175290031897
0.0641419305692554
0.216606168853022
0.210087907041044
0.305164195783698
0.277201581395805
0.253713570895664
0.172569156139228
0.155698290308255
0.143181101643885
0.114198952861275
0.303816417580495
0.193275406795787
0.320476003333126
0.346526118129224
0.381194271397259
0.133184643065038
0.22461647571435
0.253641655210714
0.210190550938274
0.0731923263304113
0.23646474048466
0.192884850849018
0.0720242082106648
0.279243064759805
0.125393616723507
0.147056004639698
0.248821036864172
0.252338969978913
0.320633294992972
0.418745848267097
0.110362140526089
0.307589095918372
0.29898591080156
0.193136783055787
0.133317695150449
0.198262160165347
0.256546673089517
0.254896049424616
0.314448743266001
0.222855829009952
0.263308119665936
0.401249906331055
0.279315578930194
0.120080382019729
0.215965957561282
0.203699181898713
0.308967438966582
0.260995893803126
0.354190024716344
0.240318993283615
0.290931026412637
0.290138221579625
0.119859530822275
0.275297704681074
0.302795633916729
0.344030630230214
0.153849570340904
0.282711843448218
0.259332258679861
0.448669114317573
0.349445423072629
0.39107762074729
0.524035809235739
0.364097026678187
0.31173972732488
0.236746222030993
0.363580174373476
0.467106857365425
0.278812079111631
0.170177429302028
0.389693334703644
0.413408049506056
0.346521831648931
0.326129130275268
0.218175496775747
0.246412158091224
0.371581602115979
0.350383769522213
0.26029447427205
0.320110164513821
0.494273873613585
0.475645528761169
0.276853975679399
0.276891664335255
0.304476824733569
0.227896803275812
0.37452854273183
0.239372020370171
0.446496876304944
0.393091564287423
0.344130952534199
0.433129394788169
0.452219285482466
0.407043424617181
0.466502694510902
0.519396721588121
0.434543317846848
0.300185447968244
0.367472618057932
0.392622210714835
0.443258529742723
0.337891292588599
0.223069807535992
0.305592057844011
0.425611790795528
0.381551601759643
0.463969102280923
0.436988543811005
0.440622729414774
0.338129067177387
0.461196496691452
0.261781409343257
0.415431649898249
0.379195844214759
0.597594583049677
0.551111357237115
0.391848820545569
0.277057852315077
0.348560909764321
0.467555750404072
0.44545526504501
0.407364194681688
0.388245225475209
0.494012151502491
0.564021765554456
0.467528902767582
0.535060038142262
0.439323676346347
0.265115835322172
0.539570590100912
0.549463298059375
0.485999458556562
0.436735062922203
0.294163900235418
0.301744328950568
0.363814016502164
0.510066558746248
0.453331813590102
0.452484205451255
0.344538661879595
0.380130945786424
0.463337470299215
0.544604784559034
0.502607038067677
0.344778052600431
0.508271106337494
0.378645811747153
0.368299759436716
0.382293977944336
0.558717667407171
0.581977287932483
0.289952662374887
0.371576922656675
0.542946887680285
0.538573627104486
0.482923342479689
0.516843547702618
0.426983283288752
0.468892596309758
0.624045555798799
0.364742401949527
0.638296842898713
0.518482351114859
0.373495261387514
0.44933205775795
0.611390180134953
0.598076980638745
0.553311922640737
0.461226780611302
0.509211120152785
0.605177982141395
0.555333879687624
0.624956579304103
0.574039860120593
0.587764627939925
0.48269243530364
0.503639980199584
0.497627229718223
0.49053550867752
0.776188652662389
0.606938042130623
0.487870259282975
0.400679899590123
0.536866625286481
0.676413399001813
0.536957758457824
0.655053108795422
0.476159560909973
0.579034146897554
0.718569101296343
0.594135181449968
0.602970809802502
0.697582907553693
0.604920954027508
0.572009535019856
0.781168903973882
0.491500951820982
0.634499898680762
0.535653145109626
0.566427911794429
0.561172427383328
0.678155013144507
0.655126008359506
0.622218819731083
0.566307937587336
0.607551372663484
0.490184902091899
0.567045244447748
0.691846477956244
0.590330180995701
0.61596389945585
0.575566183621423
0.494801753817417
0.645554174195122
0.586093346483451
0.815773607758757
0.62023302826405
0.502600462403806
0.608245568158742
0.60535230366442
0.735947518102851
0.571125315326406
0.708759652937217
0.644635447121182
0.778307526702289
0.671675957639996
0.725280382610996
0.657110688819388
0.727565330009836
0.621715319648347
0.552875520326499
0.728702264195261
0.583042898571078
0.662258880062168
0.792945106565593
0.733216067162246
0.739156061193902
0.731007545792595
0.624750666245101
0.512887659423148
0.734304050522912
0.58074397364581
0.591225536463819
0.797580450554267
0.700394801305854
0.501640652758416
0.543108719952249
0.785794941468161
0.507353722331603
0.703195047908024
0.61118078757557
0.845488677717641
0.729407400036671
0.673601011082721
0.718631793197354
0.69815738247209
0.748828145258319
0.842639284584833
0.644022665173195
0.733897135511659
0.824989320893529
0.885100497335691
0.731128621705439
0.778027074340988
0.800092984923097
0.695600317934505
0.822702322998865
0.695702628349447
0.681355809044615
0.702310118484129
0.823885875516982
0.803653436208252
0.64985669640123
0.740949375566915
0.695859108090954
0.706994235935071
0.685124213740262
0.681643028220615
0.886925993724633
0.819497160201346
0.718916349863461
0.777237994909935
0.799643230300829
0.725679813926276
0.787858570309985
0.797758117350339
0.757220008756444
0.873133433696735
0.826371813124328
0.849414184310362
0.864170394661268
0.660424922910797
0.795731695941343
0.817636630287307
0.713777002073759
0.875199367970797
0.731955453215793
0.891178908278874
0.879494251895981
0.955400212838618
0.869205068160907
0.840801832058559
0.749170367602662
0.736405370488983
0.73769793565758
0.866950320242732
0.876605594165474
0.739506828725117
0.887804210272785
0.762361162063841
0.948990092649354
0.906626145728606
0.703631908677982
0.902685678886017
0.754287340841737
0.676205980010365
0.72391830948151
0.751159430226632
0.97087053070338
0.974422725417585
0.91225791227191
0.804597350962387
0.806432613095073
0.743165966563583
0.980515778262083
0.815713497124351
0.884342711515626
0.798828191760162
0.834607791645058
0.772217595693682
0.866089703381098
0.861570251139692
0.787888218522285
0.838490249876346
0.983805224636992
0.728189552853005
0.983430266861951
0.882763284438753
0.820984196453093
0.798053700499435
0.709130236471
0.72075503505454
0.890173120599284
0.887946625763948
0.895595629045497
0.99744085889782
0.867589943914233
0.896736247532118
0.949529761444857
0.872477989999603
0.769566805818499
0.912648532152777
0.909540452621167
0.934849627120551
0.985608369346518
0.977132240817945
1.07544230243498
1.00542949424819
0.963878847962215
0.890381324887744
0.973507356355247
1.00214691600597
0.894865145538328
1.02351570694937
0.862504074689017
1.15459321213175
0.983712829647432
0.775115248489433
0.962455075625194
0.892902435299182
0.748579840878787
0.891982978721629
0.969452766284106
0.876062009511991
0.813853410259771
1.01938960619829
0.96341552753004
1.01755840581982
0.939977837697791
1.09782757827743
0.81199284146565
0.993236551998673
0.90227565369088
0.856650095677438
0.886766425221236
1.0920708493419
0.88691498770007
0.971742391283915
1.02308636038062
0.922162772411884
0.939732942738089
1.07555695240169
0.959323097771135
0.931394948807254
0.92275563513735
0.989693863449481
1.05819377532618
0.997761254071955
1.05873856372674
0.923518264614985
0.980018655191346
1.06309657335602
1.00186755535709
1.04918926547207
0.996023666811129
