-1.0793854839335
-1.01283487451176
-1.07647347840302
-1.05999580391676
-1.11735059469631
-0.877727390712755
-0.808111512115601
-1.07532940790677
-1.01721444354827
-1.06516805832822
-1.02263407968281
-0.978836090957268
-1.08813387103568
-1.08816242386592
-1.05490048616733
-1.04835217935168
-0.84931070358399
-0.959399450609185
-0.892640212431148
-0.864225341768636
-0.930447845173294
-0.973918418177034
-0.859374563071307
-0.863731445135076
-0.908938436305723
-1.07830375761895
-0.94058027650084
-0.940004992907373
-0.713544044299234
-0.877948385070548
-0.943390138096666
-0.807715923332479
-0.867995051134918
-0.972330231234627
-0.980510979462038
-0.882967809478154
-0.863540123825426
-0.859445696321024
-0.963844287445832
-0.824496553741835
-0.845335055860583
-0.999105293740745
-0.939271464546523
-0.903460245291947
-0.893342092602293
-0.829419270013682
-0.886394819846843
-0.958415063199296
-0.873559082818569
-0.995628275546261
-0.707370317417813
-0.943275368593113
-0.903448794513597
-0.800029892058898
-0.824574961944113
-1.0544766720072
-0.907838828972285
-1.0660021998508
-0.995404473679572
-1.13486128674951
-0.93741199938608
-0.885120197194009
-0.808963716802241
-0.86261148124422
-0.978393288856124
-0.906668242774569
-0.792502238952651
-0.936629722743701
-0.85792220937779
-0.877921349783897
-0.866605639964056
-0.762652205881695
-0.744083554445549
-1.08202981865167
-0.796198258277564
-0.750822770486366
-0.751742517050721
-0.902909814675574
-0.934474479407334
-0.594878865751827
-0.708541254793966
-1.01449102222386
-0.661603029165081
-0.828035437145778
-0.893928262938852
-0.878229085423118
-0.790039425335379
-0.725839580362135
-0.856264705521404
-0.709733490064631
-0.819670351324131
-0.798525046821974
-1.05673331614754
-0.753332593123597
-0.942949535068965
-0.742605311092793
-0.740553850093995
-0.658657032334619
-0.710544620959809
-0.945338083162141
-0.704306103824472
-0.84686169787062
-0.749099660316224
-0.685196425277034
-0.757945888982064
-0.720284178497379
-0.828218753061205
-0.860353376002279
-0.712949152964434
-0.73606369888026
-0.721024813546917
-0.864805306983313
-0.797229237268577
-0.668886858599526
-0.672776197340444
-0.732371582863755
-0.885754086951002
-0.821957466536263
-0.737784215253729
-0.852362511777427
-0.748443355603208
-0.799726037569885
-0.769855896850207
-0.731687759965011
-0.790415749148986
-0.634369185396701
-0.820520106951913
-0.845234593082673
-0.770055007199743
-0.578198165129895
-0.727233143777466
-0.712496583887756
-0.765553561773577
-0.612551151213092
-0.630784297737383
-0.725546194901527
-0.649520554623176
-0.701165699086725
-0.803520924867915
-0.747105317730122
-0.8825150996702
-0.651686889949313
-0.664023789178094
-0.516238738143725
-0.652481910665367
-0.723711841997658
-0.714710566616663
-0.742744349613873
-0.769543862902929
-0.698255572514965
-0.741169143761172
-0.525066909640151
-0.69441446833531
-0.640306974428417
-0.683464552580633
-0.766332458302463
-0.728997544948987
-0.538164274645552
-0.685150459862326
-0.802398571124675
-0.707890377213113
-0.823090405763494
-0.825689685361915
-0.826431409132679
-0.617966767019756
-0.505072386314856
-0.830362773101108
-0.687863386058212
-0.711977451228472
-0.72437742388036
-0.580228835414034
-0.709757489336748
-0.563777219694132
-0.662746840861882
-0.643166953099265
-0.612808127693637
-0.552218225153621
-0.688365069303114
-0.705961403792406
-0.675606883096106
-0.56230894943318
-0.493534837508809
-0.715472951158358
-0.570304082554636
-0.656088444935765
-0.717765686662866
-0.698774050451725
-0.607836459813649
-0.684918307728199
-0.668122520321506
-0.601709586720249
-0.598788064888047
-0.688030828868065
-0.625593978787347
-0.733099000962424
-0.706092695560964
-0.604613457283222
-0.665400540125125
-0.629776267821727
-0.589101378321053
-0.648984000425465
-0.654582773234029
-0.594770065940273
-0.637014121371934
-0.522802476616405
-0.443081640465881
-0.478916008351811
-0.629149411705704
-0.606965715404326
-0.660060657408594
-0.57524161592475
-0.674285324510993
-0.54401211960355
-0.660390844760442
-0.57788097015251
-0.688745194904172
-0.50157424706728
-0.555336732982802
-0.612149174323777
-0.47221947388864
-0.546553639692462
-0.582038731124276
-0.560436951863564
-0.482252314473594
-0.640191994248973
-0.511237900902215
-0.493812023932754
-0.466335153451221
-0.399869869445884
-0.573868185972568
-0.612104754775066
-0.494334279187597
-0.734237396427846
-0.492326005628863
-0.56920542133146
-0.520250315236446
-0.393031871338912
-0.531484392507365
-0.490566919420199
-0.508778897493246
-0.519847349081724
-0.546390998685506
-0.656429110837765
-0.603174751275226
-0.540072791317999
-0.468354104215688
-0.68070336610059
-0.511161111047637
-0.591666234692287
-0.569633950262463
-0.454430522097494
-0.521452282160204
-0.417217242780772
-0.393841923053247
-0.462333513838239
-0.613485228563381
-0.524077352930504
-0.40864415802798
-0.523958143517119
-0.530941010197535
-0.516490112607985
-0.475601149436558
-0.504079814909388
-0.466801608991554
-0.637155838757686
-0.606884553973593
-0.498192210323354
-0.470307189990585
-0.460320839563301
-0.514396623713887
-0.68712055671539
-0.454339750771389
-0.471824929689837
-0.384523352464378
-0.373288580566943
-0.413383443825715
-0.532008585710774
-0.40515840712041
-0.288214892875956
-0.533013872649543
-0.312265640150274
-0.493363159297929
-0.415383094749915
-0.573592365735501
-0.469887276349966
-0.454888725019453
-0.453340603065294
-0.48399783685597
-0.551235328409403
-0.299671753172404
-0.521237120338848
-0.439040582875802
-0.284040943363882
-0.48110648501764
-0.411227540168757
-0.537875003758436
-0.346346009216066
-0.352565678927709
-0.33395564610862
-0.413429480040879
-0.472655438007461
-0.345919222179676
-0.249709519621256
-0.304386865063675
-0.429356878894073
-0.375678470277689
-0.412987351292128
-0.420171829317449
-0.485380692303202
-0.423790492987061
-0.454521668179622
-0.419656630443908
-0.309033417229626
-0.57524673865607
-0.271363301304748
-0.384331324877586
-0.43188448500968
-0.379843163883567
-0.395235089372697
-0.405587845195909
-0.388425317612358
-0.439192732769615
-0.31889401109564
-0.347148720713551
-0.358977837688924
-0.200704327763043
-0.321892211426307
-0.516071708295311
-0.418023017121904
-0.408442701472531
-0.310048560486512
-0.307408282316609
-0.424966269639356
-0.334141863484154
-0.394839496794143
-0.331300228512285
-0.207315484037821
-0.110466334158378
-0.296324255711356
-0.382434898019472
-0.248757591009308
-0.296307997270131
-0.404733006657046
-0.404580194320904
-0.315323232347724
-0.187776902714241
-0.273630844484868
-0.447510413159691
-0.32388840776941
-0.266173252357287
-0.199982512686756
-0.364349990666568
-0.269305459762791
-0.381707989740603
-0.360080909075945
-0.270205540332466
-0.369047972081401
-0.31586443226872
-0.132760256222221
-0.360599496216281
-0.250362099178906
-0.332095283598349
-0.391640845108764
-0.22316381577667
-0.241563689299857
-0.365389800473727
-0.148453860695981
-0.25818747024854
-0.241994991254445
-0.405911119502292
-0.198947051449215
-0.209680829870132
-0.248195525525584
-0.140169803851998
-0.303097866217954
-0.138991038466705
-0.31803857830099
-0.228880984949707
-0.263900692553717
-0.385980120819849
-0.271564223860668
-0.206614144969739
-0.0625612413280288
-0.292309382274945
-0.261242741885382
-0.254176521502964
-0.299927023137899
-0.256634179725225
-0.149445363510905
-0.105155121970086
-0.302995863849573
-0.157326233892727
-0.168016454021348
-0.303084520114536
-0.197716551343323
-0.255303739745728
-0.158857762073602
-0.215838017967338
-0.274182046893052
-0.244139400704549
-0.292990355276739
-0.242071135122144
-0.336093031729411
-0.0155660757520004
-0.0638534868864892
-0.253701560723811
-0.152800994740842
-0.0840586616707783
-0.17771794697841
-0.225233478287562
-0.12825318194077
-0.186414456563928
-0.172728850363329
-0.064807384828113
0.00624009107883921
-0.186501740424808
-0.146312546781082
-0.242082641738985
-0.175660645825408
-0.0960361731184926
-0.226032236782428
-0.0156677376643841
-0.377070196853724
-0.170940001308207
-0.358867799875355
-0.117833588368626
-0.210003095364392
-0.159481149111364
-0.0929220817029306
-0.120663741201551
-0.220426108263291
-0.0667278357558525
-0.105108397899215
-0.159727546855505
-0.267434464768591
-0.0843394843893065
-0.271547477402184
-0.197674304569396
-0.119435647861166
-0.187089145185275
-0.0687241987139159
-0.267698152055581
-0.189279581895159
-0.00525427576490723
-0.248896285752698
-0.160981503917897
-0.228984068427545
-0.0312120208466727
-0.0919358973316184
0.0805086069008455
-0.0122016378104827
-0.109215156764877
-0.162456066216779
0.00405978277732087
-0.208590893185973
-0.0366136658612415
-0.167994689569799
-0.11789515634129
-0.0666647633019981
-0.0686336258561597
-0.125544289921411
-0.0056255521142669
-0.127486395556202
-0.171518254295536
-0.0211752889083015
-0.116892146385861
-0.00233689944930051
-0.127179263362553
-0.121603692013226
-0.149629137728825
0.0384693212364878
-0.0100989010892077
-0.0235557624941903
-0.118452359725311
-0.091612505975052
-0.0873792686746134
-0.116285989712444
-0.0951555432833466
0.0937833518479675
0.00465314590982717
-0.0270281780587989
0.0699831382268683
-0.166000300718798
-0.116645925651613
0.0032864962420786
-0.0742754819576216
0.00842238930501825
-0.0416740664204257
-0.000539410046073962
-0.0913994571786756
-0.100532670573235
0.0413868531414669
0.037957372373177
0.0445303106473635
-0.0687594747080578
-0.093390360152699
-0.0135272679511863
-0.0234283372038429
-0.0781290928563533
0.0881678401853022
-0.00206788904184371
0.0459057160952464
-0.171705728337827
-0.00317429916654326
-0.072513444837862
-0.0729141690434644
-0.12671215975755
0.0918381133961965
0.0416441654350777
-0.0345508393679655
-0.0216198140879392
0.161278982409135
0.0812482806908122
0.108303361178544
0.0578257925005502
0.00445756000274212
0.086786688304822
-0.0643187735043103
-0.132138049806711
0.0688065876661602
0.074144525530281
0.00701296170188412
-0.0336160108160566
-0.0207049873245367
0.0577957556499724
0.0508666021401403
0.0757342785972893
0.00653221877606668
-0.025171174737341
0.0117439483454581
0.00564015594687813
0.117639375523453
0.136199548292963
0.132547147956603
0.0428767978480042
0.00609371001860821
0.0179774078395351
0.0953365847082287
0.212373892641903
0.0784565772858957
0.121453137081681
0.0152086429197112
0.061240668217993
0.0750432365540379
0.0872657173121175
0.0888005828850384
0.147829883910926
-0.0438091924445735
0.102008920138983
0.130600872791511
0.0782453442299895
0.190295333063373
0.19434247366844
0.096731189032479
0.000381563762948398
0.194215622008348
0.197760229515331
0.101461537294376
0.133222856660428
0.301477357761579
0.248444199300587
0.037478442759127
0.00893138919007196
-0.0488198520643258
0.0976200935591519
0.0826573079749153
0.104942243232022
0.136197068842455
0.0630821435515327
0.0462974059020143
0.177969914916979
0.268981063311817
0.129636850861794
0.306283011608108
0.178941505561799
0.127831783569563
0.256354003697098
0.147570554617176
0.037159277232981
0.301569098246465
0.244464712100501
0.0846515319036216
0.190995788502195
0.264531301175518
0.235591337822134
0.127667674481569
0.173586359570127
0.231576376506607
0.142248522512032
0.12701417631969
0.0908287290806864
0.356264948629273
0.267538409718265
0.0521552850524134
0.189373473489278
0.17400911166719
0.255911575470723
0.209598693863306
0.111889530758225
0.188863154776993
0.191150961623658
0.321795771940712
0.277002269251145
0.281364914330949
0.177822400064198
0.277970763776789
0.147956047009066
0.177818462575735
0.264965305810188
0.225936419862457
0.287687364971969
0.248627130353041
0.226499636942815
0.175180956296707
0.243949209033512
0.207658159808931
0.215491444897016
0.061620200500012
0.315200310790878
0.351591380309147
0.281965188171584
0.147731848447003
0.237485261138559
0.300844286505801
0.322091506201348
0.304670584211889
0.142608847151582
0.201249164351615
0.180069180540283
0.234990149679727
0.227461456611367
0.217937939402388
0.261635177530579
0.216367513060008
0.149700080481354
0.207177663806809
0.31926375611733
0.154227652332878
0.224920981681847
0.352648134863915
0.280768448861277
0.194010583444178
0.213123463830138
0.257526308024346
0.398415550306987
0.299355650541737
0.391665367602667
0.249989263087698
0.390005419138615
0.280312402370095
0.408871528388869
0.368936489280636
0.432101749149986
0.18540824543268
0.379734750218008
0.167448116265028
0.370091590463442
0.354120168581521
0.255303901149418
0.332448380164977
0.302748654164949
0.266154494878708
0.307353536481131
0.312242024009511
0.41346328901355
0.305489705728034
0.254496411997924
0.410320442757105
0.307897182593234
0.324306336673067
0.312075886003375
0.11108121011391
0.438557000540398
0.366808186941237
0.410460020996401
0.30216449598358
0.47532515200089
0.216874591970198
0.347540201736816
0.43863941513106
0.278702234906444
0.262311016074373
0.31991625316152
0.265271840637546
0.359965735604527
0.316012945022085
0.401066926195509
0.470674749298806
0.43328760857571
0.470742775758744
0.406444136521087
0.335286438010729
0.322295627696589
0.382437713959185
0.30481891101131
0.538055187981961
0.342725316084543
0.496610834515851
0.539726095415698
0.510440854081082
0.33907634364318
0.505711021816635
0.319250802545142
0.248891620925707
0.332501265867445
0.507346413307557
0.375074306235764
0.297470279967981
0.548164379830067
0.361982175334632
0.378987588751161
0.360346427219164
0.366960095472913
0.26694629999472
0.409365643517511
0.373600431796148
0.358235303581622
0.557372447924542
0.481497997242854
0.382493492302507
0.440259003367562
0.366822382589842
0.453138363844651
0.466325774219757
0.540866701169948
0.500423647464068
0.467064010393339
0.518352884928847
0.563188719648588
0.558326055974842
0.484821285790189
0.613995565019969
0.529362859707742
0.365594233486915
0.384320391737925
0.36531182101064
0.329193343065857
0.494749993307756
0.514385208516434
0.530879537629286
0.488589050170471
0.553494311079755
0.400979933823533
0.402197314426647
0.407145143978772
0.451900004349396
0.564385186341293
0.63576220657793
0.439860237289644
0.592179379521939
0.397026422434958
0.536985491715656
0.483692599325795
0.536488045656852
0.501043652855848
0.414064652406357
0.577177593727661
0.468947763555305
0.60755098106884
0.403962925520617
0.460407700509564
0.535154093378442
0.570386201559854
0.495265355584582
0.51433204066695
0.517379048618873
0.494911000129862
0.274293050809166
0.459248823755038
0.588983520808349
0.400298181905347
0.453313612810804
0.417255666909829
0.600388430460573
0.564617043179381
0.557894070445655
0.497508648153488
0.508557077642738
0.651087594254667
0.466153902872053
0.607495101881609
0.50472224442906
0.539362551977261
0.483072994647125
0.485277238541512
0.518357960188337
0.558597832915169
0.528130003233049
0.592208322042789
0.655772809615802
0.717045903624998
0.568488906095632
0.632255975962519
0.590977597777262
0.672211900193427
0.556186974065357
0.545759043437752
0.624880057619872
0.533396799011157
0.616637905870904
0.745135272829959
0.636872787046978
0.557407099036589
0.641959940456978
0.679125648369941
0.649866497332873
0.457742004638082
0.645671055272515
0.493222916089727
0.658618149648623
0.593558158984663
0.618965357230814
0.730785240280161
0.459057624914622
0.612295562505089
0.557825020917027
0.595013153805424
0.575756798635201
0.795985330952242
0.582086698295201
0.529635910585511
0.617476874444121
0.8035057452855
0.610397042383606
0.594199071104796
0.64243645876094
0.750174727342965
0.641568891872312
0.55799134507212
0.634006313377698
0.643745366720399
0.795686551532181
0.772345940520529
0.683319300987439
0.870385595419199
0.705870487263137
0.561391970006202
0.619225373797794
0.778307465464666
0.766877361372279
0.687100409951216
0.641118377958591
0.641697545742893
0.743266933541014
0.771625401357357
0.966170653471792
0.829722507276097
0.649018612591561
0.688718471421984
0.7141052426708
0.702756914096833
0.722449680899637
0.673811752087469
0.64170350992536
0.710791447858417
0.553134987506677
0.715760598355777
0.69400675304219
0.780676488465665
0.770363816732691
0.693847747196071
0.632299724931961
0.77777258328032
0.878717343830259
0.832679809715835
0.58844555497582
0.627078869600011
0.716580875813128
0.633547642887709
0.656045312296958
0.626851656674411
0.735926476269073
0.605061686176931
0.832822375141828
0.659268822817221
0.80932229426309
0.742643986943865
0.707434579719803
0.806557363339671
0.785124025156482
0.54002743022823
0.580679872740005
0.651750364745646
0.66001483924807
0.886331441762413
0.771647575116713
0.899826185023246
0.834245178614421
0.762323051080257
0.786066985872454
0.877950745259681
0.862877414922116
0.734818990659941
0.775660460374569
0.707526638182789
0.908468648116021
0.769859793294035
0.880352045356528
0.8661326776028
0.793324315882389
0.892418270179427
0.853891809313017
0.866112539690762
0.827313067694209
0.869615963234551
0.81079700331076
0.976786083981295
0.697417095528987
0.780332996158033
0.795027385710374
0.887529869980624
0.955641365092476
0.873400466062849
0.852310796991109
0.91484384181762
0.688003470256456
0.78933873195336
0.860227549431093
0.743471510137926
0.6836380257189
0.986264106280258
0.904189130581774
0.725957257880489
0.97699464641826
0.759069354214719
0.956578664617867
1.05052264025135
0.846347949412125
0.950305139157658
0.626931861512658
0.895890660488072
1.06678644200743
0.8069644087591
0.853354493265636
0.88494547307129
0.919494170353498
0.807615908799723
0.86806434388104
0.951307605876328
0.936325986838752
0.915458893070684
0.939091691824961
0.755831677276233
0.876643930538176
0.977512225193056
0.922025553878368
0.826482522914746
0.814522589258311
0.892303904471738
0.860278005093879
1.01901591237496
0.899902823818318
0.957224766346394
0.960186695696148
0.871096869163183
0.842563878435606
0.925777011089513
0.967901835043658
0.846258549700599
0.902637207993372
0.915238651274275
1.06808912764639
0.849700357534434
0.848865782362846
0.918832768902721
0.968442798491343
0.723668692784836
0.961713050003754
0.832446376338843
0.878875210872444
0.911945430920914
1.000105881626
1.00608512111817
0.977844463283479
0.864202708314975
0.902638657880713
0.997900998467288
0.79077682536083
1.01151123596858
0.948690881760722
1.01400613185469
0.893556048800416
0.831428562815969
0.859930090186096
0.95763323710638
0.967755045682797
0.857002071690113
1.15223283138474
1.10355948624044
0.937809463358735
1.0589312703563
1.05642623560138
0.89607651633686
0.937635190169967
1.11991094856827
1.15258811205826
0.993494977097058
1.00292390841204
1.10908936972705
1.012719540122
