x
0.00953562632275422
0.00993465790708809
0.0101558242997803
0.00957368936124189
0.0092870986099372
0.00981067031532203
0.00952023956299287
0.0103097101806882
0.00967881224500126
0.00960529003814391
0.0103232072452527
0.00931288867440214
0.0099798782987497
0.0101449276368068
0.010288254747307
0.0101481082528169
0.00963894103674622
0.00949354834438434
0.00996171629737623
0.00977391810209391
0.0104479546713005
0.0106355805111132
0.010184005743392
0.0106012341499186
0.00940877928163423
0.0105316046989263
0.0101618243007894
0.00888051016984079
0.0099141553532112
0.00958115594718693
0.0102551506319642
0.0100540718855341
0.00954197639823347
0.00948803823913129
0.0097360845543425
0.00995070025624704
0.00971469594468012
0.0100400554098415
0.00966026044905441
0.00978764975449935
0.0100030368562748
0.0101097369149585
0.00976919421212579
0.00968098044138135
0.0105105684166688
0.0102554963479036
0.0104650979911396
0.00968935251654998
0.00968330119907122
0.010087843555845
0.00987334309359202
0.00983614326456539
0.00961765718514262
0.00951086600504778
0.0103492981927737
0.00979315791050794
0.010229907258521
0.00999566629457861
0.00941177853715356
0.0100373719142058
0.00966287010633559
0.00957532895045284
0.00967759731119465
0.00956155219522775
0.00974250743600978
0.00974181049839105
0.0107334050805911
0.0101527823131097
0.00983282885917157
0.00995804473431829
0.0103511639464581
0.00906667144873107
0.00985546560672792
0.0106095571498586
0.0104159654759739
0.00944086578201123
0.00912163389386439
0.00983749517025006
0.00954318911300938
0.0105637031281224
0.00974883020522843
0.00951537631869603
0.0102213927731002
0.00933605038204499
0.00997487016507832
0.00966646523555466
0.0102624106766642
0.00987580938976411
0.00983659480622444
0.0106940700852261
0.0092791154021804
0.00950588299760308
0.0103591039749056
0.0101463081428805
0.010371164324136
0.00975463132795314
0.00936669663278584
0.0110002425958508
0.00983251118863286
0.00964422425586457
0.0103298739175556
0.0100771712986826
0.00997275180867901
0.0105301536470154
0.00942651284210241
0.010089262436144
0.00964194964171027
0.0100257455073862
0.00987403301825068
0.00991339440336006
0.00962654493145073
0.0102720953471721
0.0101858278444973
0.00981126542938952
0.00966800037681763
0.010556558044811
0.00926355959641108
0.00936535681139292
0.0100514106394537
0.00956256604482669
0.00920621790509936
0.0101558955405878
0.00915419969464103
0.00939664212500483
0.00974821277794416
0.0100339496848963
0.0100857246355209
0.00948142512502744
0.010093617737364
0.0103278095998687
0.010358207265115
0.0102381099939544
0.00980612147472722
0.00973759159187089
0.00998607004568305
0.00937033002711053
0.00946367840848502
0.00998598388215116
0.0101046789643501
0.00990762572351839
0.00887351672882681
0.00986775288829063
0.0106980625077204
0.00999287651513274
0.00890287594729198
0.00966766668806861
0.0102374208403432
0.00986648647681122
0.00970006542820792
0.0101798873330802
0.00932790936148061
0.0093294816087303
0.00998953004659689
0.0100944370400595
0.00978375190021548
0.00962630260822902
0.0100669667917819
0.00964129527375274
0.0106358454280037
0.00985590869514658
0.0104382558450334
0.00974222074937403
0.0106085979864312
0.00991512313194834
0.0101477455294264
0.0100481348825618
0.00904133762516401
0.00999114040394998
0.00914090889169185
0.0103686347067988
0.00997290630247855
0.00979418716182238
0.00961463023464899
0.0100693795294592
0.0101529301817085
0.00970941845746121
0.00968472412437166
0.00965783559006048
0.00979442623344479
0.00977631276216164
0.0101499167201322
0.00963076585097419
0.00934370286171325
0.00936779472609914
0.00917399544179478
0.00954966521070964
0.0101647216851894
0.00993263769584373
0.00946438640207567
0.00978612225183451
0.0104835769214019
0.0092155359864044
0.00976642367583079
0.00950249194114927
0.00895728147276335
0.00944574464991097
0.00951967820538947
0.0109677981631746
0.00997001078011384
0.00963634815423569
0.00968091443583439
0.00918689549277896
0.00982485473382782
0.00958901551947413
0.00926931188085685
0.00984150147590777
0.00979146818044124
0.0102035757298761
0.00933511281247444
0.00970186448693947
0.00919518605932617
0.00963336150622427
0.00958774186555119
0.00954238845345655
0.00902984315535881
0.00985465489741564
0.00972796626600002
0.00957267840210606
0.0099891596387204
0.0102924554773858
0.00967222609090041
0.00967456176316466
0.00967432827585436
0.00973629346486008
0.00989940108789212
0.00959762182463405
0.0104979383582944
0.00947984520166404
0.010512714474024
0.00968031877221951
0.0105417646350582
0.00977799633908191
0.00982286614415855
0.0100471245252177
0.00995870152431005
0.00985161037077704
0.00953471750355521
0.0103467128885271
0.00953759509614816
0.0104356896522501
0.00935435718607828
0.0107268047339251
0.00965804898614247
0.0103787970119452
0.010324201801941
0.00983846851353107
0.00973443315206855
0.00961204732190286
0.00962335383779534
0.00980601273120205
0.00970316739072294
0.00952011949205554
0.0100454506629515
0.00991524767611432
0.0101285503738314
0.0098681480197084
0.0102246526935867
0.00888786610175545
0.00920914769658992
0.00938535195004983
0.0102384543385654
0.00958717642032271
0.00996752311232859
0.00925285326164663
0.00952257636291018
0.00985519360975136
0.0103329585079677
0.00968636014845829
0.0101285306207231
0.00996125506966057
0.0103896072130566
0.0105544530807281
0.0102840677005067
0.00994399721099361
0.00978731655920099
0.0100546088428948
0.0109150113110498
0.00969077381999897
0.00982964325483594
0.00977704657042002
0.00919991419782551
0.00905989321728141
0.0100275878651812
0.0102741675425242
0.0100192271003566
0.00924471508314809
0.0104516688786427
0.0102339063300177
0.00989478327412244
0.0100426900430229
0.0100687049059083
0.00916384341566022
0.00976585402083206
0.00988646021835021
0.0098191546843705
0.00975979104466843
0.0107046948544868
0.00959322333161166
0.00951673761891298
0.00978446356480202
0.0100171986442769
0.00954881837007959
0.00971584277531473
0.0102675528905622
0.00906184746241089
0.0103962043892612
0.0091548023753831
0.00944977284994593
0.0096918442351755
0.0100824935821103
0.00948481265522432
0.00907153834169311
0.010821871184944
0.00950930028263269
0.0102125175622358
0.00993262878716965
0.010292053526701
0.0103753611101356
0.00964322206267683
0.0102515641009973
0.0112554373480298
0.0101954103620645
0.0106992151976915
0.00974874486839151
0.00939985862633211
0.00960367945953079
0.010549380604116
0.00972090582909501
0.00952009124872539
0.0105948692961955
0.0114608543834431
0.00926820438926434
0.00914076911740472
0.0105735659195148
0.0093117217673675
0.00925422351140359
0.0101148887048595
0.00987661698881159
0.00961261431453962
0.0105317502780835
0.0103160238085245
0.0101300029755431
0.00916648958749739
0.00961453093816182
0.0101373979676387
0.0101998663171622
0.00919221246358441
0.0100218611932632
0.00955711749593376
0.00985884429782632
0.0102391364863856
0.00978856056617546
0.0107324357807956
0.0107288032108231
0.00984479426022836
0.00978232335127677
0.0100382912052137
0.00983767207124619
0.00986021339150295
0.0102076583942475
0.00889462877122228
0.00922896991593248
0.0101771483920494
0.00952708616069651
0.00976304442117682
0.00987765054013394
0.00990416086879925
0.0103387923530207
0.00994541583114445
0.00944480799791591
0.0101389055572418
0.0102889949952953
0.00952996960651266
0.00984449245347715
0.00970728519236874
0.00959923749086816
0.01018371596873
0.00982581040585707
0.00958099455730176
0.0103241242422674
0.00970369949799465
0.0100252550374133
0.00967496024945362
0.0100422202755841
0.00983365273978816
0.0102591053948037
0.00954386405675305
0.00995016882148374
0.0101622948312048
0.00974924096259299
0.00983937088219103
0.010096238995964
0.00982402377583296
0.00943216311974811
0.0103804319210014
0.0097638093122145
0.00969999826392046
0.00988849643158661
0.0105214711001957
0.0094238681235045
0.0102464539524901
0.0099296919927918
0.00957857366967969
0.00966988224699661
0.00988863797800466
0.0100335142875878
0.0102346003291312
0.0098753763283493
0.00991405434724428
0.00977336314938415
0.00978768596584967
0.00948037674510675
0.0100796237272491
0.00986253353976707
0.0102176256330917
0.00899635858042507
0.00888243885218982
0.0100823808446896
0.010491670831853
0.00988895585436737
0.00936812700063987
0.010305629080067
0.0090545217212327
0.00935662055236497
0.00961778316548716
0.0103451522619978
0.00869908793883596
0.00997714554309412
0.0102337795609414
0.00978971630937686
0.0102414584643558
0.0103145606432371
0.0101842138384893
0.0102253108226032
0.00962459504627217
0.00979170950267381
0.010022404402317
0.00947854864369997
0.00967219792102484
0.0101424113260392
0.00915232205905731
0.00959338791357861
0.0105872116300082
0.0102693885738551
0.0101145383358279
0.00979086636114138
0.0102727624172072
0.0102976296506518
0.0103097299813247
0.0101805366900544
0.00965105962445797
0.00939005392894931
0.00987159203567669
0.00953792347645678
0.00989524501894112
0.0100530904779447
0.00974185845435902
0.0102891413969082
0.0100990528129911
0.00982170477455934
0.0103850755752917
0.00981511688169107
0.0102173264907412
0.00938140218289877
0.0101292730589986
0.00897294214851529
0.00997743441396725
0.0101052723306433
0.00938123769819092
0.0101943931084318
0.0101563953787949
0.0102043475980429
0.0099385794351817
0.00910842612358886
0.0105954049823314
0.00929729704572701
0.0109106191014278
0.00858952911318532
0.0101539614948432
0.00951416287872476
0.00991840285329433
0.010443062214578
0.0104517720472979
0.0106558352853589
0.00987138127067233
0.00903606442185733
0.00888291614820484
0.00919791157813132
0.0104173139828601
0.0102975885764679
0.00989036475543331
0.00883680712363442
0.00934992487633118
0.00989941601943933
0.0105078344204228
0.010255180101962
0.0102199563728532
0.00978926781761969
0.0100603296597633
0.0102430361342994
0.00966625383373185
0.00918352832814461
0.00988280601195309
0.00974861534531014
0.00989000869194469
0.00948712218142807
0.0100255715867301
0.00999714910999521
0.00937089787709024
0.00981072832167813
0.00952949069505037
0.0101025801038679
0.00945446544226983
0.0106531576882998
0.00967062745864322
0.0100614503731791
0.00972001383787832
0.00919671541577456
0.0098176448835347
0.0100623068221961
0.0100694971760014
0.0104548530782253
0.0108424581527282
0.0095214639693344
0.00922939034142031
0.00951902147057039
0.00992067924319612
0.00942643097432868
0.00953223385520718
0.00993835997856236
0.0101259003729414
0.0100462414345544
0.00983818721122574
0.0103625466247725
0.0106154980230383
0.00949104612880144
0.00992238580514985
0.00929392001674677
0.010409146491215
0.010256066418239
0.00996743317384479
0.00989949061370351
0.00985510689075371
0.00982457994187127
0.00935332519729121
0.00914112758920489
0.00933761090293186
0.00987306319539962
0.00954619903884594
0.00934786420951586
0.0107266439562741
0.00945126080337896
0.00923100176571464
0.010407041319039
0.0101564335595929
0.00928695670875441
0.0101789729820694
0.0100234287508094
0.00922690807581756
0.0101638236290786
0.00903995946849333
0.0102371549955242
0.0102363595070285
0.00930586352537527
0.00930581422193455
0.0095938823343707
0.009755496217829
0.00970612322349562
0.0101206556654128
0.00963084956825623
0.0105612017268163
0.00976347359753766
0.0103085818148925
0.0106575035378827
0.0102639480434797
0.00968287828949305
0.00955033812411284
0.00960518751519096
0.00964771209658468
0.00956827616382214
0.0102404582587912
0.00959754671458889
0.0098736231680874
0.00949087123562131
0.0101202378209066
0.00968788417610407
0.00991152434116026
0.00940187851806112
0.00997823182212051
0.00969532564725711
0.0105945036442185
0.0103657097173379
0.00927389204210465
0.00894959168674013
0.0104873003872197
0.0103419926914433
0.0103740895749821
0.0101412681175341
0.00936312546850484
0.00965659930504942
0.00974458393876822
0.00942096175304122
0.00948515480756461
0.0087057423780601
0.00991111216818796
0.00946501814113854
0.00966716677793134
0.00997284016971271
0.00991336312775275
0.00945831160048509
0.0104503093393895
0.0102014167995186
0.00933443705317878
0.010312255309307
0.0104202903694835
0.00976970681926241
0.00948996452901896
0.0101437717075232
0.00927678578873179
0.00994492182239968
0.0101235727406641
0.00951193753571508
0.0103263560822444
0.00964338103513
0.01017042386535
0.00911163950246659
0.00989415868178852
0.00972417238938932
0.0101085618402212
0.00930312414483032
0.00992807273258761
0.00977998441876149
0.0102314724531047
0.00946205869066998
0.00971191570985018
0.00890226334890498
0.00839289774731152
0.00967629746194847
0.0107057086521548
0.00932484162185904
0.00933594277858996
0.0105269571100467
0.00993683962760719
0.00996054312212588
0.00973355333688904
0.0105102639742318
0.00988720058004339
0.0104164823517792
0.00963251078168532
0.00986731744519081
0.00979365488102006
0.00922556991971395
0.010259393568548
0.00954898487467055
0.00998017101859267
0.0101622284026935
0.0101599574553094
0.0105158519633543
0.00965478086579539
0.00986155721429959
0.0102983582321078
0.0101210560017951
0.0102373144285446
0.0092464520972424
0.0108730273122613
0.00915479940376509
0.0093898529407284
0.00941099987799614
0.00951101576921915
0.00984631218227727
0.0103870736058841
0.0101632651029044
0.0104860212209184
0.0101912556972533
0.0101678454406764
0.00967672557687899
0.00922123111722491
0.01013542663404
0.0102728845386578
0.00978821017594446
0.00942946382419783
0.00942174534901616
0.0104058695941627
0.00995714555702874
0.0102369777816541
0.0100515174845033
0.00959972446355098
0.0112100379248361
0.010350634335169
0.0105037907591297
0.0100929566845341
0.00952831588982765
0.0107752120620211
0.0107045595479954
0.00923948368716293
0.00941865071597144
0.0109306687647895
0.00981380186728593
0.0101998830732037
0.0100918662034005
0.00943353195553186
0.00944923487795835
0.0101361632739079
0.0101705958757695
0.00902842819836508
0.0101017043984188
0.00951702666852328
0.00969559640646465
0.00972793836359865
0.0106238657444486
0.0109822633360258
0.00952800024545181
0.0102122900571342
0.0098789420594861
0.0101201163830788
0.00957546393601361
0.00916657547798271
0.00929984900633134
0.0100492412952539
0.010025664009767
0.00962134939600009
0.0100695498237071
0.0104198168044443
0.00959508906336833
0.0100038132551191
0.00982745944669551
0.0101362059963558
0.00964947353117252
0.0100343019531579
0.0101878535434415
0.0104050658575551
0.00974853794282962
0.0101211840516225
0.0100932357400011
0.0100810901782285
0.0103494557070678
0.00976235534534757
0.00933099098227892
0.0101964464526288
0.0100626957730129
0.00979313350943219
0.010347115916052
0.00982676933821731
0.0101684406496813
0.0105245885367101
0.00915806775549664
0.0100243130036401
0.00943657913511201
0.0102388520754579
0.00953520059655184
0.00985224857070044
0.0104388711060608
0.00993582593584909
0.0099166751440037
0.0102602895493778
0.0100254923812615
0.010242941770938
0.00884026143240913
0.00953886197035373
0.0100811546202317
0.00971357029415321
0.00976963744791884
0.00977566563541017
0.0098475232499618
0.00986132906750767
0.00983626409739449
0.00968007394700303
0.0104489703136263
0.00945969697534617
0.0102783751273505
0.00914240384437925
0.0103530326893383
0.00914252207431685
0.00999149532511657
0.0109905626000811
0.010837164032547
0.00907459653260444
0.00986660772113555
0.00960898078885748
0.0096605697393665
0.00982935548688198
0.0102081879807166
0.00997530383969414
0.0104357349411526
0.010440775758201
0.00978366996448498
0.00903828628550138
0.0111733771994838
0.00987115150047967
0.0100262559045542
0.00938594537624914
0.010187781136424
0.00964086998762454
0.00982149142077419
0.0101607578730879
0.0108895204567272
0.00939540944124397
0.00994043772891724
0.0100849430747189
0.0102598495168168
0.00963202863887769
0.0101383472059877
0.0096319917321152
0.0101954952320093
0.00940448449728606
0.0096335920064981
0.00983915309773927
0.0105403742932261
0.0095472678452191
0.00963835793005134
0.00982373998037749
0.00958533094082803
0.0100710525434731
0.0102536475468687
0.0098907252536737
0.00966236853017433
0.0106928978825349
0.0102409634155506
0.00960720788777576
0.00888137896256736
0.00974691147429931
0.00921578243243839
0.00994761776875893
0.00997208119793829
0.0103493284485339
0.00991727451112042
0.00948596521055453
0.0101913834559057
0.010850783644362
0.0100853962103053
0.00988963053629374
0.00933287815349729
0.00959990098360606
0.0103463632945398
0.00999735821426378
0.00966011128156476
0.00911857200500179
0.00991209547037605
0.00948170912688172
0.00949445584084771
0.00978745838660716
0.00940533494310502
0.010058267948384
0.0101192097644874
0.00985947497126761
0.0101651514553545
0.0096779257999053
0.0111385519154498
0.00933403725854095
0.0105678023588033
0.00915275646748304
0.00943447167877824
0.0098484768784584
0.00988875594913764
0.0100580326178441
0.00985009123969777
0.00952423361679085
0.00975785432530251
0.00941837932271192
0.0101907661919021
0.00904476132712333
0.0101378775914434
0.0101663783701136
0.0101242967018958
0.0102642565244449
0.00962385195037117
0.00910052076349436
0.00986317041375752
0.0102306883670272
0.0104373682775782
0.00978989869228297
0.0100782848201576
0.0102213525672774
0.00995987744907086
0.00973482353221694
0.00930571269725974
0.010876840238216
0.0100468185413901
0.0105244232035116
0.00920101046912684
0.00998754060634901
0.0104558966416095
0.00980252960351115
0.00938623783878109
0.0101096558310729
0.00956369806471322
0.00949764168866942
0.00892051012254044
0.0114827474564741
0.00948310259233246
0.00940615765320995
0.00916340589338663
0.0105545227138227
0.00998588755226603
0.010159298019105
0.00951709418258957
0.0106997480387464
0.00939142950071792
0.00861912678992293
0.00980832872873175
0.0106743528055159
0.00943594458432254
0.00971959909514577
0.00920523953517447
0.0101279947601167
0.00955145827943018
0.00922546689135644
0.00980847814236007
0.00957381387230595
0.00977271315709319
0.00941545502074575
0.0101165445732427
0.00988768337261397
0.00978642453107329
0.00928715710727865
0.00983224448130268
0.00983950124376557
0.00969053150355492
0.00984332601481504
0.00983266956157271
0.00901915660699471
0.009660933113336
0.00971419201224856
0.00983755617605049
0.008938464514976
0.0102272129827651
0.00958987131760889
0.00981835709218161
0.00980701338648272
0.00934619247853513
0.00951730490722596
0.0103187305049139
0.00927441633535215
0.0106314997241118
0.009798739027308
0.00954972798861524
0.00966035072260382
0.00981040927749649
0.00962449584409198
0.0104733598757302
0.00909445815625696
0.00936963417918932
0.00985801151504468
0.00929171012518968
0.00974316486542758
0.00926812572403692
0.010453707441166
0.00982618597542639
0.00985948053731972
0.00960819660640876
0.0107785941525095
0.00996286432616042
0.010264901440547
0.00997017019069692
0.00931174385496527
0.00883273685666877
0.00991701193474227
0.00906544609700348
0.0103592108790258
0.00999847280730011
0.00906796559302383
0.0105348556485832
0.0104190878416041
0.00988224985847169
0.00941044707032629
0.00989594210212541
0.00945996830578431
0.00977201233693912
0.0106207958326568
0.0108386285555185
0.00991478877594924
0.00952512741094156
0.00987649711067374
0.0100883516089518
0.0101910186183299
0.00991793845990905
0.00956439992243538
0.0102899569648087
0.00988733861947398
0.0103217655834617
0.00911037825800382
0.00946874555978522
0.0101385864660109
0.0103354339829128
0.00978805268213695
0.0103019904949443
0.0101273378954578
0.010631204331334
0.0107908686428459
0.00967831312966404
0.0092202459523906
0.00977057033704087
0.0102403814041991
0.00987733952076294
0.0103133515179995
0.0105932819945109
0.00982267715547403
0.0102363983335199
0.0100648584817897
0.00984338711374589
